1.091e8	76.512
1.037e9	76.359
6.054e9	76.276
2.050e10	75.266
7.851e10	74.498
1.693e11	73.535
4.071e11	69.933
7.939e11	65.891
1.388e12	60.019
1.103e12	63.007
1.902e12	55.577
2.488e12	52.083
3.802e12	44.576
5.421e12	37.300
7.802e12	31.646
1.050e13	26.882
1.395e13	21.797
1.769e13	18.657
2.259e13	15.720
2.833e13	13.196
3.585e13	11.090
4.397e13	9.339
5.482e13	7.863
6.979e13	6.424
8.753e13	5.365
1.085e14	4.578
1.398e14	3.833
1.853e14	3.109
2.395e14	2.631
3.036e14	2.287
3.972e14	2.004
5.394e14	1.791
7.091e14	1.637
9.072e14	1.518
1.019e15	1.480
1.663e15	1.479
2.841e15	1.500
4.124e15	1.728
6.133e15	2.020
8.683e15	2.356
1.259e16	2.951
1.713e16	3.731
2.943e16	5.534
5.191e16	9.142
1.026e17	17.076
2.871e17	46.420
8.867e17	141.036
