  100.00000000000000       0.52923925552860596        26.065372565897636        76.598893900768488     
   145.08285290948149       0.52923925552464379        26.065372565694073        76.598893900165905     
   210.49045763836560       0.52923925551889528        26.065372565398725        76.598893899291625     
   305.38556104396440       0.52923925551055495        26.065372564970236        76.598893898023249     
   443.06208433620969       0.52923925549845485        26.065372564348561        76.598893896183029     
   642.80746500293094       0.52923925548089956        26.065372563446616        76.598893893513178     
   932.60340894136914       0.52923925545542982        26.065372562138048        76.598893889639683     
   1353.0476320232169       0.52923925541847772        26.065372560239553        76.598893884019901     
   1963.0401057634660       0.52923925536486649        26.065372557485148        76.598893875866551     
   2848.0361527107380       0.52923925528708582        26.065372553488981        76.598893864037464     
   4132.0121022461753       0.52923925517423942        26.065372547691243        76.598893846875441     
   5994.8410405037939       0.52923925501051838        26.065372539279704        76.598893821976333     
   8697.4911836906267       0.52923925477298728        26.065372527075986        76.598893785851928     
   12618.575268180757       0.52923925442836983        26.065372509370473        76.598893733441599     
   18307.378945236345       0.52923925392839066        26.065372483682896        76.598893657403408     
   26560.882248062961       0.52923925320300425        26.065372446414496        76.598893547084685     
   38535.264568358405       0.52923925215059642        26.065372392344617        76.598893387031623     
   55908.091904354624       0.52923925062372845        26.065372313898251        76.598893154821397     
   81113.099271473809       0.52923924840850345        26.065372200085964        76.598892817923996     
   117681.13390185735       0.52923924519460175        26.065372034964351        76.598892329145073     
   170735.24013108862       0.52923924053176730        26.065371795400498        76.598891620008601     
   247707.69329033812       0.52923923376679061        26.065371447834231        76.598890591172619     
   359381.19100908603       0.52923922395199896        26.065370943576706        76.598889098512529     
   521400.77097408485       0.52923920971237726        26.065370211983346        76.598886932912308     
   756463.52890376165       0.52923918905311829        26.065369150566330        76.598883790996254     
   1097498.2664495788       0.52923915908016839        26.065367610636983        76.598879232628832     
   1592282.6697267648       0.52923911559443382        26.065365376457212        76.598872619200591     
   2310130.3918357245       0.52923905250406778        26.065362135044378        76.598863024247009     
   3351601.2384448298       0.52923896097106515        26.065357432325651        76.598849103660498     
   4862601.3643508954       0.52923882817203460        26.065350609469849        76.598828907225254     
   7054804.6579546602       0.52923863550342765        26.065340710676999        76.598799605663928     
   10235306.245981203       0.52923835597540436        26.065326349282333        76.598757094290008     
   14849682.457854452       0.52923795042749833        26.065305513327566        76.598695417476733     
   21544354.785250574       0.52923736204782978        26.065275283973339        76.598605935126088     
   31257147.403857630       0.52923650841473868        26.065231426621008        76.598476112342539     
   45348786.087165982       0.52923526994079118        26.065167797198963        76.598287761974163     
   65793348.734239660       0.52923347313697311        26.065075482327039        76.598014499403106     
   95454814.965609580       0.52923086631262184        26.064941550854662        76.597618046960577     
   138488492.76426879       0.52922708430609666        26.064747241839292        76.597042870146964     
   200923166.55632406       0.52922159734471219        26.064465337153027        76.596208400269717     
   291505222.22620493       0.52921363690640677        26.064056352550249        76.594997759617371     
   422924324.96243924       0.52920208810303671        26.063463008812015        76.593241395518618     
   613591013.15220225       0.52918533367382925        26.062602216972397        76.590693355916159     
   890215835.78713083       0.52916102777902219        26.061353457333748        76.586996890387510     
   1291548404.5110919       0.52912576836912473        26.059541948551036        76.581634629690470     
   1873816300.6572230       0.52907462124847926        26.056914199232153        76.573856217769361     
   2718587639.7237005       0.52900043342244440        26.053102737831907        76.562573912554853     
   3944206671.8419824       0.52889283724449021        26.047574965787327        76.546211194539325     
   5722370705.6153231       0.52873681284836560        26.039559335647684        76.522484264814324     
   8302183231.4866829       0.52851061482820572        26.027938906059244        76.488086995985086     
   12045024448.598307       0.52818279293352954        26.011098433545367        76.438238390874375     
   17475274697.228317       0.52770791332349831        25.986704877700916        76.366033029607195     
   25353641003.121937       0.52702048950298519        25.951396288688898        76.261520509578844     
   36783805877.291245       0.52602639434219878        25.900342032801049        76.110404427985245     
   53367024272.830780       0.52459090967249400        25.826631810677078        75.892235384120625     
   77426443833.403534       0.52252240881392853        25.720443439526079        75.577950744942058     
   112332308615.44916       0.51955078285549527        25.567946821842327        75.126636769079781     
   162975007548.21982       0.51530019578088515        25.349928661328875        74.481470462805333     
   236448920285.87195       0.50925789572236613        25.040237132904178        73.565140284548235     
   343047027549.99390       0.50074409337685821        24.604321000071117        72.275567046143024     
   497702687618.98773       0.48889582386571356        23.998549884457859        70.483969509936955     
   722081654612.39575       0.47268879633553079        23.171568448527779        68.038992400976866     
   1047614939490.2183       0.45103445242160367        22.069580477268186        64.782499048004070     
   1519910476117.1516       0.42299232128181335        20.647505301137379        60.582715135324719     
   2205130690991.1021       0.38811311836850282        18.886508844538028        55.386057826025699     
   3199268273203.2808       0.34684183785356337        16.813862451073536        49.275463123804101     
   4641592231127.4932       0.30079566469936803        14.515438483933861        42.506451111191915     
   6734143338624.3252       0.25267491433308659        12.129044947499692        35.486350794149672     
   9770092638264.8359       0.20570523874024579        9.8148163383648352        28.686228572950863     
   14174736913125.551       0.16282157404904790        7.7145553758318748        22.521241178051302     
   20565123995795.387       0.12599744293954154        5.9201942362506301        17.258774714489533     
   29836484977073.469        9.6015891400036649E-002   4.4647369955244169        12.992970308806601     
   43287647376652.758        7.2662630216439469E-002   3.3333024090814116        9.6779260245112209     
   62802850339008.586        5.5118368580076765E-002   2.4828135630135284        7.1857105720226153     
   91116217001187.609        4.2333472222709972E-002   1.8600211275937206        5.3590877828624368     
   132194079660279.48        3.3284309761371589E-002   1.4134332950556312        4.0462127871220384     
   191791047437807.28        2.7105078464369652E-002   1.0991524657249250        3.1174493035113606     
   278256076004466.66        2.3134680696335001E-002  0.88262877845033127        2.4702406521189961     
   403702075085182.75        2.0918890128612689E-002  0.73824709516231890        2.0276307381229230     
   585701523173940.25        2.0197408594287595E-002  0.64809672549105901        1.7343436457565038     
   849752945851491.00        2.0893526274991525E-002  0.60067252846730879        1.5525581461113060     
   1232846493330435.5        2.3116538881807390E-002  0.58987447860059350        1.4583873644699641     
   1788649846449349.2        2.7183522708080311E-002  0.61445063671329037        1.4393963852441793     
   2595025650404143.0        3.3666929604985574E-002  0.67796869799110326        1.4932873161147189     
   3764939314211460.0        4.3476314773744230E-002  0.78938652949436994        1.6277828846644919     
   5462272371341690.0        5.7986391124409703E-002  0.96433984125569250        1.8618054250014875     
   7924824940590712.0        7.9230346123388598E-002   1.2273535136791451        2.2281813240634087     
   11497568423813770.       0.11018432092231906        1.6152788198152668        2.7782539277209550     
   16680972811951472.       0.15518441468355554        2.1824593695386829        3.5890862014510443     
   24201297678571976.       0.22053573371406759        3.0083657124694372        4.7742901654227774     
   35111875286087208.       0.31539170781066778        4.2086788888570785        6.4998731023315734     
   50941450203831384.       0.45304316706469611        5.9515820972621230        9.0076174426380842     
   73907187548584816.       0.65277022916934335        8.4811947591439054        12.648770171269426     
   1.0722695052699981E+017  0.94255781757393864        12.151955710756511        17.933514618101594     
   1.5556766270202806E+017   1.3629949530041032        17.478009124327031        25.602057183030023     
   2.2570163153598288E+017   1.9729829100432028        25.205510159393288        36.728724809705064     
   3.2745526492484403E+017   2.8579865582147161        36.417152114106621        52.872465022301455     
   4.7508065792661235E+017   4.1419636935078774        52.683290581267116        76.294446425391101     
   6.8926246409178662E+017   6.0048198299811419        76.283068953635421        110.27645924292442     
   1.0000000000000000E+018   8.7074754070729981        110.52198378789754        159.57818488441430  