   100.00000000000000        1.4964982325802491E-008   2.0475586460135281E-008   2.7180820192563540E-008   3.5223525204693184E-008   4.5247313657278084E-008   5.7580805977951430E-008   7.2525045668042604E-008   9.0407080915321983E-008   1.1065220047902143E-007   1.3539790379591244E-007   1.6264261375864364E-007   1.9502804590291806E-007   2.0929381889163272E-007   2.7102338356291051E-007   3.1807302447320893E-007   3.6705444540137522E-007   4.2265367286114480E-007   4.8235316481334715E-007   5.4589007158201340E-007   6.1703158195534790E-007
   138.94952764291722        2.0798817823802570E-008   2.8457527927114497E-008   3.7776487362565180E-008   4.8954222284748661E-008   6.2885171232619145E-008   8.0026044270353308E-008   1.0079520636119583E-007   1.2564711803258445E-007   1.5378300303175847E-007   1.8817345407017597E-007   2.2603675216406348E-007   2.7104413967485069E-007   2.9086980943245924E-007   3.7665718331909598E-007   4.4204287589818421E-007   5.1011326409118896E-007   5.8737991010262000E-007   6.7034451408030399E-007   7.5864159181745754E-007   8.5750617600929206E-007
   193.06981831315761        2.8909612620852308E-008   3.9554740729379663E-008   5.2507390825358685E-008   6.8043507474052903E-008   8.7406184531072520E-008   1.1123019924187591E-007   1.4009699646925379E-007   1.7463810240106161E-007   2.1374320056719880E-007   2.6154097411597844E-007   3.1416519906756010E-007   3.7671819297297204E-007   4.0427253303738601E-007   5.2350161151295179E-007   6.1437492087210806E-007   7.0897956211780575E-007   8.1636400212921022E-007   9.3166700590218842E-007   1.0543802404894683E-006   1.1917788088797123E-006
   268.26960056717098        4.0188560226669341E-008   5.4986439344475122E-008   7.2991790629538433E-008   9.4588217760232537E-008   1.2150352470018895E-007   1.5462007933463224E-007   1.9474604480163660E-007   2.4275902967336812E-007   2.9711544425840534E-007   3.6355411266263010E-007   4.3670093491988703E-007   5.2364775865532215E-007   5.6194721888426888E-007   7.2766923190243432E-007   8.5397615140003660E-007   9.8546958727694931E-007   1.1347236493203752E-006   1.2949829770083370E-006   1.4655402897199538E-006   1.6565063277813863E-006
   372.75934279762487        5.5878064736372261E-008   7.6452234659241101E-008   1.0148545121512789E-007   1.3151107731586510E-007   1.6893091315948129E-007   2.1497167528310346E-007   2.7075678274739826E-007   3.3750587185042887E-007   4.1307256976141489E-007   5.0543487800433359E-007   6.0712165159183183E-007   7.2799122674441035E-007   7.8123291226263050E-007   1.0116066248453906E-006   1.1871845280072744E-006   1.3699726365985481E-006   1.5774451437278852E-006   1.8002141611728311E-006   2.0372950819917733E-006   2.3027406303023219E-006
   517.94763040447071        7.7712263413947849E-008   1.0632426856490532E-007   1.4113649791304855E-007   1.8289072751297375E-007   2.3492622690905727E-007   2.9894880535800829E-007   3.7652037872538094E-007   4.6933601629594605E-007   5.7441033065558354E-007   7.0283630799307197E-007   8.4422538026557443E-007   1.0122838592139057E-006   1.0863107499828710E-006   1.4066142806343355E-006   1.6507238428243738E-006   1.9048588321539126E-006   2.1933044548304079E-006   2.5030136769663948E-006   2.8326148279216069E-006   3.2016416382972603E-006
   719.68578588469472        1.0811560554505653E-007   1.4791866022488685E-007   1.9634537508837792E-007   2.5442773785004074E-007   3.2680946388362542E-007   4.1586325229566830E-007   5.2376117883702987E-007   6.5285927801187150E-007   7.9900356936427512E-007   9.7762232738528539E-007   1.1742663393498275E-006   1.4079962568520930E-006   1.5109484205485878E-006   1.9563947089547809E-006   2.2958629890475387E-006   2.6492748040777664E-006   3.0503837771304977E-006   3.4810560948422601E-006   3.9393789392409045E-006   4.4525088669041856E-006
   1000.0000000000000        1.5048581275240891E-007   2.0588217149246295E-007   2.7327740565033118E-007   3.5410795183458402E-007   4.5483359246469219E-007   5.7875595796575613E-007   7.2889663146071835E-007   9.0853072591878567E-007   1.1118751476445470E-006   1.3603955865401900E-006   1.6339872874766289E-006   1.9591653766060665E-006   2.1023945669432131E-006   2.7220842904819191E-006   3.1943121205216685E-006   3.6859399500842480E-006   4.2438865493399147E-006   4.8429453733298981E-006   5.4804452487058884E-006   6.1941481347224437E-006
   1389.4952764291722        2.0959927460815402E-007   2.8674594813521098E-007   3.8059647563725738E-007   4.9315158810973252E-007   6.3340132010352211E-007   8.0594243488547825E-007   1.0149801982918378E-006   1.2650680372415204E-006   1.5481489300299364E-006   1.8941035989446348E-006   2.2749433636613166E-006   2.7275694868928659E-006   2.9269280365969604E-006   3.7894178044192143E-006   4.4466132528829092E-006   5.1308140260432901E-006   5.9072489060191075E-006   6.7408747906576054E-006   7.6279543160616906E-006   8.6210117029732150E-006
   1930.6981831315763        2.9219877484110799E-007   3.9972789644053229E-007   5.3052752215441965E-007   6.8738692506310383E-007   8.8282508954153590E-007   1.1232467389645959E-006   1.4145082987431621E-006   1.7629417480265356E-006   2.1573107605845638E-006   2.6392388164548299E-006   3.1697334096689450E-006   3.8001814719443222E-006   4.0778482917257362E-006   5.2790346084173653E-006   6.1942017937471618E-006   7.1469871730839811E-006   8.2280944311413764E-006   9.3887951484291480E-006   1.0623846337196531E-005   1.2006334744168418E-005
   2682.6960056717098        4.0785473627432800E-007   5.5790774546649389E-007   7.4041140857608799E-007   9.5925924092195769E-007   1.2318990287002422E-006   1.5672635683340152E-006   1.9735161642626006E-006   2.4594643563787103E-006   3.0094166270132385E-006   3.6814089776921583E-006   4.4210649801982247E-006   5.3000031874603504E-006   5.6870869518414221E-006   7.3614371286760021E-006   8.6368975687152498E-006   9.9648094430806811E-006   1.1471338105794954E-005   1.3088705795851236E-005   1.4809530580269471E-005   1.6735567970462859E-005
   3727.5934279762487        5.7024865752183854E-007   7.7997693116313040E-007   1.0350185416697579E-006   1.3408177867670536E-006   1.7217197288999515E-006   2.1902000228273116E-006   2.7576521536346020E-006   3.4363310884901688E-006   4.2042834518943109E-006   5.1425340297456211E-006   6.1751504502838732E-006   7.4020617917401897E-006   7.9423454217947080E-006   1.0279036335142283E-005   1.2058656062046940E-005   1.3911503550058031E-005   1.6013143457373843E-005   1.8269264007523997E-005   2.0669420025651499E-005   2.3355389869789710E-005
   5179.4763040447078        7.9911262834971456E-007   1.0928811073358008E-006   1.4500396448031400E-006   1.8782188088617094E-006   2.4114408997201924E-006   3.0671609049402012E-006   3.8613095724750984E-006   4.8109453287150212E-006   5.8852790780674483E-006   7.1976284566407358E-006   8.6417662100380818E-006   1.0357337937547472E-005   1.1112719887643813E-005   1.4379060597366279E-005   1.6865963446679216E-005   1.9455277697452567E-005   2.2391453026530517E-005   2.5543183155515124E-005   2.8895588846338891E-005   3.2646422348369987E-005
   7196.8578588469481        1.1232081081048054E-006   1.5358760127754618E-006   2.0374391813678955E-006   2.6386259091129589E-006   3.3870837675071468E-006   4.3072916868891906E-006   5.4215818875658417E-006   6.7537091872739870E-006   8.2603544207876407E-006   1.0100369570092816E-005   1.2124783052622826E-005   1.4529145961870521E-005   1.5587644982312467E-005   2.0163481466568013E-005   2.3646011580944801E-005   2.7272099488085568E-005   3.1382388667640856E-005   3.5793927210253042E-005   4.0485327740046544E-005   4.5732816406317355E-005
   10000.000000000000        1.5849713099695496E-006   2.1668499916802749E-006   2.8737954558012640E-006   3.7209535734675377E-006   4.7752446392837097E-006   6.0711008600191145E-006   7.6399418638979983E-006   9.5148613418036890E-006   1.1634660216120896E-005   1.4222710320562720E-005   1.7069424613650327E-005   2.0449392141755201E-005   2.1937093398514813E-005   2.8366062058747731E-005   3.3256368030025876E-005   3.8348524321448976E-005   4.4117772208913605E-005   5.0308932964372316E-005   5.6890897082256013E-005   6.4250275701753504E-005
   13894.952764291722        2.2478061659896751E-006   3.0722502544856349E-006   4.0733918485208345E-006   5.2727268568987743E-006   6.7645987367356084E-006   8.5976211680309787E-006   1.0816222659227716E-005   1.3466521743131611E-005   1.6461615093334607E-005   2.0116858245799080E-005   2.4136162115256936E-005   2.8906477534024206E-005   3.1005611446395976E-005   4.0072552976213239E-005   4.6964721777565280E-005   5.4141824439654589E-005   6.2267959823911586E-005   7.0986699239166732E-005   8.0252094245669960E-005   9.0606723721677957E-005
   19306.971232189815        3.2075235488892220E-006   4.3826648410511432E-006   5.8087784751270695E-006   7.5165729143242298E-006   9.6397005431464979E-006   1.2247109158423194E-005   1.5402055048573019E-005   1.9168814407890813E-005   2.3423217568665730E-005   2.8612734782359896E-005   3.4316897927121337E-005   4.1083477295580988E-005   4.4060130186359002E-005   5.6909515429013062E-005   6.6668305882045529E-005   7.6831321336537047E-005   8.8328657694805950E-005   1.0066150776191607E-004   1.1376070408113380E-004   1.2839050217526902E-004
   26826.974784160622        4.6099567852764294E-006   6.2968664737246431E-006   8.3425569451158999E-006   1.0791233538609062E-005   1.3833386259947771E-005   1.7567326777120293E-005   2.2083928711298008E-005   2.7472759399520332E-005   3.3555130921854724E-005   4.0969893998672671E-005   4.9116207821634273E-005   5.8773839731663390E-005   6.3020767729837551E-005   8.1339365651049425E-005   9.5236865143534009E-005   1.0971135311641531E-004   1.2606945149265812E-004   1.4361135032025485E-004   1.6223057137707645E-004   1.8300883237702087E-004
   37275.954743475697        6.6768429966754350E-006   9.1172846052146253E-006   1.2074454531573449E-005   1.5612505979199686E-005   2.0004889560679421E-005   2.5392648745342244E-005   3.1907768305091637E-005   3.9675021320916829E-005   4.8435264252794864E-005   5.9107111755302551E-005   7.0825836567922195E-005   8.4708756725142945E-005   9.0811423036883120E-005   1.1710979086591527E-004   1.3703594355861485E-004   1.5779173683998048E-004   1.8122010601644771E-004   2.0633615941675884E-004   2.3297193629069656E-004   2.6266801896727510E-004
   51794.763040447076        9.7405790242410229E-006   1.3298023324990914E-005   1.7605538938587255E-005   2.2756918004016320E-005   2.9147787031688580E-005   3.6981880946656671E-005   4.6453216337589624E-005   5.7735654484829493E-005   7.0450458555975680E-005   8.5928738792477005E-005   1.0291666784627401E-004   1.2302678260389026E-004   1.3186361975591612E-004   1.6990368117583525E-004   1.9868663834520845E-004   2.2867261922907239E-004   2.6247384229820172E-004   2.9869911757800271E-004   3.3707721456134891E-004   3.7981896222010034E-004
   71968.578588469478        1.4282682736839558E-005   1.9498934249656297E-005   2.5811745502591382E-005   3.3358885616135360E-005   4.2717048240496434E-005   5.4182664525164907E-005   6.8044146589151273E-005   8.4544308430048668E-005   1.0312593540911997E-004   1.2573220482100709E-004   1.5053277993474679E-004   1.7987139743356445E-004   1.9275996964211159E-004   2.4818009172496755E-004   2.9005678432909160E-004   3.3369420708982797E-004   3.8281517557161763E-004   4.3544716079387105E-004   4.9114415276663376E-004   5.5310616121045963E-004
   100000.00000000000        2.0958710745619855E-005   2.8622972846929159E-005   3.7897678070338993E-005   4.8985110332288728E-005   6.2730511344320474E-005   7.9568164314988815E-005   9.9930009878881852E-005   1.2415734608178642E-004   1.5142702164703734E-004   1.8459182655838598E-004   2.2096799808925076E-004   2.6398116223170235E-004   2.8287531814912492E-004   3.6403908618738983E-004   4.2530028736377236E-004   4.8916323671770092E-004   5.6095957723349015E-004   6.3788415648523961E-004   7.1919782436700227E-004   8.0957160447209426E-004
   138949.52764291721        3.0574844840589016E-005   4.1789676015485997E-005   5.5368864855137161E-005   7.1607131120406342E-005   9.1744775928873231E-005   1.1642108949007670E-004   1.4628337935003997E-004   1.8181717532133861E-004   2.2180701460440818E-004   2.7044891088452385E-004   3.2380816303767567E-004   3.8690260781401061E-004   4.1462278403934648E-004   5.3362414987507124E-004   6.2339209836770782E-004   7.1703772250798856E-004   8.2221591352018045E-004   9.3493475468375028E-004   1.0539775506191612E-003   1.1862055066523059E-003
   193069.92430447528        4.3971641061701156E-005   6.0182394109817305E-005   7.9837996794238284E-005   1.0336089816244921E-004   1.3256103580641169E-004   1.6837923049475343E-004   2.1177747853374452E-004   2.6345753898237754E-004   3.2163749217696379E-004   3.9246238468370378E-004   4.7020384681823265E-004   5.6218538951834725E-004   6.0261802613454654E-004   7.7618053459408158E-004   9.0713289836709930E-004   1.0438956468720403E-003   1.1974337566319866E-003   1.3620873826780009E-003   1.5358998645424685E-003   1.7289639150068500E-003
   268269.74784160621        6.1793220463874379E-005   8.4734825969946754E-005   1.1261317926663809E-004   1.4601913929724979E-004   1.8755687087406995E-004   2.3859885856616160E-004   3.0054950505992964E-004   3.7443650557266941E-004   4.5768832593763201E-004   5.5919140621272167E-004   6.7073699606200968E-004   8.0289020166357278E-004   8.6103268730996455E-004   1.1107779725802519E-003   1.2994275483091948E-003   1.4967737344155224E-003   1.7183742875746353E-003   1.9562857238641373E-003   2.2074817181326673E-003   2.4867179884639286E-003
   372759.54743475694        8.4192104899319316E-005   1.1571919760773339E-004   1.5414197080126934E-004   2.0026167917863339E-004   2.5773928366683573E-004   3.2853806791086515E-004   4.1465522073831255E-004   5.1759821945757654E-004   6.3374778889431320E-004   7.7567602863241544E-004   9.3191253547865829E-004   1.1173853855512596E-003   1.1990860517790110E-003   1.5505066737594819E-003   1.8165179821685625E-003   2.0954057641728746E-003   2.4088493171294588E-003   2.7458996148636036E-003   3.1021111278918532E-003   3.4987272334569097E-003
   517947.63040447072        1.1060248345008405E-004   1.5241577353471573E-004   2.0354606836818685E-004   2.6504297152208929E-004   3.4189504725836448E-004   4.3682672995975494E-004   5.5258707854285907E-004   6.9135391473021488E-004   8.4820032335273642E-004   1.0403779154306194E-003   1.2523848397366199E-003   1.5047023577402733E-003   1.6160123715436483E-003   2.0957411320250315E-003   2.4599281087379129E-003   2.8427631969527760E-003   3.2736696994588570E-003   3.7379421321049144E-003   4.2294297193690876E-003   4.7779640754603246E-003
   719685.78588469478        1.3973222656282221E-004   1.9307719732599644E-004   2.5853981176853327E-004   3.3744679025372545E-004   4.3635047221618397E-004   5.5888926661985816E-004   7.0871077010712649E-004   8.8886488718003729E-004   1.0929013989126131E-003   1.3436371569144473E-003   1.6209202887861936E-003   1.9518603157443614E-003   2.0980937604878429E-003   2.7298259233600160E-003   3.2110415018620463E-003   3.7184008033329160E-003   4.2905460512349201E-003   4.9083517175489005E-003   5.5638344344771992E-003   6.2975284189835190E-003
   1000000.0000000000        1.6982314275734692E-004   2.3526999802405844E-004   3.1586177710507958E-004   4.1321824517250488E-004   5.3561446764205096E-004   6.8770849188108576E-004   8.7415708311208143E-004   1.0990578651733148E-003   1.3543081248889664E-003   1.6689040265426228E-003   2.0176988439648087E-003   2.4351954760761323E-003   2.6199884639324738E-003   3.4202921079415907E-003   4.0321199628926534E-003   4.6791735314951101E-003   5.4103806894968045E-003   6.2017384634459804E-003   7.0435293965856972E-003   7.9887581789792727E-003
   1389496.8020376482        1.9907379535598230E-004   2.7645877963837343E-004   3.7205579414644504E-004   4.8777935288283708E-004   6.3368261785846642E-004   8.1548353494606399E-004   1.0389040706034328E-003   1.3092050016446993E-003   1.6166093929904711E-003   1.9965289274976841E-003   2.4188062765602746E-003   2.9256615163244376E-003   3.1503793158472121E-003   4.1259469133690541E-003   4.8744125966164800E-003   5.6683500152904590E-003   6.5674477604209611E-003   7.5426500373401333E-003   8.5828347994030985E-003   9.7545606949833927E-003
   1930699.2430447529        2.2603096833966708E-004   3.1456467350384837E-004   4.2424206429636329E-004   5.5726093238818864E-004   7.2540333635852806E-004   9.3542144623037023E-004   1.1940973722828251E-003   1.5078931018115780E-003   1.8654361914608292E-003   2.3084014587896242E-003   2.8019054555719781E-003   3.3957469992632692E-003   3.6594424805054793E-003   4.8067472310429245E-003   5.6898665464782151E-003   6.6292572684329386E-003   7.6952127554350937E-003   8.8537376364934434E-003   1.0092803566614027E-002   1.1492740332385516E-002
   2682697.4784160624        2.4980080518711940E-004   3.4828088061667926E-004   4.7057239340347683E-004   6.1913478896474632E-004   8.0734719255627088E-004   1.0429188347103420E-003   1.3336335825703820E-003   1.6871192676492953E-003   2.0905591704965562E-003   2.5914277779655608E-003   3.1506096330672540E-003   3.8249658575794710E-003   4.1248414512706829E-003   5.4320589364423091E-003   6.4411958099678066E-003   7.5173222283109508E-003   8.7406541813361653E-003   1.0072602443330601E-002   1.1500797946363502E-002   1.3118731089969379E-002
   3727595.4743475695        2.7004819094091954E-004   3.7708932105561779E-004   5.1027711510686236E-004   6.7230486054866627E-004   8.7796778987031673E-004   1.1358245768090700E-003   1.4545668990306759E-003   1.8428986626358602E-003   2.2867481270233635E-003   2.8387383159309554E-003   3.4561157161460214E-003   4.2020513801340094E-003   4.5341814361288084E-003   5.9843375267319603E-003   7.1066053710303178E-003   8.3059874470176962E-003   9.6716034834427398E-003   1.1160760615094448E-002   1.2761283111631633E-002   1.4578602326213186E-002
   5179476.3040447077        2.8685714766106844E-004   4.0107355560244686E-004   5.4342321220754376E-004   7.1680300758786492E-004   9.3722653025724630E-004   1.2139833709558950E-003   1.5565635962223989E-003   1.9746268335797618E-003   2.4530444494941200E-003   3.0488705221036112E-003   3.7163146458650091E-003   4.5240132202348134E-003   4.8840515028943186E-003   6.4581696997459050E-003   7.6789111983650718E-003   8.9859831472334766E-003   1.0476250799006936E-002   1.2103466733632872E-002   1.3856084280447429E-002   1.5849939037808191E-002
   7196857.8588469476        3.0055175065673786E-004   4.2066777173321504E-004   5.7057357762774002E-004   7.5333978519326545E-004   9.8600682732741490E-004   1.2784794690174064E-003   1.6409369745054359E-003   2.0838641530633731E-003   2.5912636632585916E-003   3.2239247438863414E-003   3.9335702104028461E-003   4.7934719957727582E-003   5.1771651766835949E-003   6.8565858403893129E-003   8.1612461652514085E-003   9.5604174791109834E-003   1.1157563047569399E-002   1.2903427046167495E-002   1.4787400411099057E-002   1.6934129497828583E-002
   10000000.000000000        3.1154926706055037E-004   4.3644656817506071E-004   5.9249536944197415E-004   7.8291215058309555E-004   1.0255908167574128E-003   1.3309456880903595E-003   1.7097447390174427E-003   2.1731707244308711E-003   2.7045264426458597E-003   3.3677084317859018E-003   4.1124271341666380E-003   5.0158335953263177E-003   5.4192965765446355E-003   7.1869379416352108E-003   8.5621124548174686E-003   1.0038944028179146E-002   1.1726441116963955E-002   1.3572848877102965E-002   1.5568676884861471E-002   1.7845902402358144E-002
   13894968.020376483        3.2027142876739660E-004   4.4899604516864563E-004   6.0997837482778530E-004   8.0655565414725983E-004   1.0573234542228483E-003   1.3731128129451618E-003   1.7651908402301544E-003   2.2453212763842278E-003   2.7962532475022642E-003   3.4844443295266652E-003   4.2579896569651388E-003   5.1972554465493388E-003   5.6170609872045266E-003   7.4578362516744337E-003   8.8916385897064559E-003   1.0433271809434744E-002   1.2196360294468753E-002   1.4127109351658042E-002   1.6217216335950406E-002   1.8604698765800998E-002
   19306992.430447526        3.2710557539915091E-004   4.5885669942686007E-004   6.2375358092818978E-004   8.2523206670072954E-004   1.0824582096124642E-003   1.4065997871462494E-003   1.8093432574401659E-003   2.3029292286888023E-003   2.8696764091267831E-003   3.5781342513881396E-003   4.3751114702905583E-003   5.3436146397917430E-003   5.7767826130026949E-003   7.6775520251852703E-003   9.1595961879276031E-003   1.0754748898086813E-002   1.2580441934173977E-002   1.4581246193019055E-002   1.6750026708321687E-002   1.9229748024508997E-002
   26826974.784160621        3.3239485299760220E-004   4.6650893268491462E-004   6.3447243048108347E-004   8.3980057417531507E-004   1.1021172785313556E-003   1.4328590325674980E-003   1.8440599861528750E-003   2.3483466862536267E-003   2.9277088087462932E-003   3.6523858465485415E-003   4.4681718708678908E-003   5.4602177042901434E-003   5.9041744068408820E-003   7.8535566566104147E-003   9.3748152985059178E-003   1.1013635041696066E-002   1.2890554034125656E-002   1.4948859718004158E-002   1.7182500381491755E-002   1.9738468051496646E-002
   37275954.743475698        3.3643867943029950E-004   4.7237376283502068E-004   6.4270803174063136E-004   8.5101965690816237E-004   1.1172946490192604E-003   1.4531810427116400E-003   1.8709963667396393E-003   2.3836749039684545E-003   2.9729586287344650E-003   3.7104342231196012E-003   4.5411048328953280E-003   5.5518390234121345E-003   6.0043810313337269E-003   7.9925892434476904E-003   9.5452677942020406E-003   1.1219201892356489E-002   1.3137430683944303E-002   1.5242254535145036E-002   1.7528580669950035E-002   2.0146653218036624E-002
   51794763.040447071        3.3949478619859052E-004   4.7681564605565999E-004   6.4895916008288993E-004   8.5955264469049541E-004   1.1288640652325995E-003   1.4687056803515479E-003   1.8916215656356117E-003   2.4107876199764475E-003   3.0077617640259830E-003   3.7551885336401746E-003   4.5974624727542360E-003   5.6228072432049359E-003   6.0820759013209469E-003   8.1008105825644862E-003   9.6782686756286592E-003   1.1379989676631376E-002   1.3330996629154704E-002   1.5472845944689699E-002   1.7801261445744947E-002   2.0469085461042563E-002
   71968578.588469476        3.4178069319927508E-004   4.8014409044790974E-004   6.5365199397052914E-004   8.6596952590812658E-004   1.1375809348482919E-003   1.4804242365697049E-003   1.9072211477046800E-003   2.4313344009368187E-003   3.0341865674310049E-003   3.7892402325751112E-003   4.6404276249042082E-003   5.6770247685039785E-003   6.1414836777432388E-003   8.1838465894658735E-003   9.7805392207578976E-003   1.1503895069016197E-002   1.3480487417165201E-002   1.5651322374396599E-002   1.8012797548615865E-002   2.0719806715887065E-002
   100000000.00000000        3.4347554968199040E-004   4.8261553124696833E-004   6.5714176443573669E-004   8.7074806163499113E-004   1.1440823532079447E-003   1.4891777555429179E-003   1.9188928231849598E-003   2.4467327341642134E-003   3.0540212936596887E-003   3.8148447123655628E-003   4.6727881491787273E-003   5.7179329357744330E-003   6.1863407247389219E-003   8.2467299118981555E-003   9.8581345813377689E-003   1.1598083436901779E-002   1.3594344649994254E-002   1.5787524369696229E-002   1.8174562855288429E-002   2.0911956116634906E-002
   138949680.20376483        3.4472319786274264E-004   4.8443694476027629E-004   6.5971672555051222E-004   8.7427787104678995E-004   1.1488907689261121E-003   1.4956596745924397E-003   1.9275469490311818E-003   2.4581650383609208E-003   3.0687660746788149E-003   3.8339057769207346E-003   4.6969113961003112E-003   5.7484726296219112E-003   6.2198486148475098E-003   8.2938192439494171E-003   9.9163342435166554E-003   1.1668844685590022E-002   1.3680029503829185E-002   1.5890209354402898E-002   1.8296754449576163E-002   2.1057402424814509E-002
   193069712.32189816        3.4563643183699419E-004   4.8577133375821184E-004   6.6160490076938279E-004   8.7686844671356018E-004   1.1524231191310584E-003   1.5004259095168220E-003   1.9339169447426421E-003   2.4665886199620509E-003   3.0796412575329326E-003   3.8479804112242083E-003   4.7147433008086440E-003   5.7710743497810645E-003   6.2446592645542219E-003   8.3287578439811411E-003   9.9595762629941173E-003   1.1721496509428529E-002   1.3743886259294858E-002   1.5966866686309231E-002   1.8388145932178888E-002   2.1166420823768618E-002
   268269747.84160623        3.4630197344943855E-004   4.8674445282669471E-004   6.6298283120174502E-004   8.7876020223151953E-004   1.1550044859705540E-003   1.5039114870795739E-003   1.9385790158938465E-003   2.4727585663749017E-003   3.0876131122126579E-003   3.8583067390707275E-003   4.7278376061922582E-003   5.7876872031539872E-003   6.2629031591116928E-003   8.3544938025729380E-003   9.9914680605464150E-003   1.1760380708975003E-002   1.3791118021662926E-002   1.6023665711642182E-002   1.8455997566433104E-002   2.1247553253396310E-002
   372759956.70935810        3.4678539222985017E-004   4.8745163460484439E-004   6.6398471615052653E-004   8.8013636009764257E-004   1.1568833322675657E-003   1.5064498432093777E-003   1.9419761643720609E-003   2.4772571963414215E-003   3.0934290425583518E-003   3.8658456357562633E-003   4.7374039307799863E-003   5.7998336903161002E-003   6.2762467524212434E-003   8.3733457266081807E-003   1.0014856320258317E-002   1.1788934722014335E-002   1.3825857240599797E-002   1.6065521310016734E-002   1.8506110999694160E-002   2.1307645597322098E-002
   517947630.40447074        3.4713565362451903E-004   4.8796421276325045E-004   6.6471117977413537E-004   8.8113457057955647E-004   1.1582467293123760E-003   1.5082925667504047E-003   1.9444434297888962E-003   2.4805259443573839E-003   3.0976569098594485E-003   3.8713289993660954E-003   4.7443658284000347E-003   5.8086791717494026E-003   6.2859668838007284E-003   8.3870972671169150E-003   1.0031936166914224E-002   1.1809815203512132E-002   1.3851304339394162E-002   1.6096246929975279E-002   1.8542995291126532E-002   2.1352025702429847E-002
   719686576.06998992        3.4738897406395446E-004   4.8833502642579548E-004   6.6523687286748905E-004   8.8185710213862264E-004   1.1592338901839534E-003   1.5096271842727298E-003   1.9462309760851382E-003   2.4828949937686683E-003   3.1007221812679618E-003   3.8753062383085710E-003   4.7494178037261253E-003   5.8151016212120857E-003   6.2930262319381598E-003   8.3970971317699223E-003   1.0044370216131372E-002   1.1825037360350905E-002   1.3869890022865709E-002   1.6118741567614926E-002   1.8570080299307821E-002   2.1384746412257842E-002
   1000000000.0000000        3.4757193464146201E-004   4.8860289943425048E-004   6.6561670812482739E-004   8.8237926387714038E-004   1.1599474531819472E-003   1.5105921192257630E-003   1.9475237016101919E-003   2.4846087039392512E-003   3.1029401305967637E-003   3.8781850439527344E-003   4.7530759027539487E-003   5.8197543259423537E-003   6.2981415147256494E-003   8.4043516384131305E-003   1.0053400544319612E-002   1.1836108303503946E-002   1.3883433625518882E-002   1.6135176090349659E-002   1.8589934539489532E-002   2.1408840755646096E-002
