   100.00000000000000        8.9092951981014406E-011   1.4792576615721930E-010   2.3439299578751023E-010   3.5665331281508377E-010   5.3552908472602007E-010   7.9240298377970980E-010   1.1504715802307965E-009   1.6490442027149656E-009   2.2829374896577025E-009   3.1604926162246875E-009   4.2512507486084944E-009   5.7044701878635534E-009   6.3925062570420643E-009   9.7141144332550216E-009   1.2536065280407363E-008   1.5808358810912905E-008   1.9812747508730922E-008   2.4493636153408302E-008   2.9893226718940636E-008   3.6317041009823991E-008
   138.94952764291722        1.2387853670359324E-010   2.0567894018959852E-010   3.2589933238893850E-010   4.9588271325421034E-010   7.4457666330556018E-010   1.1017064566910284E-009   1.5995221719446148E-009   2.2926660104292607E-009   3.1739317540038025E-009   4.3939282337886089E-009   5.9103106472457552E-009   7.9305626459873158E-009   8.8870531514349433E-009   1.3504611270721222E-008   1.7427538021986097E-008   2.1976450628244319E-008   2.7543026281065595E-008   3.4049927122885446E-008   4.1555838157552661E-008   5.0485452926461182E-008
   193.06981831315761        1.7229146571805837E-010   2.8605411925109710E-010   4.5324385378391286E-010   6.8963439388239241E-010   1.0354772432386538E-009   1.5321028691280558E-009   2.2243584477431571E-009   3.1882117093792833E-009   4.4136420021115885E-009   6.1100534344431897E-009   8.2185648388128687E-009   1.1027647558363283E-008   1.2357590057826017E-008   1.8777914205873532E-008   2.4232356139850324E-008   3.0557060095919830E-008   3.8296614131492215E-008   4.7343386657148602E-008   5.7779008145900697E-008   7.0193921519090567E-008
   268.26960056717098        2.3971227838890209E-010   3.9798051144034308E-010   6.3056776179811754E-010   9.5941600452908450E-010   1.4405104071458536E-009   2.1313321804503826E-009   3.0942654158066986E-009   4.4349491460009962E-009   6.1394449941708433E-009   8.4989771132535972E-009   1.1431646956350641E-008   1.5338619238906017E-008   1.7188310587289670E-008   2.6117515515222551E-008   3.3703290780470101E-008   4.2499173428613026E-008   5.3262549674000875E-008   6.5843536008683426E-008   8.0355727093322527E-008   9.7620183367322017E-008
   372.75934279762487        3.3368529546268083E-010   5.5397570084133518E-010   8.7769094929209355E-010   1.3353665225146428E-009   2.0049014313277443E-009   2.9662672875728354E-009   4.3062799887463622E-009   6.1718831468398141E-009   8.5436810782107503E-009   1.1826826566588031E-008   1.5907360933333293E-008   2.1343347503550849E-008   2.3916848196616705E-008   3.6339753273111319E-008   4.6893381201504063E-008   5.9130150721521202E-008   7.4103766175534010E-008   9.1605328465050765E-008   1.1179300358707667E-007   1.3580889219518940E-007
   517.94763040447071        4.6482424042316184E-010   7.7164526639566775E-010   1.2224813803682166E-009   1.8598526299918908E-009   2.7922076009391874E-009   4.1308628320574243E-009   5.9967063740260521E-009   8.5942219148611322E-009   1.1896404609041113E-008   1.6467174040165059E-008   2.2147874348071752E-008   2.9715180596362559E-008   3.3297540490244813E-008   5.0589643023993638E-008   6.5279398091000495E-008   8.2311158369481614E-008   1.0315158940786860E-007   1.2750919834072778E-007   1.5560438569551716E-007   1.8902649196021986E-007
   719.68578588469472        6.4812814040501906E-010   1.0758598468945034E-009   1.7042915424081349E-009   2.5926804606664344E-009   3.8921172038213581E-009   5.7576542251511312E-009   8.3577623447614939E-009   1.1977161085424287E-008   1.6578222323606220E-008   2.2946364536390234E-008   3.0860536723529024E-008   4.1402333699506839E-008   4.6392530609582189E-008   7.0478725790353963E-008   9.0939335321636332E-008   1.1466049139737903E-007   1.4368503589242155E-007   1.7760557141402411E-007   2.1672955518814464E-007   2.6326999469495118E-007
   1000.0000000000000        9.0492449623322784E-010   1.5019664463379540E-009   2.3790214196354160E-009   3.6187662907650371E-009   5.4319159570194728E-009   8.0346451944207080E-009   1.1662003538743437E-008   1.6710745653042780E-008   2.3128385840654667E-008   3.2009837144549148E-008   4.3046794228393165E-008   5.7746773818283879E-008   6.4704791224741153E-008   9.8286072420490707E-008   1.2681103186577854E-007   1.5987873755182518E-007   2.0033719785864035E-007   2.4761576733929878E-007   3.0214398612238508E-007   3.6700575014841811E-007
   1389.4952764291722        1.2657823878870412E-009   2.1005962503628217E-009   3.3266876027608165E-009   5.0595898641138762E-009   7.5935856372372379E-009   1.1230455923001037E-008   1.6298653857751379E-008   2.3351661328396229E-008   3.2316163570734048E-008   4.4720435510014084E-008   6.0133859913468262E-008   8.0660082598674498E-008   9.0374813763869330E-008   1.3725497731397231E-007   1.7707356381748869E-007   2.2322786196470625E-007   2.7969347586477733E-007   3.4566869159653430E-007   4.2175482526344679E-007   5.1225418258904151E-007
   1930.6981831315763        1.7749759071046451E-009   2.9450198437938700E-009   4.6629835667325708E-009   7.0906617800804852E-009   1.0639841918772115E-008   1.5732557731416295E-008   2.2828768748194126E-008   3.2701758442833476E-008   4.5248918891876325E-008   6.2607076291959257E-008   8.4173596605362695E-008   1.1288875334902636E-007   1.2647716442397399E-007   1.9203938217312085E-007   2.4772048792385896E-007   3.1225050097363152E-007   3.9118882874502274E-007   4.8340453644055564E-007   5.8974171566928590E-007   7.1621170410618142E-007
   2682.6960056717098        2.4974710342796289E-009   4.1426412877219531E-009   6.5573115286071072E-009   9.9687254793916454E-009   1.4954615183797474E-008   2.2106609767040299E-008   3.2070717121658061E-008   4.5929532409127380E-008   6.3539080308250003E-008   8.7894072240474602E-008   1.1814888725396424E-007   1.5842227648334967E-007   1.7747637479948335E-007   2.6938854675399826E-007   3.4743791595541971E-007   4.3787036147491822E-007   5.4847876703563031E-007   6.7765908135043415E-007   8.2660051931411056E-007   1.0037201057154208E-006
   3727.5934279762487        3.5301480695993635E-009   5.8534278816544297E-009   9.2616391872097492E-009   1.4075216140229145E-008   2.1107611373538937E-008   3.1190913874586664E-008   4.5236045095594835E-008   6.4762864023780323E-008   8.9568666823699035E-008   1.2386384467224859E-007   1.6645752246329188E-007   2.2313667655133143E-007   2.4994539911851523E-007   3.7922332608604571E-007   4.8898295942782482E-007   6.1611731500817910E-007   7.7158585130902967E-007   9.5309707046981772E-007   1.1623344703261595E-006   1.4111176224493532E-006
   5179.4763040447078        5.0202345523331547E-009   8.3201292932757422E-009   1.3157725104050557E-008   1.9987264562978904E-008   2.9959610088223934E-008   4.4250177463988233E-008   6.4150307321193759E-008   9.1801738696803163E-008   1.2691784314291006E-007   1.7544357119813903E-007   2.3569370539265214E-007   3.1583220481231830E-007   3.5372334944560243E-007   5.3636598630207125E-007   6.9139612711268968E-007   8.7089221129349079E-007   1.0903352156751440E-006   1.3464209304557614E-006   1.6415473206056701E-006   1.9923773651718271E-006
   7196.8578588469481        7.1962466097142912E-009   1.1918924563799228E-008   1.8836128427811958E-008   2.8596307338251383E-008   4.2838084340854737E-008   6.3231511707131222E-008   9.1620207564818343E-008   1.3103728142576984E-007   1.8107523725268018E-007   2.5017601819028493E-007   3.3593959680627186E-007   4.4994568004244416E-007   5.0382474471854305E-007   7.6338578339224747E-007   9.8363596883845761E-007   1.2385027861733570E-006   1.5499834429638230E-006   1.9132569315572169E-006   2.3317653268769269E-006   2.8291246345532696E-006
   10000.000000000000        1.0420891579694100E-008   1.7245907728784919E-008   2.7230928113658002E-008   4.1310071136920570E-008   6.1835877944669749E-008   9.1199157112462532E-008   1.3205633753579700E-007   1.8873086455934393E-007   2.6063964863966677E-007   3.5985980581331249E-007   4.8294492247372549E-007   6.4643645954942123E-007   7.2365567738366315E-007   1.0953819683620720E-006   1.4106814655280481E-006   1.7752699196702500E-006   2.2206467305863754E-006   2.7396753222972940E-006   3.3373424920973772E-006   4.0473561668034514E-006
   13894.952764291722        1.5282471248405635E-008   2.5266382473114364E-008   3.9852026405333846E-008   6.0400541106595115E-008   9.0325267811637001E-008   1.3308185818850958E-007   1.9254290150191696E-007   2.7492252919946238E-007   3.7938027812972654E-007   5.2335871119610854E-007   7.0185678359281320E-007   9.3872003406592526E-007   1.0505097811467524E-006   1.5881432556127796E-006   2.0439333455095612E-006   2.5704795902307793E-006   3.2133405758868728E-006   3.9617705387906252E-006   4.8230708972331918E-006   5.8458031600783790E-006
   19306.971232189815        2.2753390876709819E-008   3.7573669294982480E-008   5.9187629730935876E-008   8.9606565524668897E-008   1.3384780747989084E-007   1.9696579042849139E-007   2.8468764535480063E-007   4.0603789462148733E-007   5.5979587528549763E-007   7.7145237669568455E-007   1.0336568478627501E-006   1.3811779780612203E-006   1.5450464426354407E-006   2.3322049098001778E-006   2.9991253637510518E-006   3.7686730975516147E-006   4.7075690321832860E-006   5.7993221791043441E-006   7.0547428317248658E-006   8.5446322374610691E-006
   26826.974784160622        3.4462965347662484E-008   5.6834664290619828E-008   8.9397246296832382E-008   1.3517159841188214E-007   2.0164698857468355E-007   2.9632167714102288E-007   4.2780924585054319E-007   6.0937971568050166E-007   8.3924800971775934E-007   1.1551962275338543E-006   1.5462564192389949E-006   2.0638258486190149E-006   2.3076286038844835E-006   3.4770758569836304E-006   4.4671970192107025E-006   5.6080644570304109E-006   6.9988729619423814E-006   8.6138066766510724E-006   1.0469040996561536E-005   1.2669354634577384E-005
   37275.954743475697        5.3156286686678144E-008   8.7540172965772822E-008   1.3747994875208617E-007   2.0759485862717555E-007   3.0925712132192338E-007   4.5377050048564161E-007   6.5433242757471379E-007   9.3073674482351511E-007   1.2803607816100676E-006   1.7601105068902311E-006   2.3533429023053460E-006   3.1372487572296911E-006   3.5061078008300835E-006   5.2724842191642341E-006   6.7668970700652860E-006   8.4860406987570338E-006   1.0579949694465013E-005   1.3007436027420950E-005   1.5792905544424267E-005   1.9094224187946850E-005
   51794.763040447076        8.3434862533502677E-008   1.3721895201559014E-007   2.1516907082838806E-007   3.2447741110431887E-007   4.8271985818167405E-007   7.0723088973773722E-007   1.0186146112141454E-006   1.4468572250745260E-006   1.9881035730404643E-006   2.7295382683340234E-006   3.6454610243248902E-006   4.8538043439295418E-006   5.4217731657422891E-006   8.1367731171402394E-006   1.0432179139022444E-005   1.3068165274795305E-005   1.6275866569870944E-005   1.9988513504385910E-005   2.4243091999260225E-005   2.9282345148395970E-005
   71968.578588469478        1.3286839316966342E-007   2.1826784048304479E-007   3.4180035767906576E-007   5.1484659603682843E-007   7.6501478445414183E-007   1.1193332861144793E-006   1.6105145237642045E-006   2.2846945241941827E-006   3.1362408938457697E-006   4.3009526317427105E-006   5.7384812040506646E-006   7.6321035335901814E-006   8.5213620346054824E-006   1.2764638204403033E-005   1.6350336784847570E-005   2.0461007477882235E-005   2.5459090246873601E-005   3.1235192159776774E-005   3.7845317081695110E-005   4.5670792118524549E-005
   100000.00000000000        2.1348114455652566E-007   3.5041585441813308E-007   5.4820092408670945E-007   8.2505612471043769E-007   1.2248877248684081E-006   1.7904343477855468E-006   2.5742682864572436E-006   3.6483495954884126E-006   5.0045759943347757E-006   6.8574154850535333E-006   9.1426663279153852E-006   1.2149450442412301E-005   1.3560536485339193E-005   2.0283296911429239E-005   2.5963379696371412E-005   3.2465459447100457E-005   4.0366270528548381E-005   4.9486016731027547E-005   5.9908983724109559E-005   7.2246334703577705E-005
   138949.52764291721        3.4337838402211726E-007   5.6345516851695150E-007   8.8105457510744294E-007   1.3254825205922731E-006   1.9669817269371847E-006   2.8737357747023225E-006   4.1306615916871549E-006   5.8510699324786028E-006   8.0236316783984151E-006   1.0990013367669478E-005   1.4647256155698512E-005   1.9456242673953108E-005   2.1712451117486209E-005   3.2449460559878511E-005   4.1524502179626568E-005   5.1902362910369540E-005   6.4509023650002680E-005   7.9050683873449295E-005   9.5652977713552262E-005   1.1531082397580791E-004
   193069.92430447528        5.4788237321881570E-007   8.9921656127257959E-007   1.4061675559465074E-006   2.1156780133587876E-006   3.1398497376587298E-006   4.5875994024291807E-006   6.5955697433708412E-006   9.3426961893719220E-006   1.2813850909196852E-005   1.7554007298682748E-005   2.3398084171822864E-005   3.1083319695416292E-005   3.4689400164953351E-005   5.1841573792301420E-005   6.6353348305174504E-005   8.2942693416909741E-005   1.0309771878440958E-004   1.2634575056404945E-004   1.5287223467732965E-004   1.8430973027820080E-004
   268269.74784160621        8.5915197774960228E-007   1.4110892086432738E-006   2.2079546577734207E-006   3.3239193347139502E-006   4.9357864162682775E-006   7.2161441992308175E-006   1.0381995894897498E-005   1.4714271253735539E-005   2.0194177153272947E-005   2.7684177827079791E-005   3.6922226079804789E-005   4.9081250253714174E-005   5.4789520214280161E-005   8.1946284374419362E-005   1.0496136599171491E-004   1.3128256743423475E-004   1.6328133623411858E-004   2.0021617087055213E-004   2.4235914429850838E-004   2.9238355649540928E-004
   372759.54743475694        1.3132670827185463E-006   2.1593484980659921E-006   3.3823306237091665E-006   5.0967825736043456E-006   7.5757912784495673E-006   1.1088014492904540E-005   1.5970642422145348E-005   2.2657995346960787E-005   3.1129319801327313E-005   4.2726065416407761E-005   5.7040697643945051E-005   7.5911273618115211E-005   8.4778197677426627E-005   1.2699974616780914E-004   1.6286519642346649E-004   2.0393149561727389E-004   2.5391108108156280E-004   3.1167939803986044E-004   3.7763552162263357E-004   4.5610030105011813E-004
   517947.63040447072        1.9444686276045109E-006   3.2016865331334610E-006   5.0219011471388822E-006   7.5768636187127445E-006   1.1276530219142746E-005   1.6528165283242589E-005   2.3840816461211016E-005   3.3869751126444602E-005   4.6596689505619530E-005   6.4054600343838641E-005   8.5628494321921911E-005   1.1412944931672536E-004   1.2753721313123800E-004   1.9147288579610523E-004   2.4593689089684239E-004   3.0841345811627121E-004   3.8456505900395679E-004   4.7275370657632687E-004   5.7356740075451224E-004   6.9382870137197304E-004
   719685.78588469478        2.7776884318930355E-006   4.5807345793612784E-006   7.1961271634102833E-006   1.0872493175211615E-005   1.6204718588200621E-005   2.3790106518432401E-005   3.4371618441448524E-005   4.8907198295128206E-005   6.7389356532307937E-005   9.2800120474354796E-005   1.2424567440958705E-004   1.6589058165987139E-004   1.8550923678124168E-004   2.7922897641335985E-004   3.5931571079511263E-004   4.5139667797824382E-004   5.6383516671691973E-004   6.9434856815681881E-004   8.4380779307683708E-004   1.0226478571586104E-003
   1000000.0000000000        3.8218984197576677E-006   6.3127589193206669E-006   9.9330360097451562E-006   1.5029375041257442E-005   2.2433703087230522E-005   3.2990268982538345E-005   4.7744497073502377E-005   6.8047398177185418E-005   9.3915093290761507E-005   1.2956380617823210E-004   1.7374790401913310E-004   2.3241432569456058E-004   2.6009572162906603E-004   3.9258426171917847E-004   5.0617134103766472E-004   6.3710600177435716E-004   7.9730481092643373E-004   9.8372661386668587E-004   1.1976628319882170E-003   1.4544818076137216E-003
   1389496.8020376482        5.0670826023191344E-006   8.3822970149722335E-006   1.3210187240443721E-005   2.0016082789022778E-005   2.9920489697602684E-005   4.4072009332782100E-005   6.3887831027536601E-005   9.1203117857438043E-005   1.2607452325965167E-004   1.7423956825601911E-004   2.3403547592315796E-004   3.1362968273186443E-004   3.5125105076023777E-004   5.3164540752853346E-004   6.8680534573009534E-004   8.6613558206802830E-004   1.0859947109502733E-003   1.3424998462816117E-003   1.6375529561901245E-003   1.9928813169951018E-003
   1930699.2430447529        6.4859798054035643E-006   1.0744844021570712E-005   1.6958554238928873E-005   2.5729423678623828E-005   3.8512955404473200E-005   5.6814774106884552E-005   8.2487787171183635E-005   1.1793482257962151E-004   1.6327264708593860E-004   2.2602253092994078E-004   3.0405408016096782E-004   4.0815914046749046E-004   4.5745680912610901E-004   6.9422487782410140E-004   8.9849865732917532E-004   1.1351996133375330E-003   1.4259781343639428E-003   1.7660609541709038E-003   2.1582027243341154E-003   2.6318809690024357E-003
   2682697.4784160624        8.0390783277078812E-006   1.3335202209909145E-005   2.1075777438968665E-005   3.2014624495272100E-005   4.7980247242367318E-005   7.0878998596310712E-005   1.0305333467393702E-004   1.4754314747355719E-004   2.0454570221755739E-004   2.8358376805790331E-004   3.8202613483387279E-004   5.1362423276061662E-004   5.7605983374711537E-004   8.7633604531176228E-004   1.1361313592748664E-003   1.4378855774759872E-003   1.8092851179211634E-003   2.2446480502801430E-003   2.7478603273249323E-003   3.3573798634980471E-003
   3727595.4743475695        9.6795563676289934E-006   1.6075912961946911E-005   2.5439844801056833E-005   3.8686621235436766E-005   5.8045593967012426E-005   8.5855839626346433E-005   1.2499040362331457E-004   1.7917741042061376E-004   2.4871436176160535E-004   3.4528800084822261E-004   4.6574830564945679E-004   6.2705420241851797E-004   7.0373105689821680E-004   1.0729079406664324E-003   1.3931192402210401E-003   1.7658495757670008E-003   2.2254132053744556E-003   2.7652268318210222E-003   3.3905914730318208E-003   4.1499368984044696E-003
   5179476.3040447077        1.1356119614557956E-005   1.8882101124151201E-005   2.9916974647025331E-005   4.5542438515138689E-005   6.8405569887721235E-005   1.0129685241102447E-004   1.4764702487926568E-004   2.1190306084057121E-004   2.9448101997882911E-004   4.0933485579234288E-004   5.5278936906931432E-004   7.4516628485824020E-004   8.3678336336436162E-004   1.2783025324231158E-003   1.6621134017460689E-003   2.1097379049526159E-003   2.6625290950749261E-003   3.3130359944549743E-003   4.0682243431818706E-003   4.9872238012443918E-003
   7196857.8588469476        1.3014437842445574E-005   2.1663694770160083E-005   3.4364881185221875E-005   5.2365955765496868E-005   7.8736882206918683E-005   1.1672389800253095E-004   1.7032768890945597E-004   2.4472266050899153E-004   3.4045976433558862E-004   4.7380145903093890E-004   6.4055089272626925E-004   8.6445435185359895E-004   9.7127334736324714E-004   1.4864880446414709E-003   1.9352460687920427E-003   2.4595265691330389E-003   3.1079326502212123E-003   3.8722116782483112E-003   4.7611745502441141E-003   5.8451143563788520E-003
   10000000.000000000        1.4599668013935318E-005   2.4329221310165950E-005   3.8638153411680242E-005   5.8935327791093006E-005   8.8706118436064450E-005   1.3164199049436152E-004   1.9230959934876259E-004   2.7659646391156600E-004   3.8520170582418778E-004   5.3667151058796672E-004   7.2630200148532289E-004   9.8122949922724279E-004   1.1030457398917520E-003   1.6910925338455753E-003   2.2041957982646106E-003   2.8046014705370589E-003   3.5481587639184884E-003   4.4259164645055948E-003   5.4486203890840657E-003   6.6979155889640195E-003
   13894968.020376483        1.6061576180264461E-005   2.6793997911417039E-005   4.2600691792652540E-005   6.5041159888822684E-005   9.7995615544287280E-005   1.4557578287120867E-004   2.1289283464448521E-004   3.0651060098945673E-004   4.2728487544492049E-004   5.9595142237101029E-004   8.0732750829502612E-004   1.0918054834974618E-003   1.2279384265744544E-003   1.8856815263808451E-003   2.4605239338096295E-003   3.1341572681205282E-003   3.9694486324706752E-003   4.9568848988125816E-003   6.1091412462819187E-003   7.5190989627190973E-003
   19306992.430447526        1.7361093920813230E-005   2.8991070168321749E-005   4.6143081521019050E-005   7.0512867826544071E-005   1.0634277133380125E-004   1.5812731300649349E-004   2.3148355047928381E-004   3.3359492061103515E-004   4.6547585656698745E-004   6.4989076127650253E-004   8.8122050222116000E-004   1.1928831650366235E-003   1.3422126865865805E-003   2.0643893539051437E-003   2.6964740597715349E-003   3.4381859535352081E-003   4.3589649569398033E-003   5.4488922440342437E-003   6.7224811230699672E-003   8.2834005656373163E-003
   26826974.784160621        1.8475484943569772E-005   3.0880236793660549E-005   4.9197596163804084E-005   7.5242298027240794E-005   1.1357678033043720E-004   1.6903195227039843E-004   2.4767780851101239E-004   3.5724581923330854E-004   4.9890364129035912E-004   6.9722861487068078E-004   9.4621929404603100E-004   1.2820085032624270E-003   1.4430708299364237E-003   2.2227195627206580E-003   2.9060169507429227E-003   3.7088071424165956E-003   4.7064738473205203E-003   5.8888474550415080E-003   7.2721215059724491E-003   8.9699749736025687E-003
   37275954.743475698        1.9399704497217716E-005   3.2450900124337597E-005   5.1743698340743023E-005   7.9193330915138321E-005   1.1963516111074486E-004   1.7818565088335300E-004   2.6130564924511717E-004   3.7719496065988369E-004   5.2716228240341323E-004   7.3734784120406557E-004   1.0014281361385075E-003   1.3578868334871916E-003   1.5290167529564093E-003   2.3581406373835764E-003   3.0856582397561332E-003   3.9413325961282150E-003   5.0057358190237116E-003   6.2685811060813014E-003   7.7475410244361347E-003   9.5652526002209508E-003
   51794763.040447071        2.0143813279036415E-005   3.3718215011748346E-005   5.3802703960068214E-005   8.2394796099991279E-005   1.2455494512549818E-004   1.8563440790453299E-004   2.7241983420040340E-004   3.9349858872052702E-004   5.5030337342879291E-004   7.7027677561457243E-004   1.0468334935494383E-003   1.4204251453230337E-003   1.5999118001923424E-003   2.4702275315278905E-003   3.2346672613142034E-003   4.1346116089672254E-003   5.2550107144865030E-003   6.5855604864194410E-003   8.1451916951689254E-003   1.0064273666671510E-002
   71968578.588469476        2.0727999008273905E-005   3.4714967068932516E-005   5.5425194797089550E-005   8.4921756615867692E-005   1.2844540132804483E-004   1.9153509790955075E-004   2.8124082507119755E-004   4.0646158340810871E-004   5.6873469359004769E-004   7.9655554104198390E-004   1.0831323300550637E-003   1.4705143928347864E-003   1.6567355680858812E-003   2.5603357342977658E-003   3.3546867794636303E-003   4.2905778025531891E-003   5.4565405683928469E-003   6.8423175833834645E-003   8.4678782006394077E-003   1.0470044175140534E-002
   100000000.00000000        2.1177250898484454E-005   3.5482618511157144E-005   5.6676678034785704E-005   8.6873545187432383E-005   1.3145487908261882E-004   1.9610619423845367E-004   2.8808479824710300E-004   4.1653418893559171E-004   5.8307688473840263E-004   8.1703752313125365E-004   1.1114653382851328E-003   1.5096729545094772E-003   1.7011861540109120E-003   2.6310006991113180E-003   3.4489622249498490E-003   4.4132844251355396E-003   5.6153513801566156E-003   7.0449855419692448E-003   8.7229920917585007E-003   1.0791419223880981E-002
   138949680.20376483        2.1517101700562049E-005   3.6064004468476559E-005   5.7625642201239152E-005   8.8355128430712940E-005   1.3374207817437464E-004   1.9958421299369348E-004   2.9329861424916471E-004   4.2421675107921238E-004   5.9402853623656093E-004   8.3269799315384852E-004   1.1331542474805520E-003   1.5396871713498151E-003   1.7352735882947793E-003   2.6853028150127687E-003   3.5215056579764861E-003   4.5078310444048838E-003   5.7378844624287016E-003   7.2015800741447008E-003   8.9203825029391306E-003   1.1040469973779865E-002
   193069712.32189816        2.1770927403928748E-005   3.6498613053659753E-005   5.8335689624062245E-005   8.9464625248084938E-005   1.3545645310996868E-004   2.0219349522965487E-004   2.9721388039701278E-004   4.2999126654439458E-004   6.0226765862079058E-004   8.4449176411863897E-004   1.1495032428677238E-003   1.5623348127932956E-003   1.7610050169056999E-003   2.7263619266775165E-003   3.5764183950042962E-003   4.5794788622337736E-003   5.8308485511419849E-003   7.3205322406809242E-003   9.0705077023805532E-003   1.1230154424429099E-002
   268269747.84160623        2.1958669604396198E-005   3.6820287842632125E-005   5.8861600016431916E-005   9.0286916845492155E-005   1.3672793716321482E-004   2.0413001311813235E-004   3.0012178202183366E-004   4.3428311131488281E-004   6.0839555640879455E-004   8.5327043226625095E-004   1.1616814626526769E-003   1.5792184060010551E-003   1.7801936526410061E-003   2.7570219531294409E-003   3.6174610027061489E-003   4.6330798173016665E-003   5.9004669416195862E-003   7.4097103977996221E-003   9.1831842389191055E-003   1.1372714915093356E-002
   372759956.70935810        2.2096520938760733E-005   3.7056599148779451E-005   5.9248151776272966E-005   9.0891600414482192E-005   1.3766343364616412E-004   2.0555553858685091E-004   3.0226355227489860E-004   4.3744591543710818E-004   6.1291380627930599E-004   8.5974711017169209E-004   1.1706713410993292E-003   1.5916896623754558E-003   1.7943711671868697E-003   2.7796998864631651E-003   3.6478421060848571E-003   4.6727896077486900E-003   5.9520905524243443E-003   7.4759066181819839E-003   9.2669172802729519E-003   1.1478802273625750E-002
   517947630.40447074        2.2197191115378231E-005   3.7229236954134874E-005   5.9530658063561455E-005   9.1333681350724892E-005   1.3834763789327662E-004   2.0659853831120597E-004   3.0383124600352090E-004   4.3976191009677463E-004   6.1622367125107973E-004   8.6449384506014017E-004   1.1772629037967160E-003   1.6008384466365483E-003   1.8047737930871526E-003   2.7963547592848408E-003   3.6701694181444852E-003   4.7019944579283065E-003   5.9900908257889745E-003   7.5246841099553888E-003   9.3286897130683468E-003   1.1557183646775743E-002
   719686576.06998992        2.2270416410251900E-005   3.7354844243764282E-005   5.9736261932939753E-005   9.1655504850978096E-005   1.3884586467061925E-004   2.0735824869164401E-004   3.0497348805456963E-004   4.4144988879347128E-004   6.1863675218481789E-004   8.6795572209387765E-004   1.1820719091997340E-003   1.6075158191313664E-003   1.8123675901817933E-003   2.8085220194731782E-003   3.6864906595768321E-003   4.7233581709461092E-003   6.0179125633516208E-003   7.5604342135022588E-003   9.3740215560064385E-003   1.1614799958990877E-002
   1000000000.0000000        2.2323522656251841E-005   3.7445958426578496E-005   5.9885435965421831E-005   9.1889045414743052E-005   1.3920749393132363E-004   2.0790978590041901E-004   3.0580292487513610E-004   4.4267589031049141E-004   6.2038980816961722E-004   8.7047139562958741E-004   1.1855674632697034E-003   1.6123710302759443E-003   1.8178899265648752E-003   2.8173761423570727E-003   3.6983742581844937E-003   4.7389236322428170E-003   6.0382007634830854E-003   7.5865324770127930E-003   9.4071597413142270E-003   1.1656995717928761E-002
