   100.00000000000000        1.9986892479752870E-004   1.9964750077229910E-004   1.9871702793490060E-004   1.9814587174546723E-004   1.9742855299178077E-004   1.9605897817317930E-004   1.9503091564685235E-004   1.9342525137263435E-004   1.9220653189786136E-004   1.9034588065143233E-004   1.8896776072245059E-004   1.8698731926164333E-004   1.8631785177528445E-004   1.8334565889294147E-004   1.8111662226155792E-004   1.7902727191103688E-004   1.7682258393152879E-004   1.7504797265873638E-004   1.7290465305793548E-004   1.7066327843164874E-004
   138.94952764291722        2.7768055825514126E-004   2.7737367381355603E-004   2.7608172967786903E-004   2.7528886037510574E-004   2.7429292007719833E-004   2.7239084104763633E-004   2.7096315019236808E-004   2.6873301705700100E-004   2.6704037258329898E-004   2.6445593742642081E-004   2.6254178380631757E-004   2.5979085636417671E-004   2.5886094832960823E-004   2.5473235507562496E-004   2.5163597708885541E-004   2.4873360474976861E-004   2.4567098105879000E-004   2.4320581119195820E-004   2.4022838269449869E-004   2.3711471209958456E-004
   193.06981831315761        3.8576583708413458E-004   3.8534093368230624E-004   3.8354760313240587E-004   3.8244736079667336E-004   3.8106499303011248E-004   3.7842387337106933E-004   3.7644164101266237E-004   3.7334467429569123E-004   3.7099421917842327E-004   3.6740495350922014E-004   3.6474666802110636E-004   3.6092597642390907E-004   3.5963447867699161E-004   3.5390023638009701E-004   3.4959948721539609E-004   3.4556813873869548E-004   3.4131414043851136E-004   3.3789003989204353E-004   3.3375427354887904E-004   3.2942920881211577E-004
   268.26960056717098        5.3588432498950138E-004   5.3529683945270688E-004   5.3280852804452104E-004   5.3128253726509710E-004   5.2936461348614496E-004   5.2569828585698837E-004   5.2294695181253779E-004   5.1864719381769205E-004   5.1538407959730143E-004   5.1040027908998305E-004   5.0670935066314906E-004   5.0140381991484488E-004   4.9961045890047583E-004   4.9164742966961630E-004   4.8567475440192956E-004   4.8007608330455733E-004   4.7416807759719621E-004   4.6941270533831922E-004   4.6366869986533586E-004   4.5766168345133182E-004
   372.75934279762487        7.4434729205730187E-004   7.4353660730443671E-004   7.4008588653730182E-004   7.3797091269853080E-004   7.3531150214915689E-004   7.3022390087139279E-004   7.2640666161503931E-004   7.2043884841584041E-004   7.1591023026813783E-004   7.0899195231850613E-004   7.0386872394591837E-004   6.9650308524264737E-004   6.9401347402470257E-004   6.8295789955161428E-004   6.7466506095664193E-004   6.6689126902676015E-004   6.5868772808711830E-004   6.5208479038860107E-004   6.4410858207670433E-004   6.3576695664600336E-004
   517.94763040447071        1.0337631913629611E-003   1.0326475901854177E-003   1.0278658935027631E-003   1.0249375257027212E-003   1.0212529591215093E-003   1.0141967627359549E-003   1.0089037670609634E-003   1.0006243982009773E-003   9.9434243861904544E-004   9.8474242108716474E-004   9.7763393660277634E-004   9.6741170018668744E-004   9.6395674567943809E-004   9.4861246237375229E-004   9.3710148940182644E-004   9.2631051431760680E-004   9.1492253963613524E-004   9.0575671502531800E-004   8.9468356744092927E-004   8.8310274256611502E-004
   719.68578588469472        1.4354361287073493E-003   1.4339068974321659E-003   1.4272879346670414E-003   1.4232389864361193E-003   1.4181398702777981E-003   1.4083603893126882E-003   1.4010270834135658E-003   1.3895477780478482E-003   1.3808393391485491E-003   1.3675250361939886E-003   1.3576675369327961E-003   1.3434874838900127E-003   1.3386952290913112E-003   1.3174079599998611E-003   1.3014364523853464E-003   1.2864630362781210E-003   1.2706603522233857E-003   1.2579417062875378E-003   1.2425744481772902E-003   1.2265019071387082E-003
   1000.0000000000000        1.9926557916474987E-003   1.9905711557974817E-003   1.9814226381034616E-003   1.9758351719960255E-003   1.9687895948915430E-003   1.9552493516204147E-003   1.9451007636272593E-003   1.9291981812341315E-003   1.9171369862288588E-003   1.8986847614005343E-003   1.8850257864077881E-003   1.8653683370555680E-003   1.8587256867597366E-003   1.8292117708506297E-003   1.8070636429959566E-003   1.7862978483628768E-003   1.7643802911621693E-003   1.7467409954543705E-003   1.7254245612452600E-003   1.7031283959324974E-003
   1389.4952764291722        2.7651707339732723E-003   2.7623515053141340E-003   2.7497330020374447E-003   2.7420433758142799E-003   2.7323298156954837E-003   2.7136086834724789E-003   2.6995861920060902E-003   2.6775817672884230E-003   2.6608981438646247E-003   2.6353511688211369E-003   2.6164452068401433E-003   2.5892192219768790E-003   2.5800204206140333E-003   2.5391354822218949E-003   2.5084459145744004E-003   2.4796684160335622E-003   2.4492915141691753E-003   2.4248457619784427E-003   2.3952966160918970E-003   2.3643866352939329E-003
   1930.6981831315763        3.8352322858536130E-003   3.8314635499876026E-003   3.8141095056830696E-003   3.8035672442938481E-003   3.7902167859350461E-003   3.7643825994823979E-003   3.7450501221053438E-003   3.7146522535263515E-003   3.6916153230816921E-003   3.6562954554023859E-003   3.6301663419178558E-003   3.5925051519040741E-003   3.5797833419658098E-003   3.5232134685061547E-003   3.4807343075120133E-003   3.4408952914573793E-003   3.3988357678364162E-003   3.3649916199020189E-003   3.3240678482332649E-003   3.2812541669253468E-003
   2682.6960056717098        5.3156451465140725E-003   5.3106932327624092E-003   5.2869237906315774E-003   5.2725485611496486E-003   5.2542791464831318E-003   5.2187257818353087E-003   5.1921545583273193E-003   5.1502570974397534E-003   5.1185255943792737E-003   5.0697898432425564E-003   5.0337537018181160E-003   4.9817487574979873E-003   4.9641869152613838E-003   4.8860437656770396E-003   4.8273341396183906E-003   4.7722610261879215E-003   4.7141060960116483E-003   4.6673165413148102E-003   4.6107120996816183E-003   4.5514835163524498E-003
   3727.5934279762487        7.3603376049639624E-003   7.3540010217505152E-003   7.3216314083186188E-003   7.3021796861855118E-003   7.2773319789505349E-003   7.2285878531790949E-003   7.1922247148884823E-003   7.1346602832698452E-003   7.0911024946130850E-003   7.0240381324109587E-003   6.9744838851499638E-003   6.9028466899873761E-003   6.8786651945729037E-003   6.7709688577795163E-003   6.6899964250004742E-003   6.6140158048744405E-003   6.5337598600536022E-003   6.4692003903552911E-003   6.3910459995179941E-003   6.3092490447850128E-003
   5179.4763040447078        1.0177836301541208E-002   1.0170067102688096E-002   1.0126343678059726E-002   1.0100311617833207E-002   1.0066810570278837E-002   1.0000335226207885E-002   9.9508725681026946E-003   9.8721323069075502E-003   9.8126269363496606E-003   9.7206908826756276E-003   9.6528251634739621E-003   9.5544779022221082E-003   9.5212996470701722E-003   9.3733459031467240E-003   9.2619916638075391E-003   9.1574571229031797E-003   9.0469951437475403E-003   8.9581602242463799E-003   8.8505176758210159E-003   8.7378209907690886E-003
   7196.8578588469481        1.4047747778836522E-002   1.4038911995263163E-002   1.3980536652691177E-002   1.3946253944915563E-002   1.3901648120138287E-002   1.3811664966427190E-002   1.3744957532257978E-002   1.3637917158949202E-002   1.3557170881131850E-002   1.3431805398642825E-002   1.3339390520871190E-002   1.3205009383209338E-002   1.3159711950339308E-002   1.2957352820218850E-002   1.2804832801989617E-002   1.2661568105123231E-002   1.2510092314950694E-002   1.2388317809149353E-002   1.2240568821698241E-002   1.2085811304286757E-002
   10000.000000000000        1.9339644400495001E-002   1.9331045903885912E-002   1.9254411693028640E-002   1.9210332007088254E-002   1.9152013645895520E-002   1.9031484977650920E-002   1.8942609191376074E-002   1.8798356795165918E-002   1.8689820836259183E-002   1.8520131180813054E-002   1.8395288510404388E-002   1.8212873050660515E-002   1.8151455267925901E-002   1.7876390524833474E-002   1.7668652636511489E-002   1.7473359799038964E-002   1.7266705489867022E-002   1.7100657389242001E-002   1.6898822533937721E-002   1.6687277455777944E-002
   13894.952764291722        2.6531982512538309E-002   2.6526865144490021E-002   2.6428730917054100E-002   2.6374110592581573E-002   2.6299906931557485E-002   2.6140861852648502E-002   2.6024503443477811E-002   2.5832467271792212E-002   2.5688520790042371E-002   2.5461202575609701E-002   2.5294436092831666E-002   2.5049074430191155E-002   2.4966599117990235E-002   2.4595913153051326E-002   2.4315159175434517E-002   2.4050923802963840E-002   2.3770992858040116E-002   2.3546231967950970E-002   2.3272329270581229E-002   2.2984990419355051E-002
   19306.971232189815        3.6225873315736165E-002   3.6231247279421654E-002   3.6110239185754955E-002   3.6046526282049143E-002   3.5955987239802589E-002   3.5750580229689778E-002   3.5602078940530704E-002   3.5350822086840657E-002   3.5163529759584547E-002   3.4863405428716604E-002   3.4644138255466979E-002   3.4318303424293442E-002   3.4209037040681733E-002   3.3715453334655893E-002   3.3340098132818588E-002   3.2986272630180516E-002   3.2610812192372100E-002   3.2309669169595226E-002   3.1941358087132429E-002   3.1554490813739081E-002
   26826.974784160622        4.9143726131264026E-002   4.9173516795472945E-002   4.9033048725484828E-002   4.8966469548602017E-002   4.8863352031415716E-002   4.8606261220295620E-002   4.8423838102273499E-002   4.8103130215456126E-002   4.7866082159221203E-002   4.7477862567880051E-002   4.7195984898820403E-002   4.6770952583728168E-002   4.6628912802660585E-002   4.5982611804751231E-002   4.5488251863843886E-002   4.5021238279770406E-002   4.4524496810405087E-002   4.4126696879479517E-002   4.3637682109200125E-002   4.3123114447702754E-002
   37275.954743475697        6.6096186724480158E-002   6.6176282928174499E-002   6.6029648016778200E-002   6.5975603780070544E-002   6.5872199678922300E-002   6.5565203060356528E-002   6.5354088758952600E-002   6.4959130959132111E-002   6.4671091845812934E-002   6.4183281790665750E-002   6.3832450693338982E-002   6.3291747527171704E-002   6.3111982149133342E-002   6.2285312483554095E-002   6.1647625305714805E-002   6.1043410948572033E-002   6.0398536279379078E-002   5.9883299797227535E-002   5.9245300245824986E-002   5.8572270343029836E-002
   51794.763040447076        8.7896328723649594E-002   8.8071877934963488E-002   8.7950126387226712E-002   8.7939890055938941E-002   8.7863758585699253E-002   8.7523323424768928E-002   8.7302498556713667E-002   8.6841256820900242E-002   8.6512414420119421E-002   8.5924435799526966E-002   8.5507990869222533E-002   8.4843996923977746E-002   8.4624991815437464E-002   8.3601774500605699E-002   8.2802569651077670E-002   8.2042169591022673E-002   8.1226540343018350E-002   8.0577160680530613E-002   7.9764590694325635E-002   7.8904331659631788E-002
   71968.578588469478       0.11520062066320713       0.11554496875096282       0.11550729144746916       0.11559673607475698       0.11559968955501293       0.11526771708644229       0.11507937107678481       0.11458342388593946       0.11424456521793465       0.11357774733211649       0.11311776221035771       0.11234230723013337       0.11208981583254141       0.11088064685762242       0.10991818440898821       0.10899709781958475       0.10800178522162372       0.10721369261085259       0.10621229135579685       0.10514666984606405     
   100000.00000000000       0.14827822516673206       0.14890089792136418       0.14904510719351377       0.14932340549544104       0.14949082455114562       0.14924671963361819       0.14916681776897175       0.14870430231578130       0.14841771671006515       0.14772910298193911       0.14727771430901679       0.14643602416837667       0.14616807629137407       0.14483103574635664       0.14373450065152057       0.14267622191449505       0.14151978961943312       0.14061228092749120       0.13943213259454310       0.13816693264767241     
   138949.52764291721       0.18675632670162506       0.18780487376192798       0.18827253554522533       0.18886620398377518       0.18932210091378843       0.18929112716616892       0.18943665701670456       0.18912265844240123       0.18899083006619066       0.18838546683824578       0.18803493613656569       0.18721916088002555       0.18697088352683852       0.18563258180974027       0.18447763351224930       0.18334855042780482       0.18209274146786023       0.18112231003122656       0.17981332256513899       0.17839444283049105     
   193069.92430447528       0.22944915898462875       0.23109867707129611       0.23206767491858754       0.23313381712425943       0.23403527859165357       0.23438556674650346       0.23491169788039451       0.23490833140448347       0.23507383301946472       0.23470766773940030       0.23459268154483867       0.23394746545660183       0.23377298920847639       0.23263910165510232       0.23155729136672989       0.23047638550244048       0.22923721610472303       0.22830697799872079       0.22697101641953221       0.22549789587278102     
   268269.74784160621       0.27439988250821856       0.27682760845093490       0.27848792099368924       0.28019305018211049       0.28170987512069978       0.28263218701529708       0.28371399581841683       0.28421319719459087       0.28484377813301032       0.28490922967551735       0.28519477273631916       0.28490638324514894       0.28487476476012763       0.28421703211774679       0.28338976190039661       0.28252425706202555       0.28146936574127734       0.28072673888849103       0.27951759385013702       0.27814481869034247     
   372759.54743475694       0.31919714477285777       0.32254792324652587       0.32506523306055746       0.32755360847950427       0.32983645040081144       0.33150901418913115       0.33330965259408429       0.33449921300589253       0.33575843566390129       0.33645161909580840       0.33730537586745668       0.33757172739435587       0.33775592457641834       0.33787021680537993       0.33750229603034287       0.33704408548465570       0.33637033382040821       0.33598772055556669       0.33509226448066148       0.33401195975975556     
   517947.63040447072       0.36147351531549016       0.36582946400332017       0.36931032200153896       0.37267362885822497       0.37582233148630168       0.37837332802198909       0.38100980808289842       0.38303409079194228       0.38504725577382182       0.38652725853678260       0.38808505845060914       0.38907524982864827       0.38953728791513986       0.39068387670781446       0.39096288250795919       0.39109085206923389       0.39098636474413856       0.39112828689001033       0.39073140716968813       0.39013806706047477     
   719685.78588469478       0.39938043187383859       0.40474757379726839       0.40922086687092474       0.41348208224677374       0.41752763743568866       0.42101128144226452       0.42453238083869627       0.42746433718677185       0.43029406622082622       0.43265139794730323       0.43499013473032555       0.43681025313087796       0.43758870014663998       0.43993917515201408       0.44099694071549844       0.44184017651959140       0.44244561990989084       0.44323499656588283       0.44348160185262736       0.44353232732330017     
   1000000.0000000000       0.43185144834135203       0.43816694660621935       0.44358746451250031       0.44870406612279812       0.45361024713846920       0.45800492286144612       0.46238919375422216       0.46622420642797213       0.46986495717095955       0.47311146718173253       0.47624015410075360       0.47891909123383147       0.48002388331484763       0.48363636885409256       0.48552850715481832       0.48714566245871460       0.48853091182923958       0.49002853696834725       0.49099855681136007       0.49178534789037753     
   1389496.8020376482       0.45860200403001083       0.46575555804953250       0.47202415367590222       0.47790594909277584       0.48358644630409103       0.48881148827522047       0.49398253932278990       0.49865250099990743       0.50304280359695319       0.50712312315162977       0.51099244924620002       0.51448980539151112       0.51590519865078932       0.52073281356761114       0.52344133877117227       0.52582162576056568       0.52798455523577670       0.53018780610798943       0.53189200342364606       0.53343517822008368     
   1930699.2430447529       0.47994440907624580       0.48780337482163816       0.49479282302991878       0.50132486178200408       0.50766634597537874       0.51360701126306429       0.51945657801400447       0.52485423652695595       0.52989804499931570       0.53471312500098311       0.53923563123550522       0.54346342070345188       0.54515603642334931       0.55107741461586468       0.55452986662495396       0.55761003470426218       0.56049252925875614       0.56334920751199302       0.56574232218551535       0.56800243104373349     
   2682697.4784160624       0.49654285024752920       0.50497312056783739       0.51255065585484405       0.51961325018515525       0.52649600866239332       0.53302683540342655       0.53943654507296590       0.54543969250894409       0.55102771896514047       0.55645958400986628       0.56153111814547041       0.56637833951762806       0.56830627843596004       0.57516191512685388       0.57925592947152749       0.58294299445270537       0.58645388246040597       0.58988227469623333       0.59288406302999186       0.59578292749464479     
   3727595.4743475695       0.50919842293537920       0.51807781805586228       0.52612021680906929       0.53360236906202163       0.54091442672527834       0.54791579298386583       0.55477270073564666       0.56126210909608554       0.56728771909373132       0.57321855529998700       0.57873496284724069       0.58408746264759492       0.58620768550137770       0.59383022865338686       0.59845487875234460       0.60264629969041716       0.60668238225105797       0.61058979597970586       0.61410527487291156       0.61754700733505075     
   5179476.3040447077       0.51870323255199424       0.52792785783826401       0.53632908555997338       0.54413530193577853       0.55177978456266841       0.55914695922298419       0.56635209219028937       0.57322183579160169       0.57959023336122228       0.58591384116403966       0.59178106416785226       0.59753402914619391       0.59980700272678023       0.60804084153456239       0.61309096624795367       0.61768845568034891       0.62214928727991570       0.62644516541519912       0.63037939679523025       0.63426619816574792     
   7196857.8588469476       0.52576141420708855       0.53524702062970764       0.54392040080829807       0.55197261160297406       0.55987001008215209       0.56751635009314438       0.57498774516352436       0.58214929342891519       0.58878117100265459       0.59540788341542217       0.60154633984777328       0.60761010598141485       0.61000195866741558       0.61871270559938241       0.62409624124580354       0.62901302303872675       0.63380894459560999       0.63841203711024008       0.64267855061340340       0.64692002033932527     
   10000000.000000000       0.53095898180739931       0.54063947647929189       0.54951662486358355       0.55775320877852119       0.56584057483436612       0.57369709905527022       0.58136941088737470       0.58875172083130267       0.59558333872769942       0.60244060902911201       0.60878574898257809       0.61508700829431007       0.61756996938805120       0.62664681477297657       0.63228703156303268       0.63745024034653164       0.64250528469028156       0.64734628307588871       0.65187049422570387       0.65638768661853863     
   13894968.020376483       0.53476286718228949       0.54458758802410823       0.55361586318215106       0.56198934593873617       0.57021805312303020       0.57823125233194728       0.58605369157827081       0.59360127491811121       0.60058273750763358       0.60761347136972732       0.61411433877671495       0.62059486655561491       0.62314678917643951       0.63250096759653640       0.63833584792048814       0.64368617345215740       0.64893801741433388       0.65395960620336657       0.65867931181036066       0.66340566981023830     
   19306992.430447526       0.53753417862964437       0.54746491741944059       0.55660448462725165       0.56507889893631336       0.57341201132957542       0.58154110853909968       0.58947486847551245       0.59714516751509172       0.60423809667021988       0.61139817446041911       0.61801526083929936       0.62462969708307181       0.62723324269410063       0.63679500968622105       0.64277547516869415       0.64826568533145434       0.65366437634281593       0.65882025849133885       0.66368491355341408       0.66856587652921773     
   26826974.784160621       0.53954653546298970       0.54955481022286246       0.55877589245977710       0.56732431342859435       0.57573410967297234       0.58394842201832153       0.59196421131002341       0.59972501060751959       0.60690026395860297       0.61415604604760166       0.62085913466632470       0.62757266686631397       0.63021446329892272       0.63992988971625508       0.64601781154006999       0.65161104055496422       0.65711742807581286       0.66237112049350777       0.66734077389240554       0.67233297311132711     
   37275954.743475698       0.54100424451938434       0.55106900341298581       0.56034954040500828       0.56895199033345412       0.57741785091650732       0.58569451074538259       0.59377042847153738       0.60159759127450307       0.60883327157688572       0.61615939433154054       0.62292565278040990       0.62971192161185863       0.63238180337152794       0.64220984213271548       0.64837615283831129       0.65404423654141652       0.65962838368049870       0.66495195751198577       0.66999603588280632       0.67506623843796043     
   51794763.040447071       0.54205830627580909       0.55216408903186498       0.56148784871186419       0.57012960681068214       0.57863630416287304       0.58695839906180758       0.59507819965903108       0.60295379907414703       0.61023360613804201       0.61761113864200801       0.62442351009850783       0.63126281104734061       0.63395316009208358       0.64386306093712209       0.65008602246607605       0.65580791684423512       0.66144751613998132       0.66682024910301818       0.67191615665546189       0.67703989322827096     
   71968578.588469476       0.54281950564487269       0.55295501440568451       0.56231011646714635       0.57098039525414257       0.57951674946932963       0.58787185016771315       0.59602356467845397       0.60393438485769646       0.61124628431118488       0.61866122388415867       0.62550709674885296       0.63238486849296671       0.63509005000859486       0.64505910893254348       0.65132274627353715       0.65708304397891770       0.66276186384802127       0.66816882492120544       0.67330040106894451       0.67846033067312006     
   100000000.00000000       0.54336869295926038       0.55352570312416516       0.56290348839511117       0.57159441743534023       0.58015225941089332       0.58853127815651285       0.59670613834655917       0.60464249629586564       0.61197766398374065       0.61941973127666050       0.62628985993034336       0.63319544237905800       0.63591133273111355       0.64592298251515545       0.65221571756227248       0.65800331820667668       0.66370976841758156       0.66914045034044545       0.67429644194216021       0.67948066231357496     
   138949680.20376483       0.54376464753811238       0.55393718937745751       0.56333136681880314       0.57203722376743249       0.58061060706268552       0.58900692625618800       0.59719853796759126       0.60515337361203936       0.61250537403829930       0.61996706752813480       0.62685471767578493       0.63378036062603349       0.63650396544752152       0.64654621755010655       0.65285973790493579       0.65866672995495978       0.66439263733105514       0.66983976268671896       0.67501247655132468       0.68021300426827858     
   193069712.32189816       0.54404997888507878       0.55423372885196009       0.56363973900515763       0.57235637423291819       0.58094098292998131       0.58934979856587111       0.59755351518355437       0.60552169959514590       0.61288585788939021       0.62036172678825696       0.62726201527258940       0.63420210997964621       0.63693126579480963       0.64699548934436957       0.65332385868139464       0.65914463556151048       0.66488427295433583       0.67034284182201576       0.67552706886361047       0.68073861904808974     
   268269747.84160623       0.54425552181256098       0.55444735406222279       0.56386189880407100       0.57258630941139499       0.58117901825676144       0.58959685130864270       0.59780930532871102       0.60578712278516300       0.61316005294182019       0.62064614894751191       0.62755554560700377       0.63450604487994411       0.63723919320419220       0.64731919165016627       0.65365817979925167       0.65948877577103293       0.66523813599597348       0.67070471836279388       0.67589693849374832       0.68111602655152970     
   372759956.70935810       0.54440354804742330       0.55460120531174817       0.56402190205482483       0.57275191808554848       0.58135046764399068       0.58977480281277361       0.59799355832254086       0.60597832193291468       0.61335757616301201       0.62085104507083144       0.62776700236096317       0.63472499023444628       0.63746100994074584       0.64755233856329975       0.65389893090706952       0.65973653822992051       0.66549281170605035       0.67096504610434315       0.67616287051882940       0.68138718932396003     
   517947630.40447074       0.54451013165412210       0.55471198540944222       0.56413711473747419       0.57287116989123721       0.58147392871901915       0.58990294979302904       0.59812624727533348       0.60611601679911620       0.61349982799182323       0.62099860942473084       0.62791929092812504       0.63488266815493422       0.63762075317949496       0.64772022380799188       0.65407226935340879       0.65991489536240722       0.66567610416529488       0.67115235371606285       0.67635414736861699       0.68158215291527646     
   719686576.06998992       0.54458686582686544       0.55479174201661174       0.56422006409413439       0.57295702877308929       0.58156282000190418       0.58999521683069744       0.59822178671426962       0.60621516250886975       0.61360225620238440       0.62110486429205647       0.62802894710465762       0.63499620297039439       0.63773577382095159       0.64784109849090077       0.65419705977018716       0.66004328591307837       0.66580803057846227       0.67128715085379775       0.67649178176231795       0.68172242415066997     
   1000000000.0000000       0.54464210392284296       0.55484915647558586       0.56427977769703452       0.57301883766053208       0.58162681282534257       0.59006164086065138       0.59829056769007150       0.60628654069238641       0.61367599823646768       0.62118136200577068       0.62810789339259565       0.63507794070885404       0.63781858065893582       0.64792811609433887       0.65428689196646195       0.66013570503969254       0.66590299007282272       0.67138417342839229       0.67659084769157440       0.68182339896916067     
