   100.00000000000000        4.3635398278173311E-005   4.4662833553461003E-005   4.5595596732697076E-005   4.6446196636167746E-005   4.7103195471242077E-005   4.7860374002941666E-005   4.8416592249862459E-005   4.9074151376725755E-005   4.9517301033582651E-005   4.9927920713865112E-005   5.0285098495710608E-005   5.0610043087500004E-005   5.0668003954085726E-005   5.0991195944807282E-005   5.1061626278531948E-005   5.1255208428348897E-005   5.1273547148783572E-005   5.1272547858350564E-005   5.1259224389984707E-005   5.1226825682256908E-005
   138.94952764291722        6.0628142972161748E-005   6.2055760385407391E-005   6.3351716592071689E-005   6.4533550197891072E-005   6.5446549417283461E-005   6.6498498898172028E-005   6.7271424340142262E-005   6.8184968689006731E-005   6.8800737974330088E-005   6.9371260915739667E-005   6.9867557506111033E-005   7.0319011799720288E-005   7.0399577483752008E-005   7.0848611632096217E-005   7.0946469219948670E-005   7.1215330898744198E-005   7.1240780249726146E-005   7.1239371730390759E-005   7.1220799845043062E-005   7.1175692055773279E-005
   193.06981831315761        8.4236703041195841E-005   8.6220373366256218E-005   8.8020879856200878E-005   8.9662896089212309E-005   9.0931702207351512E-005   9.2393099321004757E-005   9.3467197174068324E-005   9.4736310893746913E-005   9.5591948636342792E-005   9.6384627851822430E-005   9.7074229506305358E-005   9.7701418020616174E-005   9.7813420297447758E-005   9.8437275115392564E-005   9.8573238200205999E-005   9.8946589421489655E-005   9.8981889120264318E-005   9.8979893466964343E-005   9.8953974163242558E-005   9.8891123684569584E-005
   268.26960056717098        1.1703518877323768E-004   1.1979149170381253E-004   1.2229286376162540E-004   1.2457417352004395E-004   1.2633755334930295E-004   1.2836761320278735E-004   1.2986030002906708E-004   1.3162324077020863E-004   1.3281220072166236E-004   1.3391350866274500E-004   1.3487170593235842E-004   1.3574297820575083E-004   1.3589871392416761E-004   1.3676541009205557E-004   1.3695431170033162E-004   1.3747263621232436E-004   1.3752156546209234E-004   1.3751871843962639E-004   1.3748248448372700E-004   1.3739481998367053E-004
   372.75934279762487        1.6259801347822612E-004   1.6642788619338058E-004   1.6990271547109195E-004   1.7307207545695974E-004   1.7552301321960460E-004   1.7834272297251517E-004   1.8041725211198980E-004   1.8286591224376956E-004   1.8451807288004886E-004   1.8604811108142996E-004   1.8737951973312407E-004   1.8858975709750220E-004   1.8880636134914445E-004   1.9001034817130356E-004   1.9027279088468924E-004   1.9099214279044032E-004   1.9105989989302814E-004   1.9105580176850047E-004   1.9100503270310696E-004   1.9088258019507991E-004
   517.94763040447071        2.2588718264186179E-004   2.3120877630580612E-004   2.3603546813238919E-004   2.4043829999606246E-004   2.4384526858162514E-004   2.4776122586110119E-004   2.5064463555797274E-004   2.5404523438021706E-004   2.5634110925485326E-004   2.5846665925102638E-004   2.6031664246110305E-004   2.6199750956641828E-004   2.6229888509956889E-004   2.6397127475399435E-004   2.6433587117739052E-004   2.6533375769676880E-004   2.6542746452522801E-004   2.6542149782941827E-004   2.6535014222338587E-004   2.6517875830960161E-004
   719.68578588469472        3.1378794675749483E-004   3.2118226490146225E-004   3.2788591207231322E-004   3.3400173630934374E-004   3.3873838327890611E-004   3.4417570878505626E-004   3.4818383955257499E-004   3.5290548643384555E-004   3.5609598486909070E-004   3.5904859366723163E-004   3.6161912896862873E-004   3.6395323937160883E-004   3.6437277796388430E-004   3.6669550798239605E-004   3.6720198760309251E-004   3.6858537531794382E-004   3.6871473475797882E-004   3.6870592406956863E-004   3.6860521540879658E-004   3.6836470407950790E-004
   1000.0000000000000        4.3585025258616140E-004   4.4612456873106561E-004   4.5543346034009237E-004   4.6392773346916452E-004   4.7051439537635508E-004   4.7806209322820366E-004   4.8363451658159991E-004   4.9018856578102166E-004   4.9462249548455422E-004   4.9872352711636289E-004   5.0229525877340054E-004   5.0553572077177949E-004   5.0612016379374461E-004   5.0934557819323322E-004   5.1004909638880931E-004   5.1196522514026480E-004   5.1214335398378288E-004   5.1213012344574979E-004   5.1198719737877401E-004   5.1164846001341047E-004
   1389.4952764291722        6.0531000271760952E-004   6.1958592819382960E-004   6.3250949051131197E-004   6.4430525912631390E-004   6.5346710638705837E-004   6.6394036112466545E-004   6.7168919843043273E-004   6.8078327648260354E-004   6.8694562362379454E-004   6.9264090157541015E-004   6.9760377731055315E-004   7.0210108197967533E-004   7.0291603238210778E-004   7.0739389371658030E-004   7.0837100492123753E-004   7.1102182174820209E-004   7.1126625902625639E-004   7.1124601021088695E-004   7.1104169477178246E-004   7.1056233585789551E-004
   1930.6981831315763        8.4049428798613148E-004   8.6033005244447495E-004   8.7826610183813097E-004   8.9464289159940863E-004   9.0739157592144943E-004   9.2191698215630382E-004   9.3269527800970498E-004   9.4530715687339984E-004   9.5387241302221238E-004   9.6178005651076934E-004   9.6867590288649095E-004   9.7491479660956999E-004   9.7605265874377409E-004   9.8226733413309033E-004   9.8362427888239331E-004   9.8728540195402569E-004   9.8761924341681439E-004   9.8758762255182287E-004   9.8729283416274590E-004   9.8661025507568384E-004
   2682.6960056717098        1.1667428835925948E-003   1.1943029362195402E-003   1.2191847245616950E-003   1.2419146354325872E-003   1.2596632030353043E-003   1.2797947096299222E-003   1.2947923656920993E-003   1.3122703743984657E-003   1.3241768600442696E-003   1.3351531724624312E-003   1.3447348508391730E-003   1.3533846685702166E-003   1.3549762039072532E-003   1.3635976996452814E-003   1.3654819253683342E-003   1.3705269906703805E-003   1.3709800051397282E-003   1.3709296527148291E-003   1.3704994244876807E-003   1.3695197885592960E-003
   3727.5934279762487        1.6190274288306605E-003   1.6573175166857948E-003   1.6918146249274744E-003   1.7233491663282534E-003   1.7480743182022387E-003   1.7759500185029577E-003   1.7968287992018396E-003   1.8210274493980941E-003   1.8375810815093819E-003   1.8528111260922122E-003   1.8661248180021719E-003   1.8781079043857971E-003   1.8803392746183872E-003   1.8922931347924979E-003   1.8949094274011231E-003   1.9018403877309577E-003   1.9024498355129349E-003   1.9023683362722017E-003   1.9017318333559453E-003   1.9003122237177595E-003
   5179.4763040447078        2.2454795466904697E-003   2.2986718256321468E-003   2.3464632665425216E-003   2.3901888606298657E-003   2.4246605678587018E-003   2.4632130876272567E-003   2.4922970698496969E-003   2.5257587474296741E-003   2.5487781545205676E-003   2.5698999379858405E-003   2.5883997476929712E-003   2.6049840389334136E-003   2.6081223199884516E-003   2.6246852333892401E-003   2.6283186550011229E-003   2.6378018519081191E-003   2.6386126226021077E-003   2.6384794226684142E-003   2.6375232917236926E-003   2.6354427957429689E-003
   7196.8578588469481        3.1120759569194132E-003   3.1859572923968586E-003   3.2521010674165600E-003   3.3126871714972399E-003   3.3607941219759023E-003   3.4140309139943344E-003   3.4545759244269214E-003   3.5007724487161407E-003   3.5327926012652180E-003   3.5620672105302724E-003   3.5877753794228561E-003   3.6106995285335747E-003   3.6151315950115055E-003   3.6380626847887527E-003   3.6431122904939978E-003   3.6560190267560526E-003   3.6570830293788624E-003   3.6568656893543735E-003   3.6554068467613498E-003   3.6523202601342797E-003
   10000.000000000000        4.3087285159702279E-003   4.4113168082986357E-003   4.5027490588569275E-003   4.5866217504074054E-003   4.6538331856022207E-003   4.7272090145189958E-003   4.7837854903301476E-003   4.8474384323877939E-003   4.8919985452004957E-003   4.9325445358371616E-003   4.9682775806468814E-003   4.9999216083591522E-003   5.0062147342812956E-003   5.0379390103562341E-003   5.0449706202291339E-003   5.0624204523056927E-003   5.0637972067115187E-003   5.0634498174426329E-003   5.0611931365393513E-003   5.0565594197452502E-003
   13894.952764291722        5.9568379838912189E-003   6.0992260689392485E-003   6.2254368087346374E-003   6.3414239431566054E-003   6.4354448183670193E-003   6.5363600535912223E-003   6.6154002176233122E-003   6.7029090485724672E-003   6.7649650444420563E-003   6.8210869502350960E-003   6.8707807728830370E-003   6.9144055274991470E-003   6.9234044563361297E-003   6.9672799412490612E-003   6.9771170161797690E-003   7.0005253362823610E-003   7.0022931030476188E-003   7.0017675494305175E-003   6.9982469425296893E-003   6.9912270093353572E-003
   19306.971232189815        8.2179031091604987E-003   8.4154111746882893E-003   8.5893698883557912E-003   8.7495879106353168E-003   8.8812886851228987E-003   9.0197736385629525E-003   9.1303617474887654E-003   9.2503940528128881E-003   9.3369236714134773E-003   9.4145910401347774E-003   9.4837842308990519E-003   9.5438886072716587E-003   9.5568764373037129E-003   9.6176141131646808E-003   9.6315126581924867E-003   9.6626613456957475E-003   9.6649701474670717E-003   9.6642727037394918E-003   9.6587893549508596E-003   9.6481236898583039E-003
   26826.974784160622        1.1301518557556055E-002   1.1575263642181775E-002   1.1814713387242728E-002   1.2035805905718993E-002   1.2220543205523505E-002   1.2410244544590551E-002   1.2565275240840609E-002   1.2729628723239371E-002   1.2850549053346082E-002   1.2958140596871804E-002   1.3054727391615797E-002   1.3137630943097688E-002   1.3156605524401767E-002   1.3240998902351513E-002   1.3261014361583782E-002   1.3302216536843749E-002   1.3305470486173102E-002   1.3304849474625641E-002   1.3296468128254406E-002   1.3280395331250057E-002
   37275.954743475697        1.5468457876280931E-002   1.5847466834403443E-002   1.6176763142171407E-002   1.6481650859472837E-002   1.6741134204341940E-002   1.7000813017612349E-002   1.7218707927853530E-002   1.7443653567099905E-002   1.7613253804790820E-002   1.7762791272748841E-002   1.7898246966215108E-002   1.8013119982714286E-002   1.8041279952477909E-002   1.8159577841509577E-002   1.8189356821640905E-002   1.8243908131192140E-002   1.8249285219582984E-002   1.8249747034118954E-002   1.8237524857388627E-002   1.8213923647536705E-002
   51794.763040447076        2.1020650243118413E-002   2.1544590028676962E-002   2.1997275513613822E-002   2.2417585939048825E-002   2.2782446228637055E-002   2.3138294337451421E-002   2.3445515246401656E-002   2.3753952540837696E-002   2.3993133803824566E-002   2.4202383841025955E-002   2.4393782234265495E-002   2.4554514317087696E-002   2.4597105491054840E-002   2.4765638743671253E-002   2.4812066945555111E-002   2.4885391167133189E-002   2.4896114815834123E-002   2.4900652001186657E-002   2.4884488337699472E-002   2.4851651486623608E-002
   71968.578588469478        2.8265393968017742E-002   2.8987682120157336E-002   2.9609762240308857E-002   3.0188896395055287E-002   3.0701912017854462E-002   3.1190909144533898E-002   3.1625375487696734E-002   3.2050110211674546E-002   3.2389672050972498E-002   3.2685548842824361E-002   3.2958705869831163E-002   3.3187104960426303E-002   3.3252799919711522E-002   3.3498692930609683E-002   3.3575009682254374E-002   3.3677143904283745E-002   3.3701145310744800E-002   3.3717258169250267E-002   3.3700030645234497E-002   3.3658772034382070E-002
   100000.00000000000        3.7442739442453736E-002   3.8433012483594708E-002   3.9286157504681153E-002   4.0082268476219263E-002   4.0801554522794513E-002   4.1475483749658440E-002   4.2090402914510786E-002   4.2678355301095754E-002   4.3163074257297304E-002   4.3586371773954309E-002   4.3980061425855990E-002   4.4310570219718022E-002   4.4413413426387736E-002   4.4781873568696014E-002   4.4912697895523136E-002   4.5062718971630396E-002   4.5117283269308299E-002   4.5161322203775597E-002   4.5153061244716325E-002   4.5110962335593481E-002
   138949.52764291721        4.8619561301136503E-002   4.9963268492590973E-002   5.1125841959183495E-002   5.2212780104785410E-002   5.3213036637094167E-002   5.4141382202342554E-002   5.5007720823394488E-002   5.5823546460840721E-002   5.6515563488906344E-002   5.7125732457966455E-002   5.7695769701497208E-002   5.8180700143930821E-002   5.8342175890819074E-002   5.8905173971733032E-002   5.9132835082793489E-002   5.9364943188229907E-002   5.9483073810681242E-002   5.9586136812381112E-002   5.9610335232652190E-002   5.9588304877635057E-002
   193069.92430447528        6.1584145102989395E-002   6.3376354575342131E-002   6.4939108531176029E-002   6.6402403815797650E-002   6.7771248340446441E-002   6.9039618638958952E-002   7.0244052270048735E-002   7.1369926231056230E-002   7.2348392502720779E-002   7.3225077633286478E-002   7.4045368281548465E-002   7.4757651133642550E-002   7.5007663912422529E-002   7.5869687520307746E-002   7.6259136408920278E-002   7.6628088265146097E-002   7.6864333497039333E-002   7.7077639568909007E-002   7.7177926968345800E-002   7.7217388208205506E-002
   268269.74784160621        7.5801985373792152E-002   7.8134002961411514E-002   8.0188286071540216E-002   8.2114147905032825E-002   8.3941293527672170E-002   8.5642148389765305E-002   8.7277564349339781E-002   8.8805530635632290E-002   9.0159193262231777E-002   9.1396323742008789E-002   9.2553252163366351E-002   9.3582408799109285E-002   9.3957507991681288E-002   9.5251612236538427E-002   9.5889277805684875E-002   9.6470765151485283E-002   9.6902100412196920E-002   9.7297805188326106E-002   9.7540827944727737E-002   9.7707374625779386E-002
   372759.54743475694        9.0484181405581510E-002   9.3425794290040887E-002   9.6046169510022650E-002   9.8505221728689127E-002  0.10086592789547918       0.10308197788156243       0.10523104346095692       0.10724740145499856       0.10905969755300622       0.11075054900964446       0.11232940884403397       0.11376841413081037       0.11430641481367257       0.11617606439388532       0.11715905566770701       0.11804112650168613       0.11875879084873707       0.11942248220093539       0.11989242116530756       0.12027115101175385     
   517947.63040447072       0.10475867795794890       0.10834288263525454       0.11157066884410996       0.11460245532917664       0.11754122031287996       0.12032723821646822       0.12304461404792703       0.12561128989606518       0.12794262137037032       0.13016008709279142       0.13222734625372476       0.13415355086436978       0.13488587305087382       0.13745623967652429       0.13887352288086663       0.14013981171654030       0.14123250174427809       0.14224771151543067       0.14303166187669558       0.14371296129777614     
   719685.78588469478       0.11786952442823541       0.12208648559057404       0.12592155970974478       0.12952670131384544       0.13304839639143573       0.13641957444336539       0.13972059826485878       0.14286172211027243       0.14573664187361171       0.14851730780424841       0.15110632412236183       0.15356453538841217       0.15450948495505232       0.15786015659501115       0.15977331968848169       0.16148479308948380       0.16301971359848708       0.16445037240478314       0.16561996148565034       0.16668075952650324     
   1000000.0000000000       0.12931492192358929       0.13411705184483891       0.13852086498408880       0.14266372290371890       0.14673550561049087       0.15066707456060446       0.15452745911921495       0.15822682450556899       0.16163149942406896       0.16497044236728131       0.16807679330820030       0.17107199224694072       0.17223191345473160       0.17638320145428668       0.17881541678513918       0.18099893388768315       0.18300923407069378       0.18488791506121260       0.18648549757992117       0.18797442233900025     
   1389496.8020376482       0.13888265664163085       0.14419721574688835       0.14910416877581747       0.15372342696595390       0.15828511736726003       0.16272172152153541       0.16708681102031034       0.17129572388118297       0.17518525486536049       0.17904219582317299       0.18262922510064164       0.18613064094165907       0.18749358114526732       0.19241032423280188       0.19534703690270264       0.19799466255053941       0.20047770747348023       0.20280381871536388       0.20483848599427834       0.20677065724469956     
   1930699.2430447529       0.14660135129660784       0.15234479003980314       0.15767628198035255       0.16269814023862630       0.16767568297563074       0.17254505432972572       0.17734332759790791       0.18199377320035917       0.18630461801585269       0.19061668163351964       0.19462704234752348       0.19857960655159254       0.20012389456288698       0.20573151686695482       0.20913002671202927       0.21220698102325619       0.21513173123084728       0.21787814618106521       0.22033086849437269       0.22269214478885649     
   2682697.4784160624       0.15265493415829295       0.15874460387118955       0.16442105086866809       0.16977058238609974       0.17508789564474039       0.18031355935955448       0.18546921274203387       0.19048684196837001       0.19514914045451456       0.19984435603142328       0.20421227885189150       0.20854971879052969       0.21024917950156252       0.21645331898450645       0.22025557069324664       0.22371168207793082       0.22703010474141069       0.23015360016801709       0.23298708132722626       0.23574354406658082     
   3727595.4743475695       0.15729989318819215       0.16366139447246789       0.16961010147925740       0.17521873453567097       0.18080567126589495       0.18631585589407024       0.19175765916400836       0.19707131703489222       0.20201798337107996       0.20702568059907323       0.21168646359194354       0.21634189268577697       0.21817005867093300       0.22487305549019598       0.22901689016164836       0.23279702106290875       0.23645481362262885       0.23990595713696200       0.24307460850637161       0.24618260154403926     
   5179476.3040447077       0.16080534433607802       0.16737585008244626       0.17353482325666611       0.17934399208672289       0.18514033646802908       0.19087270899188630       0.19653872767743927       0.20208579055969553       0.20725763564328917       0.21251457825724271       0.21741020683291890       0.22232267912607803       0.22425539227505659       0.23136683882308601       0.23579349192189081       0.23984467154072323       0.24378878809254215       0.24751891040901774       0.25097622155669097       0.25439000257292088     
   7196857.8588469476       0.16341823364709523       0.17014698860845423       0.17646579452782693       0.18242778495043652       0.18838428933904547       0.19428744633339393       0.20012653163697550       0.20585482339129965       0.21120241034532439       0.21665525387463400       0.22173665166429321       0.22685401390464438       0.22887054912522958       0.23631210539585487       0.24096984465119534       0.24524484321529061       0.24942738797685113       0.25339218283436443       0.25709475785970431       0.26077082708240118     
   10000000.000000000       0.16534804933859115       0.17219529103806172       0.17863420633423666       0.18471137014596883       0.19078904239013128       0.19682201850316414       0.20279331418850929       0.20866085380403337       0.21414427268893729       0.21974960053666617       0.22497664998191114       0.23025585613937291       0.23233903417770144       0.24004519334992203       0.24489013004360732       0.24934836060273693       0.25372768123853673       0.25788818699790050       0.26179707404620312       0.26569570769869671     
   13894968.020376483       0.16676378023800115       0.17369900899491741       0.18022742398655431       0.18639068116782423       0.19255929265964752       0.19869014454620418       0.20476167432380701       0.21073537840751239       0.21632302271376275       0.22204617731292611       0.22738664030741212       0.23279277086806688       0.23492856298874634       0.24284532652139104       0.24784072913695865       0.25244771962217627       0.25698798244074339       0.26131016729706757       0.26539069756895739       0.26947591525388692     
   19306992.430447526       0.16779721677899009       0.17479737390550151       0.18139204724514030       0.18761924847783368       0.19385567731045289       0.20005983226940618       0.20620686631518986       0.21226096717319087       0.21792805239635948       0.22374162306159362       0.22916977153933141       0.23467468054771753       0.23685167953051708       0.24493466028641964       0.25004984485547760       0.25477631996704952       0.25944667603328692       0.26390070656408759       0.26812196943176952       0.27236113098111875     
   26826974.784160621       0.16854882562650922       0.17559665614731951       0.18224012312405996       0.18851456141030470       0.19480128277371495       0.20106000995479378       0.20726357028795600       0.21337814887375392       0.21910535833279407       0.22498778427630831       0.23048316635864538       0.23606425142465151       0.23827320593211479       0.24648597691267649       0.25169536003904214       0.25651650213927174       0.26129045595081180       0.26585023659026585       0.27018481434140001       0.27454851888828852     
   37275954.743475698       0.16909397204748214       0.17617666237555379       0.18285590093788565       0.18916506811046813       0.19548889429425292       0.20178801997962889       0.20803363832137420       0.21419340035437284       0.21996577196990605       0.22590019771900652       0.23144665166266051       0.23708587863319203       0.23931933584337825       0.24763220796385657       0.25291464395798008       0.25780963354089043       0.26266470952588922       0.26730775018632302       0.27173176771990987       0.27619410016796708     
   51794763.040447071       0.16948856532897377       0.17659665839066457       0.18330202129887585       0.18963661330335960       0.19598768550773760       0.20231655942719937       0.20859328328230647       0.21478657548324800       0.22059261319943579       0.22656597616799315       0.23215085324490581       0.23783398871953365       0.24008601712672686       0.24847511539268394       0.25381340709977696       0.25876510814907833       0.26368264907831213       0.26839005039076863       0.27288330561431162       0.27742214823711092     
   71968578.588469476       0.16977375031716299       0.17690030214080524       0.18362468212152655       0.18997781919593384       0.19634881412821562       0.20269948975432139       0.20899909173781786       0.21521711151235767       0.22104806729545048       0.22705035324417461       0.23266387624863724       0.23837984256332875       0.24064579474193826       0.24909225248454084       0.25447269629396757       0.25946733104524172       0.26443224618961858       0.26918858868419299       0.27373453135516862       0.27833166525167535     
   100000000.00000000       0.16997962993827442       0.17711956391094849       0.18385775031146953       0.19022437263771749       0.19660988318117531       0.20297647155367823       0.20929281938133282       0.21552897606579216       0.22137826015056278       0.22740187951972421       0.23303659021511422       0.23877689241843650       0.24105318637126893       0.24954236538465868       0.25495426675991595       0.25998101450886352       0.26498140579241175       0.26977446287064494       0.27435994225350896       0.27900084682786436     
   138949680.20376483       0.17012813404564581       0.17727775212608349       0.18402594058099689       0.19040234436840026       0.19679839983705649       0.20317656371387444       0.20950511978632405       0.21575451942320328       0.22161721497439049       0.22765647787282220       0.23330675723895195       0.23906497010376346       0.24134888652952616       0.24986961884027040       0.25530478665432560       0.26035532391556571       0.26538201746945489       0.27020232894948043       0.27481716214020852       0.27949057896501300     
   193069712.32189816       0.17023518542462046       0.17739180154320186       0.18414722378345139       0.19053070845187864       0.19693440634670029       0.20332096807754982       0.20965839575915174       0.21591743005570627       0.22178989856800113       0.22784057906819882       0.23350223863249470       0.23927355906492903       0.24156305981711620       0.25010694451313181       0.25555920149131167       0.26062723326762077       0.26567328168908660       0.27051366892807788       0.27515012927921895       0.27984751376538536     
   268269747.84160623       0.17031232125202850       0.17747398900880329       0.18423463629995729       0.19062323916214427       0.19703246595020091       0.20342510766455071       0.20976896629476119       0.21603499062801917       0.22191455797626233       0.22797354175123491       0.23364348662554635       0.23942435831769401       0.24171793149283596       0.25027872041137278       0.25574346472129633       0.26082429268938262       0.26588450706255429       0.27073960257424917       0.27539191554227210       0.28010688433352776     
   372759956.70935810       0.17036788272463232       0.17753319411404939       0.18429761184428148       0.19068990995354004       0.19710313107797189       0.20350016769920592       0.20984867919859634       0.21611976407378794       0.22200447525316019       0.22806948087608328       0.23374543953433888       0.23953324845481436       0.24182978126896329       0.25040286692558034       0.25587670145071550       0.26096685285675253       0.26603739631097884       0.27090322871266070       0.27556712413496515       0.28029495957191780     
   517947630.40447074       0.17040789423956215       0.17757583211164366       0.18434296864698779       0.19073793235720707       0.19715403619774366       0.20355424591506066       0.20990611902433809       0.21618086172002324       0.22206929332946468       0.22813865726785712       0.23381897109550259       0.23961180649908689       0.24191048477582455       0.25049249132004986       0.25597292507488212       0.26106985105108588       0.26614790656185661       0.27102155857119020       0.27569390086693557       0.28043114001732777     
   719686576.06998992       0.17043670314270265       0.17760653348470307       0.18437562949313466       0.19077251486642288       0.19719069761014835       0.20359319631887976       0.20994749560561646       0.21622487914718749       0.22211599808369126       0.22818851162604856       0.23387197425665909       0.23966844528726122       0.24196867595336596       0.25055714161901543       0.25604235687044230       0.26114419588224341       0.26622770513819832       0.27110704369723576       0.27578554001028066       0.28052965000184121     
   1000000000.0000000       0.17045744310891689       0.17762863658184710       0.18439914423551435       0.19079741429527280       0.19721709540492172       0.20362124425540218       0.20997729321127317       0.21625658169900450       0.22214963978903679       0.22822442687857813       0.23391016329104453       0.23970926049274732       0.24201061286735026       0.25060374835736193       0.25609242300112828       0.26119781990856916       0.26628528344642938       0.27116875293910259       0.27585172984834511       0.28060085983437366     
