   100.00000000000000        1.7452913671209436E-011   2.8551576807559022E-011   4.4729665001398114E-011   6.7172838356319742E-011   9.9581617463327839E-011   1.4589076879757624E-010   2.0997615797472617E-010   2.9819378561784652E-010   4.0960106475013293E-010   5.6265108572575161E-010   7.5314990098236776E-010   1.0033563184874581E-009   1.1213934562086362E-009   1.6899150248600424E-009   2.1734487770566293E-009   2.7325377219982785E-009   3.4147738499389658E-009   4.2102243925271409E-009   5.1257315294444686E-009   6.2306433139137190E-009
   138.94952764291722        2.4256656441904512E-011   3.9681786687658730E-011   6.2166215335406186E-011   9.3357796783593735E-011   1.3839941394205460E-010   2.0275927991725384E-010   2.9182418275768899E-010   4.1442677717314692E-010   5.6925743829887859E-010   7.8196057526295196E-010   1.0467076919844241E-009   1.3944327303562167E-009   1.5584745779069446E-009   2.3485721095826518E-009   3.0205545201002784E-009   3.7975366919567214E-009   4.7456547356812909E-009   5.8511054114695717E-009   7.1233959445157917E-009   8.6588980006835098E-009
   193.06981831315761        3.3715947688758743E-011   5.5156036097500896E-011   8.6407812687274727E-011   1.2976170844719654E-010   1.9236572154017467E-010   2.8181959897430291E-010   4.0561075406876845E-010   5.7601409807755970E-010   7.9121009664273935E-010   1.0868391363639794E-009   1.4548005646635461E-009   1.9380874605716171E-009   2.1660804925594175E-009   3.2641871886803572E-009   4.1981252223484531E-009   5.2779912397839421E-009   6.5956951319128923E-009   8.1320540592161117E-009   9.9002783665809424E-009   1.2034300956072248E-008
   268.26960056717098        4.6870194897336990E-011   7.6674476387266567E-011   1.2011749801901560E-010   1.8038323882866067E-010   2.6740763612484835E-010   3.9175375802522681E-010   5.6383014243946679E-010   8.0069652782853207E-010   1.0998250360637624E-009   1.5107524521474059E-009   2.0222191342952641E-009   2.6939840119087744E-009   3.0108903219219545E-009   4.5372242741003140E-009   5.8353536575609280E-009   7.3363095739317394E-009   9.1678274675681981E-009   1.1303246515599160E-008   1.3760922606526151E-008   1.6727002858554394E-008
   372.75934279762487        6.5168468311116859E-011   1.0660720446206468E-010   1.6700741771545028E-010   2.5079600407555850E-010   3.7178629035819416E-010   5.4466189348919765E-010   7.8389471888110836E-010   1.1131965403196008E-009   1.5290555725973023E-009   2.1003311978072462E-009   2.8113708157280893E-009   3.7452482649397168E-009   4.1858024925120949E-009   6.3076398852867692E-009   8.1122086108896099E-009   1.0198720220418943E-008   1.2744714810518139E-008   1.5713135015238222E-008   1.9129486587672509E-008   2.3252512704966268E-008
   517.94763040447071        9.0633465952480760E-011   1.4826227868776749E-010   2.3225827907729135E-010   3.4877797301901440E-010   5.1702918606618867E-010   7.5742687284911046E-010   1.0900976263163290E-009   1.5480030408984089E-009   2.1262648406504255E-009   2.9206174004251549E-009   3.9092972446687880E-009   5.2078105936165457E-009   5.8203728124764180E-009   8.7705946307524851E-009   1.1279626429464361E-008   1.4180641366634483E-008   1.7720431697976765E-008   2.1847482645647895E-008   2.6597234972515646E-008   3.2329390134726132E-008
   719.68578588469472        1.2609329707879907E-010   2.0626447662592066E-010   3.2311189877003994E-010   4.8520032918173687E-010   7.1924647941068387E-010   1.0536402332574905E-009   1.5163820266626877E-009   2.1532991935351304E-009   2.9576159831466143E-009   4.0624601161329515E-009   5.4375638378430990E-009   7.2435681205566085E-009   8.0955192320666531E-009   1.2198577403223212E-008   1.5687935458211880E-008   1.9722385722902919E-008   2.4645039910485491E-008   3.0384272672153377E-008   3.6989329917617364E-008   4.4960360357521856E-008
   1000.0000000000000        1.7551194740686718E-010   2.8709509505082760E-010   4.4971527548725164E-010   6.7529312799562830E-010   1.0010045246375261E-009   1.4663422202772797E-009   2.1102795426424155E-009   2.9965461135866797E-009   4.1157320926698241E-009   5.6530209518704906E-009   7.5663026880069220E-009   1.0079068204593857E-008   1.1264391838561117E-008   1.6972787273431166E-008   2.1827158962337062E-008   2.7439770163315707E-008   3.4287749675625598E-008   4.2271485913440100E-008   5.1459407871695104E-008   6.2547136255401174E-008
   1389.4952764291722        2.4446321647212527E-010   3.9986570131490229E-010   6.2632969443649058E-010   9.4045734574913316E-010   1.3940068678268887E-009   2.0419403276778390E-009   2.9385400380006352E-009   4.1724597214251039E-009   5.7306342496911028E-009   7.8707671292027959E-009   1.0534244210880785E-008   1.4032147298210863E-008   1.5682123467708195E-008   2.3627834348033316E-008   3.0384393802560586E-008   3.8196137155066488E-008   4.7726760249388950E-008   5.8837682228650732E-008   7.1623988365653062E-008   8.7053526721757655E-008
   1930.6981831315763        3.4081903317117962E-010   5.5744113228501371E-010   8.7308411622787670E-010   1.3108908524460569E-009   1.9429769358743828E-009   2.8458798058206996E-009   4.0952736417404816E-009   5.8145384349908214E-009   7.9855393816413532E-009   1.0967110569965431E-008   1.4677610039709044E-008   1.9550330742590406E-008   2.1848704383221053E-008   3.2916095239410900E-008   4.2326363264037042E-008   5.3205917256337571E-008   6.6478365711900615E-008   8.1950820457672468E-008   9.9755407755899921E-008   1.2123943144117713E-007
   2682.6960056717098        4.7576122370119347E-010   7.7808883650702074E-010   1.2185476584471485E-009   1.8294378214609230E-009   2.7113449903790402E-009   3.9709410304706618E-009   5.7138556779624281E-009   8.1119022411625524E-009   1.1139920017192443E-008   1.5297965324886612E-008   2.0472215254449133E-008   2.7266745445615054E-008   3.0471390895876342E-008   4.5901269377096320E-008   5.9019325875296023E-008   7.4184947743569387E-008   9.2684201055042728E-008   1.1424842919497579E-007   1.3906122894860976E-007   1.6899946389134556E-007
   3727.5934279762487        6.6529721691138782E-010   1.0879472557209510E-009   1.7035746688896602E-009   2.5573365365146183E-009   3.7897313234741184E-009   5.5496018920411516E-009   7.9846481042523324E-009   1.1334329722042261E-008   1.5563759973033580E-008   2.1370575200614053E-008   2.8595882304981272E-008   3.8082929572926572E-008   4.2557100296899792E-008   6.4096670899056112E-008   8.2406136691503001E-008   1.0357224381391286E-007   1.2938722562855942E-007   1.5947654775523558E-007   1.9409532476129437E-007   2.3586069407340784E-007
   5179.4763040447078        9.3257096032212104E-010   1.5247848826339313E-009   2.3871516648886522E-009   3.5829492372211838E-009   5.3088158009823892E-009   7.7727659884685689E-009   1.1181818060099901E-008   1.5870095190679570E-008   2.1789268745755924E-008   2.9914115560619290E-008   4.0022433020259091E-008   5.3293400816271365E-008   5.9551334472066168E-008   8.9672773162679463E-008   1.1527164534917410E-007   1.4486206187170953E-007   1.8094447634463647E-007   2.2299607888790468E-007   2.7137134524377898E-007   3.2972460875822112E-007
   7196.8578588469481        1.3114641512426420E-009   2.1438507932654657E-009   3.3554825404123361E-009   5.0353090182015040E-009   7.4592833419832428E-009   1.0918742587809630E-008   1.5704788593819322E-008   2.2284359235199852E-008   3.0590593948900840E-008   4.1988360606867033E-008   5.6166168367725062E-008   7.4776896432397483E-008   8.3551349630332181E-008   1.2577499795184784E-007   1.6164849660976559E-007   2.0311101988877758E-007   2.5365657405742647E-007   3.1255407430061669E-007   3.8029600323813976E-007   4.6199441972627470E-007
   10000.000000000000        1.8523445898597673E-009   3.0272013050595396E-009   4.7364473497741273E-009   7.1056499989206047E-009   1.0523481978091896E-008   1.5399169595415744E-008   2.2143844817078642E-008   3.1411436404970081E-008   4.3109627513078168E-008   5.9154927402054024E-008   7.9109234955963461E-008   1.0529692796597857E-007   1.1764099735466855E-007   1.7702176579286906E-007   2.2745216165066328E-007   2.8573065178019070E-007   3.5675014028519297E-007   4.3948578280012037E-007   5.3462164208892012E-007   6.4932714530403599E-007
   13894.952764291722        2.6314279283406674E-009   4.2988705817075131E-009   6.7230821353845819E-009   1.0082324741918683E-008   1.4926700828206825E-008   2.1833278321223246E-008   3.1386107493073951E-008   4.4503595995098131E-008   6.1058651567361894E-008   8.3752702204879112E-008   1.1196681874711287E-007   1.4898389513132438E-007   1.6642755685771204E-007   2.5030118900627576E-007   3.2149522282899336E-007   4.0375161694008988E-007   5.0394258256908019E-007   6.2062662252578474E-007   7.5475348084596640E-007   9.1641256541715311E-007
   19306.971232189815        3.7663187264872086E-009   6.1500286706022447E-009   9.6124612224833697E-009   1.4408562810983554E-008   2.1321900255092189E-008   3.1170435973134107E-008   4.4790228484149771E-008   6.3476010388183833E-008   8.7053579049783780E-008   1.1935018453047503E-007   1.5948619227916799E-007   2.1212500968506294E-007   2.3692092066163592E-007   3.5607319870976056E-007   4.5714291327356481E-007   5.7388468183846345E-007   7.1598972951976304E-007   8.8142115415582242E-007   1.0714964947327866E-006   1.3004800412252942E-006
   26826.974784160622        5.4421294628201596E-009   8.8812335298038157E-009   1.3870931081307533E-008   2.0779298630221751E-008   3.0731647669539672E-008   4.4895214907462112E-008   6.4478544809783884E-008   9.1315963461681773E-008   1.2517025025595772E-007   1.7149992397061342E-007   2.2904491413214312E-007   3.0447943614225940E-007   3.3999689220244937E-007   5.1053341594976079E-007   6.5506149366063292E-007   8.2193892846604588E-007   1.0249068187307187E-006   1.2610689789803121E-006   1.5322506799114367E-006   1.8587420484399503E-006
   37275.954743475697        7.9554812717914490E-009   1.2973592963978983E-008   2.0243925612970227E-008   3.0304123158252543E-008   4.4786906761709928E-008   6.5372236531655205E-008   9.3828264223759704E-008   1.3277047007607155E-007   1.8187892544731958E-007   2.4900541007833107E-007   3.3232626105204949E-007   4.4148485324379274E-007   4.9285205081013735E-007   7.3924033698014084E-007   9.4782284872741001E-007   1.1885455551615776E-006   1.4810324996760688E-006   1.8211316400914734E-006   2.2113664543017917E-006   2.6808273566719558E-006
   51794.763040447076        1.1788152450426498E-008   1.9207920170953563E-008   2.9939890381436525E-008   4.4780292322714797E-008   6.6127218208629513E-008   9.6424254613535317E-008   1.3829519856165041E-007   1.9549967542437339E-007   2.6761222928987409E-007   3.6604761743515360E-007   4.8813192544907973E-007   6.4796286425021613E-007   7.2312678905838481E-007   1.0832087066414694E-006   1.3876414433863401E-006   1.7387763611813486E-006   2.1649005803597249E-006   2.6599978452584768E-006   3.2275480626520312E-006   3.9096746545645709E-006
   71968.578588469478        1.7727488628758268E-008   2.8859744824980378E-008   4.4931611815817163E-008   6.7140453035508435E-008   9.9057603749417550E-008   1.4428216356729897E-007   2.0676891011730761E-007   2.9197633265629095E-007   3.9934978570568099E-007   5.4569502775660719E-007   7.2702847983437579E-007   9.6424674601791493E-007   1.0757269250152992E-006   1.6090057505781278E-006   2.0592074871202633E-006   2.5781115710475576E-006   3.2069662828414246E-006   3.9369373617608430E-006   4.7728145489301448E-006   5.7763248164481663E-006
   100000.00000000000        2.7056431747159245E-008   4.4007581776459944E-008   6.8433431151799451E-008   1.0216287962967248E-007   1.5059230035922581E-007   2.1909744324521256E-007   3.1373389433275899E-007   4.4252096136873140E-007   6.0475501644336129E-007   8.2553425409246533E-007   1.0988129020485750E-006   1.4560460584598297E-006   1.6238142160089069E-006   2.4250635123010551E-006   3.1004635612082478E-006   3.8783366671512622E-006   4.8196573294296188E-006   5.9112462120554406E-006   7.1597080559772502E-006   8.6567230213671083E-006
   138949.52764291721        4.1839304338980513E-008   6.7997475687406451E-008   1.0562210533035120E-007   1.5754657938656449E-007   2.3203799546976104E-007   3.3724241119254899E-007   4.8256376143886713E-007   6.7994047123429238E-007   9.2851133059246387E-007   1.2663206147738301E-006   1.6840075898402154E-006   2.2296764630959674E-006   2.4857931212638079E-006   3.7069925379676447E-006   4.7349407588493013E-006   5.9179513804809429E-006   7.3475226770530602E-006   9.0036422895534573E-006   1.0895523255915347E-005   1.3161250945429443E-005
   193069.92430447528        6.5329157162129811E-008   1.0610649198466894E-007   1.6466895626184454E-007   2.4545398337918315E-007   3.6127072251412039E-007   5.2462756439827210E-007   7.5028294155996056E-007   1.0562530101660775E-006   1.4415302204847182E-006   1.9645924962036205E-006   2.6106646206970431E-006   3.4543923299038993E-006   3.8502510160595943E-006   5.7349224092679438E-006   7.3196261830858129E-006   9.1421743696137643E-006   1.1341951522014303E-005   1.3888014266715388E-005   1.6793590112267899E-005   2.0269369359758736E-005
   268269.74784160621        1.0251877938103170E-007   1.6644173332566806E-007   2.5814135074453427E-007   3.8460949745553800E-007   5.6583938382363872E-007   8.2123419470449628E-007   1.1740854223433994E-006   1.6519186448701369E-006   2.2536183228063767E-006   3.0700782587566297E-006   4.0776087751877176E-006   5.3933660598932908E-006   6.0105964171413034E-006   8.9455949305823915E-006   1.1411978787641733E-005   1.4247216612114944E-005   1.7666481336925345E-005   2.1621137522208318E-005   2.6131140992905801E-005   3.1521269448124103E-005
   372759.54743475694        1.6085620099942559E-007   2.6110944407046338E-007   4.0482808669962904E-007   6.0303681351660117E-007   8.8702074911745883E-007   1.2870468441392573E-006   1.8398784994242379E-006   2.5879610304418038E-006   3.5301409058470689E-006   4.8086467188999338E-006   6.3851389938007303E-006   8.4446991958335274E-006   9.4109587013747767E-006   1.4001630702534739E-005   1.7859300291534226E-005   2.2292962288055577E-005   2.7638034041452222E-005   3.3817136521525325E-005   4.0862268630853540E-005   4.9277212010253574E-005
   517947.63040447072        2.5113442330074101E-007   4.0767197334548071E-007   6.3201845830473385E-007   9.4148300931131689E-007   1.3849020018677535E-006   2.0095014904900904E-006   2.8730247830150451E-006   4.0412336537243076E-006   5.5130460542786543E-006   7.5113126825022529E-006   9.9738940090087084E-006   1.3193430824218913E-005   1.4704446393473233E-005   2.1879673118775692E-005   2.7912729271819707E-005   3.4846999558276330E-005   4.3207896236594706E-005   5.2871597076489768E-005   6.3892149880837482E-005   7.7052397120942460E-005
   719685.78588469478        3.8852857319071588E-007   6.3085453739854881E-007   9.7818307534278378E-007   1.4574627354918448E-006   2.1444067854186690E-006   3.1123456687098046E-006   4.4511590581629287E-006   6.2626895586116787E-006   8.5461060015551093E-006   1.1649149983209203E-005   1.5471758994837864E-005   2.0474467638367311E-005   2.2823728635087716E-005   3.3977554769630452E-005   4.3366225408705703E-005   5.4160676336595930E-005   6.7183553213692219E-005   8.2237085107220729E-005   9.9415044721421129E-005   1.1993100287561794E-004
   1000000.0000000000        5.9363490342754899E-007   9.6427728350891147E-007   1.4957250054127281E-006   2.2294524822506199E-006   3.2816042484849668E-006   4.7649957173770327E-006   6.8178322212027975E-006   9.5969821078670223E-006   1.3102201870160227E-005   1.7871281547547821E-005   2.3745228039997412E-005   3.1441917649937374E-005   3.5059014800244307E-005   5.2233700137212101E-005   6.6712334187431384E-005   8.3367456319276219E-005   1.0347995516321472E-004   1.2673695586275870E-004   1.5330113811342215E-004   1.8504266570881764E-004
   1389496.8020376482        8.9311483043919175E-007   1.4515886100178851E-006   2.2528631301081826E-006   3.3598782966630492E-006   4.9483606061979689E-006   7.1896524511308966E-006   1.0293176365191749E-005   1.4498194866306677E-005   1.9805739036063287E-005   2.7036776051341292E-005   3.5943355764586693E-005   4.7629541306438462E-005   5.3126580214636623E-005   7.9234712441042895E-005   1.0128485447394653E-004   1.2666720678307792E-004   1.5735626600846920E-004   1.9286514652327807E-004   2.3347068454177786E-004   2.8202936818919505E-004
   1930699.2430447529        1.3191288236299509E-006   2.1456987597367902E-006   3.3326651605450214E-006   4.9739909182666947E-006   7.3311280342104697E-006   1.0660165817596117E-005   1.5273141914511895E-005   2.1530006587254355E-005   2.9434464514462515E-005   4.0219341900718616E-005   5.3506671448526722E-005   7.0966301441316405E-005   7.9187905620159931E-005   1.1825307920437844E-004   1.5131531413243964E-004   1.8940630866492463E-004   2.3552776990007872E-004   2.8893872360864065E-004   3.5009650293575233E-004   4.2331365575219991E-004
   2682697.4784160624        1.9063352434297294E-006   3.1041217808263085E-006   4.8261426472279709E-006   7.2100292361356847E-006   1.0637120230057575E-005   1.5482864272116187E-005   2.2203369055194473E-005   3.1330737086257976E-005   4.2874066716782350E-005   5.8648652224073312E-005   7.8093207797337360E-005   1.0368391426893889E-004   1.1574913015672658E-004   1.7311106580853572E-004   2.2177091785735971E-004   2.7788876907833683E-004   3.4594899679157051E-004   4.2485424585490637E-004   5.1533469108450613E-004   6.2380718701553596E-004
   3727595.4743475695        2.6852075929447269E-006   4.3783172880761247E-006   6.8160236473076114E-006   1.0195471051507670E-005   1.5060019544186449E-005   2.1947660811839559E-005   3.1510628414764129E-005   4.4518750941894262E-005   6.0991467344076191E-005   8.3540986850181735E-005   1.1135789897002219E-004   1.4803075122986611E-004   1.6534466764030480E-004   2.4772490139845458E-004   3.1778500878660188E-004   3.9867944202760059E-004   4.9696796389842772E-004   6.1107622013379943E-004   7.4212912556333860E-004   8.9950514114470312E-004
   5179476.3040447077        3.6716631485127265E-006   5.9968128864359232E-006   9.3505628564357949E-006   1.4007998906404521E-005   2.0722608356207359E-005   3.0244842387756627E-005   4.3484148875313294E-005   6.1525848907180761E-005   8.4407992300802772E-005   1.1579081478028626E-004   1.5454452747043455E-004   2.0573369840002975E-004   2.2993785915572857E-004   3.4521906945407906E-004   4.4353039940625089E-004   5.5720243863900318E-004   6.9559441676363251E-004   8.5652760612903460E-004   1.0416730555564259E-003   1.2644413182284536E-003
   7196857.8588469476        4.8556915389683344E-006   7.9462173725063844E-006   1.2413369851775224E-005   1.8629533920107129E-005   2.7607772762746674E-005   4.0363006092422546E-005   5.8127233235241898E-005   8.2384975469408566E-005   1.1320533863907594E-004   1.5556380010055547E-004   2.0793873018904000E-004   2.7726484289931013E-004   3.1009879599872963E-004   4.6668199256109423E-004   6.0061117252363841E-004   7.5571145118547597E-004   9.4495447383324284E-004   1.1654432563964186E-003   1.4195692294807281E-003   1.7260121308438406E-003
   10000000.000000000        6.1945682375311369E-006   1.0159147834702451E-005   1.5903135549088521E-005   2.3913833357733986E-005   3.5507665342020950E-005   5.2010857392553722E-005   7.5039279225632251E-005   1.0655547998841670E-004   1.4667608109946863E-004   2.0194067228577475E-004   2.7037667593509659E-004   3.6116511296087312E-004   4.0423808906839818E-004   6.0996286725902168E-004   7.8647078079603129E-004   9.9123855900706262E-004   1.2416642055987227E-003   1.5340575344041370E-003   1.8717119064518776E-003   2.2798635915150401E-003
   13894968.020376483        7.6162736324661268E-006   1.2518618498140327E-005   1.9638644962337990E-005   2.9591364476866116E-005   4.4026958853400279E-005   6.4616429116653377E-005   9.3406551246726847E-005   1.3289857548316397E-004   1.8327526722668969E-004   2.5282918838638656E-004   3.3910169493329609E-004   4.5381689446604426E-004   5.0833612246032039E-004   7.6917366791384473E-004   9.9367293414540721E-004   1.2545996664933327E-003   1.5744697483001458E-003   1.9487855080009867E-003   2.3819072026423898E-003   2.9067841956371874E-003
   19306992.430447526        9.0340042113358583E-006   1.4881074951789580E-005   2.3393584670879177E-005   3.5319762546816386E-005   5.2654761773759836E-005   7.7428109590850695E-005   1.1214121915705270E-004   1.5986508253724069E-004   2.2086600253852650E-004   3.0528271123400136E-004   4.1016654030459349E-004   5.4994648348708191E-004   6.1648963512274738E-004   9.3542154698820839E-004   1.2107655765218428E-003   1.5313882971197249E-003   1.9253670114890372E-003   2.3874502915881531E-003   2.9231865287366867E-003   3.5740607311730930E-003
   26826974.784160621        1.0366048876835651E-005   1.7109238917269871E-005   2.6948220211817856E-005   4.0761787631462287E-005   6.0880480482504607E-005   8.9684316483618206E-005   1.3012549786092637E-004   1.8584084542707570E-004   2.5719260823208216E-004   3.5614717885542989E-004   4.7929269510891675E-004   6.4376101376676081E-004   7.2217919914320408E-004   1.0986855869017666E-003   1.4246680367078620E-003   1.8049416462766563E-003   2.2732581789106174E-003   2.8237220600740628E-003   3.4631255343317915E-003   4.2418221194736455E-003
   37275954.743475698        1.1552088098811475E-005   1.9099954685366475E-005   3.0134626817757770E-005   4.5655623945988493E-005   6.8301474246702763E-005   1.0077564664188542E-004   1.4645173577636553E-004   2.0949615785687228E-004   2.9037205766152904E-004   4.0275237263512917E-004   5.4281229961116362E-004   7.3022895955502417E-004   8.1971244635355514E-004   1.2500443252601101E-003   1.6235846473751639E-003   2.0600564637758170E-003   2.5986600404697673E-003   3.2329947065118077E-003   3.9710782733748187E-003   4.8719270451295007E-003
   51794763.040447071        1.2560199743190060E-005   2.0796971557037165E-005   3.2858693547165427E-005   4.9850865388771052E-005   7.4680868088843860E-005   1.1033574087261921E-004   1.6056260127908370E-004   2.2999782607899263E-004   3.1920267084293154E-004   4.4336174965129360E-004   5.9830018861135946E-004   8.0596659006046693E-004   9.0523546080668166E-004   1.3833081733909344E-003   1.7992019213909428E-003   2.2858643669281709E-003   2.8874434286999162E-003   3.5971730935707405E-003   4.4242120578648408E-003   5.4355664170001993E-003
   71968578.588469476        1.3384604897009478E-005   2.2188084084915214E-005   3.5096993598558211E-005   5.3305838013796111E-005   7.9946771010844508E-005   1.1824477780371061E-004   1.7226323993234315E-004   2.4703686735327054E-004   3.4321615765731139E-004   4.7726529872714848E-004   6.4472462731752968E-004   8.6947765152959873E-004   9.7701871824718272E-004   1.4955529562163357E-003   1.9474672649226852E-003   2.4769212132867199E-003   3.1323408979395942E-003   3.9067149726774667E-003   4.8102117175932747E-003   5.9168406615538564E-003
   100000000.00000000        1.4038123844890093E-005   2.3292960142060842E-005   3.6878100123019286E-005   5.6060120623295391E-005   8.4152545627172204E-005   1.2457293942723090E-004   1.8164248331893157E-004   2.6072089406987302E-004   3.6253550403237772E-004   5.0459349906650710E-004   6.8221092575375961E-004   9.2085669170986664E-004   1.0351339966064212E-003   1.5866870652046419E-003   2.0680810277400262E-003   2.6326290308062656E-003   3.3323070464231401E-003   4.1599501295415103E-003   5.1265823556834568E-003   6.3120927511982998E-003
   138949680.20376483        1.4543684718245698E-005   2.4148969073704362E-005   3.8260058205568406E-005   5.8200215930967929E-005   8.7425234506497063E-005   1.2950410367190386E-004   1.8896183563021416E-004   2.7141533104703424E-004   3.7765523435630711E-004   5.2601348307600301E-004   7.1163379738953649E-004   9.6124401114082078E-004   1.0808442504594683E-003   1.6585336194147422E-003   2.1633171403859955E-003   2.7557572087608551E-003   3.4906784273775818E-003   4.3608265557512150E-003   5.3779264541335475E-003   6.6266327775001046E-003
   193069712.32189816        1.4927514298173577E-005   2.4799606845922736E-005   3.9311646134288519E-005   5.9830482397938159E-005   8.9921074816457048E-005   1.3326882640434757E-004   1.9455610931842072E-004   2.7959851494911833E-004   3.8923710333146726E-004   5.4244066003152069E-004   7.3422293189574512E-004   9.9228710753382918E-004   1.1159955146233316E-003   1.7138843919755650E-003   2.2367787179523027E-003   2.8508466149920189E-003   3.6131392994931070E-003   4.5163555973914849E-003   5.5727794407447054E-003   6.8708237555955235E-003
   268269747.84160623        1.5214825995543224E-005   2.5287053627134224E-005   4.0100147359570732E-005   6.1053896302281973E-005   9.1795633522892848E-005   1.3609873162676476E-004   1.9876484879233357E-004   2.8576028239217158E-004   3.9796520523454471E-004   5.5483128189992570E-004   7.5127555945123342E-004   1.0157427369713679E-003   1.1425650467239818E-003   1.7557816640376075E-003   2.2924398087122520E-003   2.9229639831853827E-003   3.7061113607534404E-003   4.6345605853451328E-003   5.7210336194634072E-003   7.0568471335883285E-003
   372759956.70935810        1.5427625837009803E-005   2.5648315884489734E-005   4.0684900139317378E-005   6.1961738001622635E-005   9.3187539422494059E-005   1.3820129575270831E-004   2.0189385197542733E-004   2.9034423904691220E-004   4.0446238453948740E-004   5.6406108540228792E-004   7.6398616347667385E-004   1.0332380564885084E-003   1.1623886796394594E-003   1.7870763926788342E-003   2.3340482675796616E-003   2.9769165203083117E-003   3.7757261214674499E-003   4.7231519164707110E-003   5.8322552828392786E-003   7.1965638649374806E-003
   517947630.40447074        1.5584009647859340E-005   2.5913927805808646E-005   4.1115030221587286E-005   6.2629827553361883E-005   9.4212334648289479E-005   1.3975001923335098E-004   2.0419972795893436E-004   2.9372395231178105E-004   4.0925492817678582E-004   5.7087277948385923E-004   7.7337124988598822E-004   1.0461628783351908E-003   1.1770368283776792E-003   1.8102213482424270E-003   2.3648410324853160E-003   3.0168712623184725E-003   3.8273187489944833E-003   4.7888642172972855E-003   5.9148305800581745E-003   7.3004124257821362E-003
   719686576.06998992        1.5698278215371772E-005   2.6108075540254466E-005   4.1429539200192937E-005   6.3118493935986758E-005   9.4962166232964761E-005   1.4088358258160103E-004   2.0588806564124119E-004   2.9619942592002497E-004   4.1276644603873932E-004   5.7586564831700983E-004   7.8025289884917277E-004   1.0556439376626446E-003   1.1877839175327713E-003   1.8272145310778813E-003   2.3874615743794815E-003   3.0462392931385617E-003   3.8652671369121868E-003   4.8372370147367200E-003   5.9756729417014889E-003   7.3770183042672017E-003
   1000000000.0000000        1.5781423448249044E-005   2.6249378768805859E-005   4.1658499987362466E-005   6.3474326803144437E-005   9.5508308923465660E-005   1.4170942006108678E-004   2.0711838918570537E-004   2.9800382547859859E-004   4.1532668772543887E-004   5.7950698496231693E-004   7.8527313793041759E-004   1.0625626750709698E-003   1.1956276112607945E-003   1.8396241101906313E-003   2.4039882751929502E-003   3.0677068225909137E-003   3.8930244639256389E-003   4.8726466802576337E-003   6.0202519888247702E-003   7.4332154306709615E-003
