   100.00000000000000        1.3393541368820867E-012   2.2465607792385071E-012   3.5957122708796740E-012   5.5121673910123963E-012   8.3474158511152770E-012   1.2436402291233371E-011   1.8258214526498899E-011   2.6329738547308145E-011   3.6803893966932909E-011   5.1385470674829284E-011   6.9730438558887614E-011   9.4277877808135805E-011   1.0602828948013711E-010   1.6291653875508295E-010   2.1229073253970865E-010   2.7041982815692920E-010   3.4188666316358896E-010   4.2616947559092731E-010   5.2420923745140620E-010   6.4381672685120596E-010
   138.94952764291722        1.8628346659630412E-012   3.1245735742498545E-012   5.0009178625672432E-012   7.6661952947838656E-012   1.1609196447548048E-011   1.7295701325963533E-011   2.5391856417728437E-011   3.6616390499780202E-011   5.1181871341883129E-011   7.1458876319279957E-011   9.6968708246856822E-011   1.3110290970806618E-010   1.4744196782913799E-010   2.2654479824279257E-010   2.9519787144672901E-010   3.7602267739996258E-010   4.7539176551928471E-010   5.9257826368425236E-010   7.2889081994084344E-010   8.9518651842082297E-010
   193.06981831315761        2.5918926388811037E-012   4.3473510690998643E-012   6.9578149684862587E-012   1.0665786866151887E-011   1.6151206339976536E-011   2.4061998692356931E-011   3.5324652735755038E-011   5.0938839403860442E-011   7.1200088305623949E-011   9.9405743314674873E-011   1.3488936530133370E-010   1.8236822314065602E-010   2.0509428566247075E-010   3.1511715980719977E-010   4.1060273845435183E-010   5.2301409213692139E-010   6.6121496310581950E-010   8.2419172354579752E-010   1.0137649963229636E-009   1.2450284663017307E-009
   268.26960056717098        3.6081623883515699E-012   6.0517597289881559E-012   9.6853401071859628E-012   1.4846390154652937E-011   2.2481163487252057E-011   3.3491350252537811E-011   4.9166003197185883E-011   7.0896090749109769E-011   9.9092573799311950E-011   1.3834372884896802E-010   1.8772104958156301E-010   2.5378829705014855E-010   2.8541046722776298E-010   4.3849871018210653E-010   5.7135386084301319E-010   7.2775277807718989E-010   9.2002917994564963E-010   1.1467676041787781E-009   1.4105021615143315E-009   1.7322205336550718E-009
   372.75934279762487        5.0265351788224074E-012   8.4303885233786040E-012   1.3491495411398446E-011   2.0679816113757258E-011   3.1313024308080841E-011   4.6646718150679984E-011   6.8475314719727306E-011   9.8735283500355630E-011   1.3799827922035829E-010   1.9265249331011972E-010   2.6140296087200201E-010   3.5338763613783167E-010   3.9741223117312753E-010   6.1053683504052845E-010   7.9548281288871181E-010   1.0131919301863928E-009   1.2808357944825858E-009   1.5964340529264648E-009   1.9635162588302638E-009   2.4112738081102136E-009
   517.94763040447071        7.0094650464431266E-012   1.1755487128474887E-011   1.8811548523813580E-011   2.8832634385087925E-011   4.3655165923841638E-011   6.5029009793072399E-011   9.5453843671992992E-011   1.3762757273357749E-010   1.9234572167762811E-010   2.6850936787687125E-010   3.6430988217251832E-010   4.9247846144850761E-010   5.5381597037998154E-010   8.5074168774301152E-010   1.1083881565015494E-009   1.4116538131295390E-009   1.7844641229565667E-009   2.2240411859628716E-009   2.7353055375060535E-009   3.3588747132632603E-009
   719.68578588469472        9.7880925745224882E-012   1.6414286237936953E-011   2.6264343096997313E-011   4.0252178818560635E-011   6.0940145771280818E-011   9.0769742953987084E-011   1.3322650856392836E-010   1.9207303669590507E-010   2.6841705484271833E-010   3.7467425556259344E-010   5.0831365435540847E-010   6.8709089291979442E-010   7.7263854335772405E-010   1.1867401391854295E-009   1.5460218328408760E-009   1.9688743832626962E-009   2.4886687598337736E-009   3.1014944879328307E-009   3.8142199237629626E-009   4.6833914629310783E-009
   1000.0000000000000        1.3694059084931258E-011   2.2962145289747043E-011   3.6736936204431862E-011   5.6295681195653828E-011   8.5219322011092971E-011   1.2691972928174082E-010   1.8626369639487206E-010   2.6850607443842116E-010   3.7519060405093859E-010   5.2366084502459453E-010   7.1036548178918787E-010   9.6010267372712956E-010   1.0795873314295828E-009   1.6579222600892660E-009   2.1596189870709145E-009   2.7500006284927065E-009   3.4756805725860189E-009   4.3311275571841473E-009   5.3259454215176039E-009   6.5389146477953792E-009
   1389.4952764291722        1.9208346151316000E-011   3.2204056912554729E-011   5.1514223236771151E-011   7.8927798370522864E-011   1.1946017830368629E-010   1.7788958591642805E-010   2.6102409698291611E-010   3.7621685851714464E-010   5.2562175010834787E-010   7.3351506515053478E-010   9.9489571874586216E-010   1.3444652080067238E-009   1.5116785046659021E-009   2.3209508463882298E-009   3.0228351906407777E-009   3.8486287495607383E-009   4.8635729919359346E-009   6.0597936965799793E-009   7.4507514054871905E-009   9.1463157984924842E-009
   1930.6981831315763        2.7038166464914465E-011   4.5322816964182895E-011   7.2482484469819748E-011   1.1103035891148001E-010   1.6801192096401970E-010   2.5013865990599496E-010   3.6695863243772069E-010   5.2878833804867095E-010   7.3863784128144984E-010   1.0305812490456771E-009   1.3975413752197053E-009   1.8882074734844708E-009   2.1228456259204330E-009   3.2582826506608648E-009   4.2427690750980018E-009   5.4007419646803370E-009   6.8237665558025608E-009   8.5005376686502231E-009   1.0449981805426217E-008   1.2825543635778550E-008
   2682.6960056717098        3.8241010805547051E-011   6.4085549961698719E-011   1.0245686375954552E-010   1.5689997898961846E-010   2.3735237984100779E-010   3.5327864750294540E-010   5.1811629296512360E-010   7.4639127171491024E-010   1.0423197712351426E-009   1.4539073891201519E-009   1.9710736600359055E-009   2.6623812822499474E-009   2.9928387028602526E-009   4.5916560517016894E-009   5.9773815335258713E-009   7.6067006319141819E-009   9.6086056369437475E-009   1.1966685520217334E-008   1.4707666904268619E-008   1.8046268874305318E-008
   3727.5934279762487        5.4430332424713427E-011   9.1185747431197225E-011   1.4572289976483026E-010   2.2306975637093340E-010   3.3731956624740719E-010   5.0189080809705084E-010   7.3578437957771394E-010   1.0595517971051963E-009   1.4791175574308790E-009   2.0624561984704160E-009   2.7950865864495634E-009   3.7740278978816668E-009   4.2417369614188211E-009   6.5040326650020366E-009   8.4637870163854095E-009   1.0766897074588340E-008   1.3596003302243252E-008   1.6926946862011553E-008   2.0797684775043952E-008   2.5509481129619190E-008
   5179.4763040447078        7.8124694087628147E-011   1.3082323234621686E-010   2.0895342995079021E-010   3.1969864752762056E-010   4.8319127914606710E-010   7.1859041365437865E-010   1.0529346293924159E-009   1.5154865248612126E-009   2.1146084377596153E-009   2.9471970338315400E-009   3.9922202898147607E-009   5.3878578436411766E-009   6.0541970494686861E-009   9.2761692861658716E-009   1.2065334022632484E-008   1.5340990365730184E-008   1.9363499828755177E-008   2.4096677942306969E-008   2.9594833051264099E-008   3.6282196052798968E-008
   7196.8578588469481        1.1335360986565472E-010   1.8970955581360052E-010   3.0279607084765142E-010   4.6297410074037935E-010   6.9927718137676100E-010   1.0393136371443534E-009   1.5218844490187525E-009   2.1890041427416376E-009   3.0525501431904397E-009   4.2518629875934976E-009   5.7559747621547753E-009   7.7633691224507753E-009   8.7209432464327523E-009   1.3349057601728350E-008   1.7351870026108520E-008   2.2048734620875682E-008   2.7814148501464175E-008   3.4592788484711020E-008   4.2463097800227821E-008   5.2025409134586354E-008
   10000.000000000000        1.6672844411842818E-010   2.7884383574877843E-010   4.4467432213337003E-010   6.7934746525232371E-010   1.0252452839404339E-009   1.5226199537369704E-009   2.2277640080692447E-009   3.2016473934501937E-009   4.4612874790197194E-009   6.2093249543642807E-009   8.3993991785270459E-009   1.1319751175661550E-008   1.2711280398998727E-008   1.9432850467922415E-008   2.5239594845872088E-008   3.2045423378063884E-008   4.0395301120560872E-008   5.0202633076692297E-008   6.1582061742417507E-008   7.5388737084990346E-008
   13894.952764291722        2.4935782491451588E-010   4.1668746295349666E-010   6.6379149567241903E-010   1.0130951411061996E-009   1.5274093064899681E-009   2.2662773148487578E-009   3.3125105638634593E-009   4.7557704121927400E-009   6.6207304584410137E-009   9.2062514103726420E-009   1.2441577806180534E-008   1.6751073933255600E-008   1.8801741691972090E-008   2.8699841021931292E-008   3.7238604623090141E-008   4.7232088060843386E-008   5.9485076372940465E-008   7.3858525306066763E-008   9.0522353192117070E-008   1.1070534262148897E-007
   19306.971232189815        3.8029617526415867E-010   6.3487893162764306E-010   1.0101351849041789E-009   1.5399206283384554E-009   2.3190290603106017E-009   3.4370805293479045E-009   5.0179948770715707E-009   7.1957607197658193E-009   1.0006725463435206E-008   1.3899184460661343E-008   1.8762824248238044E-008   2.5232885390536463E-008   2.8306783875753055E-008   4.3130228895253940E-008   5.5896183872386816E-008   7.0810565810253554E-008   8.9083492395484291E-008   1.1048578419122825E-007   1.3527338119242169E-007   1.6523203434459846E-007
   26826.974784160622        5.9274327755726926E-010   9.8851022805940525E-010   1.5706711352304756E-009   2.3914206126517421E-009   3.5968318588629012E-009   5.3245029883562840E-009   7.7636292670344143E-009   1.1118214779011539E-008   1.5442904240686801E-008   2.1423451583277228E-008   2.8884001484118557E-008   3.8794027971568385E-008   4.3493982297299882E-008   6.6134322678454721E-008   8.5594438019407516E-008   1.0828191602741475E-007   1.3605539753345068E-007   1.6852750022675517E-007   2.0609060409835168E-007   2.5137738309320094E-007
   37275.954743475697        9.4505987803290404E-010   1.5744009044066431E-009   2.4981614921539731E-009   3.7986563544554746E-009   5.7061002296059154E-009   8.4363853889018160E-009   1.2284879281842059E-008   1.7568704142189725E-008   2.4372043960898612E-008   3.3766718197408781E-008   4.5466242515813719E-008   6.0982184733403784E-008   6.8327422185567392E-008   1.0366737859310321E-007   1.3398016059980813E-007   1.6923659090632644E-007   2.1235981087954160E-007   2.6268009466620093E-007   3.2081023776568156E-007   3.9070043342616563E-007
   51794.763040447076        1.5399143751530845E-009   2.5629084679176272E-009   4.0614056459898385E-009   6.1682261352630399E-009   9.2544675054098189E-009   1.3666491773205907E-008   1.9876139780495809E-008   2.8387306714814730E-008   3.9333198702479319E-008   5.4426693138075462E-008   7.3191867314502875E-008   9.8038594067691503E-008   1.0978055362877200E-007   1.6620209962294489E-007   2.1449782181452129E-007   2.7052864903315991E-007   3.3900688105175692E-007   4.1875313209572356E-007   5.1074267053429804E-007   6.2102633469083794E-007
   71968.578588469478        2.5563465881838142E-009   4.2513200064359290E-009   6.7297655259491193E-009   1.0210542658915454E-008   1.5304213128419507E-008   2.2578351985701133E-008   3.2803057214304154E-008   4.6796632676614855E-008   6.4775334492565094E-008   8.9535243503799747E-008   1.2027301574179549E-007   1.6091415612198907E-007   1.8009142818922267E-007   2.7212790699655937E-007   3.5076398571960706E-007   4.4176753994673845E-007   5.5291662312633961E-007   6.8210691110452628E-007   8.3092089408907149E-007   1.0088413299019557E-006
   100000.00000000000        4.3008675171922781E-009   7.1491932964671352E-009   1.1308695161273585E-008   1.7146147022304933E-008   2.5682411332926541E-008   3.7864611710927293E-008   5.4971744186013685E-008   7.8359499274041288E-008   1.0838612970830592E-007   1.4970023094651258E-007   2.0093050858170126E-007   2.6859243805844152E-007   3.0048457605310428E-007   4.5338720757560642E-007   5.8384295623602403E-007   7.3447810797364999E-007   9.1839101437196709E-007   1.1318006960059475E-006   1.3773284007245931E-006   1.6701854419953270E-006
   138949.52764291721        7.2841962938396235E-009   1.2106928856002547E-008   1.9144642408317796E-008   2.9018725277267575E-008   4.3452996004049291E-008   6.4048941011522141E-008   9.2954839593189547E-008   1.3245344012963366E-007   1.8314464622509692E-007   2.5286207712667777E-007   3.3925179720659534E-007   4.5328160480277869E-007   5.0699529897764783E-007   7.6434807709775845E-007   9.8374582906502578E-007   1.2366326303837253E-006   1.5453812325190262E-006   1.9031953962334074E-006   2.3145155649336299E-006   2.8042670581923948E-006
   193069.92430447528        1.2329939333718222E-008   2.0498353593179978E-008   3.2416914776797767E-008   4.9142425390450316E-008   7.3593351803245320E-008   1.0849573915857047E-007   1.5747229187351331E-007   2.2440775185492669E-007   3.1030589606194587E-007   4.2846409834604854E-007   5.7484364882990142E-007   7.6805320876603319E-007   8.5905324406218097E-007   1.2949644751842156E-006   1.6665613268277479E-006   2.0943936158902456E-006   2.6169335599302867E-006   3.2220410188772442E-006   3.9174136787659116E-006   4.7445821687738383E-006
   268269.74784160621        2.0721896274459039E-008   3.4468495900007801E-008   5.4534360988829061E-008   8.2711034599847779E-008   1.2391738333231506E-007   1.8279071961996562E-007   2.6542050703421027E-007   3.7844124119936963E-007   5.2351288725697508E-007   7.2321568894562045E-007   9.7066658508972461E-007   1.2974653837426029E-006   1.4514367809202293E-006   2.1892041461260636E-006   2.8185378887941002E-006   3.5428021342562094E-006   4.4280780934346813E-006   5.4529485620706168E-006   6.6310210252152947E-006   8.0322050605596076E-006
   372759.54743475694        3.4400936698507107E-008   5.7264520989070085E-008   9.0664935998328424E-008   1.3761135129054586E-007   2.0630817108165896E-007   3.0458437063772694E-007   4.4258330600981919E-007   6.3159108987368281E-007   8.7429905250698447E-007   1.2088114102713259E-006   1.6235422451586980E-006   2.1718335205388283E-006   2.4303455712856535E-006   3.6698938534078788E-006   4.7286284096768411E-006   5.9473595884717622E-006   7.4386558573730925E-006   9.1654022146439756E-006   1.1151905777385735E-005   1.3516212523697499E-005
   517947.63040447072        5.6228561935216279E-008   9.3678171924288716E-008   1.4844276918104785E-007   2.2550827392296047E-007   3.3836124061871629E-007   5.0004560390268028E-007   7.2723865495362064E-007   1.0389358227283988E-006   1.4393982409777737E-006   1.9921770966579846E-006   2.6780995971123411E-006   3.5861694337288075E-006   4.0147368335853124E-006   6.0717018372097207E-006   7.8317164199814870E-006   9.8593063924933112E-006   1.2343603289942705E-005   1.5221693505084093E-005   1.8536898275921159E-005   2.2487858704951729E-005
   719685.78588469478        9.0337096205394373E-008   1.5063368450161319E-007   2.3890774595278214E-007   3.6328682890333353E-007   5.4556868221084674E-007   8.0712004566685861E-007   1.1749494855647552E-006   1.6805283260274503E-006   2.3304455373371789E-006   3.2290566798420496E-006   4.3452665235053478E-006   5.8252864016359388E-006   6.5246142144040104E-006   9.8848433727452526E-006   1.2765890902708293E-005   1.6088880368712056E-005   2.0166099225670506E-005   2.4893547519669082E-005   3.0347306504763748E-005   3.6858754622273969E-005
   1000000.0000000000        1.4256996488821269E-007   2.3792952056783706E-007   3.7769496927180087E-007   5.7488318781992206E-007   8.6409997908836485E-007   1.2796867149791558E-006   1.8646920139453835E-006   2.6702799593272693E-006   3.7064322823435098E-006   5.1414837103196044E-006   6.9260886338198053E-006   9.2961916424436428E-006   1.0417563114491431E-005   1.5811647528618536E-005   2.0446678869391285E-005   2.5800403772351454E-005   3.2378609741004839E-005   4.0013981048393393E-005   4.8836973177428980E-005   5.9393590901237837E-005
   1389496.8020376482        2.2096163463286621E-007   3.6905531649850642E-007   5.8635801065043252E-007   8.9333976263786929E-007   1.3439480687545457E-006   1.9922955332597428E-006   2.9058926816202052E-006   4.1662302922332350E-006   5.7881936250603231E-006   8.0382287161542023E-006   1.0839757099465307E-005   1.4566424607010758E-005   1.6332102072307582E-005   2.4834214954128492E-005   3.2156272105025471E-005   4.0627118918473114E-005   5.1049703559142822E-005   6.3162424549261811E-005   7.7182521138202816E-005   9.3996328231002070E-005
   1930699.2430447529        3.3608798737094341E-007   5.6181059062906654E-007   8.9340573814628720E-007   1.3624631582094326E-006   2.0515341996375891E-006   3.0441849489181401E-006   4.4445321674770531E-006   6.3796433581327460E-006   8.8714811299491073E-006   1.2333591681925282E-005   1.6649777851470598E-005   2.2400448276501269E-005   2.5129112736761894E-005   3.8280544691333568E-005   4.9631933692964348E-005   6.2786431166270661E-005   7.8993135110961313E-005   9.7855062833903042E-005   1.1972269468436821E-004   1.4601105580111742E-004
   2682697.4784160624        5.0093384383782940E-007   8.3814457020847754E-007   1.3341451028002901E-006   2.0367211209118037E-006   3.0697516264904243E-006   4.5596338585907929E-006   6.6640817818163917E-006   9.5769471297209037E-006   1.3330435994428269E-005   1.8553358832141989E-005   2.5073409052992018E-005   3.3774404010387217E-005   3.7909387248098564E-005   5.7856509566252281E-005   7.5111945694145707E-005   9.5143661767987150E-005   1.1985491993096114E-004   1.4866202475342092E-004   1.8211233739421397E-004   2.2242415808948111E-004
   3727595.4743475695        7.2971339151389940E-007   1.2222718395001083E-006   1.9478244619623433E-006   2.9770778088819669E-006   4.4919854870246553E-006   6.6795161608855623E-006   9.7737834629456910E-006   1.4063771257223674E-005   1.9596556082027505E-005   2.7307253849683700E-005   3.6946511361357333E-005   4.9831824970652139E-005   5.5965327832711570E-005   8.5580011635209130E-005   1.1125672146480969E-004   1.4112027052834360E-004   1.7800786950053756E-004   2.2109007543558257E-004   2.7119401920380705E-004   3.3172804321288259E-004
   5179476.3040447077        1.0350862985366004E-006   1.7360957617871775E-006   2.7704821110981622E-006   4.2402566136950320E-006   6.4062229682703789E-006   9.5381457954715555E-006   1.3975430912265189E-005   2.0138094916225944E-005   2.8094748751424454E-005   3.9201796366616843E-005   5.3107993102537581E-005   7.1731253401974203E-005   8.0611329757578209E-005   1.2353077906693231E-004   1.6083116513700447E-004   2.0430029638561088E-004   2.5806718704721561E-004   3.2099669912140567E-004   3.9429729595857530E-004   4.8308788070089496E-004
   7196857.8588469476        1.4237454592986287E-006   2.3918135214406138E-006   3.8231632654044203E-006   5.8607301442755455E-006   8.8679218527742799E-006   1.3223037686532357E-005   1.9404615664799763E-005   2.8005912331605327E-005   3.9126271580727529E-005   5.4677894771879838E-005   7.4180903860718203E-005   1.0035229304637433E-004   1.1285409572969965E-004   1.7335030262708405E-004   2.2605797936673668E-004   2.8761419999630608E-004   3.6386717009148086E-004   4.5332710436540451E-004   5.5769890142873127E-004   6.8447048555928197E-004
   10000000.000000000        1.8915727943490320E-006   3.1836025909519589E-006   5.0983611725451694E-006   7.8295630843601117E-006   1.1867485597662690E-005   1.7725718793115351E-005   2.6057532545571990E-005   3.7674226639126444E-005   5.2717628563498109E-005   7.3797427692760871E-005   1.0028019573597391E-004   1.3589648172647188E-004   1.5294190317825096E-004   2.3554093729089671E-004   3.0769674986803208E-004   3.9215878083080565E-004   4.9695934610196582E-004   6.2023142279659532E-004   7.6429404826283275E-004   9.3976989191048993E-004
   13894968.020376483        2.4208377715360771E-006   4.0825195415730160E-006   6.5512295140458577E-006   1.0080055252025721E-005   1.5307224305749662E-005   2.2905478171556856E-005   3.3735020710073137E-005   4.8866391046295703E-005   6.8497260210452542E-005   9.6063588819573291E-005   1.3076007024236561E-004   1.7753254736164548E-004   1.9995960770451053E-004   3.0881130965795713E-004   4.0416315442356966E-004   5.1604326658782245E-004   6.5511238986351464E-004   8.1914341382075223E-004   1.0111739536149498E-003   1.2457555497964491E-003
   19306992.430447526        2.9818410300082776E-006   5.0388120877464684E-006   8.1025341926838295E-006   1.2491204363012017E-005   1.9004951029850625E-005   2.8492266092919842E-005   4.2043201430331017E-005   6.1017785610105394E-005   8.5682439476300116E-005   1.2039207919709435E-004   1.6416189745899304E-004   2.2330672626212235E-004   2.5171889106189967E-004   3.8985735078437720E-004   5.1120035024528802E-004   6.5391797350493504E-004   8.3164888435927715E-004   1.0418665384261511E-003   1.2884012355018934E-003   1.5904340075076294E-003
   26826974.784160621        3.5392641739147580E-006   5.9923772922920593E-006   9.6549970255069014E-006   1.4912198165367044E-005   2.2730102128270851E-005   3.4139038402494454E-005   5.0468022439551423E-005   7.3379939555340799E-005   1.0321977034627930E-004   1.4529983389588284E-004   1.9846050469787873E-004   2.7046108234988098E-004   3.0510936452501902E-004   4.7386027026966607E-004   6.2249174960583235E-004   7.9770784918461307E-004   1.0163128764953573E-003   1.2755745214883295E-003   1.5801467354292812E-003   1.9543150998549198E-003
   37275954.743475698        4.0604938137667832E-006   6.8869474083210578E-006   1.1116270673820404E-005   1.7198026346072036E-005   2.6258132865869940E-005   3.9503486002130275E-005   5.8496047468702326E-005   8.5195864963935586E-005   1.2003105617882444E-004   1.6924964585513975E-004   2.3153255264038002E-004   3.1606770682526960E-004   3.5681204629506676E-004   5.5558045732884988E-004   7.3108387174240016E-004   9.3841688675082356E-004   1.1975414505528178E-003   1.5056246427801422E-003   1.8681277526494205E-003   2.3145975747390721E-003
   51794763.040447071        4.5221373896031674E-006   7.6815272412732182E-006   1.2418017443713488E-005   1.9239856151245012E-005   2.9418164964465253E-005   4.4321533062619610E-005   6.5725905796887120E-005   9.5866012976198072E-005   1.3525174889155293E-004   1.9099303424162883E-004   2.6163347551162611E-004   3.5769098669318340E-004   4.0405209683532086E-004   6.3055638329908019E-004   8.3098530667234573E-004   1.0682056494732358E-003   1.3651448491763271E-003   1.7189632179863785E-003   2.1358713850087273E-003   2.6504991097260713E-003
   71968578.588469476        4.9124765621451080E-006   8.3549992987959724E-006   1.3524079976995392E-005   2.0978737058045702E-005   3.2115548780024820E-005   4.8443746820072028E-005   7.1925846580602021E-005   1.0503741188496640E-004   1.4836367625883963E-004   2.0976802431620716E-004   2.8768130405155159E-004   3.9379468689907239E-004   4.4506747800832124E-004   6.9588592534858555E-004   9.1823900992172116E-004   1.1818221592614342E-003   1.5122009448062992E-003   1.9065967335709444E-003   2.3718824886244483E-003   2.9473183998510403E-003
   100000000.00000000        5.2301649986822332E-006   8.9041957911145052E-006   1.4427850395396782E-005   2.2402245960634777E-005   3.4327876106653606E-005   5.1831112852652081E-005   7.7030148189030125E-005   1.1260245616817104E-004   1.5919891285332696E-004   2.2531309358113491E-004   3.0928663377265104E-004   4.2379937378013113E-004   4.7918152747547201E-004   7.5038474782417952E-004   9.9117089408375385E-004   1.2769716473811671E-003   1.6355927943709598E-003   2.0643550991571646E-003   2.5706929657860040E-003   3.1978757629415964E-003
   138949680.20376483        5.4809726117745468E-006   9.3384419864463413E-006   1.5143586926401358E-005   2.3531254321635171E-005   3.6085121944965801E-005   5.4525748880911280E-005   8.1096671871456810E-005   1.1863856491825638E-004   1.6785694600606702E-004   2.3775382149535010E-004   3.2660219146882674E-004   4.4788434459601395E-004   5.0658283807241246E-004   7.9426492402885596E-004   1.0499867177425628E-003   1.3538247767311542E-003   1.7354156304982581E-003   2.1921931864744802E-003   2.7320518381511952E-003   3.4015894311218747E-003
   193069712.32189816        5.6743437992034109E-006   9.6736407549955477E-006   1.5696745029751214E-005   2.4404806962041797E-005   3.7446328638866466E-005   5.6615522037547968E-005   8.4254043094196705E-005   1.2333070933857873E-004   1.7459490709097287E-004   2.4744730380856021E-004   3.4010916552348186E-004   4.6669496362766830E-004   5.2799446437065483E-004   8.2861856314407839E-004   1.0960923212409231E-003   1.4141454669895160E-003   1.8138656843149851E-003   2.2927973700458773E-003   2.8592020896947177E-003   3.5623504271005712E-003
   268269747.84160623        5.8207653164305005E-006   9.9276828451540916E-006   1.6116362841005545E-005   2.5068045706877456E-005   3.8480718574233025E-005   5.8204966900649899E-005   8.6657604741471452E-005   1.2690583913905500E-004   1.7973330469519202E-004   2.5484645136916853E-004   3.5042812036724093E-004   4.8107947769666833E-004   5.4437446045024632E-004   8.5493846100577009E-004   1.1314517838047387E-003   1.4604534561682846E-003   1.8741547196341525E-003   2.3701990883718571E-003   2.9571358663495035E-003   3.6863279874204155E-003
   372759956.70935810        5.9301412483987169E-006   1.0117578045427288E-005   1.6430241874460717E-005   2.5564477768119200E-005   3.9255462939644385E-005   5.9396234563626191E-005   8.8460237077281719E-005   1.2958894700741179E-004   1.8359217561713116E-004   2.6040702601122571E-004   3.5818809932579168E-004   4.9190474122080342E-004   5.5670522633838174E-004   8.7477506225517383E-004   1.1581228512131888E-003   1.4954114574953767E-003   1.9197068255432759E-003   2.4287369771518598E-003   3.0312740962820483E-003   3.7802888656659219E-003
   517947630.40447074        6.0110245686984455E-006   1.0258074955864389E-005   1.6662588948497844E-005   2.5932135167769042E-005   3.9829516837662390E-005   6.0279352758468903E-005   8.9797235654895535E-005   1.3157999476402519E-004   1.8645713376331575E-004   2.6453757536768543E-004   3.6395532134409029E-004   4.9995461187780465E-004   5.6587679006402211E-004   8.8954301187136068E-004   1.1779919680814520E-003   1.5214718623699332E-003   1.9536904555218786E-003   2.4724456127102109E-003   3.0866810830261979E-003   3.8505868046853375E-003
   719686576.06998992        6.0703961018408272E-006   1.0361242802923169E-005   1.6833267124162311E-005   2.6202305390985891E-005   4.0251506652732373E-005   6.0928774522891166E-005   9.0780787629043537E-005   1.3304524236158551E-004   1.8856628382174338E-004   2.6757964904055773E-004   3.6820439306862974E-004   5.0588801837081867E-004   5.7263822128450351E-004   9.0043818262111738E-004   1.1926585287962217E-003   1.5407198035521483E-003   1.9788072240537542E-003   2.5047752587592535E-003   3.1276993608720066E-003   3.9026858360102228E-003
   1000000000.0000000        6.1137404326333593E-006   1.0436580791335304E-005   1.6957938539599296E-005   2.6399701483552888E-005   4.0559908236609072E-005   6.1403516747953694E-005   9.1499979490604049E-005   1.3411695603640080E-004   1.9010938332952179E-004   2.6980595848226710E-004   3.7131493098239955E-004   5.1023302398418705E-004   5.7759029922192632E-004   9.0842253042843803E-004   1.2034115831483633E-003   1.5548389586230210E-003   1.9972426334782995E-003   2.5285223280734764E-003   3.1578544645008508E-003   3.9410298237016134E-003
