   100.00000000000000        7.0202159849365396E-005   7.1282627198772627E-005   7.2178691056408819E-005   7.2907629264367486E-005   7.3572872013878498E-005   7.4154965715550220E-005   7.4609761065607796E-005   7.5046414998550362E-005   7.5297295403623987E-005   7.5488545718483145E-005   7.5623689370782061E-005   7.5703729045932582E-005   7.5650546640219197E-005   7.5558927993386410E-005   7.5332027239522137E-005   7.5196142547430324E-005   7.4914497350004640E-005   7.4557225033465953E-005   7.4246243688918037E-005   7.3845498258716535E-005
   138.94952764291722        9.7548137075661702E-005   9.9049297592752368E-005   1.0029416244067927E-004   1.0130690341344663E-004   1.0223115716079873E-004   1.0303973412436008E-004   1.0367158268138790E-004   1.0427811140612783E-004   1.0462662980450542E-004   1.0489218230003627E-004   1.0507987867044541E-004   1.0519093643643752E-004   1.0511702859357093E-004   1.0498951210523628E-004   1.0467413102502653E-004   1.0448513806578752E-004   1.0409368482521510E-004   1.0359721553982848E-004   1.0316496430683048E-004   1.0260802222925787E-004
   193.06981831315761        1.3554768728637470E-004   1.3763326703842118E-004   1.3936259410412161E-004   1.4076957190176727E-004   1.4205363037887822E-004   1.4317668349168636E-004   1.4405446635910562E-004   1.4489685062387601E-004   1.4538096412217052E-004   1.4574958436257521E-004   1.4601022399834452E-004   1.4616423595173480E-004   1.4606151998651927E-004   1.4588392647930151E-004   1.4544550638822664E-004   1.4518255107043716E-004   1.4463841928241569E-004   1.4394849827424220E-004   1.4334760920363743E-004   1.4257353201240918E-004
   268.26960056717098        1.8835234975845384E-004   1.9124972040387978E-004   1.9365182749975793E-004   1.9560639017658093E-004   1.9739022112384518E-004   1.9894981002028370E-004   2.0016916205460399E-004   2.0133891000425879E-004   2.0201129261774542E-004   2.0252278835802495E-004   2.0288463131353678E-004   2.0309804832890549E-004   2.0295528437332892E-004   2.0270773047715597E-004   2.0209816460450351E-004   2.0173211487258119E-004   2.0097564417495244E-004   2.0001685100387356E-004   1.9918138385065156E-004   1.9810540630390064E-004
   372.75934279762487        2.6173285683004759E-004   2.6575771658012031E-004   2.6909392464578949E-004   2.7180896208909807E-004   2.7428689163209704E-004   2.7645222554746401E-004   2.7814588996450892E-004   2.7976982471616740E-004   2.8070353992755670E-004   2.8141291468339682E-004   2.8191509045801281E-004   2.8221051413184227E-004   2.8201206732615918E-004   2.8166657723245267E-004   2.8081885276529599E-004   2.8030893099502028E-004   2.7925704608026904E-004   2.7792451866989417E-004   2.7676261285931435E-004   2.7526677671134881E-004
   517.94763040447071        3.6371143838603175E-004   3.6930200358351793E-004   3.7393475686901042E-004   3.7770572422614129E-004   3.8114746677173007E-004   3.8415291215977080E-004   3.8650506779429246E-004   3.8875878489028439E-004   3.9005511382645417E-004   3.9103820422874700E-004   3.9173482156411923E-004   3.9214316632619399E-004   3.9186728052283831E-004   3.9138431778719266E-004   3.9020499941846889E-004   3.8949397355889174E-004   3.8803090288845403E-004   3.8617881190742621E-004   3.8456237419573670E-004   3.8248243815932080E-004
   719.68578588469472        5.0544123635672643E-004   5.1320555001078732E-004   5.1963719733402215E-004   5.2487394964663989E-004   5.2965369571982706E-004   5.3382347111787356E-004   5.3708952474101207E-004   5.4021581983641049E-004   5.4201503726536524E-004   5.4337609252739377E-004   5.4434184023725461E-004   5.4490512828476014E-004   5.4452151705165958E-004   5.4384488521388996E-004   5.4220353931972180E-004   5.4121079732965876E-004   5.3917503708328666E-004   5.3660052660946429E-004   5.3435071150999725E-004   5.3145782364354946E-004
   1000.0000000000000        7.0243272206782503E-004   7.1321405640161243E-004   7.2214022652070976E-004   7.2941099209481905E-004   7.3604760556904736E-004   7.4182950639075903E-004   7.4636340070611488E-004   7.5069738462343102E-004   7.5319355810302678E-004   7.5507530632740693E-004   7.5641304052334482E-004   7.5718789904368616E-004   7.5665438064380570E-004   7.5570361421583361E-004   7.5341786355577608E-004   7.5202932922354131E-004   7.4919526103485717E-004   7.4561604387240338E-004   7.4248271097169236E-004   7.3845766986959359E-004
   1389.4952764291722        9.7626003986961527E-004   9.9122712215050533E-004   1.0036099123622226E-003   1.0137018953040935E-003   1.0229143450661746E-003   1.0309254963424739E-003   1.0372172941375225E-003   1.0432203714997360E-003   1.0466816096373083E-003   1.0492783839618064E-003   1.0511293189292973E-003   1.0521911295511973E-003   1.0514489303775619E-003   1.0501077720401423E-003   1.0469220895391858E-003   1.0449753645881956E-003   1.0410272377407801E-003   1.0360503292979229E-003   1.0316828343357363E-003   1.0260798448484144E-003
   1930.6981831315763        1.3569400872132755E-003   1.3777113515070409E-003   1.3948792999503416E-003   1.4088820481711509E-003   1.4216657231353367E-003   1.4327541767294011E-003   1.4414816914269861E-003   1.4497871383703097E-003   1.4545832100256858E-003   1.4581576520243944E-003   1.4607149279094495E-003   1.4621623278738719E-003   1.4611295432118976E-003   1.4592282431417766E-003   1.4547837161044751E-003   1.4520458974757126E-003   1.4465408291610032E-003   1.4396188921693325E-003   1.4335242888789902E-003   1.4257197337651595E-003
   2682.6960056717098        1.8862419266768061E-003   1.9150561939869884E-003   1.9388401404790865E-003   1.9582599670723132E-003   1.9759915248298201E-003   1.9913183630116595E-003   2.0034179498877127E-003   2.0148913762434158E-003   2.0215312924267634E-003   2.0264348979257087E-003   2.0299614920152331E-003   2.0319204518407449E-003   2.0304830124538080E-003   2.0277708639280688E-003   2.0215619390824570E-003   2.0176960997534766E-003   2.0100112564191280E-003   2.0003817208097035E-003   1.9918645792384197E-003   1.9809843862588247E-003
   3727.5934279762487        2.6222953004162381E-003   2.6622459609914016E-003   2.6951629202643722E-003   2.7220798955276989E-003   2.7466613067298282E-003   2.7678090188649977E-003   2.7845727481343508E-003   2.8003914501471432E-003   2.8095747417516016E-003   2.8162720977444131E-003   2.8211244578780111E-003   2.8237504483393148E-003   2.8217498553184963E-003   2.8178524728861678E-003   2.8091650089953429E-003   2.8036790738904904E-003   2.7929360632244636E-003   2.7795364710863852E-003   2.7676117072480992E-003   2.7524280691002692E-003
   5179.4763040447078        3.6459633873876080E-003   3.7013195476901660E-003   3.7468207351068726E-003   3.7841044505109141E-003   3.8181612878256440E-003   3.8472756177054916E-003   3.8704853768247176E-003   3.8922415902665581E-003   3.9049291004435811E-003   3.9140252439219319E-003   3.9206850551330354E-003   3.9241610448574500E-003   3.9213783733628872E-003   3.9157320610510322E-003   3.9035552138111905E-003   3.8957238817655779E-003   3.8806808356706447E-003   3.8620322000319355E-003   3.8452985733563295E-003   3.8240832305060143E-003
   7196.8578588469481        5.0695679243514423E-003   5.1462162892670664E-003   5.2090223841130051E-003   5.2606308842341153E-003   5.3077875950843893E-003   5.3477634340774903E-003   5.3798789520936004E-003   5.4097147575347566E-003   5.4272294990780285E-003   5.4395007167168559E-003   5.4486203099522994E-003   5.4531486185596841E-003   5.4492855037279611E-003   5.4410401998765652E-003   5.4239437589725797E-003   5.4126907136500552E-003   5.3915902733071650E-003   5.3656395573485885E-003   5.3420971060691774E-003   5.3124145257270007E-003
   10000.000000000000        7.0486176030692179E-003   7.1546773392134680E-003   7.2412382527794385E-003   7.3126405138429999E-003   7.3779104768252387E-003   7.4326420090707924E-003   7.4770736295309967E-003   7.5178636950190827E-003   7.5420437767271063E-003   7.5584783418755188E-003   7.5709541406203517E-003   7.5767450302836048E-003   7.5714062216826038E-003   7.5592941530443717E-003   7.5352663922008817E-003   7.5189929107299441E-003   7.4893551644691627E-003   7.4532713164531875E-003   7.4200631141672488E-003   7.3784850019235374E-003
   13894.952764291722        9.7968943682024152E-003   9.9435909584122684E-003   1.0062737292648801E-002   1.0161531373368062E-002   1.0251889766181773E-002   1.0326630891036845E-002   1.0388157943211672E-002   1.0443779778881099E-002   1.0477232526932469E-002   1.0499109572529048E-002   1.0516221344326535E-002   1.0523499940755974E-002   1.0516192543723874E-002   1.0498386131074722E-002   1.0464644563258090E-002   1.0441000083883038E-002   1.0399361908512893E-002   1.0349295540441367E-002   1.0302360270985026E-002   1.0244090609982236E-002
   19306.971232189815        1.3604345743633919E-002   1.3807295104435079E-002   1.3971213858731981E-002   1.4108077518447755E-002   1.4233347578001543E-002   1.4335293781863472E-002   1.4420754473361871E-002   1.4496546195820404E-002   1.4543114313351462E-002   1.4572209761445081E-002   1.4595920008943011E-002   1.4605026906698043E-002   1.4595216664347882E-002   1.4569278545368696E-002   1.4522117919018342E-002   1.4487748011018244E-002   1.4429392959299523E-002   1.4360254783454219E-002   1.4293909349011008E-002   1.4212343658658750E-002
   26826.974784160622        1.8854713728129670E-002   1.9135879348993742E-002   1.9361671549199648E-002   1.9551899405736733E-002   1.9726199104750246E-002   1.9865541819429868E-002   1.9985047456886892E-002   2.0088685476669844E-002   2.0154361760547995E-002   2.0193511469594378E-002   2.0227140476412133E-002   2.0238929131128718E-002   2.0226248056041611E-002   2.0189469667468915E-002   2.0124338600629465E-002   2.0074757090911163E-002   1.9993591465398322E-002   1.9899012965044066E-002   1.9805582316444709E-002   1.9691923332027975E-002
   37275.954743475697        2.6034572400660691E-002   2.6425301511119909E-002   2.6737568346837819E-002   2.7003618010608636E-002   2.7247789478364346E-002   2.7439736765886624E-002   2.7608867845880458E-002   2.7752135423466801E-002   2.7846877087641452E-002   2.7901397471236690E-002   2.7951108602017202E-002   2.7968093815405395E-002   2.7952892064512500E-002   2.7903708111590930E-002   2.7815964830689575E-002   2.7745942259580273E-002   2.7634911734231347E-002   2.7507772398989522E-002   2.7377610725164685E-002   2.7220886153954946E-002
   51794.763040447076        3.5717710902103426E-002   3.6263314718465306E-002   3.6698378160785930E-002   3.7073975074689569E-002   3.7419574137086763E-002   3.7688119057083233E-002   3.7931780618708451E-002   3.8134006076503954E-002   3.8275160658285248E-002   3.8356011508743369E-002   3.8433836752686579E-002   3.8462925400479332E-002   3.8447497923630732E-002   3.8389274320317759E-002   3.8276485910214174E-002   3.8181766792486950E-002   3.8034611646588931E-002   3.7868876343990249E-002   3.7691535611155631E-002   3.7479765339458931E-002
   71968.578588469478        4.8500155394741729E-002   4.9266104947724168E-002   4.9878238729858526E-002   5.0414345280988239E-002   5.0909587554736249E-002   5.1293805445649258E-002   5.1652353848818194E-002   5.1946390721635344E-002   5.2164491645866444E-002   5.2294304650491612E-002   5.2423589792507684E-002   5.2481521671906776E-002   5.2472431335868167E-002   5.2421479555263134E-002   5.2288543493386776E-002   5.2170180782321128E-002   5.1985789879220611E-002   5.1780792254852492E-002   5.1548626833486808E-002   5.1272410843404087E-002
   100000.00000000000        6.4863911251837214E-002   6.5942351138758709E-002   6.6811173601240698E-002   6.7582969557150971E-002   6.8299952403396494E-002   6.8862624385214288E-002   6.9399922889461785E-002   6.9840762318371621E-002   7.0187690823503845E-002   7.0410175309324780E-002   7.0633752292343671E-002   7.0755968814709691E-002   7.0767689340733672E-002   7.0766925874760161E-002   7.0635120092343739E-002   7.0507703061348681E-002   7.0298338710148081E-002   7.0066608198333491E-002   6.9782303846581809E-002   6.9442321167493021E-002
   138949.52764291721        8.4975089929298558E-002   8.6487917097923639E-002   8.7723547822956272E-002   8.8835216081810511E-002   8.9875390888857168E-002   9.0711139119494688E-002   9.1521816907500331E-002   9.2195526139195308E-002   9.2752823719138830E-002   9.3143673412636074E-002   9.3533034555366212E-002   9.3784645964365365E-002   9.3843919064183490E-002   9.3980662552565583E-002   9.3899959102920927E-002   9.3803489729785555E-002   9.3606739286303087E-002   9.3385133349827718E-002   9.3073531879938456E-002   9.2692411987171236E-002
   193069.92430447528       0.10847973334156846       0.11057251624265760       0.11231253999932278       0.11389432134839327       0.11538665177586994       0.11662340763846064       0.11783360090578532       0.11886079872478184       0.11974275379565757       0.12041622778017251       0.12107668472232229       0.12156043527860477       0.12170927791721284       0.12212981788533674       0.12218994868636626       0.12220145273376669       0.12209222858791319       0.12195290796047234       0.12167416413783261       0.12130998658061819     
   268269.74784160621       0.13441269433124170       0.13723547812965692       0.13962860049742740       0.14182138891362045       0.14390801979893567       0.14569502751555322       0.14745041647118318       0.14897709289685959       0.15032199345328007       0.15142494538745846       0.15248979837281221       0.15334301170088965       0.15363724345395305       0.15454561012292822       0.15487751740627415       0.15511441142277768       0.15520920113218978       0.15526328203520742       0.15511993903471347       0.15487415156268461     
   372759.54743475694       0.16131896081449881       0.16499714623376474       0.16817511230582888       0.17110405886720204       0.17391424583391785       0.17639559407365429       0.17883593510754300       0.18100915617481783       0.18295648048508362       0.18464553834599451       0.18625566741584554       0.18763081774691548       0.18813210970203509       0.18976338139062998       0.19052376667259524       0.19113133534383164       0.19157680951677838       0.19196350821997846       0.19209292261172412       0.19210394335402281     
   517947.63040447072       0.18757204995713600       0.19217853386843994       0.19622669988779737       0.19997349212298943       0.20359505878996265       0.20687766991933243       0.21010623651635044       0.21304209948122926       0.21570247417281876       0.21811042140176412       0.22038457669804440       0.22241758782624127       0.22318076590609787       0.22575328852922028       0.22709376153598171       0.22821705902892148       0.22916261052156559       0.23002355535425212       0.23057348351999460       0.23099311184686833     
   719685.78588469478       0.21174969457191545       0.21729072147843706       0.22223053225634284       0.22681674856912537       0.23127783322066250       0.23540832560930508       0.23946983675023989       0.24322788648806715       0.24665900444321220       0.24986510165119902       0.25287371066327452       0.25565347769888280       0.25671444156320417       0.26038088863559716       0.26241416924660621       0.26416551130314703       0.26573024868106548       0.26717868076013784       0.26827488026006191       0.26923564233629838     
   1000000.0000000000       0.23289761355709371       0.23931722043348672       0.24510722453941081       0.25049506589439574       0.25576331172491795       0.26072327994729433       0.26559940437098173       0.27017447027314739       0.27437322524007240       0.27839051781048124       0.28214446377600821       0.28569722636754119       0.28706682130901234       0.29188615913732552       0.29466462377883429       0.29710152177569860       0.29935070011031295       0.30144941198818798       0.30317002763979339       0.30475818497581780     
   1389496.8020376482       0.25060109151453364       0.25779930833379694       0.26435120520268113       0.27045842955650112       0.27645509405318053       0.28217364707490356       0.28779507689837547       0.29312711914365824       0.29803861780207525       0.30282078939179796       0.30727751858785834       0.31157038927996394       0.31323587067613196       0.31917489778315034       0.32268871791986875       0.32581009997786414       0.32874964397070211       0.33150571433332465       0.33387238484203541       0.33611725680652049     
   1930699.2430447529       0.26489726827689308       0.27275268108686479       0.27995326290902167       0.28667379353969213       0.29329433525852183       0.29966924988423982       0.30593614447257789       0.31193028766740266       0.31746651966895117       0.32292710264491570       0.32800780109960581       0.33296568388360043       0.33489746527291592       0.34185449050790240       0.34604556882106463       0.34980351462362191       0.35339063498403311       0.35676518335676721       0.35975048635368845       0.36263053870394757     
   2682697.4784160624       0.27611668490073416       0.28450571639823480       0.29223656318224289       0.29945909066286186       0.30659224544861269       0.31351070599326902       0.32031282737854605       0.32686031621091760       0.33291982450727625       0.33895393435490440       0.34456306532320896       0.35008951604944966       0.35224946365036225       0.36008579941597518       0.36486822265680491       0.36918669146039085       0.37334832470840479       0.37727366438908938       0.38081756605104244       0.38427632297101416     
   3727595.4743475695       0.28472874301446949       0.29353827307038483       0.30168918874824607       0.30930992777319760       0.31685106793604312       0.32420480063677826       0.33143627469617354       0.33843047465813020       0.34491346516197896       0.35141522879223808       0.35745628860727141       0.36345110442050588       0.36579952885808176       0.37436710781318677       0.37964593346360753       0.38443856556431066       0.38908950033931655       0.39348611476849849       0.39751336847657731       0.40147698606511195     
   5179476.3040447077       0.29122920819554959       0.30036271365567785       0.30883865671653460       0.31676796961537584       0.32462622494587812       0.33231997799194857       0.33988759877088703       0.34723340400262803       0.35405068326355005       0.36092399523539587       0.36730928746346003       0.37367986933370206       0.37618004157831869       0.38533985044312186       0.39102413370672495       0.39620691891487558       0.40126302287078341       0.40605202109726679       0.41048550548274310       0.41487664423152482     
   7196857.8588469476       0.29607453873063660       0.30545353742283171       0.31417665745635176       0.32234103469510111       0.33044158810898105       0.33839625182313327       0.34622254279883002       0.35384018895163977       0.36091681453138430       0.36808008905847545       0.37473505260242351       0.38140177634545469       0.38402205606067497       0.39365322566473804       0.39966277615422918       0.40516082845311030       0.41054631878017478       0.41565629558701334       0.42042473198473218       0.42517082791507532     
   10000000.000000000       0.29965272818978739       0.30921550480468923       0.31812425004745087       0.32646549908428241       0.33474893009301931       0.34290127136897247       0.35092421767078874       0.35874942633328338       0.36602486946373303       0.37341169841667310       0.38027549405787164       0.38717282208519876       0.38988708806223510       0.39988912544552951       0.40615648828949508       0.41190620781123738       0.41755613095663546       0.42292548640647121       0.42796638410765198       0.43300298990694019     
   13894968.020376483       0.30227714907829106       0.31197628203520494       0.32102315016214833       0.32949628856376317       0.33791651980992565       0.34621724763438166       0.35438839113304532       0.36237064476219377       0.36979717772213083       0.37735483435335260       0.38437896681179518       0.39145425235153652       0.39424142115470051       0.40453266589064130       0.41100240286241263       0.41695098911318540       0.42281091013366051       0.42838754275198515       0.43364729707088873       0.43891842368364309     
   19306992.430447526       0.30419237045723646       0.31399199857787446       0.32314092980169051       0.33171173850335250       0.34023359642755413       0.34864490647569757       0.35692694567821598       0.36502714508213374       0.37256765738160391       0.38025485731398023       0.38740114425204786       0.39461262073006964       0.39745585731480149       0.40797062222931146       0.41459762253009258       0.42070163500862146       0.42672632473559019       0.43246644402882167       0.43789943197915215       0.44335683345310906     
   26826974.784160621       0.30558489217161733       0.31545820228675658       0.32468213934086698       0.33332487676561096       0.34192180047277676       0.35041501846564627       0.35877952640261823       0.36696771672398665       0.37459361596158935       0.38237832052558424       0.38961693317506119       0.39693172957985734       0.39981768519805844       0.41050347481328331       0.41725128845943910       0.42347523647840257       0.42962739683389528       0.43549445924162505       0.44106221280284874       0.44666476738065702     
   37275954.743475698       0.30659461657622172       0.31652172680400653       0.32580054060709129       0.33449600339512653       0.34314809909585609       0.35170165962876671       0.36012714315250871       0.36838056368806293       0.37606999264777397       0.38392753539689650       0.39123535214804250       0.39862781696009025       0.40154599759618836       0.41236122913710260       0.41920071365365735       0.42551594432732387       0.43176523609094830       0.43772921366087253       0.44339989064236379       0.44911328909724824     
   51794763.040447071       0.30732530385042223       0.31729156680994725       0.32661038363381056       0.33534434338692531       0.34403681408832898       0.35263461786343686       0.36110494660191389       0.36940644131757339       0.37714283017537786       0.38505438987830898       0.39241366087014906       0.39986399248346088       0.40280624530804465       0.41371840330563442       0.42062661566631498       0.42701040334440321       0.43333264365162111       0.43936943264266271       0.44511736679721747       0.45091383266252377     
   71968578.588469476       0.30785328337772228       0.31784796385072844       0.32719585441919341       0.33595783023046905       0.34467973822779141       0.35330984797465270       0.36181300418308693       0.37014974549390267       0.37792064352353349       0.38587199970487140       0.39326924869365476       0.40076235025412754       0.40372242824138788       0.41470647467458888       0.42166567436601909       0.42810036080079383       0.43447671428988993       0.44056747128847501       0.44637257167375244       0.45223034032751075     
   100000000.00000000       0.30823437501347939       0.31824963801018441       0.32761860859117903       0.33640091860640087       0.34514422358357688       0.35379784229454669       0.36232493376072206       0.37068740393171395       0.37848353625968467       0.38646404909088039       0.39388915712331274       0.40141366010970558       0.40438684187023927       0.41542378872837266       0.42242049578926621       0.42889262803386952       0.43530874101738548       0.44143909362980666       0.44728605015206624       0.45318856520116874     
   138949680.20376483       0.30850922513184093       0.31853937163843904       0.32792359776655094       0.33672063528817042       0.34547945491458304       0.35415013420655905       0.36269462157349563       0.37107580682437458       0.37889031790019556       0.38689209650211781       0.39433754061295134       0.40188497746605972       0.40486773764429973       0.41594337636117701       0.42296750013107298       0.42946699773123204       0.43591212729448459       0.44207133078731864       0.44794872472191605       0.45388368329340079     
   193069712.32189816       0.30870733433540559       0.31874822985272577       0.32814348037102559       0.33695116706016270       0.34572121452006943       0.35440424820114041       0.36296134687968373       0.37135610787270779       0.37918396305530994       0.38720119802928871       0.39466143078121096       0.40222555061330167       0.40521528249358529       0.41631909378373633       0.42336316790711048       0.42988257242222616       0.43634878541440880       0.44252892349867223       0.44842836839885070       0.45438677755818124     
   268269747.84160623       0.30885007064515629       0.31889872205328784       0.32830193075250186       0.33711730817381580       0.34589546938109539       0.35458743502099377       0.36315365896222751       0.37155824722192338       0.37939576845068701       0.38742420804796657       0.39489516524821577       0.40247138562647539       0.40546617626954773       0.41659043533381412       0.42364898238523385       0.43018282539475350       0.43666431810608619       0.44285961526210804       0.44877501309711210       0.45475036686265013     
   372759956.70935810       0.30895287858729564       0.31900712228509387       0.32841607104166259       0.33723699742773589       0.34602101552881326       0.35471943084621066       0.36329224805768912       0.37170393895409787       0.37954844967566653       0.38758499581748468       0.39506371412141655       0.40264869267879444       0.40564714587607786       0.41678621259572374       0.42385523760230898       0.43039953366225259       0.43689208497149978       0.44309835159525368       0.44902529253917600       0.45501290819100254     
   517947630.40447074       0.30902691053098513       0.31908518439204409       0.32849827081008737       0.33732319806583644       0.34611144049270703       0.35481450881529253       0.36339208474045048       0.37180890310071246       0.37965846138021186       0.38770086417605099       0.39518519062778917       0.40277649855680997       0.40577759926563789       0.41692737243813738       0.42400397309158072       0.43055582865702574       0.43705637890716104       0.44327058450546508       0.44920588662078648       0.45520239795307854     
   719686576.06998992       0.30908021297493243       0.31914139017970761       0.32855745791239022       0.33738526842117789       0.34617655589056462       0.35488297885295095       0.36346398674222657       0.37188450358820890       0.37973770365320358       0.38778433328182099       0.39527270782430957       0.40286858494646899       0.40587159731390038       0.41702910325258652       0.42411117643697682       0.43066849549173020       0.43717483058628531       0.44339478485705974       0.44933615176149844       0.45533913477694266     
   1000000000.0000000       0.30911858532577230       0.31918185350908890       0.32860006865131597       0.33742995619891625       0.34622343765199587       0.35493227797380533       0.36351575952598819       0.37193894244054448       0.37979476819865765       0.38784444603032009       0.39533574023849988       0.40293491322744773       0.40593930478730544       0.41710239125520965       0.42418841520976469       0.43074968111777495       0.43726019945622885       0.44348431830816182       0.44943008954293351       0.45543779189617045     
