   100.00000000000000        2.1730502870828561E-009   3.1167372307737667E-009   4.2932263285070892E-009   5.7893723007672763E-009   7.6838030745413259E-009   1.0163824315497258E-008   1.3220430523962043E-008   1.7132408726094710E-008   2.1707965896881783E-008   2.7312551315856406E-008   3.3932854600760748E-008   4.2118343503825474E-008   4.5798448655021584E-008   6.1880592521275285E-008   7.4934202784217043E-008   8.9071010223164092E-008   1.0561992186281608E-007   1.2378917726186911E-007   1.4398854314156244E-007   1.6702706007771772E-007
   138.94952764291722        3.0198345601116197E-009   4.3312374212314313E-009   5.9661533367990688E-009   8.0452721818407627E-009   1.0677865463230435E-008   1.4124203726511853E-008   1.8371788180188607E-008   2.3807998889239418E-008   3.0166319425634644E-008   3.7954612215437794E-008   4.7154318422211132E-008   5.8528997774423036E-008   6.3642932986383897E-008   8.5990885065590074E-008   1.0413023544722605E-007   1.2377480053197708E-007   1.4677112527742363E-007   1.7201908630723451E-007   2.0008795000778110E-007   2.3210205983651489E-007
   193.06981831315761        4.1968037902992962E-009   6.0192907447485041E-009   8.2913664529666979E-009   1.1180739927226709E-008   1.4839278964088688E-008   1.9628648156195275E-008   2.5531508109011815E-008   3.3086135024820477E-008   4.1922164996940741E-008   5.2745410568973020E-008   6.5529960530881492E-008   8.1336926512514853E-008   8.8443581135390960E-008   1.1949961883594803E-007   1.4470691665084724E-007   1.7200593083618785E-007   2.0396249575795119E-007   2.3904804068119422E-007   2.7805336105727319E-007   3.2254108556156928E-007
   268.26960056717098        5.8328975444229171E-009   8.3658095150074774E-009   1.1523555437928655E-008   1.5539187250584256E-008   2.0623793011965542E-008   2.7279941979843013E-008   3.5483594493452396E-008   4.5982708129178350E-008   5.8262586058277254E-008   7.3304221149083053E-008   9.1071370975757154E-008   1.1303873160534308E-007   1.2291505834414153E-007   1.6607431536658431E-007   2.0110503005753416E-007   2.3904261192871371E-007   2.8345240604809507E-007   3.3221055998506898E-007   3.8641549820992845E-007   4.4823917672194076E-007
   372.75934279762487        8.1075984681179213E-009   1.1628177361439378E-008   1.6017215817385420E-008   2.1598579043924467E-008   2.8665705076326485E-008   3.7916984863050985E-008   4.9319118423227468E-008   6.3911438121837599E-008   8.0978624800815057E-008   1.0188428387996639E-007   1.2657759555501053E-007   1.5710819595039471E-007   1.7083451645969680E-007   2.3081768695198120E-007   2.7950291661307014E-007   3.3222806813879200E-007   3.9394742353919134E-007   4.6171007225187469E-007   5.3704153244452320E-007   6.2296106011441170E-007
   517.94763040447071        1.1270907860070815E-008   1.6164879689052591E-008   2.2266066164696848E-008   3.0024555143011944E-008   3.9848332730378650E-008   5.2707951829058292E-008   6.8557341187766375E-008   8.8840743129774687E-008   1.1256393454814812E-007   1.4162264411269525E-007   1.7594536804369747E-007   2.1838113462820438E-007   2.3745999981846023E-007   3.2083259857304796E-007   3.8850025049737782E-007   4.6178298566096154E-007   5.4756524623686661E-007   6.4174708587396452E-007   7.4644678283821919E-007   8.6586215469773109E-007
   719.68578588469472        1.5671353066914179E-008   2.2475635379828878E-008   3.0958288974119876E-008   4.1744860134345688E-008   5.5402735993669857E-008   7.3280767914613439E-008   9.5315324336075013E-008   1.2351335435889719E-007   1.5649283063772384E-007   1.9688979688797769E-007   2.4460318204812074E-007   3.0359375623800324E-007   3.3011570730016443E-007   4.4601213460851108E-007   5.4007406564552642E-007   6.4194126838240915E-007   7.6118058454157253E-007   8.9209579782445116E-007   1.0376274997548814E-006   1.2036135034340362E-006
   1000.0000000000000        2.1795484306760205E-008   3.1257971698323596E-008   4.3054384888918170E-008   5.8054209413114885E-008   7.7046777106808049E-008   1.0190683598716778E-007   1.3254671246464081E-007   1.7175540137822132E-007   2.1761150509095139E-007   2.7378153125356625E-007   3.4012173038984991E-007   4.2213954526447750E-007   4.5901473970962098E-007   6.2014988292722653E-007   7.5092189422757869E-007   8.9254534886971204E-007   1.0583151511829848E-006   1.2403176665917986E-006   1.4426335355466502E-006   1.6733839507945908E-006
   1389.4952764291722        3.0323694101539176E-008   4.3487141576337019E-008   5.9897109894718873E-008   8.0762308033157950E-008   1.0718134180365405E-007   1.4176017633992168E-007   1.8437842336948634E-007   2.3891204746773702E-007   3.0268920175044036E-007   3.8081168704370183E-007   4.7307337849404098E-007   5.8713450007425309E-007   6.3841689751419748E-007   8.6250165155302004E-007   1.0443503076044333E-006   1.2412886640939453E-006   1.4717934593667343E-006   1.7248711012301277E-006   2.0061814039874235E-006   2.3270272001365098E-006
   1930.6981831315763        4.2209750382918335E-008   6.0529921133431292E-008   8.3367946458103898E-008   1.1240440767458261E-007   1.4916934832788407E-007   1.9728569238185103E-007   2.5658893115762069E-007   3.3246598529450659E-007   4.2120034520285758E-007   5.2989482855289767E-007   6.5825071904890892E-007   8.1692662858325153E-007   8.8826907806910687E-007   1.1999968113035024E-006   1.4529477042129969E-006   1.7268881575766961E-006   2.0474983763078481E-006   2.3995073453216649E-006   2.7907596610211429E-006   3.2369961759564352E-006
   2682.6960056717098        5.8794849934622831E-008   8.4307667497123543E-008   1.1611117147002043E-007   1.5654261130858349E-007   2.0773479027981798E-007   2.7472548134115103E-007   3.5729145439105131E-007   4.6292026357719273E-007   5.8644017526367654E-007   7.3774725918279062E-007   9.1640274917284030E-007   1.1372451690010270E-006   1.2365403863729928E-006   1.6703836385464932E-006   2.0223835009966607E-006   2.4035915249620599E-006   2.8497035426996928E-006   3.3395092330145125E-006   3.8838706892096831E-006   4.5047283583531916E-006
   3727.5934279762487        8.1973302566639299E-008   1.1753295151852977E-007   1.6185878171214125E-007   2.1820241067384159E-007   2.8954048815638389E-007   3.8288014098351524E-007   4.9792154070671657E-007   6.4507328276359198E-007   8.1713458230103060E-007   1.0279074164923023E-006   1.2767365191312429E-006   1.5842946682876225E-006   1.7225829343772394E-006   2.3267516356966578E-006   2.8168659624882934E-006   3.3476480595356999E-006   3.9687230289757115E-006   4.6506357836828033E-006   5.4084061376955592E-006   6.2726523005275807E-006
   5179.4763040447078        1.1443577304351702E-007   1.6405652814868843E-007   2.2590648345887575E-007   3.0451147220079785E-007   4.0403281011373331E-007   5.3422057660819242E-007   6.9467816598210536E-007   8.9987714597324620E-007   1.1397839778683433E-006   1.4336752610650406E-006   1.7805528783681458E-006   2.2092467533396679E-006   2.4020091967783529E-006   3.2440861389498144E-006   3.9270443326900432E-006   4.6666698383412999E-006   5.5319671229500606E-006   6.4820398713048559E-006   7.5376177134176752E-006   8.7414984396306440E-006
   7196.8578588469481        1.6003180241126444E-007   2.2938370212292141E-007   3.1582129995197094E-007   4.2564802410851983E-007   5.6469458509870371E-007   7.4653480465480762E-007   9.7065626388628883E-007   1.2571838562400079E-006   1.5921225345772411E-006   2.0024464911183210E-006   2.4866007708537830E-006   3.0848462550857175E-006   3.3538623638731306E-006   4.5288895787499774E-006   5.4815931619862227E-006   6.5133413280867260E-006   7.7201145251424015E-006   9.0451467268162750E-006   1.0516972399389426E-005   1.2195546248315409E-005
   10000.000000000000        2.2431994473175155E-007   3.2145668334542131E-007   4.4251242055020243E-007   5.9627402287863290E-007   7.9093644451129119E-007   1.0454100905937451E-006   1.3590576247905984E-006   1.7598737968630011E-006   2.2283111050063556E-006   2.8022123691406726E-006   3.4790953959176439E-006   4.3152889397317617E-006   4.6913329021081072E-006   6.3335357790242869E-006   7.6644698356437095E-006   9.1058194535101852E-006   1.0791143742723943E-005   1.2641677174458087E-005   1.4696553050902569E-005   1.7040011525325785E-005
   13894.952764291722        3.1541474362552244E-007   4.5185710520897415E-007   6.2187518679129968E-007   8.3773206467337668E-007   1.1109929131184638E-006   1.4680275371035703E-006   1.9080943023628667E-006   2.4701499229851225E-006   3.1268419753575895E-006   3.9314433522246432E-006   4.8798917890758334E-006   6.0511934779829374E-006   6.5779941147521678E-006   8.8779751643461066E-006   1.0740967390802183E-005   1.2758491144210034E-005   1.5116510390259853E-005   1.7705784799159342E-005   2.0579707965605594E-005   2.3857112909420439E-005
   19306.971232189815        4.4531072129685358E-007   6.3768297796138602E-007   8.7735444860672556E-007   1.1814660832722291E-006   1.5664273715592510E-006   2.0690556768119340E-006   2.6885969898057849E-006   3.4792885227086701E-006   4.4027663617403456E-006   5.5343626329287232E-006   6.8672686117478395E-006   8.5126652541324592E-006   9.2528008889124252E-006   1.2483093277302141E-005   1.5097690019541408E-005   1.7929106972573669E-005   2.1236500666094383E-005   2.4868452015231729E-005   2.8897290458573410E-005   3.3491519534259284E-005
   26826.974784160622        6.3197031560151266E-007   9.0450526797237119E-007   1.2439795926496516E-006   1.6743999773640461E-006   2.2192106352584344E-006   2.9298996231810873E-006   3.8059469070934750E-006   4.9229103808220199E-006   6.2268203931656983E-006   7.8248192103980327E-006   9.7052493256226674E-006   1.2025247056957617E-005   1.3069041657329546E-005   1.7622607349450238E-005   2.1304654895139235E-005   2.5291919060476407E-005   2.9946004433603855E-005   3.5057169334351479E-005   4.0722419576046203E-005   4.7182281797178674E-005
   37275.954743475697        9.0260959575251881E-007   1.2910180051388823E-006   1.7747101783116581E-006   2.3873911792644146E-006   3.1628438227511056E-006   4.1732247259489428E-006   5.4188075670281000E-006   7.0049344052040111E-006   8.8554007441925866E-006   1.1123693221746067E-005   1.3789502195884963E-005   1.7076141084216670E-005   1.8555240495781046E-005   2.5004129908788821E-005   3.0212198144757842E-005   3.5851715437101400E-005   4.2428112008664938E-005   4.9651073574811401E-005   5.7648905476018466E-005   6.6767772033081297E-005
   51794.763040447076        1.2988084262738972E-006   1.8562728750602387E-006   2.5503159453871162E-006   3.4283949716684006E-006   4.5396877242402006E-006   5.9855882258249735E-006   7.7683270947446284E-006   1.0034918428804651E-005   1.2677288266665049E-005   1.5917226526486422E-005   1.9718901178639324E-005   2.4401840440728539E-005   2.6510086677470348E-005   3.5695533115992842E-005   4.3101991147280493E-005   5.1121493292209632E-005   6.0462190319568114E-005   7.0722521869770818E-005   8.2068967123101724E-005   9.5004578013287922E-005
   71968.578588469478        1.8841843526112451E-006   2.6905583745858759E-006   3.6942610725366934E-006   4.9623180417255324E-006   6.5671325572562855E-006   8.6516571851954305E-006   1.1222348061946646E-005   1.4484640514760843E-005   1.8284499884820400E-005   2.2945595349222278E-005   2.8404251874404828E-005   3.5121360434605940E-005   3.8146811652795271E-005   5.1317396629044783E-005   6.1917175042297602E-005   7.3393377394991255E-005   8.6741312620060510E-005   1.0140580094660721E-004   1.1759727077859631E-004   1.3605464465392446E-004
   100000.00000000000        2.7553246234766324E-006   3.9309380868293082E-006   5.3940272989943769E-006   7.2395205610584006E-006   9.5752544634452735E-006   1.2603562741419455E-005   1.6339317634629028E-005   2.1070056591384373E-005   2.6575094807539951E-005   3.3331739039154076E-005   4.1226676504361964E-005   5.0930661891188439E-005   5.5304024877017239E-005   7.4324861458285811E-005   8.9599989783154221E-005   1.0613670958197106E-004   1.2533940960021261E-004   1.4644047194369640E-004   1.6969670561497340E-004   1.9620523957273795E-004
   138949.52764291721        4.0561993522449361E-006   5.7818143895364893E-006   7.9294536192235164E-006   1.0633813163166535E-005   1.4057181227013893E-005   1.8487139578739538E-005   2.3954334266944292E-005   3.0861975904289205E-005   3.8892367711706224E-005   4.8756377103537875E-005   6.0253299706212661E-005   7.4368144202010511E-005   8.0733908132792220E-005   1.0839458427247618E-004   1.3055658094752862E-004   1.5454746430608349E-004   1.8235765562956598E-004   2.1292480412289720E-004   2.4654829042279836E-004   2.8487231098470867E-004
   193069.92430447528        5.9953771619475223E-006   8.5396128843401287E-006   1.1706940282468988E-005   1.5688494166321192E-005   2.0730372695327097E-005   2.7242861350817435E-005   3.5284694957342341E-005   4.5422316376092872E-005   5.7196768031685727E-005   7.1675047120005483E-005   8.8505510213361611E-005   1.0914598378012869E-004   1.1846229938197463E-004   1.5891078723665153E-004   1.9124285201715642E-004   2.2624288280719224E-004   2.6674440462704245E-004   3.1127405427955313E-004   3.6016128352117443E-004   4.1588515864110156E-004
   268269.74784160621        8.8641907379839011E-006   1.2619005149563890E-005   1.7296042683878626E-005   2.3165842583692727E-005   3.0602866690042050E-005   4.0193753526462337E-005   5.2045079261348679E-005   6.6953391226319401E-005   8.4254932595901203E-005   1.0555775994983764E-004   1.3025609033536737E-004   1.6051840261742660E-004   1.7418932635537666E-004   2.3350892634071293E-004   2.8082200643022199E-004   3.3204338493011092E-004   3.9122124794816772E-004   4.5630552783859293E-004   5.2763462952775005E-004   6.0895141640338794E-004
   372759.54743475694        1.3053133136487983E-005   1.8576855902310211E-005   2.5463277688076015E-005   3.4093195591848077E-005   4.5035524351534752E-005   5.9128523352082930E-005   7.6557222765689771E-005   9.8440735723606196E-005   1.2382133210156614E-004   1.5512037441921703E-004   1.9131701712383546E-004   2.3563951738274480E-004   2.5567899239822676E-004   3.4260682398218930E-004   4.1180857280474602E-004   4.8673974403256839E-004   5.7319385720430314E-004   6.6830741712352868E-004   7.7240300324323734E-004   8.9110812946633993E-004
   517947.63040447072        1.9062367510177724E-005   2.7128149463759012E-005   3.7195392671749898E-005   4.9795402981998370E-005   6.5787057013252543E-005   8.6362722362549047E-005   1.1183214670728358E-004   1.4376149830619333E-004   1.8077762440731561E-004   2.2650404728847968E-004   2.7926433368671507E-004   3.4384464687809509E-004   3.7306584266553209E-004   4.9982613861080706E-004   6.0058098291289959E-004   7.0970433988293475E-004   8.3547917701643816E-004   9.7389268995266745E-004   1.1252341958096937E-003   1.2978852340940145E-003
   719685.78588469478        2.7500079850214183E-005   3.9145180125396544E-005   5.3700423040299146E-005   7.1898410440704815E-005   9.5022230747154795E-005   1.2475283947811747E-004   1.6159332031778515E-004   2.0771879341682762E-004   2.6118110154340431E-004   3.2734332978076911E-004   4.0352851856700710E-004   4.9676878469541821E-004   5.3898574561212561E-004   7.2218314584216576E-004   8.6761912837834791E-004   1.0251785114234360E-003   1.2066525577566791E-003   1.4064108666914713E-003   1.6247152333322941E-003   1.8738777246518061E-003
   1000000.0000000000        3.9058065272048343E-005   5.5625114375794009E-005   7.6366417938078358E-005   1.0227752011991316E-004   1.3524891507746387E-004   1.7761926583296318E-004   2.3018496095168455E-004   2.9593217385326203E-004   3.7213653643423808E-004   4.6661855640879461E-004   5.7522527898692564E-004   7.0815286014495546E-004   7.6837046781801598E-004   1.0298442639311890E-003   1.2372285788145650E-003   1.4619628963799419E-003   1.7207025002653551E-003   2.0055643689629193E-003   2.3168286369949823E-003   2.6722778448429675E-003
   1389496.8020376482        5.4449298769452151E-005   7.7604143846223532E-005   1.0664786576991972E-004   1.4291034639100117E-004   1.8913116370504127E-004   2.4850940456725763E-004   3.2227705709493256E-004   4.1447210115815936E-004   5.2135225422217022E-004   6.5412075434877768E-004   8.0651881746770951E-004   9.9308713532792739E-004   1.0776361878484693E-003   1.4450974055317054E-003   1.7363430632449065E-003   2.0520413877943514E-003   2.4154556426596711E-003   2.8156211530743448E-003   3.2529345908847975E-003   3.7526012979948167E-003
   1930699.2430447529        7.4291167406429794E-005   1.0599413369579863E-004   1.4584554180043877E-004   1.9558751913099673E-004   2.5911452202547977E-004   3.4071580286586906E-004   4.4225477706168198E-004   5.6909270114513316E-004   7.1619594924466853E-004   8.9929595553693759E-004   1.1092300405791573E-003   1.3663384285928523E-003   1.4828831901121380E-003   1.9900289562338226E-003   2.3917978468471733E-003   2.8274296084692513E-003   3.3289478583499229E-003   3.8812771330454339E-003   4.4850813912758209E-003   5.1753866531713839E-003
   2682697.4784160624        9.8930949338751196E-005   1.4133471842463685E-004   1.9476698311624000E-004   2.6146070802853980E-004   3.4683162636285647E-004   4.5650208438449360E-004   5.9322377191293129E-004   7.6396720882325215E-004   9.6212182285681266E-004   1.2092959340272459E-003   1.4924658683952592E-003   1.8394733312991482E-003   1.9967905326162922E-003   2.6824565180942200E-003   3.2255197787330247E-003   3.8145807152163455E-003   4.4929433956128846E-003   5.2402267785945462E-003   6.0575473036430724E-003   6.9925957263828400E-003
   3727595.4743475695        1.2824048030902352E-004   1.8349586110806725E-004   2.5331084677963808E-004   3.4048026820778621E-004   4.5234907966344007E-004   5.9610695540168951E-004   7.7570908162204080E-004   1.0000104993846085E-003   1.2605577279710225E-003   1.5863214437976340E-003   1.9593498085969862E-003   2.4168445052699917E-003   2.6242673364241988E-003   3.5301298462550165E-003   4.2476023881577920E-003   5.0262611085298472E-003   5.9234435307218558E-003   6.9121958347292322E-003   7.9942695953559798E-003   9.2332462428124477E-003
   5179476.3040447077        1.6145500536209585E-004   2.3143526892554586E-004   3.2011490804166961E-004   4.3090470967392576E-004   5.7348943823848537E-004   7.5682357256468544E-004   9.8641950300429955E-004   1.2732492221936538E-003   1.6068108256623746E-003   2.0249288971501168E-003   2.5036466926640901E-003   3.0913730537214259E-003   3.3578566961823810E-003   4.5244363167455158E-003   5.4486784280914913E-003   6.4524815730283040E-003   7.6099558736614538E-003   8.8863900781514307E-003   1.0284304868423641E-002   1.1886607138932153E-002
   7196857.8588469476        1.9715730070352076E-004   2.8315681048902123E-004   3.9247127743081539E-004   5.2915642918122834E-004   7.0559397146268516E-004   9.3263517995018368E-004   1.2177013158469832E-003   1.5740382387433702E-003   1.9889903712652238E-003   2.5105447563860107E-003   3.1077994674255666E-003   3.8419726172402896E-003   4.1748844034493783E-003   5.6362232363415645E-003   6.7946744601202133E-003   8.0540613888432800E-003   9.5076543512178195E-003   1.1112073360975909E-002   1.2870656942945532E-002   1.4888968301314700E-002
   10000000.000000000        2.3347203822628529E-004   3.3597101213380146E-004   4.6665980050351609E-004   6.3023851310022667E-004   8.4202895742768746E-004   1.1148243937761826E-003   1.4582491357741966E-003   1.8878800443523054E-003   2.3889273550473360E-003   3.0204571482030712E-003   3.7439774551821445E-003   4.6346219654112321E-003   5.0385411303350974E-003   6.8167467314694356E-003   8.2275980426276176E-003   9.7631678686615191E-003   1.1537565306413583E-002   1.3498275741648743E-002   1.5649410101932399E-002   1.8121983793834711E-002
   13894968.020376483        2.6843186270402190E-004   3.8701339676298322E-004   5.3865455537614672E-004   7.2867037861793079E-004   9.7540687505828273E-004   1.2935507497585472E-003   1.6951118448275931E-003   2.1979471500371546E-003   2.7852748451363128E-003   3.5275997798242930E-003   4.3786105081673752E-003   5.4277742378801581E-003   5.9036819471491170E-003   8.0050293148989510E-003   9.6740491863857130E-003   1.1492993122189852E-002   1.3597503094530674E-002   1.5926001143250886E-002   1.8483254056878784E-002   2.1427537740754909E-002
   19306992.430447526        3.0037317310035967E-004   4.3382251882941611E-004   6.0493800893663579E-004   8.1959650521939422E-004   1.0990804216135523E-003   1.4598372255557887E-003   1.9162998370193065E-003   2.4884564497804585E-003   3.1577690792417507E-003   4.0059228259878756E-003   4.9790085484356433E-003   6.1804887829989604E-003   6.7256349348651110E-003   9.1395960141956827E-003   1.1059210317517899E-002   1.3154134224816927E-002   1.5581146096007584E-002   1.8270189427923026E-002   2.1226540771752438E-002   2.4636226063529474E-002
   26826974.784160621        3.2820605722557421E-004   4.7474942379424650E-004   6.6310014903022568E-004   8.9962815306491336E-004   1.2083159563805925E-003   1.6071774915937152E-003   2.1129612773301523E-003   2.7475640412685529E-003   3.4909770105463339E-003   4.4352524002284309E-003   5.5194959921096767E-003   6.8601509146810190E-003   7.4686338885493267E-003   1.0170141280334982E-002   1.2321065373359728E-002   1.4671593374094296E-002   1.7398247150044354E-002   2.0423462282811170E-002   2.3752887942138458E-002   2.7599381355476342E-002
   37275954.743475698        3.5148087072085690E-004   5.0907547070765515E-004   7.1203500274335456E-004   9.6714663147999449E-004   1.3007567902841653E-003   1.7322182443004236E-003   2.2803728921914051E-003   2.9687607974688873E-003   3.7761935935736327E-003   4.8038827548019343E-003   5.9848242795669552E-003   7.4469434433654296E-003   8.1107711356633860E-003   1.1064794348923393E-002   1.3419551933607530E-002   1.5996053232233114E-002   1.8988429337734980E-002   2.2312783652185707E-002   2.5975030899551530E-002   3.0212713540544368E-002
   51794763.040447071        3.7028524959751229E-004   5.3687766617508629E-004   7.5177450530960056E-004   1.0221048360022976E-003   1.3761986805271189E-003   1.8345135090595277E-003   2.4176941986076301E-003   3.1506470629852385E-003   4.0112695912870233E-003   5.1085277517983318E-003   6.3702980924211297E-003   7.9342445568140168E-003   8.6445256786695911E-003   1.1811414681100372E-002   1.4338553976859182E-002   1.7106726990907522E-002   2.0325130087047082E-002   2.3904741543642374E-002   2.7851667809112982E-002   3.2425143433543836E-002
   71968578.588469476        3.8505993914071451E-004   5.5876634621040825E-004   7.8312898908160580E-004   1.0655494449810807E-003   1.4359643388511748E-003   1.9157157581123454E-003   2.5269394509586530E-003   3.2956435957393606E-003   4.1990351293881784E-003   5.3524119258040806E-003   6.6795111189900547E-003   8.3259649845794474E-003   9.0739279885914716E-003   1.2414114246012116E-002   1.5081993539089830E-002   1.8007061209588567E-002   2.1410944121170967E-002   2.5200607839018552E-002   2.9382303136155492E-002   3.4233567614804075E-002
   100000000.00000000        3.9641594702853540E-004   5.7561729973991209E-004   8.0730848980425452E-004   1.0991033120680829E-003   1.4822029919285551E-003   1.9786406721379584E-003   2.6117446745006099E-003   3.4083893658192217E-003   4.3452693233164775E-003   5.5427013547283783E-003   6.9211700880465587E-003   8.6326365932299851E-003   9.4103205914226034E-003   1.2887594908797734E-002   1.5667078971736678E-002   1.8716834024911904E-002   2.2268436132304795E-002   2.6225789063408965E-002   3.0595258322411119E-002   3.5669301372215884E-002
   138949680.20376483        4.0499745886654734E-004   5.8836707541807111E-004   8.2562745882338131E-004   1.1245545830025402E-003   1.5173229364342507E-003   2.0264948706305969E-003   2.6763279292371040E-003   3.4943633161712315E-003   4.4569199915066426E-003   5.6881997535401987E-003   7.1061882165431830E-003   8.8677543966795783E-003   9.6683607223861708E-003   1.3251611693823764E-002   1.6117546566691968E-002   1.9264060878271323E-002   2.2930499647963572E-002   2.7018475945697527E-002   3.1534451787779728E-002   3.6782709886732268E-002
   193069712.32189816        4.1139934041019819E-004   5.9788751167436126E-004   8.3932029435300265E-004   1.1435957628728847E-003   1.5436245709932214E-003   2.0623680513479166E-003   2.7247931764799583E-003   3.5589460519901044E-003   4.5408723769742214E-003   5.7977260931291507E-003   7.2456054465822152E-003   9.0451149363629298E-003   9.8630933722277086E-003   1.3526808049165607E-002   1.6458489669937904E-002   1.9678699465879475E-002   2.3432732456116000E-002   2.7620513944404908E-002   3.2248591761462483E-002   3.7630418492587553E-002
   268269747.84160623        4.1612947757253826E-004   6.0492683117256316E-004   8.4945231085627540E-004   1.1576948612608733E-003   1.5631147058490916E-003   2.0889703884839732E-003   2.7607621897503300E-003   3.6069136100068369E-003   4.6032724941305883E-003   5.8792046368317617E-003   7.3494011986568672E-003   9.1772693185603257E-003   1.0008238686833804E-002   1.3732210696051173E-002   1.6713195019641323E-002   1.9988736359310685E-002   2.3808620272189794E-002   2.8071544128592734E-002   3.2784136033744131E-002   3.8266845811960416E-002
   372759956.70935810        4.1959954019434384E-004   6.1009364138137263E-004   8.5689331702794172E-004   1.1680545465192506E-003   1.5774438111871409E-003   2.1085390495904242E-003   2.7872368188896555E-003   3.6422399453086684E-003   4.6492534345789222E-003   5.9392827463601462E-003   7.4259801271183614E-003   9.2748328289041539E-003   1.0115419389051401E-002   1.3884050304781258E-002   1.6901616024152685E-002   2.0218255661720554E-002   2.4087107564383523E-002   2.8405985824695324E-002   3.3181596521039247E-002   3.8739669858519850E-002
   517947630.40447074        4.2213186933848495E-004   6.1386565545274254E-004   8.6232784781000685E-004   1.1756235515090550E-003   1.5879173880601178E-003   2.1228481509054128E-003   2.8066043222596255E-003   3.6680939466567837E-003   4.6829190893786423E-003   5.9832911264762947E-003   7.4821007006515223E-003   9.3463665320563799E-003   1.0194019476051083E-002   1.3995493941391199E-002   1.7039989109298288E-002   2.0386912311256052E-002   2.4291886142125414E-002   2.8652096238636481E-002   3.3474325691693042E-002   3.9088261493140819E-002
   719686576.06998992        4.2397282609510459E-004   6.1660861618134113E-004   8.6628096564127590E-004   1.1811308053686844E-003   1.5955403897416559E-003   2.1332658571966050E-003   2.8207093840413862E-003   3.6869289630834710E-003   4.7074525488625318E-003   6.0153732785661503E-003   7.5230263956485629E-003   9.3985514845665984E-003   1.0251367977258204E-002   1.4076859672547910E-002   1.7141064528491595E-002   2.0510172176589993E-002   2.4441636125567174E-002   2.8832199577910188E-002   3.3688721263184736E-002   3.9343841005434484E-002
   1000000000.0000000        4.2530741993739214E-004   6.1859752368834077E-004   8.6914798416657172E-004   1.1851257644311009E-003   1.6010713626348465E-003   2.1408262044149725E-003   2.8309481659741747E-003   3.7006043586708809E-003   4.7252694136811066E-003   6.0386784434644748E-003   7.5527632149035972E-003   9.4364800662772568E-003   1.0293054303314095E-002   1.4136035189408270E-002   1.7214603903864836E-002   2.0599892748574707E-002   2.4550699476201511E-002   2.8963458870824365E-002   3.3845102257596710E-002   3.9530467764314660E-002
