   100.00000000000000        1.0329741639275627E-013   2.2785540996503012E-013   4.6698079021035911E-013   8.9690759825523182E-013   1.6850532472541243E-012   3.0980259417181279E-012   5.5575850794158398E-012   9.7183482421907634E-012   1.6156025022868298E-011   2.6839485719965928E-011   4.2687964911963650E-011   6.7575465238491719E-011   8.0808208438926295E-011   1.5486180822310349E-010   2.3194120393804466E-010   3.3412790205405067E-010   4.7749502655717228E-010   6.6751349137780615E-010   9.1406683173517622E-010   1.2492021530396729E-009
   138.94952764291722        1.4355913226102933E-013   3.1666443565957814E-013   6.4898933417691909E-013   1.2464794433917248E-012   2.3418001322051051E-012   4.3054617917138288E-012   7.7235977685011540E-012   1.3505933960186236E-011   2.2452544323273957E-011   3.7299574837913057E-011   5.9324493277792321E-011   9.3911002820864751E-011   1.1230066463197395E-010   2.1521345761006527E-010   3.2233080760738525E-010   4.6433932937618814E-010   6.6357561672694209E-010   9.2764240388026781E-010   1.2702741020379655E-009   1.7360056542043617E-009
   193.06981831315761        1.9952862970994419E-013   4.4012061995514404E-013   9.0200311413595047E-013   1.7324233721955563E-012   3.2547455755150636E-012   5.9839074087694799E-012   1.0734533155503091E-011   1.8770949488590952E-011   3.1205103496675634E-011   5.1839650708176623E-011   8.2450005278990320E-011   1.3051833587017599E-010   1.5607615702675866E-010   2.9910331900333249E-010   4.4797313628693019E-010   6.4533315998391154E-010   9.2222591394035695E-010   1.2892171533980027E-009   1.7653932702990032E-009   2.4126462829020816E-009
   268.26960056717098        2.7734791415731081E-013   6.1177068864819901E-013   1.2537827260200362E-012   2.4080533711046522E-012   4.5240434470018675E-012   8.3174783670669995E-012   1.4920649855080647E-011   2.6090847621941317E-011   4.3373594692945020E-011   7.2054190990440683E-011   1.1460029531405215E-010   1.8141130784504878E-010   2.1693431796518008E-010   4.1572826895456056E-010   6.2264141147524540E-010   8.9694895982829789E-010   1.2817957737584823E-009   1.7918663686597012E-009   2.4536859870377460E-009   3.3532743223219545E-009
   372.75934279762487        3.8557403262222180E-013   8.5048712482032601E-013   1.7430008861046891E-012   3.3476374771152218E-012   6.2892059361918867E-012   1.1562631757009975E-011   2.0741953088241305E-011   3.6269907440381432E-011   6.0294914134588747E-011   1.0016382215661978E-010   1.5930683940096637E-010   2.5217960147783616E-010   3.0155899955658315E-010   5.7789496202739593E-010   8.6551414335591215E-010   1.2468113022614373E-009   1.7817580625028212E-009   2.4907651463233925E-009   3.4106985006170269E-009   4.6611226748167912E-009
   517.94763040447071        5.3614042744478180E-013   1.1825874286897533E-012   2.4235831110307958E-012   4.6547306125222958E-012   8.7447504072216996E-012   1.6076914470453454E-011   2.8839740378557187E-011   5.0429316537519585E-011   8.3832643638441795E-011   1.3926383305066892E-010   2.2149186214370015E-010   3.5061381710797428E-010   4.1926556385896342E-010   8.0345084586319750E-010   1.2033172840351440E-009   1.7334140860387654E-009   2.4771141406768449E-009   3.4627909183452779E-009   4.7416873545267153E-009   6.4800162771719817E-009
   719.68578588469472        7.4571116608335563E-013   1.6448187649552051E-012   3.3708194893826983E-012   6.4739052392238136E-012   1.2162222064026732E-011   2.2359415891004081E-011   4.0109119455916569E-011   7.0133876221707096E-011   1.1658754648292585E-010   1.9367357949563762E-010   3.0802369087064765E-010   4.8758399122059772E-010   5.8305106296925521E-010   1.1172946090392562E-009   1.6733331665937018E-009   2.4104520173524289E-009   3.4445795383858846E-009   4.8151653449608184E-009   6.5934456965783390E-009   9.0105237938541928E-009
   1000.0000000000000        1.0376027784685457E-012   2.2885922859562356E-012   4.6900328196340268E-012   9.0073845172598672E-012   1.6921412095422834E-011   3.1108092575533775E-011   5.5801745866070977E-011   9.7571453637446716E-011   1.6219561879395247E-010   2.6943107618462888E-010   4.2850268327916689E-010   6.7828254405520405E-010   8.1107986547775985E-010   1.5542191381909630E-009   2.3276542961970938E-009   3.3529424896636894E-009   4.7913241908742122E-009   6.6976623521949690E-009   9.1710058729246498E-009   1.2532763523056422E-008
   1389.4952764291722        1.4445235096198221E-012   3.1860159780923213E-012   6.5289235217894031E-012   1.2538723058613419E-011   2.3554787473431372E-011   4.3301317166092516E-011   7.7671926010503671E-011   1.3580807828258406E-010   2.2575163955289858E-010   3.7499556372917026E-010   5.9637727241808602E-010   9.4398870648855399E-010   1.1287922139757871E-009   2.1629444448028546E-009   3.2392155010359280E-009   4.6659037301655028E-009   6.6673579617238519E-009   9.3199024685414019E-009   1.2761293408549618E-008   1.7438690241752463E-008
   1930.6981831315763        2.0125201918464198E-012   4.4385825677141598E-012   9.0953382546151283E-012   1.7466877452152438E-011   3.2811384853673720E-011   6.0315086187468632E-011   1.0818651494499184E-010   1.8915423415115574E-010   3.1441708612028118E-010   5.2225537313732997E-010   8.3054430554787900E-010   1.3145974739183766E-009   1.5719257433696166E-009   3.0118928500742784E-009   4.5104280290017980E-009   6.4967704831792920E-009   9.2832423596975162E-009   1.2976074398636102E-008   1.7766925391282342E-008   2.4278209027756990E-008
   2682.6960056717098        2.8067216926102816E-012   6.1898036394774797E-012   1.2683092168000264E-011   2.4355692817656809E-011   4.5749560822567098E-011   8.4093038815421891E-011   1.5082921921319172E-010   2.6369554414457757E-010   4.3830040353750148E-010   7.2798635991698178E-010   1.1576635583467710E-009   1.8322750502826684E-009   2.1908816364100809E-009   4.1975269524532419E-009   6.2856376454020937E-009   9.0532978036685020E-009   1.2935616336211225E-008   1.8080544791002467E-008   2.4754868476563705E-008   3.3825526232610066E-008
   3727.5934279762487        3.9198383975950474E-012   8.6438912036325436E-012   1.7710120289091453E-011   3.4006969797810042E-011   6.3873840750618366E-011   1.1739708941407058E-010   2.1054887834679025E-010   3.6807390395733189E-010   6.1175184071846003E-010   1.0159954491437738E-009   1.6155572251726193E-009   2.5568240590799660E-009   3.0571306935536148E-009   5.8565699488429275E-009   8.7693699910209357E-009   1.2629762289766361E-008   1.8044524521066437E-008   2.5219899327462138E-008   3.4527500992074703E-008   4.7175983517615041E-008
   5179.4763040447078        5.4849336894501666E-012   1.2093802125546778E-011   2.4775694579022564E-011   4.7569961522413729E-011   8.9339825367317985E-011   1.6418230720073374E-010   2.9442943100975900E-010   5.1465375399789111E-010   8.5529516002096684E-010   1.4203153708964412E-009   2.2582724056433891E-009   3.5736665207686918E-009   4.2727409449546960E-009   8.1841568031799596E-009   1.2253406495027355E-008   1.7645809008856749E-008   2.5208711844336552E-008   3.5229970702067608E-008   4.8227707272348293E-008   6.5889143619527658E-008
   7196.8578588469481        7.6950016619710563E-012   1.6964182447460301E-011   3.4747945910642560E-011   6.6708721915513498E-011   1.2526706152421364E-010   2.3016863507529542E-010   4.1271073227482543E-010   7.2129712077505104E-010   1.1985650006699280E-009   1.9900571946671910E-009   3.1637634773377531E-009   5.0059462042911339E-009   5.9848146718309300E-009   1.1461296864331333E-008   1.7157707543577898E-008   2.4705103583023976E-008   3.5289021797543065E-008   4.9311909742333262E-008   6.7497087102438811E-008   9.2203975748805777E-008
   10000.000000000000        1.0833672186997685E-011   2.3878646303371827E-011   4.8900827781330992E-011   9.3863759282402438E-011   1.7622774391976313E-010   3.2373279440767589E-010   5.8037956276346166E-010   1.0141268438637103E-009   1.6848751581007251E-009   2.7969482911556714E-009   4.4458141644454257E-009   7.0332901652507718E-009   8.4078576979857747E-009   1.6097356362031744E-008   2.4093646384561594E-008   3.4685856147711737E-008   4.9536967346464217E-008   6.9210947795031613E-008   9.4719354383254751E-008   1.2936954239752186E-007
   13894.952764291722        1.5324319507804065E-011   3.3767268129978596E-011   6.9132710814452925E-011   1.3266928956577866E-010   2.4902530099797166E-010   4.5732751841789913E-010   8.1969900438745475E-010   1.4319143544470510E-009   2.3784659068935254E-009   3.9472770983263096E-009   6.2729108159434388E-009   9.9214778527334854E-009   1.1859135699744928E-008   2.2697094847194113E-008   3.3963677298005347E-008   4.8883334601447883E-008   6.9796904624266679E-008   9.7497207252257078E-008   1.3340225314686112E-007   1.8216327792125698E-007
   19306.971232189815        2.1810180103114077E-011   4.8041806923604428E-011   9.8322409100586162E-011   1.8863238404120443E-010   3.5396069515939081E-010   6.4978748784840032E-010   1.1643151041259348E-009   2.0331963845848102E-009   3.3762496353216069E-009   5.6012329788534286E-009   8.8987741559936440E-009   1.4070393019170236E-008   1.6815793081346341E-008   3.2168806547128663E-008   4.8121954477232151E-008   6.9239281749266925E-008   9.8831140916062571E-008   1.3801684394282027E-007   1.8879048758091233E-007   2.5772186367629222E-007
   26826.974784160622        3.1286884189228022E-011   6.8885440043347261E-011   1.4091758773266207E-010   2.7025506773953068E-010   5.0692369272651400E-010   9.3013521352211087E-010   1.6660320905331821E-009   2.9080081789773689E-009   4.8271665515557879E-009   8.0047567469350962E-009   1.2712612230485632E-008   2.0092897974342006E-008   2.4008778709663796E-008   4.5901962300684193E-008   6.8637983528599249E-008   9.8718186831996747E-008   1.4085270608528813E-007   1.9663084316370439E-007   2.6886861043256346E-007   3.6689954240440271E-007
   37275.954743475697        4.5322632590303116E-011   9.9734185616296143E-011   2.0391256697842575E-010   3.9089943190969736E-010   7.3286910737649250E-010   1.3439074406759657E-009   2.4060758798672345E-009   4.1973866331363891E-009   6.9643580959133989E-009   1.1542480198364592E-008   1.8322634972950265E-008   2.8945889921613898E-008   3.4578903012731845E-008   6.6062257579184048E-008   9.8734403967103635E-008   1.4193182883820188E-007   2.0240928877765124E-007   2.8244040350213845E-007   3.8602362833853841E-007   5.2651886194216298E-007
   51794.763040447076        6.6422359246440253E-011   1.4607397717694873E-010   2.9846879320553481E-010   5.7188168177696452E-010   1.0715881868794514E-009   1.9636678885420111E-009   3.5138270499984295E-009   6.1258285211159346E-009   1.0158749188350319E-008   1.6825961048887240E-008   2.6695320714276327E-008   4.2148963270722398E-008   5.0337286479721280E-008   9.6084374380630688E-008   1.4351844983091911E-007   2.0618310019111062E-007   2.9386093889622097E-007   4.0983605934258276E-007   5.5982553923429283E-007   7.6313528862856933E-007
   71968.578588469478        9.8615853915704145E-011   2.1673072287138982E-010   4.4254297657882198E-010   8.4750018457899083E-010   1.5871042178611343E-009   2.9061565484426104E-009   5.1974359063786711E-009   9.0544277667502463E-009   1.5006908845008198E-008   2.4838633271056635E-008   3.9384515809173055E-008   6.2144650847803634E-008   7.4194746483381826E-008   1.4148607325763759E-007   2.1119203958986979E-007   3.0319495324704878E-007   4.3183034190788585E-007   6.0189915929100879E-007   8.2164701760375564E-007   1.1192977198009776E-006
   100000.00000000000        1.4836995274323830E-010   3.2587849480854133E-010   6.6499251247566731E-010   1.2729155485154131E-009   2.3824427577346916E-009   4.3593433964178503E-009   7.7922686204324522E-009   1.3565221991119692E-008   2.2470903950110450E-008   3.7167282652341414E-008   5.8898207312347984E-008   9.2876715412493879E-008   1.1085194542887396E-007   2.1118180568909831E-007   3.1500937559588002E-007   4.5191413611110319E-007   6.4318511488808317E-007   8.9594179588314330E-007   1.2222019530108572E-006   1.6637850723675345E-006
   138949.52764291721        2.2591458569131974E-010   4.9597509862100375E-010   1.0116086444580154E-009   1.9357876440236913E-009   3.6215474262361492E-009   6.6227828608466765E-009   1.1833509077356148E-008   2.0588205525792256E-008   3.4089799565667179E-008   5.6353834403026743E-008   8.9258104123834137E-008   1.4067621198888090E-007   1.6785883218515833E-007   3.1951170206290084E-007   4.7631280309158301E-007   6.8287620656192032E-007   9.7126005748109669E-007   1.3521919372415673E-006   1.8434019987285483E-006   2.5077597272184143E-006
   193069.92430447528        3.4699906862283577E-010   7.6168265372640732E-010   1.5532369605206819E-009   2.9720502235287840E-009   5.5591991310331399E-009   1.0163126328029293E-008   1.8156704763082906E-008   3.1578476786136506E-008   5.2276483943854930E-008   8.6392546823941855E-008   1.3679501012069408E-007   2.1552876449883381E-007   2.5713391720430159E-007   4.8917747336361984E-007   7.2895110682539529E-007   1.0445946034372466E-006   1.4850131172837114E-006   2.0666357542886635E-006   2.8159726467337689E-006   3.8288854838871085E-006
   268269.74784160621        5.3491964375596091E-010   1.1744545661666338E-009   2.3953934097700339E-009   4.5847937979132539E-009   8.5772291749113092E-009   1.5682076726212524E-008   2.8022082261584249E-008   4.8737586366826163E-008   8.0692001616015229E-008   1.3336340919861213E-007   2.1117053933693435E-007   3.3271722097997181E-007   3.9694091354432755E-007   7.5511197232609106E-007   1.1251504721630771E-006   1.6121197919030793E-006   2.2913844858676787E-006   3.1884715504857344E-006   4.3435598136411057E-006   5.9045605532284835E-006
   372759.54743475694        8.2238975458058100E-010   1.8068795021872907E-009   3.6875786974418581E-009   7.0629198075627926E-009   1.3221026094603531E-008   2.4186243191902117E-008   4.3244529716028926E-008   7.5249120475052724E-008   1.2465014676569208E-007   2.0612785426516526E-007   3.2651448874691170E-007   5.1467636539046625E-007   6.1413321156992967E-007   1.1689620729084467E-006   1.7423988564711626E-006   2.4971989960896874E-006   3.5501331154802131E-006   4.9412729232662662E-006   6.7322556270414241E-006   9.1530299497026456E-006
   517947.63040447072        1.2524595789471490E-009   2.7550546156017304E-009   5.6287907676133468E-009   1.0792909043540917E-008   2.0224036269738685E-008   3.7036642793943147E-008   6.6289929316961026E-008   1.1546122178730152E-007   1.9144269426245806E-007   3.1690859224386780E-007   5.0240120981674727E-007   7.9263309966456886E-007   9.4616157493867534E-007   1.8032625297869039E-006   2.6900037500049690E-006   3.8581749699997868E-006   5.4885902618706309E-006   7.6444099121928139E-006   1.0421015421039304E-005   1.4176461726858844E-005
   719685.78588469478        1.8773762014843769E-009   4.1365199576894363E-009   8.4641368630336205E-009   1.6253829954295435E-008   3.0501635565920192E-008   5.5943492846605220E-008   1.0027600948146570E-007   1.7490802491145457E-007   2.9040588571265924E-007   4.8145601546935522E-007   7.6419448437533949E-007   1.2072913206716452E-006   1.4419615068228333E-006   2.7536324803067550E-006   4.1128477176159844E-006   5.9061023907700653E-006   8.4113713784610186E-006   1.1727896008383618E-005   1.6003781099942236E-005   2.1793665937769389E-005
   1000000.0000000000        2.7541698071878870E-009   6.0809633885962134E-009   1.2466629618989446E-008   2.3983858729418514E-008   4.5091666842323243E-008   8.2863405073851908E-008   1.4879885490127872E-007   2.6002898391283412E-007   4.3248893836577052E-007   7.1839600751020447E-007   1.1421078579633480E-006   1.8075122219897335E-006   2.1604590932041553E-006   4.1365405212673143E-006   6.1886349902275897E-006   8.9017057569551440E-006   1.2697334583518544E-005   1.7729859045011262E-005   2.4228528922069817E-005   3.3042268142460099E-005
   1389496.8020376482        3.9362300516111925E-009   8.7118421446401565E-009   1.7899958781579599E-008   3.4509473804761659E-008   6.5023490728823825E-008   1.1976285256879459E-007   2.1551567727619444E-007   3.7745619388993141E-007   6.2909543224676663E-007   1.0473562819509612E-006   1.6683091607784393E-006   2.6458753141701867E-006   3.1653383541495771E-006   6.0798712574151142E-006   9.1143384730660908E-006   1.3136783711100838E-005   1.8774377953845890E-005   2.6263162859803357E-005   3.5954374223407276E-005   4.9124001916469708E-005
   1930699.2430447529        5.4614196235569018E-009   1.2119819048721360E-008   2.4963518310381373E-008   4.8238757017069571E-008   9.1115981204798687E-008   1.6824445681889080E-007   3.0347065150165075E-007   5.3283240525584178E-007   8.9011356529098741E-007   1.4856928153774871E-006   2.3717277682032685E-006   3.7704822231813067E-006   4.5152594579050949E-006   8.7043921262035442E-006   1.3078685257507311E-005   1.8895023969844485E-005   2.7064227868813781E-005   3.7939381538706279E-005   5.2049405060133651E-005   7.1267893086192572E-005
   2682697.4784160624        7.3392597787059760E-009   1.6333385200109597E-008   3.3730266749683798E-008   6.5338350689711769E-008   1.2373929003920565E-007   2.2909624166198328E-007   4.1426529990881252E-007   7.2932268061339993E-007   1.2213835628195973E-006   2.0441859077485163E-006   3.2710841255177699E-006   5.2137098292624469E-006   6.2503119978957910E-006   1.2097164969370053E-005   1.8221812970652207E-005   2.6393176950274091E-005   3.7897593582841449E-005   5.3249346798168204E-005   7.3226242538450783E-005   1.0050464147958257E-004
   3727595.4743475695        9.5410621269171710E-009   2.1295307853309298E-008   4.4095217760383010E-008   8.5628486827722760E-008   1.6260513895800013E-007   3.0188271337616516E-007   5.4728598423710963E-007   9.6618779956661703E-007   1.6222079825394931E-006   2.7226952650136096E-006   4.3676818819241472E-006   6.9802915606980252E-006   8.3775120057360700E-006   1.6281983404027680E-005   2.4589393249362810E-005   3.5712569157357630E-005   5.1413116667267234E-005   7.2417837613430176E-005   9.9837502102470305E-005   1.3737985447794381E-004
   5179476.3040447077        1.1996949767169852E-008   2.6854097571871420E-008   5.5754214458654133E-008   1.0853543221132611E-007   2.0666265022612432E-007   3.8472514681414139E-007   6.9926170973641715E-007   1.2379142325793303E-006   2.0837530947006840E-006   3.5072229359529976E-006   5.6403198003275636E-006   9.0385423442578794E-006   1.0859943174807776E-005   2.1195873128956224E-005   3.2094914337023041E-005   4.6740869185896952E-005   6.7468705379155434E-005   9.5272378998258401E-005   1.3168571543658675E-004   1.8168015437541898E-004
   7196857.8588469476        1.4601872503812520E-008   3.2775837015632204E-008   6.8225171713761593E-008   1.3312707806015476E-007   2.5415306343811940E-007   4.7437903530777004E-007   8.6436155220464201E-007   1.5343004405186249E-006   2.5890579597771815E-006   4.3696668406870444E-006   7.0445022735137917E-006   1.1318410696010838E-005   1.3614067917423800E-005   2.6681171739624814E-005   4.0505139795873309E-005   5.9146914874155341E-005   8.5599424850216752E-005   1.2117587447756400E-004   1.6791859630150828E-004   2.3227245581370194E-004
   10000000.000000000        1.7230151337297051E-008   3.8775926694867421E-008   8.0912019288549377E-008   1.5823409801352243E-007   3.0283252479298713E-007   5.6663460463648518E-007   1.0348934878289560E-006   1.8416408116348734E-006   3.1149387049439990E-006   5.2708433313019056E-006   8.5170246251819272E-006   1.3718336316819598E-005   1.6517720193045884E-005   3.2499090661938984E-005   4.9458627267894005E-005   7.2404525734695341E-005   1.0504712232237529E-004   1.4906155028463118E-004   2.0706724453708393E-004   2.8714176164435786E-004
   13894968.020376483        1.9755451386734196E-008   4.4564159612592355E-008   9.3198525346739194E-008   1.8263302386878710E-007   3.5032110635927571E-007   6.5696793239893171E-007   1.2024840927288490E-006   2.1448139225680153E-006   3.6354955198681458E-006   6.1663561066986147E-006   9.9853566643691798E-006   1.6120176691591600E-005   1.9427990969840927E-005   3.8364010247971573E-005   5.8516949254603775E-005   8.5866046183871364E-005   1.2486477083800126E-004   1.7757719526234657E-004   2.4724111173028397E-004   3.4365266854986023E-004
   19306992.430447526        2.2070872659577533E-008   4.9891222120435530E-008   1.0454751320834024E-007   2.0524387671530824E-007   3.9448869053807577E-007   7.4127708229745307E-007   1.3594427082492392E-006   2.4297533606163819E-006   4.1263517165610168E-006   7.0138693766190360E-006   1.1379534363401751E-005   1.8408588697685215E-005   2.2204684574080643E-005   4.3990349528801326E-005   6.7236556755899960E-005   9.8868483209906891E-005   1.4407151621582623E-004   2.0530605171412987E-004   2.8643636610433879E-004   3.9897787993079328E-004
   26826974.784160621        2.4103472024388854E-008   5.4583427175133618E-008   1.1457733838457121E-007   2.2528646381982059E-007   4.3376879285801035E-007   8.1649579662550316E-007   1.4999274448014362E-006   2.6856088650678414E-006   4.5684399134901394E-006   7.7797588532955393E-006   1.2643253245438491E-005   2.0489485535229738E-005   2.4732833984602196E-005   4.9139030176399389E-005   7.5241424188284562E-005   1.1084288619418640E-004   1.6181553931170919E-004   2.3100331939675191E-004   3.2287235324911278E-004   4.5057530095478365E-004
   37275954.743475698        2.5819317788964600E-008   5.8556134754358075E-008   1.2309417004532686E-007   2.4235094250924153E-007   4.6730993035132876E-007   8.8090630061294331E-007   1.6205710695026979E-006   2.9059598452814057E-006   4.9502125497988191E-006   8.4431575522465688E-006   1.3740845546594569E-005   2.2302031380568236E-005   2.6937512738960119E-005   5.3649517662232905E-005   8.2274536214207034E-005   1.2139385243549236E-004   1.7749532682761337E-004   2.5377641014033895E-004   3.5525365593783729E-004   4.9656806423735130E-004
   51794763.040447071        2.7219378695338775E-008   6.1805820877927005E-008   1.3007840502537543E-007   2.5637664283443362E-007   4.9494700176054500E-007   9.3410779577245401E-007   1.7204668198918455E-006   3.0888681352887598E-006   5.2678598628435917E-006   8.9965796556164714E-006   1.4658665340501231E-005   2.3821530379570494E-005   2.8787635417720706E-005   5.7449909613118197E-005   8.8215812902222391E-005   1.3032959523487497E-004   1.9080895744697602E-004   2.7316301689619558E-004   3.8288999915269382E-004   5.3592781437009128E-004
   71968578.588469476        2.8329654083777473E-008   6.4388183677483470E-008   1.3563989476988334E-007   2.6756640037616349E-007   5.1704161672250562E-007   9.7672613442322344E-007   1.8006570395740225E-006   3.2360017251583636E-006   5.5238881326656149E-006   9.4436394922827457E-006   1.5401597658472588E-005   2.5054154428082580E-005   3.0289783975814504E-005   6.0546264972970207E-005   9.3067431333467216E-005   1.3764274976508289E-004   2.0172980581740471E-004   2.8910199532886864E-004   4.0566331063011555E-004   5.6844069764792015E-004
   100000000.00000000        2.9189933756971882E-008   6.6392379459799595E-008   1.3996338762369719E-007   2.7627867013893286E-007   5.3427314601236616E-007   1.0100188300946832E-006   1.8634067680535325E-006   3.3513326363139657E-006   5.7249074642538998E-006   9.7952956653303588E-006   1.5986983770280457E-005   2.6027162122043312E-005   3.1476436136609122E-005   6.2999568297483736E-005   9.6919025002794687E-005   1.4345978562706920E-004   2.1043388209831241E-004   3.0183164873144532E-004   4.2388836735076627E-004   5.9451767743828323E-004
   138949680.20376483        2.9844377990132497E-008   6.7919006618219711E-008   1.4326096778802240E-007   2.8293172906406553E-007   5.4744938024250164E-007   1.0355099650282116E-006   1.9115180633757779E-006   3.4398819093375606E-006   5.8794558958890026E-006   1.0066069724869334E-005   1.6438372477447422E-005   2.6778601728273765E-005   3.2393455251757285E-005   6.4900279914444412E-005   9.9908221998558187E-005   1.4798213575021181E-004   2.1721294210991254E-004   3.1176457037175462E-004   4.3813630887814213E-004   6.1494642367523064E-004
   193069712.32189816        3.0335201535780620E-008   6.9065096062697069E-008   1.4573908685882433E-007   2.8793625936427139E-007   5.5737111546424541E-007   1.0547249975807175E-006   1.9478239277520207E-006   3.5067787696110369E-006   5.9963437975809291E-006   1.0271121098923563E-005   1.6780613515748589E-005   2.7349097352329864E-005   3.3090047502561926E-005   6.6347385368652605E-005   1.0218762216132017E-004   1.5143614602206162E-004   2.2239941520591281E-004   3.1937771598067490E-004   4.4907712639315162E-004   6.3066601275772619E-004
   268269747.84160623        3.0699357672753623E-008   6.9916062648235945E-008   1.4758052350762800E-007   2.9165779360910573E-007   5.6475531563379567E-007   1.0690376632237711E-006   1.9748910850669796E-006   3.5566989182394463E-006   6.0836502386062325E-006   1.0424444502139303E-005   1.7036789393938699E-005   2.7776634865894820E-005   3.3612348444341939E-005   6.7434704084387993E-005   1.0390289690922717E-004   1.5403941857338805E-004   2.2631521494560097E-004   3.2513639866569666E-004   4.5736930221561354E-004   6.4260683179633471E-004
   372759956.70935810        3.0967351443950791E-008   7.0542680786925334E-008   1.4893730456107954E-007   2.9440144190026185E-007   5.7020275166458659E-007   1.0796034625290177E-006   1.9948870298336664E-006   3.5936064617406526E-006   6.1482508065654323E-006   1.0538000784800877E-005   1.7226704726361225E-005   2.8093940529409973E-005   3.4000172283158361E-005   6.8243736757691290E-005   1.0518113400671219E-004   1.5598259024590105E-004   2.2924355763849255E-004   3.2945175479627629E-004   4.6359709164548634E-004   6.5159812537840913E-004
   517947630.40447074        3.1163391814408853E-008   7.1001262954807380E-008   1.4993071017921865E-007   2.9641120268366672E-007   5.7419514195369483E-007   1.0873513362584340E-006   2.0095589604357328E-006   3.6207054126196025E-006   6.1957169558527280E-006   1.0621509637058756E-005   1.7366494422530514E-005   2.8327748154899986E-005   3.4286078027006504E-005   6.8841410664002384E-005   1.0612697108117366E-004   1.5742301459512284E-004   2.3141878671604596E-004   3.3266479986885131E-004   4.6824620691060282E-004   6.5833092560064598E-004
   719686576.06998992        3.1306165045176911E-008   7.1335354880471899E-008   1.5065469931874685E-007   2.9787643586996658E-007   5.7710703675466830E-007   1.0930048990865763E-006   2.0202704725210239E-006   3.6405010648818589E-006   6.2304129621016489E-006   1.0682599797493641E-005   1.7468844660642634E-005   2.8499115604751506E-005   3.4495730472662265E-005   6.9280624306825584E-005   1.0682324626625671E-004   1.5848544464433138E-004   2.3302693856623602E-004   3.3504657601375728E-004   4.7170306594463324E-004   6.6335547082860410E-004
   1000000000.0000000        3.1409806000798745E-008   7.1577939334731974E-008   1.5118053488443531E-007   2.9894094230032144E-007   5.7922326162983537E-007   1.0971151707804121E-006   2.0280613797593624E-006   3.6549065346998336E-006   6.2556760059473981E-006   1.0727113280801268E-005   1.7543483268674161E-005   2.8624212108919044E-005   3.4648846832890680E-005   6.9602096927688574E-005   1.0733379528211578E-004   1.5926610363746997E-004   2.3421160459312213E-004   3.3680638523407255E-004   4.7426610491112264E-004   6.6709663922902783E-004
