   100.00000000000000        1.3265921661757227E-010   2.0186304833477482E-010   2.9514797357169802E-010   4.1814816110065523E-010   5.8394423919650624E-010   8.0794298869868999E-010   1.0996168818448766E-009   1.4808030155974051E-009   1.9411173067594846E-009   2.5366257458645168E-009   3.2446097400150048E-009   4.1412601572612337E-009   4.5536845184492711E-009   6.4329029448453612E-009   7.9624182333702987E-009   9.6625866243978154E-009   1.1663778109293594E-008   1.3914968870003160E-008   1.6368388580968188E-008   1.9286946625238742E-008
   138.94952764291722        1.8437845909033160E-010   2.8056133004391242E-010   4.1021276223506214E-010   5.8116285277230272E-010   8.1159206821538503E-010   1.1229109154912953E-009   1.5282871630948364E-009   2.0580650922916232E-009   2.6978154088906111E-009   3.5254587952091456E-009   4.5094187206660632E-009   5.7555792312895975E-009   6.3287658986480012E-009   8.9404835300624628E-009   1.1066177795187529E-008   1.3429033215819033E-008   1.6210237830855320E-008   1.9338879201100375E-008   2.2748573613140817E-008   2.6804668808160806E-008
   193.06981831315761        2.5628793367213710E-010   3.8998089822221160E-010   5.7019373133104397E-010   8.0780911404354400E-010   1.1280983765593551E-009   1.5608168493646163E-009   2.1242723180545917E-009   2.8606313958103239E-009   3.7498433637361556E-009   4.9002120074732325E-009   6.2678441939300984E-009   7.9998985801903176E-009   8.7965804335032032E-009   1.2426618360385247E-008   1.5381111547960281E-008   1.8665215427546069E-008   2.2530766424223554E-008   2.6879202860465590E-008   3.1618271171728263E-008   3.7255690865758404E-008
   268.26960056717098        3.5629386511431798E-010   5.4215081250051521E-010   7.9267669368880970E-010   1.1229983331108854E-009   1.5682487424933581E-009   2.1697834585149064E-009   2.9530627321266711E-009   3.9766833461173604E-009   5.2127824707068100E-009   6.8119119956666672E-009   8.7130485144504554E-009   1.1120732365147607E-008   1.2228183756576885E-008   1.7274163365034863E-008   2.1381057469249519E-008   2.5946091176389908E-008   3.1319337442795072E-008   3.7363789054804254E-008   4.3951233739795306E-008   5.1787281022219884E-008
   372.75934279762487        4.9542186824533918E-010   7.5384527091323817E-010   1.1021833666086971E-009   1.5614652133090429E-009   2.1805439056268151E-009   3.0169033089500128E-009   4.1059621595109533E-009   5.5291528977544646E-009   7.2477555348281349E-009   9.4710853027923400E-009   1.2114284640191685E-008   1.5461685073314813E-008   1.7001382554884276E-008   2.4016722084671991E-008   2.9726397402771682E-008   3.6072939475389359E-008   4.3543057671285393E-008   5.1946272558493736E-008   6.1104382826047374E-008   7.1998091505953379E-008
   517.94763040447071        6.8906849240656492E-010   1.0484865934690682E-009   1.5329518153214704E-009   2.1717040417133000E-009   3.0326938328161311E-009   4.1958344246718555E-009   5.7104207894246279E-009   7.6896270642786502E-009   1.0079642902391239E-008   1.3171550482671004E-008   1.6847313524811889E-008   2.1502248305637280E-008   2.3643387140822923E-008   3.3398845673563929E-008   4.1338526800566128E-008   5.0163679772816290E-008   6.0551134904762194E-008   7.2236012202435107E-008   8.4970603171126400E-008   1.0011809649827297E-007
   719.68578588469472        9.5877315238462725E-010   1.4588387063640074E-009   2.1328708828532521E-009   3.0215371473411113E-009   4.2193883983134103E-009   5.8375401420049914E-009   7.9446434728128776E-009   1.0697999749153817E-008   1.4022822317184959E-008   1.8324030630058101E-008   2.3437368719061080E-008   2.9912587453599148E-008   3.2891038907342552E-008   4.6461009682609626E-008   5.7504951461587877E-008   6.9780309718299003E-008   8.4228598037885259E-008   1.0048136231987277E-007   1.1819422242682161E-007   1.3926229896556090E-007
   1000.0000000000000        1.3347495775750238E-009   2.0308537490711041E-009   2.9690971112697381E-009   4.2060617855244249E-009   5.8733842608536493E-009   8.1256063916734243E-009   1.1058419678363950E-008   1.4890483074079055E-008   1.9517847464812282E-008   2.5504038109708065E-008   3.2620349276493602E-008   4.1631546333497914E-008   4.5776553690490975E-008   6.4660538440200777E-008   8.0028800192068384E-008   9.7110149725239256E-008   1.1721486429758420E-007   1.3983019760098703E-007   1.6447726695655654E-007   1.9379121854687657E-007
   1389.4952764291722        1.8595259308569415E-009   2.8292006851759353E-009   4.1361241894682021E-009   5.8590615516045057E-009   8.1814198212922250E-009   1.1318218189013366E-008   1.5403000951049237E-008   2.0739765928202920E-008   2.7184012450432386E-008   3.5520475828292435E-008   4.5430458693648586E-008   5.7978314289345547E-008   6.3750252518595114E-008   9.0044591667456730E-008   1.1144262669868658E-007   1.3522492485262187E-007   1.6321606532512401E-007   1.9470208175708694E-007   2.2901685667108679E-007   2.6982555266063190E-007
   1930.6981831315763        2.5932491968943438E-009   3.9453167332118343E-009   5.7675280571088481E-009   8.1696058979522249E-009   1.1407355941076165E-008   1.5780093425300897E-008   2.1474500166365379E-008   2.8913311223226046E-008   3.7895621863514447E-008   4.9515134055262018E-008   6.3327261463054280E-008   8.0814227201903526E-008   8.8858366315935697E-008   1.2550058938250192E-007   1.5531777059621265E-007   1.8845546498853347E-007   2.2745655407023753E-007   2.7132607399220881E-007   3.1913707789497540E-007   3.7598932118156765E-007
   2682.6960056717098        3.6215145649870999E-009   5.5092825426283970E-009   8.0532778370232429E-009   1.1406497903124363E-008   1.5926239662771865E-008   2.2029452451308846E-008   2.9977696986758504E-008   4.0358998036870296E-008   5.2893969001591810E-008   6.9108691972854706E-008   8.8382030596975910E-008   1.1277990561143393E-007   1.2400357969051797E-007   1.7512282363823416E-007   2.1671697233012847E-007   2.6293958463042049E-007   3.1733872401243692E-007   3.7852627567902558E-007   4.4521157767118298E-007   5.2449428157984797E-007
   3727.5934279762487        5.0671515954372183E-009   7.7076830795913534E-009   1.1265750900742279E-008   1.5954982675504911E-008   2.2275419429318372E-008   3.0808432162828597E-008   4.1921641853366409E-008   5.6433326660788677E-008   7.3954846687525976E-008   9.6618986379047563E-008   1.2355616321191974E-007   1.5764925588615677E-007   1.7333388422745017E-007   2.4475899804735697E-007   3.0286863035302260E-007   3.6743766149452388E-007   4.4342456625472465E-007   5.2888972606557700E-007   6.2203458237410599E-007   7.3275025686356943E-007
   5179.4763040447078        7.1082933001813758E-009   1.0810962329493308E-008   1.5799538394436669E-008   2.2372858634821421E-008   3.1232623509969541E-008   4.3190524571683785E-008   5.8765443688552278E-008   7.9096711316577367E-008   1.0364350566505720E-007   1.3539298249437021E-007   1.7312433279278877E-007   2.2086697379992928E-007   2.4283284653680958E-007   3.4283876868195744E-007   4.2418808500375127E-007   5.1456691959497879E-007   6.2091997952699924E-007   7.4053126088986607E-007   8.7089158278229131E-007   1.0257951775805233E-006
   7196.8578588469481        1.0006698427386393E-008   1.5216254768857362E-008   2.2233708890932308E-008   3.1478152474580213E-008   4.3937869139025510E-008   6.0748126770478073E-008   8.2645483364503332E-008   1.1121749502124641E-007   1.4571120388673131E-007   1.9032269587305945E-007   2.4333161769963506E-007   3.1038235827391773E-007   3.4123501748355341E-007   4.8165682627792672E-007   5.9585770259388420E-007   7.2270924363403206E-007   8.7196706929029360E-007   1.0398169807767948E-006   1.2227528241122267E-006   1.4400392106943319E-006
   10000.000000000000        1.4153213248867736E-008   2.1516065642082929E-008   3.1431548668187236E-008   4.4489416775781822E-008   6.2088403882598139E-008   8.5820142526233932E-008   1.1673808870650331E-007   1.5705664720983851E-007   2.0572688676582129E-007   2.6866638071064141E-007   3.4343865430817674E-007   4.3797404133775258E-007   4.8147989688069032E-007   6.7940787090319205E-007   8.4033052037766752E-007   1.0190311544105055E-006   1.2292695470694529E-006   1.4656681856476866E-006   1.7233169055718742E-006   2.0291721317023053E-006
   13894.952764291722        2.0142165435076186E-008   3.0610557093979407E-008   4.4703482863720312E-008   6.3254679090720981E-008   8.8256635024661887E-008   1.2194792675202494E-007   1.6585005879760420E-007   2.2305611661025543E-007   2.9210380786406447E-007   3.8138220044966113E-007   4.8741787591238527E-007   6.2139779248160740E-007   6.8306869177192072E-007   9.6348064493585203E-007   1.1913793396625594E-006   1.4443633721011861E-006   1.7419456490383754E-006   2.0765045952756772E-006   2.4411424934983363E-006   2.8736784909921295E-006
   19306.971232189815        2.8895240046699033E-008   4.3894400022174539E-008   6.4078015014874403E-008   9.0631913280747167E-008   1.2641826716786264E-007   1.7459884340889195E-007   2.3739847449387976E-007   3.1914578485505949E-007   4.1780053907496945E-007   5.4533688171130550E-007   6.9676118805329338E-007   8.8793882082567660E-007   9.7596155295570106E-007   1.3758992834381219E-006   1.7007807505674447E-006   2.0612495425057017E-006   2.4851760252201825E-006   2.9616827923123377E-006   3.4810385717990753E-006   4.0964932052993206E-006
   26826.974784160622        4.1869729677190334E-008   6.3570826471844400E-008   9.2757009825312555E-008   1.3112817078183318E-007   1.8283945210095586E-007   2.5238114418471598E-007   3.4305582535528940E-007   4.6093692699933880E-007   6.0317517882519650E-007   7.8701114806733376E-007   1.0051894269958800E-006   1.2803677162136798E-006   1.4071115425633768E-006   1.9824410335119191E-006   2.4495111878899860E-006   2.9674220031210123E-006   3.5763511630176184E-006   4.2606344672923341E-006   5.0064633105991449E-006   5.8891759248892201E-006
   37275.954743475697        6.1407968807832718E-008   9.3178803166174024E-008   1.3588023454529382E-007   1.9197311374523368E-007   2.6756757819166583E-007   3.6908586495786897E-007   5.0151629146603837E-007   6.7341114700391072E-007   8.8078693413470580E-007   1.1487356033652374E-006   1.4665798861371562E-006   1.8669674897397081E-006   2.0514662610011542E-006   2.8879916207802616E-006   3.5666053275067352E-006   4.3185003883082306E-006   5.2022728972450437E-006   6.1951094102481961E-006   7.2772660201065311E-006   8.5560107404571321E-006
   51794.763040447076        9.1316039620699925E-008   1.3846717065770954E-007   2.0179465802660707E-007   2.8490313001470935E-007   3.9691159720726170E-007   5.4708768973711903E-007   7.4310812441342308E-007   9.9707743124682787E-007   1.3034181461754102E-006   1.6991207296244044E-006   2.1682374049862936E-006   2.7583346170014222E-006   3.0304089474138719E-006   4.2623181979921421E-006   5.2608361233468832E-006   6.3661499368397203E-006   7.6649175379539417E-006   9.1234579878197375E-006   1.0713272921419307E-005   1.2588345139577158E-005
   71968.578588469478        1.3779007459508286E-007   2.0879703190913192E-007   3.0409549882059721E-007   4.2903593373946548E-007   5.9744625001015057E-007   8.2284720673229864E-007   1.1172702727429223E-006   1.4979735932479879E-006   1.9571292752504014E-006   2.5500662441771678E-006   3.2525735846467527E-006   4.1348768823967034E-006   4.5419618081948178E-006   6.3823969719443335E-006   7.8728369249167191E-006   9.5209638768773413E-006   1.1456973491293402E-005   1.3630362245696818E-005   1.5999553488238912E-005   1.8787833266186199E-005
   100000.00000000000        2.1082214742879946E-007   3.1927791465325001E-007   4.6474653686300599E-007   6.5527919928107394E-007   9.1217177166927727E-007   1.2554048770869834E-006   1.7041280099478714E-006   2.2832039904342538E-006   2.9815992783305280E-006   3.8833506064030832E-006   4.9510875232548693E-006   6.2900496381724548E-006   6.9083284373512698E-006   9.6993420667302910E-006   1.1957759978894083E-005   1.4452462807384501E-005   1.7382293003995619E-005   2.0670269200793144E-005   2.4255106542793011E-005   2.8464428570858242E-005
   138949.52764291721        3.2617032540968292E-007   4.9377706695213265E-007   7.1849910765144068E-007   1.0126030781923233E-006   1.4093160478964466E-006   1.9385811172278789E-006   2.6311885975160306E-006   3.5234620427006241E-006   4.5997319063986634E-006   5.9895176309890192E-006   7.6342546832541090E-006   9.6941248286604671E-006   1.0646123646268584E-005   1.4937928199995671E-005   1.8408717807398546E-005   2.2239051083970335E-005   2.6737244989905378E-005   3.1784121257079172E-005   3.7288697760418759E-005   4.3737828931465432E-005
   193069.92430447528        5.0782560692372433E-007   7.6871755282858465E-007   1.1185121356564692E-006   1.5760709094711206E-006   2.1936749142414841E-006   3.0168079140825224E-006   4.0951339456591125E-006   5.4826356083871019E-006   7.1567959514826504E-006   9.3196226967194391E-006   1.1878270869585034E-005   1.5080049353688897E-005   1.6561132664214466E-005   2.3232101333765286E-005   2.8625859480360778E-005   3.4574596883445642E-005   4.1561938562296171E-005   4.9401086009519565E-005   5.7956891081780973E-005   6.7961643242055969E-005
   268269.74784160621        7.9061746514678036E-007   1.1971435920951617E-006   1.7424422692364939E-006   2.4556350761165767E-006   3.4191590199151017E-006   4.7028374893378908E-006   6.3864192958631636E-006   8.5515752675140429E-006   1.1165449790594480E-005   1.4545322937017058E-005   1.8543168681077256E-005   2.3544855303375186E-005   2.5860576113289856E-005   3.6287592677008830E-005   4.4720955197075732E-005   5.4020428687289796E-005   6.4949055133535776E-005   7.7212071655798759E-005   9.0610501307485515E-005   1.0625638574266094E-004
   372759.54743475694        1.2222146911584004E-006   1.8519445759880574E-006   2.6974100078717127E-006   3.8034794876889409E-006   5.2995003571424203E-006   7.2931884309365064E-006   9.9111303672478948E-006   1.3278697723235737E-005   1.7347205265646740E-005   2.2615161789298006E-005   2.8847030501298481E-005   3.6647539079549964E-005   4.0262041160123475E-005   5.6543099765188797E-005   6.9722949396361502E-005   8.4261855564591258E-005   1.0136209128504231E-004   1.2055892134869446E-004   1.4156515189456124E-004   1.6607797316953724E-004
   517947.63040447072        1.8633268175457632E-006   2.8264275220098868E-006   4.1211990250749097E-006   5.8161800918601452E-006   8.1119272630905102E-006   1.1174168995195191E-005   1.5200380782786160E-005   2.0384376818401081E-005   2.6653288687432538E-005   3.4784783044356127E-005   4.4407917598855911E-005   5.6467342349666689E-005   6.2059467718502285E-005   8.7274358245040896E-005   1.0771584220189798E-004   1.3028635749887736E-004   1.5686342713116605E-004   1.8672118711302862E-004   2.1945773827546916E-004   2.5766030871787065E-004
   719685.78588469478        2.7846350655789284E-006   4.2299678516863547E-006   6.1763213144896957E-006   8.7268646756943139E-006   1.2186998533465365E-005   1.6808956544566163E-005   2.2894163180622573E-005   3.0741315719299130E-005   4.0241374035111216E-005   5.2589978348927426E-005   6.7213443606598756E-005   8.5570895576954063E-005   9.4089349862605358E-005   1.3255986920629768E-004   1.6380759740285364E-004   1.9835973243640374E-004   2.3910185262620263E-004   2.8492025796071949E-004   3.3527552110562296E-004   3.9407960881806267E-004
   1000000.0000000000        4.0590945363809585E-006   6.1765752785213324E-006   9.0336550698449729E-006   1.2782550582871599E-005   1.7877620189206728E-005   2.4695776253060362E-005   3.3685688612480263E-005   4.5301541489222343E-005   5.9382179360036448E-005   7.7727629919937998E-005   9.9472274543723041E-005   1.2682851050287017E-004   1.3953091423260172E-004   1.9701169042544026E-004   2.4380799075810592E-004   2.9564913032550661E-004   3.5687371443807295E-004   4.2581547865299546E-004   5.0178790449672335E-004   5.9061703557172611E-004
   1389496.8020376482        5.7491393164573305E-006   8.7655001161980339E-006   1.2844165689853596E-005   1.8204278303622149E-005   2.5503513128588969E-005   3.5291480669981450E-005   4.8217720902200852E-005   6.4957606332723323E-005   8.5278471717766877E-005   1.1182007995595471E-004   1.4331431209993933E-004   1.8303453600149882E-004   2.0148957211649470E-004   2.8519381033252015E-004   3.5351449405605418E-004   4.2936456880181354E-004   5.1909571827970298E-004   6.2029109666389285E-004   7.3213388765643007E-004   8.6311671933766629E-004
   1930699.2430447529        7.8900784667224561E-006   1.2055653885720102E-005   1.7701069985863247E-005   2.5133064506478072E-005   3.5274915887697411E-005   4.8905125182268814E-005   6.6936299115055842E-005   9.0344072928721385E-005   1.1880299437620321E-004   1.5606944568796879E-004   2.0034548031062864E-004   2.5633580202117512E-004   2.8236661531706763E-004   4.0072442111563507E-004   4.9759482776272736E-004   6.0539676191147544E-004   7.3315282947581945E-004   8.7747864730061209E-004   1.0374844402290483E-003   1.2252259253027640E-003
   2682697.4784160624        1.0473517673427623E-005   1.6039554412704344E-005   2.3600644608149178E-005   3.3573065466751769E-005   4.7211180815524668E-005   6.5582745391820082E-005   8.9930161909191730E-005   1.2161655604241823E-004   1.6020314180564081E-004   2.1086302661853747E-004   2.7113363625846725E-004   3.4756296445478908E-004   3.8311835054772258E-004   5.4520139317568931E-004   6.7823304325474569E-004   8.2664648221111869E-004   1.0028484176182388E-003   1.2022748077192230E-003   1.4240710220421685E-003   1.6848426305949452E-003
   3727595.4743475695        1.3436448230303349E-005   2.0625425283543875E-005   3.0414358944248836E-005   4.3349957125829508E-005   6.1079554040546286E-005   8.5018407841046964E-005   1.1680382250190297E-004   1.5827302378245981E-004   2.0885738663920105E-004   2.7544127003106155E-004   3.5476855836411784E-004   4.5564715488847102E-004   5.0260544266044979E-004   7.1723421800669773E-004   8.9388967321123007E-004   1.0914699924483063E-003   1.3264681354584020E-003   1.5929624648589739E-003   1.8902920601089218E-003   2.2406032737669313E-003
   5179476.3040447077        1.6661801737209430E-005   2.5636583659812643E-005   3.7886064789874959E-005   5.4104453393047873E-005   7.6382636199674324E-005   1.0653187268222817E-004   1.4664047924114500E-004   1.9909466867830698E-004   2.6318678679842806E-004   3.4776620676452499E-004   4.4867572210482797E-004   5.7735574525036467E-004   6.3729161565019229E-004   9.1195800989729147E-004   1.1386494492686091E-003   1.3928251748821844E-003   1.6956750100461067E-003   2.0398038862409740E-003   2.4249380640765858E-003   2.8796543686747341E-003
   7196857.8588469476        1.9993027687366383E-005   3.0832543243018853E-005   4.5661365060489632E-005   6.5331899530688707E-005   9.2410907075191236E-005   1.2913717262382391E-004   1.7808996623566286E-004   2.4225670700842321E-004   3.2079105692380932E-004   4.2468605097289482E-004   5.4881182994502759E-004   7.0751890397641973E-004   7.8148397196364339E-004   1.1213192337387206E-003   1.4025309598122851E-003   1.7185923861233986E-003   2.0958309966168471E-003   2.5253434237433162E-003   3.0074418680211576E-003   3.5778174556988494E-003
   10000000.000000000        2.3259971870802452E-005   3.5948233483456001E-005   5.3344597179285930E-005   7.6462388623424227E-005   1.0835376075314327E-004   1.5169480737876209E-004   2.0957405817391300E-004   2.8560190986588231E-004   3.7880346343520578E-004   5.0239367296475549E-004   6.5024489085872448E-004   8.3975951199641492E-004   9.2813222282392340E-004   1.3351774530265925E-003   1.6728296363746826E-003   2.0531778526030543E-003   2.5079000050221068E-003   3.0266351289797893E-003   3.6104503007640546E-003   4.3025456126939638E-003
   13894968.020376483        2.6308473937512014E-005   4.0740048388309675E-005   6.0567334727313851E-005   8.6959131233820433E-005   1.2343873799792901E-004   1.7310669647489587E-004   2.3955498684351115E-004   3.2700591774848696E-004   4.3437390875797121E-004   5.7706400252920673E-004   7.4797547627209360E-004   9.6754916179720134E-004   1.0699938113891984E-003   1.5429641541471141E-003   1.9361836512347718E-003   2.3800355958768530E-003   2.9115082810137962E-003   3.5189087401130631E-003   4.2041696601624271E-003   5.0180593149973148E-003
   19306992.430447526        2.9024294589405223E-005   4.5024175822261841E-005   6.7046922907068945E-005   9.6404408557377485E-005   1.3705593731851571E-004   1.9249406961996182E-004   2.6678552393922405E-004   3.6472405260729523E-004   4.8513541156662890E-004   6.4548111161713778E-004   8.3775706784974108E-004   1.0852810680261234E-003   1.2008245524516552E-003   1.7354198610294472E-003   2.1807700274260023E-003   2.6843878275322050E-003   3.2882928771642327E-003   3.9796380537824435E-003   4.7612615470615047E-003   5.6912229222491895E-003
   26826974.784160621        3.1344741281687499E-005   4.8696405625212519E-005   7.2618382555646776E-005   1.0454845635033788E-004   1.4883178535078507E-004   2.0930687563966999E-004   2.9046828846458837E-004   3.9761921373433138E-004   5.2951899797097288E-004   7.0547395091724379E-004   9.1667938374098094E-004   1.1890516401709789E-003   1.3162530690595986E-003   1.9059141191635296E-003   2.3980069167690954E-003   2.9553726319498123E-003   3.6245920638385142E-003   4.3918658413384269E-003   5.2609112126467119E-003   6.2965118244717611E-003
   37275954.743475698        3.3256552003748424E-005   5.1730413516781168E-005   7.7234146508318145E-005   1.1131201788622144E-004   1.5863712367365388E-004   2.2334112696027498E-004   3.1028831977260508E-004   4.2521756814595702E-004   5.6684135376960129E-004   7.5605330822062721E-004   9.8336841937730728E-004   1.2769513853454300E-003   1.4141149837595753E-003   2.0510038875502555E-003   2.5833141250608720E-003   3.1870496443167869E-003   3.9127604853425547E-003   4.7458947386078377E-003   5.6909723393956807E-003   6.8187259200737258E-003
   51794763.040447071        3.4784215841890054E-005   5.4160471002982503E-005   8.0939644370340891E-005   1.1675301070696756E-004   1.6654271636967389E-004   2.3468031341548906E-004   3.2633787040738566E-004   4.4761363687142520E-004   5.9718862599329346E-004   7.9727290763685404E-004   1.0378240735511770E-003   1.3488798870552913E-003   1.4942584543221483E-003   2.1702171997336466E-003   2.7358929183906402E-003   3.3781899456026975E-003   4.1509876449822925E-003   5.0391603269308704E-003   6.0479251325528576E-003   7.2530809055715200E-003
   71968578.588469476        3.5974840386876040E-005   5.6058002014322144E-005   8.3838576562430942E-005   1.2101691573905239E-004   1.7274944112107980E-004   2.4359835232681736E-004   3.3898383135926409E-004   4.6529169067524763E-004   6.2118261239377920E-004   8.2992475051064582E-004   1.0810327074526264E-003   1.4060551613800524E-003   1.5580062423235543E-003   2.2653083969328886E-003   2.8578175024882458E-003   3.5311903109972826E-003   4.3420108624721799E-003   5.2747281631365878E-003   6.3351410995048469E-003   7.6032198249598310E-003
   100000000.00000000        3.6884596788902389E-005   5.7510083494598906E-005   8.6060301213502192E-005   1.2428917351220111E-004   1.7751969079362034E-004   2.5046201478488248E-004   3.4873110440825262E-004   4.7893720224126743E-004   6.3972820641288060E-004   8.5520100651368530E-004   1.1145266715862092E-003   1.4504407074262663E-003   1.6075212634806442E-003   2.3393399059655475E-003   2.9528816020995175E-003   3.6506543418243480E-003   4.4913813053292671E-003   5.4592029887340016E-003   6.5603887722304032E-003   7.8782466773482766E-003
   138949680.20376483        3.7569153839593305E-005   5.8603986975284366E-005   8.7735947098725237E-005   1.2675974092433572E-004   1.8112538162195024E-004   2.5565572982980849E-004   3.5611543074963572E-004   4.8928643769225843E-004   6.5380874090751131E-004   8.7441504287521393E-004   1.1400150813466053E-003   1.4842570075695608E-003   1.6452622443985216E-003   2.3958729137396654E-003   3.0255641707419983E-003   3.7420991204064639E-003   4.6058566425673424E-003   5.6007572664188475E-003   6.7334423385554797E-003   8.0898302293195470E-003
   193069712.32189816        3.8078265744166320E-005   5.9418250052222159E-005   8.8984340803852099E-005   1.2860184823821832E-004   1.8381622081777241E-004   2.5953491987286528E-004   3.6163572592856164E-004   4.9702994740105568E-004   6.6435271795211291E-004   8.8881672311748783E-004   1.1591358211516065E-003   1.5096484194888427E-003   1.6736104571399085E-003   2.4383993186295715E-003   3.0802927252401927E-003   3.8110213281624160E-003   4.6922242401432309E-003   5.7076676492351106E-003   6.8642827209057719E-003   8.2499940562477288E-003
   268269747.84160623        3.8453594500508574E-005   6.0018938719480620E-005   8.9905901791877731E-005   1.2996250879607148E-004   1.8580510588569245E-004   2.6240396514151800E-004   3.6572129576098212E-004   5.0276470827445205E-004   6.7216635392087836E-004   8.9949682157495115E-004   1.1733247829729245E-003   1.5285041452619825E-003   1.6946677072675945E-003   2.4700255440228288E-003   3.1210262001956576E-003   3.8623600473393703E-003   4.7566136046716936E-003   5.7874467409120851E-003   6.9620149057127347E-003   8.3697661228430784E-003
   372759956.70935810        3.8728496349784332E-005   6.0459115649175388E-005   9.0581542110132072E-005   1.3096052220035585E-004   1.8726462605540224E-004   2.6451037348852426E-004   3.6872237759098288E-004   5.0697930751177631E-004   6.7791147428159437E-004   9.0735387011209138E-004   1.1837684558476795E-003   1.5423904867594498E-003   1.7101787514517436E-003   2.4933440185641899E-003   3.1510797985065645E-003   3.9002647055369150E-003   4.8041912655945916E-003   5.8464478740546735E-003   7.0343635348447866E-003   8.4585345411680463E-003
   517947630.40447074        3.8928877850749731E-005   6.0780084690181670E-005   9.1074385268237508E-005   1.3168876037222856E-004   1.8833000747650784E-004   2.6604848967004573E-004   3.7091461616918378E-004   5.1005914163408206E-004   6.8211123286040858E-004   9.1309986537784480E-004   1.1914090576570213E-003   1.5525541943403253E-003   1.7215336049943141E-003   2.5104276866455902E-003   3.1731106277044317E-003   3.9280683390678691E-003   4.8391163494336366E-003   5.8897966021793074E-003   7.0875730218660079E-003   8.5239042565156149E-003
   719686576.06998992        3.9074430057261503E-005   6.1013289929030742E-005   9.1432563370637631E-005   1.3221814242750260E-004   1.8910467768980732E-004   2.6716718651733447E-004   3.7250951003837463E-004   5.1230039532833532E-004   6.8516829086878934E-004   9.1728376847396910E-004   1.1969741770775253E-003   1.5599596172359569E-003   1.7298080985089146E-003   2.5228850927635853E-003   3.1891838769654117E-003   3.9483653553277183E-003   4.8646309759595363E-003   5.9214938750946720E-003   7.1265235313567148E-003   8.5718255066841859E-003
   1000000000.0000000        3.9179884147860663E-005   6.1182281846637972E-005   9.1692166888724427E-005   1.3260190068067968E-004   1.8966635919172276E-004   2.6797846024569582E-004   3.7366635616178614E-004   5.1392640660095868E-004   6.8738660416022305E-004   9.2032048886037175E-004   1.2010143438823302E-003   1.5653373014000876E-003   1.7358175958244208E-003   2.5319376022780969E-003   3.2008694559835542E-003   3.9631300264973508E-003   4.8832047434065702E-003   5.9445900216634840E-003   7.1549383198405920E-003   8.6068404772528233E-003
