   100.00000000000000        2.3097488799385791E-009   3.7530778515175883E-009   5.8290206731734388E-009   8.7056537375144978E-009   1.2836980257810806E-008   1.8514267968800702E-008   2.6516086012040075E-008   3.7388834223165314E-008   5.1138907268902738E-008   6.9399871020552204E-008   9.2319433987409656E-008   1.2251604722646039E-007   1.3636450436356752E-007   2.0288242250729862E-007   2.6004426061553888E-007   3.2346870113182572E-007   4.0302143095163576E-007   4.9179325077180623E-007   5.9717345695069457E-007   7.1858104189917601E-007
   138.94952764291722        3.2093426619186937E-009   5.2148110072414931E-009   8.0992746533158107E-009   1.2096273667526389E-008   1.7836626842166590E-008   2.5725066336992751E-008   3.6843344820839471E-008   5.1950677709316824E-008   7.1055944896268822E-008   9.6429009073813193E-008   1.2827495036664605E-007   1.7023207920187088E-007   1.8947409384743832E-007   2.8189844468779718E-007   3.6132272626831960E-007   4.4944889490802695E-007   5.5998438389281723E-007   6.8333001887885706E-007   8.2975175642100692E-007   9.9844357967938337E-007
   193.06981831315761        4.4592867891738643E-009   7.2458182945056513E-009   1.1253674259192753E-008   1.6807355193964510E-008   2.4783349399293650E-008   3.5744063440198869E-008   5.1192461980084298E-008   7.2183462983843089E-008   9.8729394485684149E-008   1.3398428077977663E-007   1.7823277078532235E-007   2.3653025352549297E-007   2.6326627856291538E-007   3.9168572035024608E-007   5.0204192606493763E-007   6.2448942827169862E-007   7.7807292935218853E-007   9.4945658689151884E-007   1.1529021354666171E-006   1.3872921085654667E-006
   268.26960056717098        6.1959991509159779E-009   1.0067757847279986E-008   1.5636471519695059E-008   2.3353027279323993E-008   3.4435239859578865E-008   4.9664633847958093E-008   7.1129327610403847E-008   1.0029510755325886E-007   1.3717908309004016E-007   1.8616386996141257E-007   2.4764438998994752E-007   3.2864502641853050E-007   3.6579329726601169E-007   5.4422411353429952E-007   6.9755674518363272E-007   8.6769028940856009E-007   1.0810839468991326E-006   1.3192118200918026E-006   1.6018851731553882E-006   1.9275560982731492E-006
   372.75934279762487        8.6090044236981134E-009   1.3988575091409533E-008   2.1725922244916387E-008   3.2447542064700287E-008   4.7845463385109222E-008   6.9005733005623796E-008   9.8829310774997021E-008   1.3935286681478149E-007   1.9060013538319351E-007   2.5866095976286884E-007   3.4408293102540097E-007   4.5662628821274160E-007   5.0824110533480818E-007   7.5615560693179465E-007   9.6919745305052525E-007   1.2055843051187922E-006   1.5020746841782283E-006   1.8329350331940840E-006   2.2256826890238227E-006   2.6781761154459200E-006
   517.94763040447071        1.1961583031534495E-008   1.9436050102684410E-008   3.0186378493534485E-008   4.5083064062056302E-008   6.6476944404050693E-008   9.5877312460920561E-008   1.3731413211238995E-007   1.9361728410489582E-007   2.6481967159934419E-007   3.5938353010597412E-007   4.7806751511222713E-007   6.3443323017086249E-007   7.0614692670619707E-007   1.0505955735873859E-006   1.3465910353635770E-006   1.6750247064869161E-006   2.0869600320708839E-006   2.5466559446667979E-006   3.0923277626200228E-006   3.7210177204661514E-006
   719.68578588469472        1.6619411159834796E-008   2.7004325068052611E-008   4.1940530711186168E-008   6.2637542782063457E-008   9.2361395289425857E-008   1.3320969649409737E-007   1.9078030991994539E-007   2.6900521654925651E-007   3.6792998985823432E-007   4.9931367832546001E-007   6.6420614905240360E-007   8.8145077850064487E-007   9.8108717631295504E-007   1.4596436836710931E-006   1.8708790397162613E-006   2.3271879283926605E-006   2.8994988958315207E-006   3.5381800013869670E-006   4.2962928445937410E-006   5.1697621243201728E-006
   1000.0000000000000        2.3090358156140418E-008   3.7518552782569130E-008   5.8269774881341632E-008   8.7024570825508849E-008   1.2832022243197043E-007   1.8507221736181271E-007   2.6505538141416882E-007   3.7373294032017848E-007   5.1116793885659714E-007   6.9370107864993115E-007   9.2278289371323030E-007   1.2245953735200229E-006   1.3630214194315108E-006   2.0278705184993442E-006   2.5991855697150145E-006   3.2331315896936587E-006   4.0282174301790041E-006   4.9155377829030936E-006   5.9687474479393976E-006   7.1822503119806665E-006
   1389.4952764291722        3.2079598607325076E-008   5.2124413849322173E-008   8.0953167378028496E-008   1.2090083632184048E-007   1.7827029686740182E-007   2.5711427764650193E-007   3.6822934881857108E-007   5.1920616164787364E-007   7.1013178037401869E-007   9.6371451969911942E-007   1.2819539968080275E-006   1.7012284147491713E-006   1.8935354384900028E-006   2.8171412304737717E-006   3.6107981586399238E-006   4.4914833674000397E-006   5.5959857270147103E-006   6.8286734720256997E-006   8.2917469311833613E-006   9.9775584233872292E-006
   1930.6981831315763        4.4566007262007655E-008   7.2412186462117737E-008   1.1245997553970998E-007   1.6795355242670247E-007   2.4764754014153983E-007   3.5717639347196069E-007   5.1152935607134725E-007   7.2125267628049501E-007   9.8646630264063023E-007   1.3387290525081589E-006   1.7807888027719951E-006   2.3631898906263792E-006   2.6303313930261791E-006   3.9132934289267961E-006   5.0157236455185241E-006   6.2390846300557039E-006   7.7732731023882602E-006   9.4856244337043031E-006   1.1517870887342701E-005   1.3859632555687350E-005
   2682.6960056717098        6.1907696545187446E-008   1.0058811533298057E-007   1.5621556177596331E-007   2.3329728463801531E-007   3.4399160980650344E-007   4.9613370779620227E-007   7.1052690987060027E-007   1.0018233422274633E-006   1.3701877119613121E-006   1.8594816916984802E-006   2.4734646668734587E-006   3.2823617848357272E-006   3.6534212424805563E-006   5.4353469929288196E-006   6.9664862831336504E-006   8.6656680992270416E-006   1.0796424214640783E-005   1.3174831918599050E-005   1.5997299215265564E-005   1.9249877101088528E-005
   3727.5934279762487        8.5987917574613115E-008   1.3971126964240921E-007   2.1696874602468664E-007   3.2402210832094998E-007   4.7775334164600264E-007   6.8906102786318679E-007   9.8680486260394410E-007   1.3913402630554266E-006   1.9028923593656586E-006   2.5824272309458588E-006   3.4350557667189241E-006   4.5583436390469752E-006   5.0736721977026122E-006   7.5482093415445828E-006   9.6744005524113323E-006   1.2034103724903855E-005   1.4992863034503661E-005   1.8295914178223898E-005   2.2215150578879803E-005   2.6732099340628369E-005
   5179.4763040447078        1.1941556485648083E-007   1.9401895855041757E-007   3.0129629097935386E-007   4.4994615986394223E-007   6.6340289644733461E-007   9.5683207947029291E-007   1.3702450019787388E-006   1.9319181483945338E-006   2.6421572787461040E-006   3.5857129024812513E-006   4.7694707880623960E-006   6.3289743689221293E-006   7.0445223936189840E-006   1.0480090725739436E-005   1.3431871099586773E-005   1.6708146239786363E-005   2.0815625779988144E-005   2.5401840342200559E-005   3.0842640386158442E-005   3.7114098243292622E-005
   7196.8578588469481        1.6579926418760077E-007   2.6937144044460385E-007   4.1829194730887251E-007   6.2464316253754849E-007   9.2094221502167798E-007   1.3283029874213108E-006   1.9021502140333587E-006   2.6817592192772609E-006   3.6675415883211633E-006   4.9773287452463504E-006   6.6202768690004589E-006   8.7846750125898546E-006   9.7779538979704187E-006   1.4546243066987368E-005   1.8642780910740876E-005   2.3190253585053997E-005   2.8890410714605449E-005   3.5256411842785843E-005   4.2806783829534688E-005   5.1511599586416387E-005
   10000.000000000000        2.3011961379696202E-007   3.7385572967532175E-007   5.8050143933340405E-007   8.6683624719349503E-007   1.2779557809959055E-006   1.8432745329171297E-006   2.6394786435285888E-006   3.7211109479157754E-006   5.0887186045344856E-006   6.9061567167580320E-006   9.1853664803911722E-006   1.2187876396174921E-005   1.3566134547777876E-005   2.0181118449786233E-005   2.5863644358106531E-005   3.2172817901526302E-005   4.0079288123554875E-005   4.8912141055347539E-005   5.9384795313350224E-005   7.1461972824608290E-005
   13894.952764291722        3.1922565098450134E-007   5.1859082927042403E-007   8.0516863080571220E-007   1.2022552270778724E-006   1.7723423159845867E-006   2.5564417600037202E-006   3.6604874181493122E-006   5.1602042861152632E-006   7.0563069590873147E-006   9.5766989492155551E-006   1.2736498965842244E-005   1.6898894872094028E-005   1.8810255396045544E-005   2.7981220284808839E-005   3.5858427988999121E-005   4.4606448262991823E-005   5.5565578759656717E-005   6.7814097065715652E-005   8.2329908584928937E-005   9.9075893097376241E-005
   19306.971232189815        4.4248076596132670E-007   7.1877574829046741E-007   1.1158569476978554E-006   1.6660534249834801E-006   2.4558693180831866E-006   3.5425420178036909E-006   5.0720887912204571E-006   7.1495997658473303E-006   9.7759844329551333E-006   1.3268298448009159E-005   1.7644794639295391E-005   2.3409686367897945E-005   2.6058175375101984E-005   3.8761069219372988E-005   4.9670144259140126E-005   6.1789233722856486E-005   7.6964777280456108E-005   9.3935809679227407E-005   1.1403597930862864E-004   1.3723596359079855E-004
   26826.974784160622        6.1256333885052215E-007   9.9499052981625543E-007   1.5444633851603766E-006   2.3058126872909376E-006   3.3985961729665807E-006   4.9027814718299628E-006   7.0190402993284207E-006   9.8931225392664739E-006   1.3526141252826781E-005   1.8359248426980577E-005   2.4412719541562508E-005   3.2386217917978026E-005   3.6051736086921400E-005   5.3623662468534569E-005   6.8711034263956893E-005   8.5479398291142227E-005   1.0646456313713384E-004   1.2995123080290682E-004   1.5774575480752081E-004   1.8984851813483850E-004
   37275.954743475697        8.4636470956668987E-007   1.3746618111374328E-006   2.1334937022423109E-006   3.1849492223845447E-006   4.6939020195909045E-006   6.7721889151998742E-006   9.6944904335262070E-006   1.3662747259487790E-005   1.8678236897124580E-005   2.5354758479339592E-005   3.3711247001027463E-005   4.4717811708331516E-005   4.9781994654476414E-005   7.4043095836348998E-005   9.4868541977660275E-005   1.1802820854585549E-004   1.4699021181013283E-004   1.7943882407798982E-004   2.1779829793749833E-004   2.6214390430472713E-004
   51794.763040447076        1.1658047458271510E-006   1.8934115907528904E-006   2.9381775474697374E-006   4.3859122843687455E-006   6.4632529656633267E-006   9.3267036018913699E-006   1.3350231906186143E-005   1.8813201028840090E-005   2.5716910636141776E-005   3.4914974813822021E-005   4.6417307455785826E-005   6.1567238801060078E-005   6.8545590719316793E-005   1.0194991808005773E-004   1.3061550681807855E-004   1.6251944240427415E-004   2.0237903333930127E-004   2.4709887187598499E-004   2.9989345305425738E-004   3.6100011597054523E-004
   71968.578588469478        1.5981167518565912E-006   2.5955790821240263E-006   4.0273503901707131E-006   6.0116111727399015E-006   8.8584601940142405E-006   1.2786836348770970E-005   1.8302251804372714E-005   2.5790245577295934E-005   3.5251794039683816E-005   4.7872450765037532E-005   6.3637785042084264E-005   8.4403873105958678E-005   9.3982771605458315E-005   1.3979153702385746E-004   1.7909018232468269E-004   2.2287389437277238E-004   2.7751366709105206E-004   3.3892451756008327E-004   4.1130315883845667E-004   4.9520794025333526E-004
   100000.00000000000        2.1748406491428397E-006   3.5326972761715423E-006   5.4812456750193182E-006   8.1823407732165592E-006   1.2057475175427866E-005   1.7412269749626599E-005   2.4923654712854266E-005   3.5121705191457154E-005   4.8006359069083129E-005   6.5219500546302039E-005   8.6694578610761416E-005   1.1498688702145508E-004   1.2806052114526864E-004   1.9051511983822082E-004   2.4408038750415984E-004   3.0383885842026186E-004   3.7831711081558612E-004   4.6221008558689386E-004   5.6089176574541943E-004   6.7551537007149158E-004
   138949.52764291721        2.9285780960884247E-006   4.7583772932191094E-006   7.3837962981203620E-006   1.1024614377532654E-005   1.6248434342821222E-005   2.3479690306752976E-005   3.3613946329349909E-005   4.7375793951188776E-005   6.4762807437418156E-005   8.8036835380526739E-005   1.1703304388879127E-004   1.5524896140836069E-004   1.7294552573949898E-004   2.5739175606775245E-004   3.2980891983768747E-004   4.1073534966767222E-004   5.1145344826329512E-004   6.2520664474910925E-004   7.5871834430549158E-004   9.1418026019739077E-004
   193069.92430447528        3.8870801319463794E-006   6.3188248922592451E-006   9.8081396380915373E-006   1.4649810434280627E-005   2.1598671358373485E-005   3.1238686031280925E-005   4.4736900303493025E-005   6.3075248768008582E-005   8.6246745413896245E-005   1.1734003086901913E-004   1.5602188845804889E-004   2.0703689978687764E-004   2.3071740190505014E-004   3.4360493251796737E-004   4.4041961119291453E-004   5.4883448305475906E-004   6.8357244653994035E-004   8.3622156643050856E-004   1.0149729017459792E-003   1.2237267842531610E-003
   268269.74784160621        5.0658278465093169E-006   8.2407286060674344E-006   1.2797806806172150E-005   1.9126038303886284E-005   2.8213266101760079E-005   4.0851506636063389E-005   5.8534398721661278E-005   8.2576275726000398E-005   1.1296240800399552E-004   1.5385538445429638E-004   2.0465725611421771E-004   2.7172182600624333E-004   3.0293414312789076E-004   4.5161062976375771E-004   5.7916510702390946E-004   7.2235370442878691E-004   9.0007542278542968E-004   1.1021185495140378E-003   1.3381798345464936E-003   1.6148036755507798E-003
   372759.54743475694        6.4623946057067422E-006   1.0521758948415664E-005   1.6351545827910457E-005   2.4454846399674537E-005   3.6099842192015055E-005   5.2340206209277251E-005   7.5049036932224226E-005   1.0595699937043985E-004   1.4503776156256365E-004   1.9780271566120607E-004   2.6327067894610492E-004   3.4980569636657651E-004   3.9018884553786902E-004   5.8246210338234539E-004   7.4753160910019081E-004   9.3335127927560537E-004   1.1637303988664808E-003   1.4265979690528208E-003   1.7331043790928017E-003   2.0936355989678440E-003
   517947.63040447072        8.0562185019723364E-006   1.3129672223139453E-005   2.0421189922789541E-005   3.0566972259087772E-005   4.5160681688880401E-005   6.5572068158072734E-005   9.4099992015265799E-005   1.3297826032387136E-004   1.8216538946445057E-004   2.4880249682532384E-004   3.3139623033563210E-004   4.4072901513039087E-004   4.9188656399766712E-004   7.3543659214470774E-004   9.4472811530825213E-004   1.1810468804979465E-003   1.4737832045359891E-003   1.8090420056383282E-003   2.1992980470537859E-003   2.6601782718159300E-003
   719685.78588469478        9.8149208786857244E-006   1.6012164140251530E-005   2.4926332492211394E-005   3.7343340904249076E-005   5.5222155501281652E-005   8.0299436058297284E-005   1.1533700239854516E-004   1.6315438241082010E-004   2.2369332794127840E-004   3.0598697844954015E-004   4.0790711402417958E-004   5.4303317530943944E-004   6.0641672135633049E-004   9.0824304047360817E-004   1.1679110841446279E-003   1.4620476203473435E-003   1.8261766417468532E-003   2.2446999422131588E-003   2.7312427461021358E-003   3.3081655632739193E-003
   1000000.0000000000        1.1704173864367000E-005   1.9112879959803194E-005   2.9779104551291196E-005   4.4651893445943500E-005   6.6088550782942226E-005   9.6236946526375336E-005   1.3835009590975459E-004   1.9590567066497970E-004   2.6883083574240417E-004   3.6827514715450608E-004   4.9137488154945294E-004   6.5482645829541297E-004   7.3166955989039360E-004   1.0977629347389667E-003   1.4131072272007101E-003   1.7714629511114107E-003   2.2148920706773390E-003   2.7262773338208373E-003   3.3202175575327993E-003   4.0272666094516183E-003
   1389496.8020376482        1.3695999614925741E-005   2.2385307491198458E-005   3.4906291060174823E-005   5.2381325278152055E-005   7.7592754694689526E-005   1.1313669710369322E-004   1.6277917387840689E-004   2.3071520230156660E-004   3.1686482494383826E-004   4.3467265554535312E-004   5.8047023570657105E-004   7.7431963183814570E-004   8.6563737194707768E-004   1.3009544233170041E-003   1.6763756332919431E-003   2.1043549647926114E-003   2.6337504618639588E-003   3.2461459560818970E-003   3.9569724635080770E-003   4.8062990480166800E-003
   1930699.2430447529        1.5771479079575068E-005   2.5797818659319867E-005   4.0258047844519396E-005   6.0455348004412732E-005   8.9619217346279955E-005   1.3082475912904324E-004   1.8837007698993709E-004   2.6721341858510509E-004   3.6728121904805336E-004   5.0444978154147197E-004   6.7420868628300106E-004   9.0016778669531816E-004   1.0068040836675391E-003   1.5154720747387609E-003   1.9546321730049485E-003   2.4568000098326198E-003   3.0777709122670883E-003   3.7980623894769160E-003   4.6338569639646941E-003   5.6358644814747307E-003
   2682697.4784160624        1.7916946605684648E-005   2.9328047136146787E-005   4.5799952456794552E-005   6.8822002944396665E-005   1.0209022295656249E-004   1.4918443171882105E-004   2.1495442822740219E-004   3.0515582394015280E-004   4.1974101676219326E-004   5.7712279216589105E-004   7.7193729336052391E-004   1.0314731446988282E-003   1.1541567447896841E-003   1.7397344883470019E-003   2.2457778156485665E-003   2.8260956807963002E-003   3.5434866193637606E-003   4.3776309358090791E-003   5.3454493220951530E-003   6.5092148746145537E-003
   3727595.4743475695        2.0115444001298086E-005   3.2949178416626334E-005   5.1491940969246978E-005   7.7422711495710606E-005   1.1492131506219989E-004   1.6809316001738743E-004   2.4236121115705039E-004   3.4430204737300726E-004   4.7391897253748055E-004   6.5224285261959161E-004   8.7306210714331448E-004   1.1674388832421507E-003   1.3068039606213364E-003   1.9723935363685058E-003   2.5480526890769152E-003   3.2099922764903528E-003   4.0280402670495440E-003   4.9812580169407749E-003   6.0873466726476368E-003   7.4208878844639848E-003
   5179476.3040447077        2.2337568110874770E-005   3.6614702360103588E-005   5.7264038954902434E-005   8.6155460660484087E-005   1.2796631906517044E-004   1.8734183513515387E-004   2.7029975933927461E-004   3.8425002877047460E-004   5.2927565608134448E-004   7.2908423800547054E-004   9.7663310405573210E-004   1.3068207096646009E-003   1.4633627213089583E-003   2.2114254007516909E-003   2.8588811182449310E-003   3.6052597776131227E-003   4.5274199003817279E-003   5.6040104502379324E-003   6.8535864665498353E-003   8.3636314837483572E-003
   7196857.8588469476        2.4536519318221195E-005   4.0249526165148873E-005   6.3001256247775361E-005   9.4850661487061674E-005   1.4097925926818879E-004   2.0657621009257150E-004   2.9827092637726104E-004   4.2430498403726961E-004   5.8487113404337801E-004   8.0637860479782343E-004   1.0809797549418791E-003   1.4474288291816651E-003   1.6213953621590559E-003   2.4532541484482092E-003   3.1737248059187598E-003   4.0062265827122438E-003   5.0346111882587970E-003   6.2373115578251755E-003   7.6338128280480939E-003   9.3249327370282901E-003
   10000000.000000000        2.6650867870354155E-005   4.3753544490140163E-005   6.8547680330006665E-005   1.0327533628899694E-004   1.5361728068357801E-004   2.2529688168278819E-004   3.2556050843049879E-004   4.6346161069201744E-004   6.3933020554341055E-004   8.8224988829524302E-004   1.1836064396520075E-003   1.5859626133863075E-003   1.7772142994964451E-003   2.6923927826484834E-003   3.4855717285151204E-003   4.4040833643339949E-003   5.5386596061949359E-003   6.8677027551802090E-003   8.4116830874637911E-003   1.0284966778035590E-002
   13894968.020376483        2.8614918113251251E-005   4.7017993365204147E-005   7.3731092662856774E-005   1.1116866091062350E-004   1.6549080178785677E-004   2.4292920825175180E-004   3.5133463505209454E-004   5.0053170549897632E-004   6.9100861668387487E-004   9.5442637784190953E-004   1.2814586222079077E-003   1.7183381385347135E-003   1.9262384040967479E-003   2.9219086552400475E-003   3.7854775415644324E-003   4.7875017981839525E-003   6.0253592682909182E-003   7.4775902059109898E-003   9.1656693484786136E-003   1.1217419384754030E-002
   19306992.430447526        3.0372357683374896E-005   4.9947904752173539E-005   7.8398270284028913E-005   1.1829496225615888E-004   1.7624183659993285E-004   2.5893736613411293E-004   3.7480320488664020E-004   5.3437357155317283E-004   7.3830588793043304E-004   1.0206647303481167E-003   1.3714830191625721E-003   1.8404218153850798E-003   2.0638096099212179E-003   3.1346161642291813E-003   4.0640664727132209E-003   5.1444878272331723E-003   6.4795149567759541E-003   8.0479674856358003E-003   9.8723036134601566E-003   1.2093326840451255E-002
   26826974.784160621        3.1887278178887594E-005   5.2480927806447392E-005   8.2445689432858148E-005   1.2449128203615063E-004   1.8561676496422772E-004   2.7293364530574070E-004   3.9538170932067206E-004   5.6412610663161909E-004   7.7999338924835955E-004   1.0792094033262322E-003   1.4512510941997138E-003   1.9488714297793005E-003   2.1861388210401003E-003   3.3245239115090534E-003   4.3134060620285469E-003   5.4647588477851903E-003   6.8879264297366351E-003   8.5621108894629074E-003   1.0510695743450149E-002   1.2886583612916456E-002
   37275954.743475698        3.3148381080721438E-005   5.4595214506217464E-005   8.5833501841875147E-005   1.2969046230825739E-004   1.9350399837322411E-004   2.8473812160425811E-004   4.1278439519504024E-004   5.8934989052498944E-004   8.1542011690971896E-004   1.1290936696386250E-003   1.5193822825850633E-003   2.0417280936139248E-003   2.2909801921569706E-003   3.4879223110617342E-003   4.5284611117804028E-003   5.7416397097590490E-003   7.2418370498390314E-003   9.0086955258687519E-003   1.1066436784077498E-002   1.3578830075244639E-002
   51794763.040447071        3.4166303985424917E-005   5.6305778436790217E-005   8.8581068152818375E-005   1.3391612528557598E-004   1.9992940031386818E-004   2.9437589565480004E-004   4.2702663677553226E-004   6.1003913182746013E-004   8.4454041364593452E-004   1.1701958623751845E-003   1.5756407270544901E-003   2.1185759183693239E-003   2.3778228268701352E-003   3.6237558052428661E-003   4.7076402350504356E-003   5.9728317468099321E-003   7.5379992347748672E-003   9.3832388825027327E-003   1.1533504994844937E-002   1.4161971265250503E-002
   71968578.588469476        3.4966785812384208E-005   5.7653556894077136E-005   9.0750288622120680E-005   1.3725833568369972E-004   2.0502146260812507E-004   3.0202796195160823E-004   4.3835723938653626E-004   6.2653029879339989E-004   8.6779447924354911E-004   1.2030854639946205E-003   1.6207423887224740E-003   2.1803045365580680E-003   2.4476333804638816E-003   3.7332914682449768E-003   4.8524177923427603E-003   6.1599947715384748E-003   7.7782309771281853E-003   9.6876539520455961E-003   1.1913838332510095E-002   1.4637819959936474E-002
   100000000.00000000        3.5583030143977681E-005   5.8692756100968829E-005   9.2425575747757789E-005   1.3984330495635000E-004   2.0896611713503712E-004   3.0796478679646395E-004   4.4716246017949003E-004   6.3936612544220018E-004   8.8592154692784949E-004   1.2287671335217971E-003   1.6560144370101218E-003   2.2286589070418788E-003   2.5023538602923887E-003   3.8193764880310997E-003   4.9663926739597743E-003   6.3075787849893612E-003   7.9679825152085566E-003   9.9285171522204337E-003   1.2215268653917852E-002   1.5015649092167238E-002
   138949680.20376483        3.6049522874412963E-005   5.9480387437628264E-005   9.3696928549533926E-005   1.4180727108433963E-004   2.1196690152234664E-004   3.1248650428863619E-004   4.5387757259886843E-004   6.4916743057816858E-004   8.9977992231499333E-004   1.2484277921807783E-003   1.6830507967855108E-003   2.2657722656446973E-003   2.5443754490108877E-003   3.8856263440314310E-003   5.0542294952552443E-003   6.4214728480555651E-003   8.1146282097309605E-003   1.0114938556046412E-002   1.2448902888640132E-002   1.5308976253282799E-002
   193069712.32189816        3.6398083798915865E-005   6.0069455250593296E-005   9.4648699505604515E-005   1.4327886291626865E-004   2.1421756342926589E-004   3.1588107020950998E-004   4.5892384649626644E-004   6.5654015324802240E-004   9.1021429509678491E-004   1.2632466475385943E-003   1.7034490508452973E-003   2.2938029625416312E-003   2.5761265458435208E-003   3.9357709505646980E-003   5.1207900157742934E-003   6.5078772471037650E-003   8.2260144797552826E-003   1.0256717694505446E-002   1.2626815427410051E-002   1.5532674163865829E-002
   268269747.84160623        3.6655967870449145E-005   6.0505588820567179E-005   9.5353890604493019E-005   1.4436993917051418E-004   2.1588749258284452E-004   3.1840153421983320E-004   4.6267357337620202E-004   6.6202271399900333E-004   9.1797921915959734E-004   1.2742834384323334E-003   1.7186529428405010E-003   2.3147131062031755E-003   2.5998199332314242E-003   3.9732422249024657E-003   5.1705757765280313E-003   6.5725681094131964E-003   8.3094974531857692E-003   1.0363101418492979E-002   1.2760470320134743E-002   1.5700962113863907E-002
   372759956.70935810        3.6845355314809148E-005   6.0826050530892543E-005   9.5872335031804904E-005   1.4517248525524549E-004   2.1711649437646934E-004   3.2025748599915634E-004   4.6543628797437173E-004   6.6606444323389540E-004   9.2370666501156941E-004   1.2824293624422822E-003   1.7298811682447445E-003   2.3301655758215575E-003   2.6173338861995915E-003   4.0009721473973853E-003   5.2074485793882240E-003   6.6205205467691729E-003   8.3714392338305604E-003   1.0442120322782533E-002   1.2859862659952941E-002   1.5826291150403630E-002
   517947630.40447074        3.6983677614695503E-005   6.1060196698121727E-005   9.6251291700502888E-005   1.4575932559062472E-004   2.1801553679049230E-004   3.2161569562402548E-004   4.6745894756433350E-004   6.6902477141859160E-004   9.2790343670582916E-004   1.2884011437532920E-003   1.7381163997396431E-003   2.3415049293073024E-003   2.6301887831187676E-003   4.0213445815901723E-003   5.2345571944982282E-003   6.6558020175778729E-003   8.4170554430434280E-003   1.0500375677387794E-002   1.2933228891558728E-002   1.5918948979131438E-002
   719686576.06998992        3.7084298183202806E-005   6.1230571854164779E-005   9.6527119649575193E-005   1.4618658174125106E-004   2.1867029270261957E-004   3.2260514492452432E-004   4.6893291538419095E-004   6.7118273474545511E-004   9.3096368574029597E-004   1.2927573179235810E-003   1.7441258436289879E-003   2.3497829721280143E-003   2.6395748844858804E-003   4.0362315948170155E-003   5.2543792335059914E-003   6.6816188772336488E-003   8.4504650005278337E-003   1.0543089782772177E-002   1.2987094723322847E-002   1.5987098991795914E-002
   1000000000.0000000        3.7157276615316119E-005   6.1354168026337712E-005   9.6727258593902785E-005   1.4649665850598656E-004   2.1914558004626118E-004   3.2332354135693512E-004   4.7000335188635646E-004   6.7275028175937566E-004   9.3318718391354827E-004   1.2959232939267990E-003   1.7484946216857018E-003   2.3558030146270765E-003   2.6464017494722668E-003   4.0470669547057114E-003   5.2688148925289823E-003   6.7004334041380984E-003   8.4748349241321064E-003   1.0574282659620095E-002   1.3026488085466631E-002   1.6037036037131580E-002
