               Density 1 (10e4)
2 0.1043  1.8942609191376074E-002  1.6687277455777944E-002 0.46238919375422216  0.49178534789037753 0.59670613834655917 0.67948066231357496
3 0.1799  7.4770736295309967E-003  7.3784850019235374E-003 0.26559940437098173  0.30475818497581780 0.36232493376072206 0.45318856520116874
4 0.2315  4.7837854903301476E-003  5.0565594197452502E-003 0.15452745911921495  0.18797442233900025 0.20929281938133282 0.2790008468278643
5 1.8848  1.4126074213370377E-005  1.1534326173501520E-004 1.3687698588140335E-003 1.2088437697999060E-002 3.1123273251774052E-003 3.2772477812772580E-002
6 1.9129  7.6399418638979983E-006  6.4250275701753504E-005 8.7415708311208143E-004 7.9887581789792727E-003 1.9188928231849598E-003 2.0911956116634906E-002
7 2.1050  2.7075012351738597E-006  2.5686905242967938E-005 3.8306066978926865E-004 3.9225648141548676E-003 8.4136622252395854E-004 9.7567488558129890E-003 
8 2.2027  1.3590576247905984E-006  1.7040011525325785E-005 2.3018496095168455E-004 2.6722778448429675E-003 2.6117446745006099E-003 3.5669301372215884E-002
9 2.5038  4.6397849716673352E-007  5.5270627954051289E-006 1.7947836453794495E-004 2.1693157497627278E-003 1.6165395638182316E-003 2.4975652906609427E-002
10 2.5936 1.1673808870650331E-007  2.0291721317023053E-006 3.3685688612480263E-005 5.9061703557172611E-004 3.4873110440825262E-004 7.8782466773482766E-003
              t = 7                      T = 20
