 100.00000000000000        43.237985251465915        14.983777644613552        6.3812955646282736        3.2451542608655499        1.8810164617985299        1.2312532144017982       0.88912378832323813       0.69687725156076263       0.57938951594978283       0.51013306922640156       0.46393802301549614     
   164.96478772236279        43.221393339999921        14.978595378520847        6.3793123756791346        3.2442412970118872        1.8805380189561782        1.2309672341744775       0.88893365642544553       0.69673943317423237       0.57928353414317069       0.51004562166409317       0.46386357417459051     
   272.13381188284217        43.194050538694299        14.970054373571132        6.3760435527029875        3.2427363840442012        1.8797493137104579        1.2304957772789595       0.88862019966698713       0.69651221448158740       0.57910879848414476       0.50990144079974364       0.46374082252975313     
   448.92521154378045        43.149020567822014        14.955986191433277        6.3706585846773542        3.2402569452371521        1.8784497396130679        1.2297188802336527       0.88810363271731974       0.69613774491503722       0.57882080941810166       0.50966380160415825       0.46353849574591149     
   740.56852225536556        43.074943467411536        14.932836980777919        6.3617955043081515        3.2361752756399178        1.8763100116789753        1.2284395608929399       0.88725291107645343       0.69552098498352244       0.57834644523736967       0.50927234795473053       0.46320519107651326     
   1221.6772906772030        42.953301327122936        14.894806918843026        6.3472293221921845        3.2294650752490592        1.8727913571703836        1.2263353336111529       0.88585340106287624       0.69450621262320733       0.57756585308624941       0.50862812503537824       0.46265661142889519     
   2015.3373492179610        42.754143461929765        14.832497455867319        6.3233483123874539        3.2184581157786289        1.8670169565650399        1.2228808707093535       0.88355520337529936       0.69283940484092332       0.57628340524070565       0.50756954538378274       0.46175504630585651     
   3324.5969800269027        42.429654468365257        14.730856028682151        6.2843514968224587        3.2004688366238505        1.8575724362576775        1.2172274257129847       0.87979229400459125       0.69010919507359902       0.57418198529996556       0.50583448239148976       0.46027694463112862     
   5484.4173615549589        41.905146741940378        14.566243493598646        6.2210849864463658        3.1712430828054616        1.8422096957286684        1.2080223088204329       0.87366066300277223       0.68565739536578396       0.57075335627494461       0.50300231678349483       0.45786316217553458     
   9047.3574582975489        41.068211661533390        14.302751475331249        6.1195292494768658        3.1242223247420351        1.8174427368621850        1.1931583181180443       0.86374694815102748       0.67845179539206490       0.56519819810105199       0.49841014797976446       0.45394654508345483     
   14924.954025563909        39.760259464409060        13.888883117838446        5.9592858787460061        3.0497524979716171        1.7780877951657381        1.1694766847067479       0.84791896859675142       0.66692680134910665       0.55629814627414387       0.49104387481067668       0.44765644311968056     
   24620.932242304425        37.782621904041513        13.258089774275303        5.7132721112204647        2.9347370277834286        1.7169800881613388        1.1325468534073724       0.82315113104592319       0.64883894948873455       0.54229175034814558       0.47942772539843898       0.43771795063974267     
   40615.846311528774        34.941297374084570        12.340634906976401        5.3514041143671669        2.7639593388871226        1.6254735511422393        1.0768634688983854       0.78559650468122522       0.62128080697853016       0.52085722812305468       0.46159189525506877       0.42240932354224581     
   67001.881432074762        31.155806660689347        11.096320719727407        4.8523648564715067        2.5250802570506918        1.4958070796511411       0.99711133316364708       0.73133256894427345       0.58115611965923963       0.48942869141401901       0.43529952379040637       0.39972662284127708     
   110529.45079604001        26.608575683046475        9.5656247111360511        4.2243200265910383        2.2184003864192370        1.3262192148025134       0.89116272395668517       0.65828662668336790       0.52651706574249602       0.44617440572078382       0.39881298095125572       0.36799944199894064     
   182334.77397432731        21.800235942751044        7.9009045900852568        3.5220554981309613        1.8667696448629989        1.1270500359230875       0.76412117840822436       0.56910270037089405       0.45872995753134116       0.39170828928029916       0.35231956381547785       0.32710785596488823     
   300788.33795725461        17.366053075045254        6.3211703568506632        2.8358399398690097        1.5136172704166042       0.92151453881360923       0.62979704150267568       0.47272966108292408       0.38401893405922588       0.33055469594411041       0.29931629449091901       0.27979989554195822     
   496194.57080430136        13.761677712706701        5.0046667145810204        2.2486505727630655        1.2035614304143141       0.73624020975374382       0.50572039012955650       0.38166760900976365       0.31192263276163890       0.27033906541979608       0.24623257677612193       0.23162796981507108     
   818546.76978212281        11.111223726313314        4.0182475699234130        1.7995345837675170       0.96144834064050333       0.58833591912371452       0.40454998613907650       0.30589269025075572       0.25075462694490608       0.21827298114699470       0.19957887512464784       0.18860313765442102     
   1350313.1998854538        9.2922538811917441        3.3328102968570277        1.4830229796210921       0.78829756339332469       0.48082075116194334       0.32980522748704272       0.24900491969481586       0.20410595113394855       0.17793945201270939       0.16294111173099779       0.15435151981081829     
   2227542.5266519636        8.0930795185696223        2.8775963111642886        1.2709947786196252       0.67121251775195390       0.40731091220682203       0.27811255039189514       0.20919968334680247       0.17108235506249461       0.14904949884294100       0.13642741216497176       0.12930946143684416     
   3674658.7832054677        7.3152707578435763        2.5811270926979857        1.1322227533572389       0.59414495505210918       0.35856868688119448       0.24355907987779798       0.18236630173671925       0.14863185125778730       0.12924435855412381       0.11812132409472062       0.11189918994416115     
   6061896.3890893646        6.8098754368761902        2.3878790521846542        1.0414492617091069       0.54352591687727991       0.32636931728223501       0.22058111135098618       0.16439828056597267       0.13349965007259673       0.11581514453806400       0.10565188387143297        9.9991698749336652E-002
   10000000.000000000        6.4778379950941538        2.2602727768502038       0.98121037489851304       0.50975122618026791       0.30473494693798392       0.20502244115361143       0.15213911153085960       0.12310806385614632       0.10654680658209324        9.7021235266467165E-002   9.1734258717693917E-002