   3980.0000000000000        43.237985251465915        43.009263346662408        40.850210835106722        27.558793338940994        10.295182708599775        6.4778379950941538     
   5010.0000000000000        14.983777644613552        14.912305403244728        14.233949054299661        9.8888888899992029        3.7115488303144573        2.2602727768502038     
   6310.0000000000000        6.3812955646282736        6.3539324316633659        6.0929523811098418        4.3583199293324189        1.6583430297383825       0.98121037489851304     
   7940.0000000000000        3.2451542608655499        3.2325533217794220        3.1118949189597660        2.2844287700983772       0.88445884776576866       0.50975122618026791     
   10000.000000000000        1.8810164617985299        1.8744109042006882        1.8109392054966733        1.3630434816488446       0.54070825655651822       0.30473494693798392     
   12600.000000000000        1.2312532144017982        1.2273039274780047        1.1892502067563377       0.91433524438905256       0.37156444238517544       0.20502244115361143     
   15900.000000000000       0.88912378832323813       0.88649764484595117       0.86113774822298661       0.67436169514468358       0.28088353648193448       0.15213911153085960     
   20000.000000000000       0.69687725156076263       0.69497337122510727       0.67655370440309703       0.53860655166416826       0.23032479097474876       0.12310806385614632     
   25100.000000000000       0.57938951594978283       0.57792522158057058       0.56373368718105721       0.45579265110716061       0.20067659150278463       0.10654680658209324     
   31600.000000000000       0.51013306922640156       0.50892472194570537       0.49719879563050817       0.40695820466887089       0.18364879536697118        9.7021235266467165E-002
   39800.000000000000       0.46393802301549614       0.46290918296879840       0.45291280305148190       0.37510871296275128       0.17376100561031849        9.1734258717693917E-002
