2.89611147E+01  2.489E-01
2.93013147E+01  2.284E-01
2.96415147E+01  2.279E-01
2.99817147E+01  2.442E-01
3.03219147E+01  2.899E-01
3.06621147E+01  2.030E-01
3.10023147E+01  1.997E-01
3.13425147E+01  1.972E-01
3.16827147E+01  1.886E-01
3.20229147E+01  1.857E-01
3.23631147E+01  1.799E-01
3.27033147E+01  1.724E-01
3.30435147E+01  1.725E-01
3.33837147E+01  1.650E-01
3.37239147E+01  1.719E-01
3.40641147E+01  1.588E-01
3.44043147E+01  1.550E-01
3.47445147E+01  1.514E-01
3.50847147E+01  1.474E-01
3.54249147E+01  1.446E-01
3.57651147E+01  1.404E-01
3.61053147E+01  1.371E-01
3.64455147E+01  1.337E-01
3.67857147E+01  1.326E-01
3.71259147E+01  1.278E-01
3.74661147E+01  1.250E-01
3.78063147E+01  1.223E-01
3.81465147E+01  1.203E-01
3.84867147E+01  1.171E-01
3.88269147E+01  1.239E-01
3.91671147E+01  1.000E-01
3.95073147E+01  1.046E-01
3.98475147E+01  1.038E-01
4.01877147E+01  1.030E-01
4.05279147E+01  1.008E-01
4.08681147E+01  9.458E-02
4.12083147E+01  9.267E-02
4.15485147E+01  9.128E-02
4.18887147E+01  8.954E-02
4.22289147E+01  8.864E-02
4.25691147E+01  8.309E-02
4.29093147E+01  8.634E-02
4.32495147E+01  8.431E-02
4.35897147E+01  8.705E-02
4.39299147E+01  8.121E-02
4.42701147E+01  8.378E-02
4.46103147E+01  7.613E-02
4.49505147E+01  7.151E-02
4.52907147E+01  7.575E-02
4.56309147E+01  7.197E-02
4.59711147E+01  6.956E-02
4.63113147E+01  7.179E-02
4.66515147E+01  6.464E-02
4.69917147E+01  6.695E-02
4.73319147E+01  6.384E-02
4.76721147E+01  6.292E-02
4.80123147E+01  6.245E-02
4.83525147E+01  6.389E-02
4.86927147E+01  5.963E-02
4.90329147E+01  5.744E-02
4.93731147E+01  5.799E-02
4.97133147E+01  5.611E-02
5.00535147E+01  5.523E-02
5.03937147E+01  5.432E-02
5.07339147E+01  5.310E-02
5.10741147E+01  5.188E-02
5.14143147E+01  5.089E-02
5.17545147E+01  5.023E-02
5.20947147E+01  4.896E-02
5.24349147E+01  4.821E-02
5.27751147E+01  4.719E-02
5.31153147E+01  4.638E-02
5.34555147E+01  4.553E-02
5.37957147E+01  4.468E-02
5.41359147E+01  4.392E-02
5.44761147E+01  4.312E-02
5.48163147E+01  4.236E-02
5.51565147E+01  4.161E-02
5.54967147E+01  4.088E-02
5.58369147E+01  4.016E-02
5.61771147E+01  3.946E-02
5.65173147E+01  3.878E-02
5.68575147E+01  3.811E-02
5.71977147E+01  3.746E-02
5.75379147E+01  3.682E-02
5.78781147E+01  3.619E-02
5.82183147E+01  3.558E-02
5.85585147E+01  3.498E-02
5.88987147E+01  3.439E-02
5.92389147E+01  3.381E-02
5.95791147E+01  3.325E-02
5.99193147E+01  3.270E-02
6.02595147E+01  3.216E-02
6.05997147E+01  3.164E-02
6.09399147E+01  3.111E-02
6.12801147E+01  3.060E-02
6.16203147E+01  3.011E-02
6.19605147E+01  2.962E-02
6.23007147E+01  2.915E-02
6.26409147E+01  2.869E-02
6.29811147E+01  2.823E-02
6.33213147E+01  2.779E-02
6.36615147E+01  2.735E-02
6.40017147E+01  2.692E-02
6.43419147E+01  2.651E-02
6.46821147E+01  2.610E-02
6.50223147E+01  2.570E-02
6.53625147E+01  2.530E-02
6.57027147E+01  2.492E-02
6.60429147E+01  2.455E-02
6.63831147E+01  2.418E-02
6.67233147E+01  2.381E-02
6.70635147E+01  2.346E-02
6.74037147E+01  2.311E-02
6.77439147E+01  2.277E-02
6.80841147E+01  2.243E-02
6.84243147E+01  2.210E-02
6.87645147E+01  2.178E-02
6.91047147E+01  2.146E-02
6.94449147E+01  2.114E-02
6.97851147E+01  2.084E-02
7.01253147E+01  2.053E-02
7.04655147E+01  2.024E-02
7.08057147E+01  1.995E-02
7.11459147E+01  1.966E-02
7.14861147E+01  1.938E-02
7.18263147E+01  1.910E-02
7.21665147E+01  1.883E-02
7.25067147E+01  1.856E-02
7.28469147E+01  1.830E-02
7.31871147E+01  1.804E-02
7.35273147E+01  1.779E-02
7.38675147E+01  1.754E-02
7.42077147E+01  1.730E-02
7.45479147E+01  1.706E-02
7.48881147E+01  1.682E-02
7.52283147E+01  1.659E-02
7.55685147E+01  1.636E-02
7.59087147E+01  1.614E-02
7.62489147E+01  1.592E-02
7.65891147E+01  1.570E-02
7.69293147E+01  1.549E-02
7.72695147E+01  1.528E-02
7.76097147E+01  1.507E-02
7.79499147E+01  1.487E-02
7.82901147E+01  1.467E-02
7.86303147E+01  1.448E-02
7.89705147E+01  1.428E-02
7.93107147E+01  1.409E-02
7.96509147E+01  1.391E-02
7.99911147E+01  1.372E-02
8.03313147E+01  1.354E-02
8.06715147E+01  1.337E-02
8.10117147E+01  1.319E-02
8.13519147E+01  1.302E-02
8.16921147E+01  1.286E-02
8.20323147E+01  1.269E-02
8.23725147E+01  1.253E-02
8.27127147E+01  1.237E-02
8.30529147E+01  1.222E-02
8.33931147E+01  1.206E-02
8.37333147E+01  1.191E-02
8.40735147E+01  1.177E-02
8.44137147E+01  1.162E-02
8.47539147E+01  1.148E-02
8.50941147E+01  1.134E-02
8.54343147E+01  1.120E-02
8.57745147E+01  1.107E-02
8.61147147E+01  1.094E-02
8.64549147E+01  1.081E-02
8.67951147E+01  1.068E-02
8.71353147E+01  1.055E-02
8.74755147E+01  1.043E-02
8.78157147E+01  1.030E-02
8.81559147E+01  1.018E-02
8.84961147E+01  1.006E-02
8.88363147E+01  9.947E-03
8.91765147E+01  9.831E-03
8.95167147E+01  9.717E-03
8.98569147E+01  9.604E-03
9.01971147E+01  9.493E-03
9.05373147E+01  9.383E-03
9.08775147E+01  9.274E-03
9.12177147E+01  9.167E-03
9.15579147E+01  9.061E-03
9.18981147E+01  8.957E-03
9.22383147E+01  8.854E-03
9.25785147E+01  8.752E-03
9.29187147E+01  8.652E-03
9.32589147E+01  8.553E-03
9.35991147E+01  8.455E-03
9.39393147E+01  8.358E-03
9.42795147E+01  8.263E-03
9.46197147E+01  8.168E-03
9.49599147E+01  8.075E-03
9.53001147E+01  7.984E-03
9.56403147E+01  7.893E-03
9.59805147E+01  7.804E-03
9.63207147E+01  7.715E-03
9.66609147E+01  7.628E-03
9.70011147E+01  7.542E-03
9.73413147E+01  7.457E-03
9.76815147E+01  7.373E-03
9.80217147E+01  7.290E-03
9.83619147E+01  7.209E-03
9.87021147E+01  7.128E-03
9.90423147E+01  7.049E-03
9.93825147E+01  6.970E-03
9.97227147E+01  6.892E-03
1.00062915E+02  6.816E-03
1.00403115E+02  6.740E-03
1.00743315E+02  6.666E-03
1.01083515E+02  6.593E-03
1.01423715E+02  6.520E-03
1.01763915E+02  6.449E-03
1.02104115E+02  6.378E-03
1.02444315E+02  6.309E-03
1.02784515E+02  6.241E-03
1.03124715E+02  6.174E-03
1.03464915E+02  6.107E-03
1.03805115E+02  6.042E-03
1.04145315E+02  5.978E-03
1.04485515E+02  5.915E-03
1.04825715E+02  5.853E-03
1.05165915E+02  5.792E-03
1.05506115E+02  5.732E-03
1.05846315E+02  5.673E-03
1.06186515E+02  5.615E-03
1.06526715E+02  5.558E-03
1.06866915E+02  5.502E-03
1.07207115E+02  5.447E-03
1.07547315E+02  5.393E-03
1.07887515E+02  5.340E-03
1.08227715E+02  5.288E-03
1.08567915E+02  5.237E-03
1.08908115E+02  5.186E-03
1.09248315E+02  5.136E-03
1.09588515E+02  5.087E-03
1.09928715E+02  5.039E-03
1.10268915E+02  4.992E-03
1.10609115E+02  4.945E-03
1.10949315E+02  4.898E-03
1.11289515E+02  4.853E-03
1.11629715E+02  4.808E-03
1.11969915E+02  4.763E-03
1.12310115E+02  4.720E-03
1.12650315E+02  4.676E-03
1.12990515E+02  4.633E-03
1.13330715E+02  4.591E-03
1.13670915E+02  4.549E-03
1.14011115E+02  4.507E-03
1.14351315E+02  4.466E-03
1.14691515E+02  4.425E-03
1.15031715E+02  4.384E-03
1.15371915E+02  4.344E-03
1.15712115E+02  4.304E-03
1.16052315E+02  4.264E-03
1.16392515E+02  4.225E-03
1.16732715E+02  4.186E-03
1.17072915E+02  4.147E-03
1.17413115E+02  4.109E-03
1.17753315E+02  4.071E-03
1.18093515E+02  4.033E-03
1.18433715E+02  3.995E-03
1.18773915E+02  3.958E-03
1.19114115E+02  3.921E-03
1.19454315E+02  3.884E-03
1.19794515E+02  3.848E-03
1.20134715E+02  3.811E-03
1.20474915E+02  3.775E-03
1.20815115E+02  3.740E-03
1.21155315E+02  3.704E-03
1.21495515E+02  3.669E-03
1.21835715E+02  3.634E-03
1.22175915E+02  3.600E-03
1.22516115E+02  3.566E-03
1.22856315E+02  3.532E-03
1.23196515E+02  3.498E-03
1.23536715E+02  3.465E-03
1.23876915E+02  3.432E-03
1.24217115E+02  3.399E-03
1.24557315E+02  3.367E-03
1.24897515E+02  3.334E-03
1.25237715E+02  3.303E-03
1.25577915E+02  3.271E-03
1.25918115E+02  3.240E-03
1.26258315E+02  3.209E-03
1.26598515E+02  3.179E-03
1.26938715E+02  3.148E-03
1.27278915E+02  3.119E-03
1.27619115E+02  3.089E-03
1.27959315E+02  3.060E-03
1.28299515E+02  3.031E-03
1.28639715E+02  3.003E-03
1.28979915E+02  2.975E-03
1.29320115E+02  2.948E-03
1.29660315E+02  2.920E-03
1.30000515E+02  2.894E-03
1.30340715E+02  2.867E-03
1.30680915E+02  2.841E-03
1.31021115E+02  2.816E-03
1.31361315E+02  2.791E-03
1.31701515E+02  2.766E-03
1.32041715E+02  2.742E-03
1.32381915E+02  2.718E-03
1.32722115E+02  2.695E-03
1.33062315E+02  2.672E-03
1.33402515E+02  2.650E-03
1.33742715E+02  2.628E-03
1.34082915E+02  2.606E-03
1.34423115E+02  2.585E-03
1.34763315E+02  2.564E-03
1.35103515E+02  2.544E-03
1.35443715E+02  2.524E-03
1.35783915E+02  2.505E-03
1.36124115E+02  2.485E-03
1.36464315E+02  2.467E-03
1.36804515E+02  2.448E-03
1.37144715E+02  2.430E-03
1.37484915E+02  2.412E-03
1.37825115E+02  2.395E-03
1.38165315E+02  2.377E-03
1.38505515E+02  2.361E-03
1.38845715E+02  2.344E-03
1.39185915E+02  2.327E-03
1.39526115E+02  2.311E-03
1.39866315E+02  2.295E-03
1.40206515E+02  2.279E-03
1.40546715E+02  2.263E-03
1.40886915E+02  2.248E-03
1.41227115E+02  2.232E-03
1.41567315E+02  2.217E-03
1.41907515E+02  2.201E-03
1.42247715E+02  2.186E-03
1.42587915E+02  2.171E-03
1.42928115E+02  2.156E-03
1.43268315E+02  2.141E-03
1.43608515E+02  2.126E-03
1.43948715E+02  2.111E-03
1.44288915E+02  2.096E-03
1.44629115E+02  2.081E-03
1.44969315E+02  2.066E-03
1.45309515E+02  2.051E-03
1.45649715E+02  2.036E-03
1.45989915E+02  2.021E-03
1.46330115E+02  2.006E-03
1.46670315E+02  1.991E-03
1.47010515E+02  1.976E-03
1.47350715E+02  1.961E-03
1.47690915E+02  1.946E-03
1.48031115E+02  1.931E-03
1.48371315E+02  1.916E-03
1.48711515E+02  1.901E-03
1.49051715E+02  1.886E-03
1.49391915E+02  1.871E-03
1.49732115E+02  1.855E-03
1.50072315E+02  1.840E-03
1.50412515E+02  1.825E-03
1.50752715E+02  1.810E-03
1.51092915E+02  1.795E-03
1.51433115E+02  1.780E-03
1.51773315E+02  1.765E-03
1.52113515E+02  1.750E-03
1.52453715E+02  1.735E-03
1.52793915E+02  1.720E-03
1.53134115E+02  1.706E-03
1.53474315E+02  1.691E-03
1.53814515E+02  1.676E-03
1.54154715E+02  1.661E-03
1.54494915E+02  1.647E-03
1.54835115E+02  1.632E-03
1.55175315E+02  1.618E-03
1.55515515E+02  1.604E-03
1.55855715E+02  1.590E-03
1.56195915E+02  1.576E-03
1.56536115E+02  1.562E-03
1.56876315E+02  1.548E-03
1.57216515E+02  1.534E-03
1.57556715E+02  1.521E-03
1.57896915E+02  1.507E-03
1.58237115E+02  1.494E-03
1.58577315E+02  1.481E-03
1.58917515E+02  1.468E-03
1.59257715E+02  1.455E-03
1.59597915E+02  1.443E-03
1.59938115E+02  1.431E-03
1.60278315E+02  1.418E-03
1.60618515E+02  1.406E-03
1.60958715E+02  1.395E-03
1.61298915E+02  1.383E-03
1.61639115E+02  1.372E-03
1.61979315E+02  1.361E-03
1.62319515E+02  1.350E-03
1.62659715E+02  1.340E-03
1.62999915E+02  1.329E-03
1.63340115E+02  1.319E-03
1.63680315E+02  1.310E-03
1.64020515E+02  1.300E-03
1.64360715E+02  1.291E-03
1.64700915E+02  1.282E-03
1.65041115E+02  1.273E-03
1.65381315E+02  1.265E-03
1.65721515E+02  1.256E-03
1.66061715E+02  1.248E-03
1.66401915E+02  1.241E-03
1.66742115E+02  1.233E-03
1.67082315E+02  1.226E-03
1.67422515E+02  1.219E-03
1.67762715E+02  1.212E-03
1.68102915E+02  1.206E-03
1.68443115E+02  1.199E-03
1.68783315E+02  1.193E-03
1.69123515E+02  1.187E-03
1.69463715E+02  1.182E-03
1.69803915E+02  1.176E-03
1.70144115E+02  1.171E-03
1.70484315E+02  1.165E-03
1.70824515E+02  1.160E-03
1.71164715E+02  1.155E-03
1.71504915E+02  1.150E-03
1.71845115E+02  1.145E-03
1.72185315E+02  1.141E-03
1.72525515E+02  1.136E-03
1.72865715E+02  1.131E-03
1.73205915E+02  1.127E-03
1.73546115E+02  1.122E-03
1.73886315E+02  1.117E-03
1.74226515E+02  1.113E-03
1.74566715E+02  1.108E-03
1.74906915E+02  1.103E-03
1.75247115E+02  1.099E-03
1.75587315E+02  1.094E-03
1.75927515E+02  1.089E-03
1.76267715E+02  1.084E-03
1.76607915E+02  1.079E-03
1.76948115E+02  1.074E-03
1.77288315E+02  1.069E-03
1.77628515E+02  1.063E-03
1.77968715E+02  1.058E-03
1.78308915E+02  1.052E-03
1.78649115E+02  1.047E-03
1.78989315E+02  1.041E-03
1.79329515E+02  1.035E-03
1.79669715E+02  1.029E-03
1.80009915E+02  1.023E-03
1.80350115E+02  1.016E-03
1.80690315E+02  1.010E-03
1.81030515E+02  1.003E-03
1.81370715E+02  9.964E-04
1.81710915E+02  9.896E-04
1.82051115E+02  9.826E-04
1.82391315E+02  9.755E-04
1.82731515E+02  9.684E-04
1.83071715E+02  9.611E-04
1.83411915E+02  9.537E-04
1.83752115E+02  9.462E-04
1.84092315E+02  9.386E-04
1.84432515E+02  9.310E-04
1.84772715E+02  9.232E-04
1.85112915E+02  9.154E-04
1.85453115E+02  9.076E-04
1.85793315E+02  8.996E-04
1.86133515E+02  8.917E-04
1.86473715E+02  8.836E-04
1.86813915E+02  8.756E-04
1.87154115E+02  8.675E-04
1.87494315E+02  8.594E-04
1.87834515E+02  8.513E-04
1.88174715E+02  8.431E-04
1.88514915E+02  8.350E-04
1.88855115E+02  8.268E-04
1.89195315E+02  8.187E-04
1.89535515E+02  8.106E-04
1.89875715E+02  8.025E-04
1.90215915E+02  7.944E-04
1.90556115E+02  7.864E-04
1.90896315E+02  7.785E-04
1.91236515E+02  7.706E-04
1.91576715E+02  7.627E-04
1.91916915E+02  7.549E-04
1.92257115E+02  7.472E-04
1.92597315E+02  7.396E-04
1.92937515E+02  7.321E-04
1.93277715E+02  7.247E-04
1.93617915E+02  7.174E-04
1.93958115E+02  7.102E-04
1.94298315E+02  7.032E-04
1.94638515E+02  6.963E-04
1.94978715E+02  6.895E-04
1.95318915E+02  6.829E-04
1.95659115E+02  6.765E-04
1.95999315E+02  6.702E-04
1.96339515E+02  6.642E-04
1.96679715E+02  6.583E-04
1.97019915E+02  6.526E-04
1.97360115E+02  6.471E-04
1.97700315E+02  6.418E-04
1.98040515E+02  6.368E-04
1.98380715E+02  6.319E-04
1.98720915E+02  6.273E-04
1.99061115E+02  6.230E-04
1.99401315E+02  6.188E-04
1.99741515E+02  6.150E-04
2.00081715E+02  6.113E-04
2.00421915E+02  6.080E-04
2.00762115E+02  6.049E-04
2.01102315E+02  6.020E-04
2.01442515E+02  5.994E-04
2.01782715E+02  5.970E-04
2.02122915E+02  5.950E-04
2.02463115E+02  5.931E-04
2.02803315E+02  5.916E-04
2.03143515E+02  5.903E-04
2.03483715E+02  5.892E-04
2.03823915E+02  5.884E-04
2.04164115E+02  5.878E-04
2.04504315E+02  5.874E-04
