          16           7
         215          13           1           1
           0          -4           0          -4           0          -6           0          -2           0          -4           0           6           0           4           0           2           0           4           0           6           0           2           0           4           0           2           0          -4           0          -2           0           2           0           4           0           6           0           2           0           4           0           6           0           4           0          -2           0          -2           0          -4           0          -6           0          -8           0          -2           0          -4           0          -6           0          -4           0           2           0          -4           0          -6           0          -2           0          -4           0          -6           0          -6           0          -8           0          -4           0          -6           0          -2           0          -4           0           4           0           6           0           8           0          10           0           4           0          -4           0           2           0           6           0           4           0           8           0           2           0          -4           0          -2           0           6           0           6           0           4           0           2           0           8           0           4           0           6           0           8           0           4           0           6           0           8           0          10           0           4           0           6           0           8           0           6           0           4           0           2           0           6           0           2           0           4           0           2           0          -4           0          -2           0          -6           0          -8           0           6           0           4           0          -4           0          -6           0          -2           0          -4           0          -6           0          -8           0         -10           0          -2           0          -4           0          -6           0          -4           0          -2           0          -6           0          -8           0          -2           0          -4           0           2           0           4           0           6           0           8           0           4           0           4           0           6           0           8           0           2           0          10           0           8           0           6           0           4           0           2           0           6           0           6           0           4           0           4           0           2           0           4           0           6           0           8           0          -4           0           2           0           4           0          -6           0          -4           0           2           0           4           0           6           0           4           0           6           0          -2           0          -4           0          -6           0          -8           0         -10           0          -6           0          -8           0         -10           0         -12           0           2           0          -2           0          -4           0          -6           0          -8           0          -2           0          -8           0         -10           0          -4           0          -2           0          -6           0          -4           0          -2           0          -4           0          -2           0          -4           0          -6           0          -4           0          -8           0          -6           0           2           0           4           0           2           0           4           0           6           0         -10           0          -8           0          -6           0          -4           0           6           0          -2           0          -4           0           8           0          -6           0          -2           0          -4           0          -6           0          -8           0           4           0           6           0          -4           0          -6           0          -6           0          -8           0          -2           0           2           0          -4           0           4           0           6           0           4           0           4           0           2           0           2           0          -4           0          -6           0          -8           0          -2           0          -4           0          -6           0          -8           0         -10           0          -8           0          -6           0          -4           0          -2           0          -2           0          -4           0          -6           0          -6           0          -8           0          -4           0          -2           0          -6           0          -4
    0.000000E+00    9.645106E-03    9.843162E-03    1.435602E-02    1.458263E-02
    4.247197E-02    4.320385E-02    4.360158E-02    5.944295E-02    5.948713E-02
    6.922989E-02    7.316769E-02    7.411300E-02    1.134727E-01    1.147319E-01
    2.354040E-01    2.358931E-01    2.366026E-01    2.382857E-01    2.391328E-01
    2.438023E-01    2.438287E-01    2.461520E-01    2.471700E-01    2.474363E-01
    2.479076E-01    2.485433E-01    2.486026E-01    2.487216E-01    2.491410E-01
    2.502551E-01    2.507374E-01    2.510783E-01    2.511300E-01    2.524691E-01
    2.524772E-01    2.554279E-01    2.561102E-01    2.563381E-01    2.591442E-01
    2.591854E-01    2.609226E-01    2.615363E-01    2.619649E-01    2.622131E-01
    2.625883E-01    2.631076E-01    2.632646E-01    2.633261E-01    2.634365E-01
    2.637297E-01    2.638533E-01    2.640096E-01    2.643758E-01    2.644930E-01
    2.645338E-01    2.648466E-01    2.652759E-01    2.655531E-01    2.656939E-01
    2.657640E-01    2.676748E-01    2.677713E-01    2.679166E-01    2.688115E-01
    2.690337E-01    2.711118E-01    2.712141E-01    2.720014E-01    2.721113E-01
    2.724223E-01    2.724984E-01    2.725578E-01    2.726085E-01    2.727219E-01
    2.737570E-01    2.740430E-01    2.746587E-01    2.763855E-01    2.763956E-01
    2.763957E-01    2.764682E-01    2.789238E-01    2.791446E-01    2.808157E-01
    2.808428E-01    2.816082E-01    2.816156E-01    2.816277E-01    2.816445E-01
    2.816660E-01    2.832213E-01    2.832636E-01    2.833497E-01    2.872720E-01
    2.872722E-01    2.872783E-01    2.873017E-01    2.873787E-01    2.874354E-01
    2.875828E-01    2.876419E-01    2.877951E-01    2.879672E-01    2.884374E-01
    2.885530E-01    2.886000E-01    2.886971E-01    2.887362E-01    2.888178E-01
    2.901974E-01    2.902310E-01    2.934227E-01    2.936053E-01    2.936679E-01
    2.948139E-01    2.948751E-01    2.949134E-01    2.954910E-01    2.955387E-01
    2.955818E-01    2.956302E-01    2.974080E-01    2.974265E-01    2.978254E-01
    2.979930E-01    2.980044E-01    2.981863E-01    2.981951E-01    2.982014E-01
    2.986863E-01    2.989406E-01    2.997979E-01    3.013547E-01    3.014398E-01
    3.015665E-01    3.017420E-01    3.025165E-01    3.025355E-01    3.025686E-01
    3.026262E-01    3.032771E-01    3.036433E-01    3.036673E-01    3.036996E-01
    3.037196E-01    3.041292E-01    3.046134E-01    3.046301E-01    3.048276E-01
    3.048611E-01    3.049614E-01    3.051740E-01    3.052844E-01    3.060373E-01
    3.062721E-01    3.065126E-01    3.067251E-01    3.072820E-01    3.083217E-01
    3.083847E-01    3.085481E-01    3.086063E-01    3.093086E-01    3.093690E-01
    3.093750E-01    3.093804E-01    3.094500E-01    3.095030E-01    3.095365E-01
    3.096086E-01    3.096683E-01    3.098305E-01    3.098337E-01    3.100372E-01
    3.110986E-01    3.111053E-01    3.111248E-01    3.111449E-01    3.124031E-01
    3.124222E-01    3.126400E-01    3.132139E-01    3.132929E-01    3.134326E-01
    3.163175E-01    3.165548E-01    3.167011E-01    3.167161E-01    3.173537E-01
    3.174815E-01    3.194473E-01    3.198310E-01    3.206567E-01    3.235572E-01
    3.235827E-01    3.236877E-01    3.236885E-01    3.238034E-01    3.239013E-01
    3.239634E-01    3.240075E-01    3.245628E-01    3.245933E-01    3.263728E-01
    3.264517E-01    3.271738E-01    3.284075E-01    3.287843E-01    3.314323E-01
    3.314556E-01    3.324856E-01    3.325179E-01    3.327131E-01    3.333147E-01
           0           2           0           1
  -27.940514715248785               13
3.61053147E+01  1.678E-01  1.371E-01  6.678E-02  6.467E-02  9.091E-02  3.866E-04
                9.850E-02  2.016E-02  6.873E-04  5.029E-04  1.724E-03  1.993E-02
                3.250E-02
4.97133147E+01  6.940E-02  5.611E-02  2.763E-02  2.611E-02  3.736E-02  1.186E-04
                5.731E-02  1.174E-02  2.811E-04  2.743E-04  6.636E-04  1.058E-02
                1.908E-02  1.010E-03  9.518E-04  8.956E-06  5.030E-05  1.264E-04
                8.540E-06  2.075E-05  3.103E-04  5.019E-04  2.965E-05  1.165E-05
                2.398E-05  5.844E-05  3.629E-05  1.778E-05  2.597E-05  5.054E-05
                4.877E-05  1.789E-06  2.288E-04  5.731E-05  1.470E-05  1.944E-05
                6.170E-08  2.188E-04  1.937E-04  2.960E-04  6.055E-05  7.676E-05
                1.478E-04  3.372E-06  9.829E-06  8.235E-06  2.751E-06  1.072E-05
                1.762E-04  6.487E-06  1.174E-05  1.188E-05  2.245E-06  2.577E-05
                9.083E-05  4.316E-05  3.448E-05  9.683E-05  1.208E-04  5.865E-05
                3.055E-05  7.198E-08  9.421E-08  4.357E-08
6.33213147E+01  3.455E-02  2.779E-02  1.354E-02  1.300E-02  1.844E-02  5.215E-05
                3.750E-02  7.689E-03  1.280E-04  7.695E-05  4.361E-04  6.981E-03
                1.270E-02  5.315E-04  5.062E-04  2.014E-06  9.458E-06  2.090E-05
                8.074E-06  1.718E-05  3.708E-06  8.052E-06  9.122E-06  1.273E-06
                1.890E-06  5.401E-06  6.640E-06  1.033E-05  1.026E-05  2.508E-05
                2.270E-05  2.510E-06  8.781E-05  2.126E-05  9.809E-06  8.175E-06
                9.349E-09  9.404E-06  3.329E-06  5.489E-05  2.879E-05  1.821E-05
                2.856E-05  1.063E-06  1.984E-06  3.237E-06  5.583E-07  2.565E-06
                1.110E-04  1.658E-06  2.950E-06  3.190E-06  7.918E-07  5.128E-06
                2.504E-05  1.578E-05  1.271E-05  3.926E-05  3.473E-05  1.479E-05
                4.492E-06  1.351E-08  2.402E-08  2.062E-08  1.298E-05  8.295E-06
                3.903E-07  2.744E-08  7.848E-06  7.748E-06  1.023E-05  9.394E-06
                1.352E-05  4.173E-06  2.792E-05  4.944E-06  6.448E-06  3.518E-06
                8.970E-06  3.685E-06  1.259E-05  2.997E-07  4.923E-06  8.080E-06
                6.709E-05  2.682E-05  3.458E-08  3.768E-08  2.970E-08  3.961E-08
                5.442E-08  3.241E-06  1.550E-06  9.209E-06  4.074E-06  1.750E-06
                6.648E-06  9.655E-07  2.491E-05  2.965E-05  5.731E-07  8.623E-07
                1.105E-06  4.651E-07  9.884E-07  1.215E-06  2.250E-06  2.623E-06
                1.634E-06  1.859E-07  6.504E-06  1.483E-05  7.254E-05  1.602E-05
                7.820E-07  1.785E-06  9.375E-06  9.905E-06  7.571E-07  9.883E-07
                6.796E-07  2.126E-06  4.645E-05  1.124E-06  6.199E-06  5.053E-06
                1.246E-05  1.668E-05  6.966E-05  1.805E-06  6.980E-06  7.796E-06
                1.341E-05  2.628E-06  2.580E-06  1.622E-06  1.225E-06  3.272E-06
                5.087E-06  5.655E-06  1.660E-08  1.592E-06  3.586E-06  9.390E-06
                1.638E-05  1.739E-06  9.420E-07  1.061E-05  3.709E-06  7.373E-06
                3.921E-06  1.122E-05  6.887E-06  1.046E-05  1.975E-06  2.362E-06
                1.462E-05  2.749E-06  4.445E-06  1.612E-06  4.364E-06  2.454E-06
                5.260E-06  7.179E-06  3.837E-05  1.151E-05  2.719E-06  1.578E-06
                1.571E-06  1.671E-06  5.446E-06  2.741E-06  3.161E-06  2.633E-06
                1.570E-06  3.636E-06  1.055E-05  1.783E-05  3.118E-06  1.345E-06
                6.158E-07  2.629E-06  4.409E-06  4.149E-06  5.002E-06  9.061E-07
                9.462E-06  2.241E-06  7.515E-06  1.170E-06  2.727E-06  1.488E-05
                1.766E-05  1.122E-05  8.803E-06  1.288E-05  1.840E-05  4.003E-06
                5.601E-06  9.828E-06  8.913E-07  2.663E-07  5.938E-07  8.856E-07
                1.933E-06  2.129E-06  2.475E-06  9.526E-06  7.920E-06  2.614E-07
                4.998E-07  8.107E-07  6.090E-07  3.238E-06  8.548E-06
7.69293147E+01  1.931E-02  1.549E-02  7.541E-03  7.240E-03  1.029E-02  2.811E-05
                2.586E-02  5.302E-03  7.489E-05  4.117E-05  3.036E-04  4.949E-03
                9.024E-03  3.123E-04  2.978E-04  1.376E-06  5.254E-06  1.139E-05
                5.036E-06  1.002E-05  2.644E-06  5.788E-06  4.287E-06  5.190E-07
                9.149E-07  2.918E-06  4.078E-06  5.605E-06  6.299E-06  1.525E-05
                1.168E-05  1.749E-06  4.009E-05  1.162E-05  5.230E-06  4.481E-06
                7.288E-09  4.632E-06  1.649E-06  2.781E-05  1.466E-05  9.045E-06
                1.381E-05  4.590E-07  8.419E-07  1.426E-06  2.889E-07  1.301E-06
                6.153E-05  1.001E-06  1.703E-06  1.849E-06  3.639E-07  2.923E-06
                1.301E-05  7.817E-06  6.524E-06  1.981E-05  1.792E-05  6.092E-06
                2.175E-06  1.008E-08  2.339E-08  1.213E-09  5.197E-06  2.987E-06
                3.152E-07  5.321E-08  4.624E-06  4.550E-06  6.038E-06  5.779E-06
                9.790E-06  3.082E-06  1.619E-05  1.954E-06  3.248E-06  1.231E-06
                6.061E-06  2.430E-06  8.438E-06  8.784E-08  2.637E-06  3.660E-06
                4.110E-05  1.664E-05  2.623E-09  3.253E-09  1.757E-09  1.098E-09
                1.347E-09  2.721E-06  1.372E-06  5.910E-06  2.572E-06  1.161E-06
                3.910E-06  5.322E-07  1.490E-05  1.798E-05  3.802E-07  5.895E-07
                7.706E-07  1.119E-07  3.707E-07  6.399E-07  1.270E-06  1.269E-06
                2.781E-07  1.324E-07  4.664E-06  1.128E-05  4.576E-05  1.004E-05
                4.915E-07  1.083E-06  6.063E-06  6.009E-06  5.159E-07  7.374E-07
                5.655E-07  1.285E-06  3.083E-05  5.120E-07  3.151E-06  3.716E-06
                9.342E-06  1.071E-05  4.475E-05  9.766E-07  5.432E-06  5.710E-06
                7.838E-06  9.448E-07  9.551E-07  6.362E-07  5.500E-07  1.603E-06
                2.489E-06  2.692E-06  1.214E-08  1.091E-06  1.988E-06  5.444E-06
                9.816E-06  6.902E-07  4.757E-07  3.998E-06  1.426E-06  4.323E-06
                3.038E-06  6.262E-06  4.387E-06  6.983E-06  9.786E-07  8.870E-07
                9.105E-06  1.068E-06  1.706E-06  1.105E-06  2.469E-06  1.017E-06
                3.235E-06  4.241E-06  2.187E-05  7.433E-06  1.288E-06  8.394E-07
                8.281E-07  8.069E-07  2.366E-06  1.613E-06  1.768E-06  8.638E-07
                8.819E-07  2.456E-06  6.674E-06  1.060E-05  1.622E-06  4.608E-07
                2.874E-07  1.406E-06  2.210E-06  2.261E-06  1.893E-06  4.187E-07
                6.018E-06  1.510E-06  4.647E-06  9.369E-07  1.876E-06  1.050E-05
                1.276E-05  8.533E-06  4.123E-06  5.524E-06  7.565E-06  2.035E-06
                2.630E-06  4.713E-06  2.108E-07  6.311E-08  2.658E-07  4.832E-07
                2.088E-06  2.095E-06  2.782E-06  5.480E-06  4.755E-06  1.577E-07
                2.171E-07  4.058E-07  3.105E-07  2.718E-06  7.269E-06
9.05373147E+01  1.170E-02  9.383E-03  4.568E-03  4.384E-03  6.223E-03  1.732E-05
                1.852E-02  3.797E-03  4.803E-05  2.452E-05  2.188E-04  3.603E-03
                6.582E-03  1.932E-04  1.840E-04  8.862E-07  3.068E-06  6.413E-06
                3.230E-06  5.906E-06  1.767E-06  3.870E-06  2.572E-06  3.062E-07
                6.088E-07  1.950E-06  2.967E-06  3.452E-06  3.910E-06  9.401E-06
                6.665E-06  1.168E-06  2.084E-05  7.020E-06  3.092E-06  2.744E-06
                4.629E-09  2.542E-06  8.950E-07  1.529E-05  8.203E-06  5.005E-06
                7.606E-06  2.251E-07  4.177E-07  7.298E-07  1.852E-07  8.630E-07
                3.788E-05  8.031E-07  9.496E-07  1.393E-06  1.992E-07  2.375E-06
                7.290E-06  4.330E-06  3.644E-06  1.090E-05  1.169E-05  3.426E-06
                1.222E-06  7.336E-09  1.594E-08  8.820E-10  2.432E-06  1.442E-06
                2.521E-07  5.669E-08  2.809E-06  2.764E-06  3.644E-06  4.264E-06
                7.286E-06  2.345E-06  9.798E-06  9.726E-07  1.849E-06  5.799E-07
                4.283E-06  1.709E-06  5.918E-06  4.885E-08  1.512E-06  1.925E-06
                2.665E-05  1.078E-05  1.808E-09  2.176E-09  1.103E-09  7.410E-10
                7.751E-10  1.988E-06  1.021E-06  4.127E-06  2.015E-06  8.958E-07
                3.049E-06  3.251E-07  9.706E-06  1.171E-05  2.733E-07  4.417E-07
                5.763E-07  8.192E-08  2.215E-07  4.541E-07  9.164E-07  9.161E-07
                7.857E-08  9.991E-08  3.330E-06  8.089E-06  3.011E-05  6.584E-06
                3.346E-07  7.857E-07  4.139E-06  3.926E-06  3.952E-07  5.523E-07
                4.348E-07  9.711E-07  2.017E-05  3.868E-07  2.225E-06  2.448E-06
                6.127E-06  7.201E-06  3.005E-05  6.921E-07  3.963E-06  4.173E-06
                5.380E-06  5.036E-07  4.992E-07  3.135E-07  3.058E-07  8.334E-07
                1.294E-06  1.404E-06  1.323E-08  7.178E-07  1.300E-06  3.654E-06
                6.736E-06  3.397E-07  2.879E-07  1.683E-06  5.917E-07  2.836E-06
                2.025E-06  4.202E-06  2.940E-06  4.727E-06  6.234E-07  4.987E-07
                6.381E-06  5.921E-07  9.403E-07  6.522E-07  1.452E-06  5.954E-07
                2.274E-06  2.763E-06  1.383E-05  5.185E-06  7.180E-07  4.419E-07
                4.624E-07  4.506E-07  1.665E-06  1.057E-06  1.150E-06  6.036E-07
                5.104E-07  1.698E-06  4.548E-06  7.101E-06  9.420E-07  3.454E-07
                1.932E-07  7.981E-07  1.150E-06  1.270E-06  9.495E-07  2.436E-07
                4.256E-06  9.360E-07  3.236E-06  6.284E-07  1.256E-06  7.652E-06
                9.267E-06  6.252E-06  2.296E-06  2.886E-06  3.597E-06  1.156E-06
                1.456E-06  2.566E-06  6.679E-08  1.909E-08  1.222E-07  2.703E-07
                1.606E-06  1.604E-06  2.104E-06  3.805E-06  3.111E-06  9.673E-08
                1.125E-07  2.843E-07  2.296E-07  1.977E-06  5.303E-06
1.04145315E+02  7.459E-03  5.978E-03  2.909E-03  2.792E-03  3.977E-03  1.063E-05
                1.381E-02  2.832E-03  3.198E-05  1.464E-05  1.652E-04  2.742E-03
                5.017E-03  1.289E-04  1.230E-04  5.888E-07  1.978E-06  3.902E-06
                2.129E-06  3.661E-06  1.150E-06  2.519E-06  1.661E-06  1.999E-07
                5.004E-07  1.602E-06  2.630E-06  2.169E-06  2.443E-06  5.904E-06
                4.036E-06  7.583E-07  1.170E-05  4.633E-06  1.913E-06  1.730E-06
                2.979E-09  1.475E-06  5.184E-07  8.836E-06  4.872E-06  2.939E-06
                4.470E-06  1.244E-07  2.345E-07  4.221E-07  1.534E-07  6.143E-07
                2.443E-05  6.628E-07  5.650E-07  1.099E-06  1.083E-07  1.977E-06
                4.327E-06  2.531E-06  2.207E-06  6.556E-06  8.427E-06  2.231E-06
                7.568E-07  5.504E-09  1.128E-08  6.304E-10  1.299E-06  7.913E-07
                1.948E-07  5.050E-08  1.835E-06  1.785E-06  2.327E-06  3.240E-06
                5.354E-06  1.752E-06  6.302E-06  5.411E-07  1.134E-06  3.096E-07
                2.920E-06  1.164E-06  4.024E-06  3.568E-08  9.381E-07  1.124E-06
                1.777E-05  7.194E-06  1.294E-09  1.505E-09  7.090E-10  5.120E-10
                5.055E-10  1.370E-06  7.125E-07  2.792E-06  1.586E-06  6.921E-07
                2.399E-06  2.213E-07  6.494E-06  7.858E-06  2.043E-07  3.306E-07
                4.291E-07  6.066E-08  1.588E-07  3.363E-07  6.715E-07  6.765E-07
                4.584E-08  6.797E-08  2.375E-06  5.786E-06  2.098E-05  4.586E-06
                2.284E-07  5.818E-07  2.964E-06  2.729E-06  2.947E-07  4.162E-07
                3.306E-07  7.144E-07  1.342E-05  2.959E-07  1.642E-06  1.668E-06
                4.169E-06  5.123E-06  2.137E-05  5.143E-07  2.847E-06  2.994E-06
                3.633E-06  3.086E-07  2.986E-07  1.755E-07  1.955E-07  5.015E-07
                7.785E-07  8.484E-07  1.331E-08  4.964E-07  9.060E-07  2.593E-06
                4.848E-06  1.835E-07  1.856E-07  8.960E-07  3.126E-07  1.936E-06
                1.389E-06  2.973E-06  2.080E-06  3.362E-06  4.211E-07  3.048E-07
                4.585E-06  3.556E-07  5.644E-07  4.114E-07  9.072E-07  4.191E-07
                1.649E-06  1.950E-06  9.651E-06  3.585E-06  4.609E-07  2.619E-07
                2.878E-07  2.841E-07  1.180E-06  7.396E-07  7.997E-07  4.282E-07
                3.322E-07  1.226E-06  3.256E-06  5.030E-06  6.078E-07  2.759E-07
                1.451E-07  4.917E-07  7.062E-07  7.776E-07  5.747E-07  1.514E-07
                3.148E-06  6.076E-07  2.369E-06  4.347E-07  9.104E-07  5.741E-06
                6.955E-06  4.727E-06  1.416E-06  1.727E-06  1.966E-06  7.144E-07
                9.029E-07  1.563E-06  3.214E-08  9.683E-09  6.611E-08  1.639E-07
                1.226E-06  1.225E-06  1.583E-06  2.790E-06  2.208E-06  6.421E-08
                6.590E-08  2.015E-07  1.707E-07  1.482E-06  3.990E-06
1.17753315E+02  5.065E-03  4.071E-03  1.982E-03  1.905E-03  2.704E-03  7.362E-06
                1.055E-02  2.163E-03  2.280E-05  9.798E-06  1.261E-04  2.104E-03
                3.851E-03  8.892E-05  8.482E-05  3.913E-07  1.297E-06  2.289E-06
                1.444E-06  2.203E-06  7.619E-07  1.665E-06  1.150E-06  1.468E-07
                3.883E-07  1.221E-06  2.042E-06  1.407E-06  1.557E-06  3.791E-06
                2.612E-06  5.024E-07  7.601E-06  3.134E-06  1.271E-06  1.139E-06
                1.881E-09  9.023E-07  3.171E-07  5.770E-06  3.232E-06  1.938E-06
                2.939E-06  7.677E-08  1.531E-07  2.844E-07  1.586E-07  4.857E-07
                1.693E-05  5.730E-07  3.463E-07  9.193E-07  6.359E-08  1.717E-06
                2.826E-06  1.661E-06  1.391E-06  4.084E-06  6.517E-06  1.633E-06
                5.029E-07  4.142E-09  7.517E-09  4.297E-10  7.971E-07  4.982E-07
                1.457E-07  4.100E-08  1.227E-06  1.180E-06  1.545E-06  2.319E-06
                4.033E-06  1.329E-06  4.170E-06  3.403E-07  7.610E-07  1.878E-07
                2.023E-06  8.105E-07  2.793E-06  2.657E-08  6.169E-07  7.200E-07
                1.275E-05  5.148E-06  9.715E-10  1.100E-09  4.846E-10  3.623E-10
                3.330E-10  9.649E-07  4.852E-07  1.980E-06  1.268E-06  5.430E-07
                1.929E-06  1.637E-07  4.685E-06  5.670E-06  1.533E-07  2.490E-07
                3.251E-07  4.431E-08  1.220E-07  2.431E-07  4.867E-07  4.987E-07
                3.887E-08  4.958E-08  1.609E-06  3.922E-06  1.571E-05  3.433E-06
                1.639E-07  4.385E-07  2.238E-06  2.026E-06  2.143E-07  3.180E-07
                2.507E-07  5.054E-07  9.613E-06  2.214E-07  1.212E-06  1.164E-06
                2.917E-06  3.886E-06  1.621E-05  3.853E-07  1.986E-06  2.085E-06
                2.604E-06  1.935E-07  1.847E-07  1.022E-07  1.258E-07  3.100E-07
                4.817E-07  5.274E-07  1.232E-08  3.548E-07  6.705E-07  1.947E-06
                3.682E-06  1.073E-07  1.330E-07  4.808E-07  1.675E-07  1.358E-06
                9.691E-07  2.239E-06  1.566E-06  2.540E-06  3.066E-07  2.068E-07
                3.500E-06  2.317E-07  3.726E-07  2.628E-07  5.684E-07  3.208E-07
                1.238E-06  1.458E-06  7.171E-06  2.459E-06  2.987E-07  1.612E-07
                1.879E-07  1.839E-07  8.408E-07  5.545E-07  5.965E-07  3.061E-07
                2.350E-07  9.344E-07  2.462E-06  3.766E-06  3.916E-07  2.222E-07
                1.110E-07  3.126E-07  4.460E-07  4.834E-07  3.601E-07  9.876E-08
                2.399E-06  4.051E-07  1.792E-06  3.068E-07  6.851E-07  4.406E-06
                5.343E-06  3.644E-06  9.322E-07  1.106E-06  1.110E-06  4.662E-07
                6.012E-07  1.020E-06  2.651E-08  9.485E-09  3.672E-08  1.013E-07
                9.742E-07  9.753E-07  1.243E-06  2.145E-06  1.655E-06  4.479E-08
                4.010E-08  1.486E-07  1.324E-07  1.163E-06  3.134E-06
1.31361315E+02  3.477E-03  2.791E-03  1.358E-03  1.306E-03  1.863E-03  4.787E-06
                8.258E-03  1.694E-03  1.637E-05  6.185E-06  1.002E-04  1.681E-03
                3.081E-03  6.356E-05  6.069E-05  2.785E-07  9.589E-07  1.488E-06
                1.036E-06  1.458E-06  5.096E-07  1.116E-06  8.618E-07  1.164E-07
                3.342E-07  1.034E-06  1.762E-06  9.506E-07  1.017E-06  2.503E-06
                1.750E-06  3.352E-07  4.987E-06  2.252E-06  8.541E-07  7.591E-07
                1.255E-09  5.733E-07  2.032E-07  3.726E-06  2.150E-06  1.262E-06
                1.920E-06  4.913E-08  1.006E-07  1.908E-07  1.355E-07  3.786E-07
                1.172E-05  4.740E-07  2.249E-07  7.463E-07  3.602E-08  1.424E-06
                1.844E-06  1.072E-06  9.094E-07  2.703E-06  5.055E-06  1.202E-06
                3.416E-07  3.360E-09  5.930E-09  3.133E-10  4.966E-07  3.210E-07
                1.066E-07  3.125E-08  8.621E-07  8.237E-07  1.071E-06  1.883E-06
                3.027E-06  1.001E-06  2.907E-06  2.184E-07  5.261E-07  1.150E-07
                1.443E-06  5.775E-07  1.992E-06  2.350E-08  4.229E-07  4.751E-07
                8.927E-06  3.605E-06  7.393E-10  8.157E-10  3.371E-10  2.627E-10
                2.450E-10  6.868E-07  3.492E-07  1.393E-06  1.018E-06  4.294E-07
                1.549E-06  1.244E-07  3.273E-06  3.970E-06  1.174E-07  1.890E-07
                2.454E-07  3.386E-08  9.419E-08  1.868E-07  3.730E-07  3.860E-07
                3.444E-08  3.797E-08  1.264E-06  3.082E-06  1.149E-05  2.513E-06
                1.204E-07  3.277E-07  1.663E-06  1.482E-06  1.603E-07  2.403E-07
                1.905E-07  3.783E-07  6.660E-06  1.766E-07  9.530E-07  8.287E-07
                2.072E-06  2.888E-06  1.204E-05  2.883E-07  1.544E-06  1.624E-06
                1.827E-06  1.405E-07  1.300E-07  6.628E-08  9.475E-08  2.292E-07
                3.559E-07  3.907E-07  9.278E-09  2.549E-07  5.034E-07  1.477E-06
                2.818E-06  6.242E-08  9.442E-08  3.751E-07  1.309E-07  9.688E-07
                6.935E-07  1.701E-06  1.190E-06  1.933E-06  2.265E-07  1.419E-07
                2.627E-06  1.555E-07  2.505E-07  1.831E-07  3.926E-07  2.498E-07
                9.312E-07  1.098E-06  5.415E-06  1.856E-06  2.287E-07  1.090E-07
                1.321E-07  1.338E-07  6.813E-07  4.185E-07  4.461E-07  2.498E-07
                1.706E-07  7.145E-07  1.876E-06  2.859E-06  2.920E-07  1.738E-07
                8.615E-08  2.162E-07  3.392E-07  3.358E-07  2.753E-07  6.756E-08
                1.831E-06  2.846E-07  1.369E-06  2.457E-07  5.436E-07  3.377E-06
                4.102E-06  2.809E-06  6.593E-07  8.026E-07  8.016E-07  3.189E-07
                4.201E-07  7.238E-07  2.119E-08  7.569E-09  2.299E-08  6.604E-08
                7.650E-07  7.668E-07  9.538E-07  1.652E-06  1.262E-06  3.243E-08
                2.846E-08  1.122E-07  1.026E-07  9.094E-07  2.449E-06
1.44969315E+02  2.567E-03  2.066E-03  1.006E-03  9.687E-04  1.375E-03  3.776E-06
                6.529E-03  1.339E-03  1.253E-05  4.610E-06  7.873E-05  1.323E-03
                2.426E-03  4.616E-05  4.402E-05  2.012E-07  7.430E-07  9.702E-07
                7.697E-07  9.492E-07  3.482E-07  7.599E-07  6.188E-07  8.921E-08
                2.693E-07  8.271E-07  1.399E-06  6.293E-07  6.603E-07  1.642E-06
                1.238E-06  2.292E-07  3.725E-06  1.626E-06  6.044E-07  5.193E-07
                7.970E-10  3.719E-07  1.327E-07  2.769E-06  1.608E-06  9.371E-07
                1.423E-06  3.625E-08  8.040E-08  1.560E-07  1.439E-07  3.201E-07
                8.817E-06  4.138E-07  1.490E-07  6.406E-07  2.616E-08  1.244E-06
                1.341E-06  7.933E-07  6.180E-07  1.811E-06  4.139E-06  9.688E-07
                2.519E-07  2.605E-09  3.920E-09  2.160E-10  3.535E-07  2.341E-07
                8.038E-08  2.492E-08  6.125E-07  5.775E-07  7.566E-07  1.312E-06
                2.354E-06  7.766E-07  2.039E-06  1.540E-07  3.805E-07  7.999E-08
                9.760E-07  3.943E-07  1.354E-06  1.748E-08  2.983E-07  3.349E-07
                6.826E-06  2.760E-06  5.803E-10  6.237E-10  2.390E-10  1.924E-10
                1.697E-10  4.703E-07  2.302E-07  9.833E-07  8.281E-07  3.448E-07
                1.268E-06  1.034E-07  2.526E-06  3.058E-06  8.842E-08  1.414E-07
                1.855E-07  2.393E-08  7.480E-08  1.356E-07  2.680E-07  2.843E-07
                3.593E-08  2.590E-08  8.033E-07  1.958E-06  9.350E-06  2.044E-06
                8.807E-08  2.546E-07  1.334E-06  1.192E-06  1.132E-07  1.858E-07
                1.410E-07  2.578E-07  4.981E-06  1.282E-07  6.981E-07  6.179E-07
                1.551E-06  2.370E-06  9.895E-06  2.105E-07  1.016E-06  1.061E-06
                1.315E-06  9.324E-08  8.566E-08  4.106E-08  6.370E-08  1.525E-07
                2.372E-07  2.614E-07  8.131E-09  1.956E-07  3.929E-07  1.163E-06
                2.233E-06  3.969E-08  7.324E-08  2.413E-07  8.543E-08  7.269E-07
                5.149E-07  1.341E-06  9.381E-07  1.526E-06  1.754E-07  1.058E-07
                2.089E-06  1.111E-07  1.823E-07  1.238E-07  2.576E-07  2.092E-07
                7.338E-07  8.912E-07  4.388E-06  1.209E-06  1.533E-07  7.033E-08
                9.103E-08  9.002E-08  4.622E-07  3.309E-07  3.513E-07  1.706E-07
                1.303E-07  5.676E-07  1.483E-06  2.242E-06  1.937E-07  1.425E-07
                6.795E-08  1.457E-07  2.317E-07  2.200E-07  1.887E-07  4.685E-08
                1.483E-06  1.992E-07  1.097E-06  1.676E-07  4.288E-07  2.716E-06
                3.324E-06  2.276E-06  4.678E-07  5.611E-07  4.915E-07  2.232E-07
                3.034E-07  5.118E-07  2.490E-08  9.576E-09  1.553E-08  4.547E-08
                6.172E-07  6.202E-07  7.619E-07  1.303E-06  9.754E-07  2.505E-08
                1.984E-08  8.633E-08  8.195E-08  7.261E-07  1.960E-06
1.58577315E+02  1.838E-03  1.481E-03  7.208E-04  6.962E-04  9.920E-04  2.277E-06
                5.413E-03  1.110E-03  9.414E-06  2.799E-06  6.643E-05  1.122E-03
                2.059E-03  3.593E-05  3.439E-05  1.531E-07  6.242E-07  6.981E-07
                5.946E-07  6.859E-07  2.335E-07  5.105E-07  4.757E-07  7.121E-08
                2.409E-07  7.388E-07  1.260E-06  4.385E-07  4.422E-07  1.110E-06
                8.819E-07  1.530E-07  2.553E-06  1.248E-06  4.143E-07  3.495E-07
                5.459E-10  2.509E-07  9.150E-08  1.887E-06  1.133E-06  6.341E-07
                9.697E-07  2.497E-08  5.685E-08  1.130E-07  1.202E-07  2.579E-07
                6.267E-06  3.482E-07  1.028E-07  5.327E-07  1.833E-08  1.046E-06
                9.130E-07  5.333E-07  4.150E-07  1.246E-06  3.348E-06  7.540E-07
                1.788E-07  2.191E-09  3.298E-09  1.674E-10  2.363E-07  1.628E-07
                5.752E-08  1.824E-08  4.368E-07  4.103E-07  5.326E-07  1.102E-06
                1.805E-06  5.865E-07  1.445E-06  1.040E-07  2.712E-07  5.157E-08
                7.059E-07  2.835E-07  9.783E-07  1.695E-08  2.091E-07  2.294E-07
                4.809E-06  1.949E-06  4.528E-10  4.723E-10  1.683E-10  1.423E-10
                1.321E-10  3.349E-07  1.701E-07  6.882E-07  6.722E-07  2.773E-07
                1.026E-06  7.525E-08  1.776E-06  2.157E-06  6.796E-08  1.066E-07
                1.382E-07  1.864E-08  5.957E-08  1.054E-07  2.075E-07  2.221E-07
                3.485E-08  2.082E-08  6.688E-07  1.629E-06  7.103E-06  1.553E-06
                6.687E-08  1.881E-07  1.012E-06  9.059E-07  8.550E-08  1.401E-07
                1.067E-07  1.966E-07  3.455E-06  1.054E-07  5.677E-07  4.517E-07
                1.131E-06  1.823E-06  7.615E-06  1.598E-07  8.306E-07  8.699E-07
                9.192E-07  7.322E-08  6.540E-08  2.893E-08  5.142E-08  1.237E-07
                1.923E-07  2.118E-07  5.585E-09  1.431E-07  3.044E-07  9.054E-07
                1.749E-06  2.451E-08  5.577E-08  2.090E-07  7.381E-08  5.326E-07
                3.799E-07  1.038E-06  7.280E-07  1.184E-06  1.375E-07  7.812E-08
                1.593E-06  8.003E-08  1.316E-07  8.868E-08  1.849E-07  1.679E-07
                5.634E-07  6.998E-07  3.471E-06  9.339E-07  1.254E-07  5.061E-08
                6.762E-08  6.963E-08  3.966E-07  2.548E-07  2.686E-07  1.475E-07
                9.852E-08  4.424E-07  1.153E-06  1.739E-06  1.526E-07  1.088E-07
                5.267E-08  1.056E-07  1.813E-07  1.624E-07  1.482E-07  3.415E-08
                1.178E-06  1.476E-07  8.706E-07  1.415E-07  3.566E-07  2.155E-06
                2.647E-06  1.818E-06  3.494E-07  4.377E-07  4.017E-07  1.596E-07
                2.219E-07  3.846E-07  1.627E-08  6.076E-09  1.053E-08  3.148E-08
                4.951E-07  4.981E-07  5.987E-07  1.035E-06  7.684E-07  1.805E-08
                1.463E-08  6.800E-08  6.542E-08  5.801E-07  1.572E-06
1.72185315E+02  1.422E-03  1.141E-03  5.554E-04  5.347E-04  7.614E-04  2.139E-06
                4.219E-03  8.651E-04  7.495E-06  2.392E-06  5.165E-05  8.734E-04
                1.604E-03  2.502E-05  2.382E-05  1.215E-07  5.337E-07  4.918E-07
                4.866E-07  4.814E-07  1.716E-07  3.741E-07  3.702E-07  6.076E-08
                1.605E-07  4.691E-07  7.592E-07  3.028E-07  2.925E-07  7.420E-07
                6.518E-07  1.126E-07  2.164E-06  8.467E-07  3.152E-07  2.522E-07
                3.549E-10  1.719E-07  6.221E-08  1.525E-06  8.936E-07  5.115E-07
                7.776E-07  2.052E-08  5.016E-08  1.002E-07  1.188E-07  2.307E-07
                5.025E-06  3.103E-07  7.387E-08  4.713E-07  1.699E-08  9.326E-07
                7.141E-07  4.277E-07  3.032E-07  8.900E-07  2.854E-06  6.387E-07
                1.443E-07  1.769E-09  2.175E-09  1.179E-10  1.761E-07  1.251E-07
                4.430E-08  1.450E-08  3.309E-07  3.082E-07  4.094E-07  7.632E-07
                1.392E-06  4.654E-07  1.090E-06  7.721E-08  2.113E-07  3.731E-08
                4.995E-07  2.042E-07  6.981E-07  1.029E-08  1.578E-07  1.716E-07
                3.937E-06  1.597E-06  3.573E-10  3.732E-10  1.306E-10  1.065E-10
                8.642E-11  2.426E-07  1.141E-07  5.226E-07  5.355E-07  2.187E-07
                8.269E-07  7.768E-08  1.461E-06  1.763E-06  5.377E-08  8.270E-08
                1.089E-07  1.358E-08  5.111E-08  8.120E-08  1.578E-07  1.736E-07
                3.740E-08  1.502E-08  4.231E-07  1.030E-06  5.737E-06  1.255E-06
                4.894E-08  1.555E-07  8.234E-07  7.275E-07  6.181E-08  1.114E-07
                8.040E-08  1.372E-07  2.788E-06  7.762E-08  4.208E-07  3.516E-07
                8.824E-07  1.485E-06  6.205E-06  1.129E-07  5.438E-07  5.652E-07
                7.123E-07  4.650E-08  4.179E-08  1.745E-08  3.270E-08  7.820E-08
                1.218E-07  1.347E-07  4.748E-09  1.165E-07  2.410E-07  7.204E-07
                1.397E-06  1.588E-08  4.136E-08  1.514E-07  5.492E-08  4.151E-07
                2.916E-07  8.312E-07  5.815E-07  9.474E-07  1.069E-07  5.953E-08
                1.295E-06  5.778E-08  9.631E-08  6.482E-08  1.278E-07  1.483E-07
                4.472E-07  5.688E-07  2.840E-06  6.386E-07  7.993E-08  3.215E-08
                4.654E-08  4.539E-08  2.731E-07  2.054E-07  2.165E-07  1.022E-07
                7.717E-08  3.556E-07  9.226E-07  1.385E-06  9.873E-08  9.047E-08
                4.203E-08  7.414E-08  1.360E-07  1.094E-07  1.121E-07  2.391E-08
                9.334E-07  1.047E-07  6.902E-07  1.011E-07  2.796E-07  1.686E-06
                2.082E-06  1.428E-06  2.569E-07  3.151E-07  2.521E-07  1.168E-07
                1.681E-07  2.827E-07  2.483E-08  9.571E-09  8.316E-09  2.321E-08
                3.966E-07  3.998E-07  4.719E-07  8.110E-07  5.910E-07  1.606E-08
                1.220E-08  5.268E-08  5.217E-08  4.601E-07  1.242E-06
1.85793315E+02  1.109E-03  8.996E-04  4.384E-04  4.260E-04  6.008E-04  1.331E-06
                3.794E-03  7.781E-04  6.062E-06  1.498E-06  4.631E-05  7.834E-04
                1.438E-03  2.241E-05  2.149E-05  9.591E-08  4.762E-07  4.157E-07
                3.867E-07  3.867E-07  1.112E-07  2.420E-07  2.535E-07  4.133E-08
                2.016E-07  6.355E-07  1.090E-06  2.016E-07  2.002E-07  5.105E-07
                5.107E-07  7.247E-08  1.420E-06  8.233E-07  2.077E-07  1.636E-07
                2.353E-10  1.170E-07  4.540E-08  1.111E-06  7.032E-07  3.581E-07
                5.494E-07  1.473E-08  3.703E-08  7.628E-08  9.855E-08  1.874E-07
                3.623E-06  2.646E-07  5.214E-08  3.978E-07  1.436E-08  7.920E-07
                5.056E-07  3.021E-07  2.044E-07  6.082E-07  2.383E-06  5.257E-07
                1.029E-07  1.475E-09  1.816E-09  9.078E-11  1.375E-07  9.816E-08
                3.149E-08  1.067E-08  2.296E-07  2.123E-07  2.770E-07  6.445E-07
                1.154E-06  3.614E-07  7.472E-07  5.785E-08  1.537E-07  2.782E-08
                3.205E-07  1.289E-07  4.467E-07  1.326E-08  1.102E-07  1.234E-07
                2.704E-06  1.111E-06  2.923E-10  2.835E-10  8.277E-11  8.084E-11
                7.648E-11  1.495E-07  7.947E-08  3.174E-07  4.624E-07  1.879E-07
                7.043E-07  4.538E-08  1.016E-06  1.228E-06  3.942E-08  5.965E-08
                7.734E-08  9.935E-09  3.913E-08  5.906E-08  1.131E-07  1.262E-07
                3.274E-08  1.080E-08  3.312E-07  8.048E-07  4.901E-06  1.070E-06
                4.020E-08  1.137E-07  6.711E-07  6.165E-07  4.441E-08  8.389E-08
                5.859E-08  9.796E-08  1.802E-06  6.207E-08  3.416E-07  2.653E-07
                6.623E-07  1.276E-06  5.340E-06  8.812E-08  4.241E-07  4.400E-07
                4.359E-07  4.026E-08  3.523E-08  1.370E-08  2.885E-08  7.042E-08
                1.096E-07  1.208E-07  3.170E-09  8.865E-08  1.947E-07  5.826E-07
                1.133E-06  1.151E-08  3.864E-08  1.161E-07  4.132E-08  3.134E-07
                2.240E-07  6.594E-07  4.637E-07  7.545E-07  9.236E-08  5.082E-08
                1.006E-06  4.922E-08  8.349E-08  4.540E-08  9.216E-08  1.209E-07
                3.672E-07  4.912E-07  2.447E-06  4.287E-07  7.022E-08  2.480E-08
                3.715E-08  3.790E-08  2.164E-07  1.626E-07  1.698E-07  8.172E-08
                6.125E-08  2.854E-07  7.391E-07  1.103E-06  8.203E-08  6.986E-08
                3.273E-08  5.476E-08  9.644E-08  8.348E-08  7.877E-08  1.934E-08
                8.223E-07  8.341E-08  5.985E-07  7.539E-08  2.424E-07  1.482E-06
                1.848E-06  1.267E-06  1.974E-07  2.507E-07  2.055E-07  8.686E-08
                1.261E-07  2.167E-07  1.218E-08  4.707E-09  5.609E-09  1.717E-08
                3.308E-07  3.331E-07  3.901E-07  6.701E-07  4.831E-07  1.101E-08
                8.252E-09  4.377E-08  4.332E-08  3.806E-07  1.041E-06
1.99401315E+02  7.708E-04  6.188E-04  3.029E-04  2.918E-04  4.170E-04  8.379E-07
                2.971E-03  6.094E-04  4.602E-06  9.556E-07  3.755E-05  6.401E-04
                1.177E-03  1.512E-05  1.445E-05  8.246E-08  4.228E-07  2.682E-07
                3.465E-07  2.775E-07  8.838E-08  1.930E-07  2.374E-07  4.256E-08
                9.263E-08  2.501E-07  3.735E-07  1.601E-07  1.360E-07  3.491E-07
                3.479E-07  5.763E-08  1.184E-06  4.335E-07  1.617E-07  1.207E-07
                1.714E-10  9.191E-08  3.392E-08  7.711E-07  4.565E-07  2.555E-07
                3.893E-07  1.108E-08  3.149E-08  6.735E-08  9.519E-08  1.739E-07
                2.668E-06  2.470E-07  3.925E-08  3.696E-07  1.371E-08  7.409E-07
                3.553E-07  2.105E-07  1.473E-07  4.386E-07  2.138E-06  4.512E-07
                8.757E-08  1.312E-09  1.380E-09  7.179E-11  8.176E-08  6.401E-08
                2.284E-08  7.799E-09  1.757E-07  1.634E-07  2.197E-07  4.928E-07
                8.195E-07  2.782E-07  5.758E-07  3.675E-08  1.179E-07  1.524E-08
                2.890E-07  1.177E-07  4.041E-07  6.885E-09  8.119E-08  8.422E-08
                2.126E-06  8.617E-07  2.180E-10  2.231E-10  7.375E-11  5.925E-11
                4.478E-11  1.386E-07  6.503E-08  2.937E-07  3.406E-07  1.367E-07
                5.282E-07  5.671E-08  7.829E-07  9.460E-07  3.339E-08  4.813E-08
                6.262E-08  8.270E-09  3.806E-08  5.149E-08  9.698E-08  1.091E-07
                3.873E-08  1.032E-08  2.723E-07  6.616E-07  3.366E-06  7.368E-07
                2.745E-08  9.554E-08  4.931E-07  4.285E-07  3.580E-08  6.579E-08
                4.609E-08  8.058E-08  1.531E-06  5.394E-08  2.746E-07  1.921E-07
                4.802E-07  8.910E-07  3.723E-06  6.427E-08  3.468E-07  3.607E-07
                4.086E-07  2.487E-08  2.201E-08  8.140E-09  1.786E-08  4.339E-08
                6.756E-08  7.494E-08  2.477E-09  7.051E-08  1.463E-07  4.388E-07
                8.563E-07  6.669E-09  2.379E-08  1.068E-07  3.917E-08  2.274E-07
                1.605E-07  4.998E-07  3.500E-07  5.713E-07  6.974E-08  3.613E-08
                7.864E-07  3.124E-08  5.242E-08  3.619E-08  6.869E-08  1.036E-07
                2.662E-07  3.539E-07  1.803E-06  3.847E-07  4.469E-08  1.569E-08
                2.460E-08  2.415E-08  1.905E-07  1.226E-07  1.296E-07  7.197E-08
                4.533E-08  2.167E-07  5.583E-07  8.335E-07  5.251E-08  5.527E-08
                2.605E-08  3.991E-08  8.411E-08  6.021E-08  6.998E-08  1.319E-08
                5.790E-07  5.896E-08  4.308E-07  7.127E-08  1.876E-07  1.034E-06
                1.283E-06  8.811E-07  1.426E-07  1.844E-07  1.504E-07  6.149E-08
                9.317E-08  1.583E-07  1.658E-08  6.271E-09  4.311E-09  1.201E-08
                2.555E-07  2.579E-07  2.928E-07  5.088E-07  3.615E-07  9.270E-09
                7.171E-09  3.299E-08  3.364E-08  2.916E-07  7.894E-07
