          16           7
         215          13           1           1
           0          -4           0          -4           0          -6           0          -2           0          -4           0           6           0           4           0           2           0           4           0           6           0           2           0           4           0           2           0          -4           0          -2           0           2           0           4           0           6           0           2           0           4           0           6           0           4           0          -2           0          -2           0          -4           0          -6           0          -8           0          -2           0          -4           0          -6           0          -4           0           2           0          -4           0          -6           0          -2           0          -4           0          -6           0          -6           0          -8           0          -4           0          -6           0          -2           0          -4           0           4           0           6           0           8           0          10           0           4           0          -4           0           2           0           6           0           4           0           8           0           2           0          -4           0          -2           0           6           0           6           0           4           0           2           0           8           0           4           0           6           0           8           0           4           0           6           0           8           0          10           0           4           0           6           0           8           0           6           0           4           0           2           0           6           0           2           0           4           0           2           0          -4           0          -2           0          -6           0          -8           0           6           0           4           0          -4           0          -6           0          -2           0          -4           0          -6           0          -8           0         -10           0          -2           0          -4           0          -6           0          -4           0          -2           0          -6           0          -8           0          -2           0          -4           0           2           0           4           0           6           0           8           0           4           0           4           0           6           0           8           0           2           0          10           0           8           0           6           0           4           0           2           0           6           0           6           0           4           0           4           0           2           0           4           0           6           0           8           0          -4           0           2           0           4           0          -6           0          -4           0           2           0           4           0           6           0           4           0           6           0          -2           0          -4           0          -6           0          -8           0         -10           0          -6           0          -8           0         -10           0         -12           0           2           0          -2           0          -4           0          -6           0          -8           0          -2           0          -8           0         -10           0          -4           0          -2           0          -6           0          -4           0          -2           0          -4           0          -2           0          -4           0          -6           0          -4           0          -8           0          -6           0           2           0           4           0           2           0           4           0           6           0         -10           0          -8           0          -6           0          -4           0           6           0          -2           0          -4           0           8           0          -6           0          -2           0          -4           0          -6           0          -8           0           4           0           6           0          -4           0          -6           0          -6           0          -8           0          -2           0           2           0          -4           0           4           0           6           0           4           0           4           0           2           0           2           0          -4           0          -6           0          -8           0          -2           0          -4           0          -6           0          -8           0         -10           0          -8           0          -6           0          -4           0          -2           0          -2           0          -4           0          -6           0          -6           0          -8           0          -4           0          -2           0          -6           0          -4
    0.000000E+00    9.645106E-03    9.843162E-03    1.435602E-02    1.458263E-02
    4.247197E-02    4.320385E-02    4.360158E-02    5.944295E-02    5.948713E-02
    6.922989E-02    7.316769E-02    7.411300E-02    1.134727E-01    1.147319E-01
    2.354040E-01    2.358931E-01    2.366026E-01    2.382857E-01    2.391328E-01
    2.438023E-01    2.438287E-01    2.461520E-01    2.471700E-01    2.474363E-01
    2.479076E-01    2.485433E-01    2.486026E-01    2.487216E-01    2.491410E-01
    2.502551E-01    2.507374E-01    2.510783E-01    2.511300E-01    2.524691E-01
    2.524772E-01    2.554279E-01    2.561102E-01    2.563381E-01    2.591442E-01
    2.591854E-01    2.609226E-01    2.615363E-01    2.619649E-01    2.622131E-01
    2.625883E-01    2.631076E-01    2.632646E-01    2.633261E-01    2.634365E-01
    2.637297E-01    2.638533E-01    2.640096E-01    2.643758E-01    2.644930E-01
    2.645338E-01    2.648466E-01    2.652759E-01    2.655531E-01    2.656939E-01
    2.657640E-01    2.676748E-01    2.677713E-01    2.679166E-01    2.688115E-01
    2.690337E-01    2.711118E-01    2.712141E-01    2.720014E-01    2.721113E-01
    2.724223E-01    2.724984E-01    2.725578E-01    2.726085E-01    2.727219E-01
    2.737570E-01    2.740430E-01    2.746587E-01    2.763855E-01    2.763956E-01
    2.763957E-01    2.764682E-01    2.789238E-01    2.791446E-01    2.808157E-01
    2.808428E-01    2.816082E-01    2.816156E-01    2.816277E-01    2.816445E-01
    2.816660E-01    2.832213E-01    2.832636E-01    2.833497E-01    2.872720E-01
    2.872722E-01    2.872783E-01    2.873017E-01    2.873787E-01    2.874354E-01
    2.875828E-01    2.876419E-01    2.877951E-01    2.879672E-01    2.884374E-01
    2.885530E-01    2.886000E-01    2.886971E-01    2.887362E-01    2.888178E-01
    2.901974E-01    2.902310E-01    2.934227E-01    2.936053E-01    2.936679E-01
    2.948139E-01    2.948751E-01    2.949134E-01    2.954910E-01    2.955387E-01
    2.955818E-01    2.956302E-01    2.974080E-01    2.974265E-01    2.978254E-01
    2.979930E-01    2.980044E-01    2.981863E-01    2.981951E-01    2.982014E-01
    2.986863E-01    2.989406E-01    2.997979E-01    3.013547E-01    3.014398E-01
    3.015665E-01    3.017420E-01    3.025165E-01    3.025355E-01    3.025686E-01
    3.026262E-01    3.032771E-01    3.036433E-01    3.036673E-01    3.036996E-01
    3.037196E-01    3.041292E-01    3.046134E-01    3.046301E-01    3.048276E-01
    3.048611E-01    3.049614E-01    3.051740E-01    3.052844E-01    3.060373E-01
    3.062721E-01    3.065126E-01    3.067251E-01    3.072820E-01    3.083217E-01
    3.083847E-01    3.085481E-01    3.086063E-01    3.093086E-01    3.093690E-01
    3.093750E-01    3.093804E-01    3.094500E-01    3.095030E-01    3.095365E-01
    3.096086E-01    3.096683E-01    3.098305E-01    3.098337E-01    3.100372E-01
    3.110986E-01    3.111053E-01    3.111248E-01    3.111449E-01    3.124031E-01
    3.124222E-01    3.126400E-01    3.132139E-01    3.132929E-01    3.134326E-01
    3.163175E-01    3.165548E-01    3.167011E-01    3.167161E-01    3.173537E-01
    3.174815E-01    3.194473E-01    3.198310E-01    3.206567E-01    3.235572E-01
    3.235827E-01    3.236877E-01    3.236885E-01    3.238034E-01    3.239013E-01
    3.239634E-01    3.240075E-01    3.245628E-01    3.245933E-01    3.263728E-01
    3.264517E-01    3.271738E-01    3.284075E-01    3.287843E-01    3.314323E-01
    3.314556E-01    3.324856E-01    3.325179E-01    3.327131E-01    3.333147E-01
           0           2           0           1
  -27.940514715248785               13
3.50847147E+01  1.800E-01  1.474E-01  7.193E-02  6.905E-02  9.761E-02  2.448E-04
                1.024E-01  2.099E-02  5.880E-04  3.838E-04  1.166E-03  1.650E-02
                2.920E-02
4.86927147E+01  7.162E-02  5.963E-02  2.906E-02  2.877E-02  3.983E-02  1.443E-04
                6.019E-02  1.234E-02  2.691E-04  2.110E-04  7.684E-04  1.082E-02
                1.962E-02  1.030E-03  9.767E-04  7.494E-05  2.171E-04  3.547E-04
                1.034E-04  1.649E-04  4.447E-04  5.701E-04  4.086E-05  1.916E-05
                3.789E-05  1.515E-05  1.979E-05  1.336E-04  9.775E-05  1.639E-04
                1.336E-03  1.950E-04  1.856E-04  7.079E-05  4.173E-05  8.865E-05
                2.989E-06  1.126E-04
6.23007147E+01  3.621E-02  2.915E-02  1.420E-02  1.363E-02  1.934E-02  5.411E-05
                3.867E-02  7.929E-03  1.328E-04  8.018E-05  4.486E-04  7.182E-03
                1.306E-02  5.556E-04  5.292E-04  2.072E-06  9.938E-06  2.120E-05
                7.836E-06  1.771E-05  4.020E-06  8.040E-06  8.777E-06  1.507E-06
                1.916E-06  5.478E-06  6.577E-06  9.472E-06  1.005E-05  2.525E-05
                2.493E-05  2.520E-06  1.037E-04  2.299E-05  1.140E-05  9.405E-06
                1.435E-08  7.373E-06  2.522E-06  5.695E-05  2.980E-05  1.715E-05
                2.859E-05  1.058E-06  1.790E-06  3.343E-06  4.358E-07  3.020E-06
                1.073E-04  1.738E-06  3.875E-06  3.511E-06  8.575E-07  5.232E-06
                2.860E-05  1.743E-05  1.568E-05  4.533E-05  3.853E-05  1.512E-05
                5.207E-06  2.785E-08  4.684E-08  4.575E-09  1.532E-05  7.935E-06
                6.061E-07  1.543E-07  7.536E-06  9.280E-06  1.185E-05  9.968E-06
                1.562E-05  4.375E-06  3.036E-05  5.685E-06  5.942E-06  4.381E-06
                8.326E-06  3.380E-06  1.072E-05  2.658E-07  5.088E-06  8.423E-06
                6.350E-05  2.756E-05  1.294E-08  1.468E-08  1.068E-08  3.240E-09
                2.432E-09  4.898E-06  1.902E-06  1.037E-05  3.535E-06  1.550E-06
                5.616E-06  1.202E-06  1.885E-05  2.529E-05  9.185E-07  1.317E-06
                1.685E-06  5.968E-07  1.558E-06  1.470E-06  2.437E-06  2.347E-06
                2.207E-06  1.096E-07  1.188E-05  2.424E-05  6.254E-05  1.478E-05
                1.839E-06  2.773E-06  9.717E-06  8.882E-06  9.843E-07  1.275E-06
                8.194E-07  2.751E-06  5.573E-05  2.470E-06  5.224E-06  5.036E-06
                1.359E-05  1.683E-05  7.242E-05  1.841E-06  9.675E-06  9.948E-06
                1.457E-05  2.503E-06  2.752E-06  1.933E-06  1.364E-06  3.917E-06
                6.016E-06  6.570E-06  1.971E-08  2.875E-06  2.790E-06  6.786E-06
                1.112E-05  1.132E-06  9.691E-07  9.844E-06  3.341E-06  8.891E-06
                6.010E-06  1.228E-05  7.880E-06  1.213E-05  1.553E-06  2.244E-06
                1.241E-05  2.335E-06  3.188E-06  1.923E-06  4.399E-06  2.377E-06
                4.081E-06  6.041E-06  3.255E-05  1.314E-05  2.517E-06  2.341E-06
                1.999E-06  1.840E-06  3.847E-06  3.058E-06  3.390E-06  1.880E-06
                1.787E-06  3.108E-06  8.771E-06  1.501E-05  3.451E-06  7.955E-07
                9.174E-07  4.106E-06  6.282E-06  5.486E-06  5.141E-06  1.012E-06
                9.139E-06  3.495E-06  6.338E-06  9.298E-07  2.746E-06  1.378E-05
                1.682E-05  1.048E-05  9.339E-06  1.386E-05  1.968E-05  4.605E-06
                7.411E-06  1.141E-05  1.487E-06  5.273E-07  7.488E-07  1.352E-06
                2.238E-06  2.219E-06  3.451E-06  9.278E-06  8.769E-06  3.187E-07
                5.483E-07  5.601E-07  2.714E-07  4.827E-06  1.304E-05
7.59087147E+01  2.012E-02  1.614E-02  7.858E-03  7.545E-03  1.071E-02  2.939E-05
                2.655E-02  5.444E-03  7.782E-05  4.314E-05  3.114E-04  5.070E-03
                9.243E-03  3.243E-04  3.092E-04  1.421E-06  5.465E-06  1.186E-05
                5.209E-06  1.040E-05  2.726E-06  5.968E-06  4.512E-06  5.508E-07
                9.489E-07  3.012E-06  4.169E-06  5.846E-06  6.551E-06  1.587E-05
                1.225E-05  1.804E-06  4.252E-05  1.212E-05  5.471E-06  4.670E-06
                7.538E-09  4.868E-06  1.736E-06  2.930E-05  1.542E-05  9.514E-06
                1.453E-05  4.861E-07  8.906E-07  1.504E-06  2.978E-07  1.354E-06
                6.399E-05  1.025E-06  1.788E-06  1.906E-06  3.808E-07  2.989E-06
                1.366E-05  8.222E-06  6.845E-06  2.087E-05  1.869E-05  6.451E-06
                2.279E-06  1.037E-08  2.417E-08  1.239E-09  5.579E-06  3.198E-06
                3.193E-07  5.178E-08  4.812E-06  4.736E-06  6.290E-06  5.928E-06
                9.986E-06  3.142E-06  1.685E-05  2.088E-06  3.428E-06  1.320E-06
                6.263E-06  2.512E-06  8.726E-06  9.386E-08  2.765E-06  3.878E-06
                4.258E-05  1.723E-05  2.718E-09  3.374E-09  1.831E-09  1.137E-09
                1.411E-09  2.803E-06  1.406E-06  6.114E-06  2.639E-06  1.190E-06
                4.016E-06  5.558E-07  1.542E-05  1.862E-05  3.937E-07  6.077E-07
                7.937E-07  1.156E-07  3.938E-07  6.625E-07  1.313E-06  1.312E-06
                3.147E-07  1.371E-07  4.821E-06  1.165E-05  4.727E-05  1.038E-05
                5.073E-07  1.107E-06  6.247E-06  6.210E-06  5.291E-07  7.565E-07
                5.807E-07  1.318E-06  3.195E-05  5.266E-07  3.255E-06  3.837E-06
                9.650E-06  1.104E-05  4.614E-05  1.010E-06  5.605E-06  5.896E-06
                8.107E-06  9.974E-07  1.010E-06  6.755E-07  5.788E-07  1.694E-06
                2.631E-06  2.845E-06  1.164E-08  1.124E-06  2.071E-06  5.663E-06
                1.019E-05  7.305E-07  4.965E-07  4.294E-06  1.532E-06  4.467E-06
                3.135E-06  6.521E-06  4.570E-06  7.265E-06  1.016E-06  9.311E-07
                9.401E-06  1.122E-06  1.792E-06  1.156E-06  2.583E-06  1.065E-06
                3.334E-06  4.389E-06  2.269E-05  7.713E-06  1.358E-06  8.875E-07
                8.722E-07  8.505E-07  2.460E-06  1.683E-06  1.844E-06  8.989E-07
                9.288E-07  2.549E-06  6.937E-06  1.103E-05  1.707E-06  4.716E-07
                2.977E-07  1.479E-06  2.356E-06  2.378E-06  2.023E-06  4.379E-07
                6.178E-06  1.571E-06  4.782E-06  9.783E-07  1.946E-06  1.077E-05
                1.308E-05  8.739E-06  4.345E-06  5.856E-06  8.079E-06  2.137E-06
                2.772E-06  4.978E-06  2.330E-07  6.999E-08  2.807E-07  5.036E-07
                2.132E-06  2.141E-06  2.846E-06  5.660E-06  4.940E-06  1.639E-07
                2.296E-07  4.176E-07  3.179E-07  2.796E-06  7.465E-06
8.95167147E+01  1.211E-02  9.717E-03  4.731E-03  4.540E-03  6.444E-03  1.801E-05
                1.894E-02  3.884E-03  4.960E-05  2.551E-05  2.238E-04  3.683E-03
                6.727E-03  1.993E-04  1.899E-04  9.180E-07  3.193E-06  6.706E-06
                3.345E-06  6.163E-06  1.827E-06  4.003E-06  2.674E-06  3.183E-07
                6.273E-07  2.008E-06  3.043E-06  3.585E-06  4.058E-06  9.758E-06
                6.940E-06  1.208E-06  2.180E-05  7.284E-06  3.212E-06  2.846E-06
                4.801E-09  2.656E-06  9.356E-07  1.593E-05  8.538E-06  5.212E-06
                7.922E-06  2.364E-07  4.372E-07  7.617E-07  1.858E-07  8.861E-07
                3.917E-05  8.133E-07  9.919E-07  1.418E-06  2.078E-07  2.404E-06
                7.588E-06  4.509E-06  3.807E-06  1.139E-05  1.201E-05  3.551E-06
                1.273E-06  7.541E-09  1.654E-08  9.062E-10  2.558E-06  1.513E-06
                2.573E-07  5.689E-08  2.925E-06  2.879E-06  3.797E-06  4.394E-06
                7.464E-06  2.400E-06  1.021E-05  1.020E-06  1.928E-06  6.094E-07
                4.406E-06  1.758E-06  6.090E-06  5.078E-08  1.578E-06  2.016E-06
                2.744E-05  1.111E-05  1.854E-09  2.239E-09  1.142E-09  7.636E-10
                8.083E-10  2.041E-06  1.050E-06  4.242E-06  2.049E-06  9.121E-07
                3.100E-06  3.362E-07  9.988E-06  1.205E-05  2.796E-07  4.511E-07
                5.886E-07  8.387E-08  2.273E-07  4.663E-07  9.402E-07  9.390E-07
                8.286E-08  1.023E-07  3.436E-06  8.346E-06  3.093E-05  6.764E-06
                3.450E-07  8.052E-07  4.245E-06  4.036E-06  4.040E-07  5.637E-07
                4.432E-07  9.955E-07  2.075E-05  3.954E-07  2.283E-06  2.523E-06
                6.314E-06  7.387E-06  3.083E-05  7.087E-07  4.075E-06  4.291E-06
                5.525E-06  5.281E-07  5.237E-07  3.300E-07  3.200E-07  8.766E-07
                1.361E-06  1.476E-06  1.306E-08  7.399E-07  1.335E-06  3.747E-06
                6.897E-06  3.560E-07  2.985E-07  1.806E-06  6.356E-07  2.922E-06
                2.086E-06  4.312E-06  3.017E-06  4.848E-06  6.428E-07  5.187E-07
                6.526E-06  6.175E-07  9.806E-07  6.799E-07  1.515E-06  6.146E-07
                2.331E-06  2.840E-06  1.425E-05  5.343E-06  7.517E-07  4.629E-07
                4.818E-07  4.705E-07  1.713E-06  1.085E-06  1.182E-06  6.214E-07
                5.283E-07  1.738E-06  4.659E-06  7.285E-06  9.837E-07  3.518E-07
                1.986E-07  8.320E-07  1.211E-06  1.326E-06  1.002E-06  2.532E-07
                4.354E-06  9.693E-07  3.314E-06  6.483E-07  1.291E-06  7.812E-06
                9.464E-06  6.381E-06  2.391E-06  3.023E-06  3.813E-06  1.202E-06
                1.514E-06  2.677E-06  7.191E-08  2.043E-08  1.299E-07  2.818E-07
                1.637E-06  1.634E-06  2.143E-06  3.895E-06  3.198E-06  1.003E-07
                1.185E-07  2.918E-07  2.347E-07  2.020E-06  5.416E-06
1.03124715E+02  7.702E-03  6.174E-03  3.004E-03  2.883E-03  4.107E-03  1.091E-05
                1.412E-02  2.896E-03  3.285E-05  1.511E-05  1.688E-04  2.801E-03
                5.124E-03  1.331E-04  1.270E-04  6.063E-07  2.047E-06  4.062E-06
                2.191E-06  3.798E-06  1.184E-06  2.591E-06  1.697E-06  2.031E-07
                5.114E-07  1.643E-06  2.690E-06  2.234E-06  2.523E-06  6.094E-06
                4.177E-06  7.803E-07  1.213E-05  4.778E-06  1.974E-06  1.784E-06
                3.076E-09  1.532E-06  5.384E-07  9.165E-06  5.045E-06  3.047E-06
                4.635E-06  1.297E-07  2.443E-07  4.390E-07  1.565E-07  6.279E-07
                2.520E-05  6.729E-07  5.848E-07  1.118E-06  1.134E-07  2.006E-06
                4.486E-06  2.625E-06  2.281E-06  6.774E-06  8.614E-06  2.294E-06
                7.814E-07  5.599E-09  1.150E-08  6.473E-10  1.352E-06  8.220E-07
                1.991E-07  5.145E-08  1.885E-06  1.834E-06  2.391E-06  3.292E-06
                5.478E-06  1.789E-06  6.473E-06  5.607E-07  1.165E-06  3.226E-07
                2.985E-06  1.190E-06  4.114E-06  3.633E-08  9.657E-07  1.162E-06
                1.829E-05  7.405E-06  1.324E-09  1.542E-09  7.288E-10  5.256E-10
                5.208E-10  1.399E-06  7.282E-07  2.856E-06  1.613E-06  7.050E-07
                2.439E-06  2.267E-07  6.684E-06  8.090E-06  2.081E-07  3.366E-07
                4.368E-07  6.174E-08  1.620E-07  3.429E-07  6.838E-07  6.884E-07
                4.726E-08  6.875E-08  2.416E-06  5.884E-06  2.160E-05  4.720E-06
                2.337E-07  5.945E-07  3.041E-06  2.808E-06  3.003E-07  4.245E-07
                3.365E-07  7.282E-07  1.380E-05  3.007E-07  1.673E-06  1.718E-06
                4.293E-06  5.267E-06  2.197E-05  5.256E-07  2.896E-06  3.044E-06
                3.721E-06  3.186E-07  3.088E-07  1.825E-07  2.012E-07  5.180E-07
                8.043E-07  8.763E-07  1.360E-08  5.105E-07  9.286E-07  2.654E-06
                4.957E-06  1.921E-07  1.909E-07  9.310E-07  3.251E-07  1.993E-06
                1.429E-06  3.040E-06  2.127E-06  3.438E-06  4.324E-07  3.153E-07
                4.694E-06  3.682E-07  5.843E-07  4.238E-07  9.351E-07  4.293E-07
                1.689E-06  2.004E-06  9.920E-06  3.647E-06  4.732E-07  2.711E-07
                2.969E-07  2.925E-07  1.197E-06  7.570E-07  8.195E-07  4.341E-07
                3.418E-07  1.253E-06  3.330E-06  5.146E-06  6.236E-07  2.813E-07
                1.483E-07  5.077E-07  7.251E-07  8.031E-07  5.906E-07  1.565E-07
                3.231E-06  6.257E-07  2.430E-06  4.409E-07  9.309E-07  5.885E-06
                7.131E-06  4.845E-06  1.461E-06  1.783E-06  2.036E-06  7.381E-07
                9.326E-07  1.614E-06  3.319E-08  9.965E-09  6.948E-08  1.706E-07
                1.248E-06  1.247E-06  1.614E-06  2.849E-06  2.259E-06  6.593E-08
                6.807E-08  2.061E-07  1.742E-07  1.510E-06  4.065E-06
1.16732715E+02  5.209E-03  4.186E-03  2.038E-03  1.958E-03  2.780E-03  7.633E-06
                1.073E-02  2.201E-03  2.339E-05  1.015E-05  1.283E-04  2.139E-03
                3.916E-03  9.089E-05  8.667E-05  4.025E-07  1.326E-06  2.359E-06
                1.484E-06  2.275E-06  7.881E-07  1.723E-06  1.189E-06  1.516E-07
                3.885E-07  1.219E-06  2.031E-06  1.457E-06  1.612E-06  3.923E-06
                2.696E-06  5.198E-07  7.878E-06  3.207E-06  1.314E-06  1.177E-06
                1.947E-09  9.361E-07  3.287E-07  5.966E-06  3.333E-06  2.002E-06
                3.035E-06  7.937E-08  1.577E-07  2.920E-07  1.579E-07  4.950E-07
                1.741E-05  5.794E-07  3.585E-07  9.318E-07  6.611E-08  1.736E-06
                2.919E-06  1.717E-06  1.436E-06  4.222E-06  6.633E-06  1.669E-06
                5.175E-07  4.233E-09  7.746E-09  4.408E-10  8.251E-07  5.150E-07
                1.487E-07  4.156E-08  1.261E-06  1.215E-06  1.592E-06  2.379E-06
                4.117E-06  1.358E-06  4.295E-06  3.523E-07  7.856E-07  1.947E-07
                2.093E-06  8.385E-07  2.890E-06  2.688E-08  6.361E-07  7.437E-07
                1.310E-05  5.288E-06  9.929E-10  1.128E-09  5.007E-10  3.716E-10
                3.411E-10  9.988E-07  5.022E-07  2.047E-06  1.290E-06  5.531E-07
                1.963E-06  1.682E-07  4.810E-06  5.819E-06  1.570E-07  2.552E-07
                3.332E-07  4.556E-08  1.251E-07  2.494E-07  5.004E-07  5.122E-07
                3.925E-08  5.160E-08  1.666E-06  4.060E-06  1.599E-05  3.495E-06
                1.685E-07  4.490E-07  2.282E-06  2.065E-06  2.200E-07  3.249E-07
                2.567E-07  5.203E-07  9.890E-06  2.271E-07  1.242E-06  1.195E-06
                2.992E-06  3.952E-06  1.648E-05  3.938E-07  2.053E-06  2.157E-06
                2.688E-06  1.992E-07  1.905E-07  1.061E-07  1.292E-07  3.191E-07
                4.957E-07  5.425E-07  1.234E-08  3.635E-07  6.862E-07  1.991E-06
                3.763E-06  1.115E-07  1.362E-07  4.973E-07  1.731E-07  1.392E-06
                9.942E-07  2.291E-06  1.602E-06  2.598E-06  3.139E-07  2.127E-07
                3.579E-06  2.388E-07  3.838E-07  2.716E-07  5.882E-07  3.261E-07
                1.264E-06  1.484E-06  7.298E-06  2.553E-06  3.070E-07  1.667E-07
                1.937E-07  1.894E-07  8.710E-07  5.673E-07  6.106E-07  3.170E-07
                2.411E-07  9.549E-07  2.517E-06  3.853E-06  4.035E-07  2.257E-07
                1.130E-07  3.231E-07  4.604E-07  5.000E-07  3.717E-07  1.019E-07
                2.436E-06  4.173E-07  1.823E-06  3.183E-07  6.987E-07  4.477E-06
                5.424E-06  3.698E-06  9.612E-07  1.141E-06  1.154E-06  4.814E-07
                6.195E-07  1.053E-06  2.704E-08  9.601E-09  3.789E-08  1.045E-07
                9.926E-07  9.935E-07  1.267E-06  2.188E-06  1.691E-06  4.603E-08
                4.156E-08  1.521E-07  1.351E-07  1.185E-06  3.192E-06
1.30340715E+02  3.571E-03  2.867E-03  1.395E-03  1.342E-03  1.914E-03  4.873E-06
                8.425E-03  1.728E-03  1.673E-05  6.336E-06  1.022E-04  1.713E-03
                3.141E-03  6.544E-05  6.251E-05  2.854E-07  9.848E-07  1.549E-06
                1.059E-06  1.511E-06  5.223E-07  1.143E-06  8.739E-07  1.171E-07
                3.450E-07  1.073E-06  1.832E-06  9.751E-07  1.048E-06  2.578E-06
                1.801E-06  3.435E-07  5.099E-06  2.324E-06  8.753E-07  7.795E-07
                1.294E-09  5.915E-07  2.097E-07  3.830E-06  2.210E-06  1.296E-06
                1.973E-06  5.060E-08  1.031E-07  1.952E-07  1.361E-07  3.838E-07
                1.200E-05  4.797E-07  2.317E-07  7.561E-07  3.731E-08  1.441E-06
                1.897E-06  1.102E-06  9.360E-07  2.782E-06  5.142E-06  1.226E-06
                3.499E-07  3.412E-09  6.051E-09  3.217E-10  5.128E-07  3.304E-07
                1.091E-07  3.195E-08  8.830E-07  8.436E-07  1.096E-06  1.916E-06
                3.092E-06  1.020E-06  2.976E-06  2.246E-07  5.375E-07  1.189E-07
                1.471E-06  5.883E-07  2.030E-06  2.413E-08  4.333E-07  4.880E-07
                9.122E-06  3.685E-06  7.545E-10  8.323E-10  3.441E-10  2.693E-10
                2.525E-10  6.990E-07  3.568E-07  1.418E-06  1.036E-06  4.375E-07
                1.576E-06  1.259E-07  3.346E-06  4.059E-06  1.196E-07  1.925E-07
                2.499E-07  3.446E-08  9.552E-08  1.903E-07  3.794E-07  3.921E-07
                3.460E-08  3.824E-08  1.286E-06  3.136E-06  1.178E-05  2.574E-06
                1.229E-07  3.335E-07  1.699E-06  1.519E-06  1.636E-07  2.450E-07
                1.942E-07  3.861E-07  6.800E-06  1.794E-07  9.694E-07  8.498E-07
                2.125E-06  2.956E-06  1.233E-05  2.951E-07  1.570E-06  1.651E-06
                1.860E-06  1.447E-07  1.340E-07  6.866E-08  9.744E-08  2.360E-07
                3.665E-07  4.022E-07  9.490E-09  2.606E-07  5.139E-07  1.507E-06
                2.873E-06  6.492E-08  9.676E-08  3.862E-07  1.348E-07  9.936E-07
                7.113E-07  1.734E-06  1.214E-06  1.970E-06  2.313E-07  1.456E-07
                2.679E-06  1.600E-07  2.575E-07  1.881E-07  4.039E-07  2.541E-07
                9.517E-07  1.123E-06  5.537E-06  1.883E-06  2.347E-07  1.125E-07
                1.358E-07  1.375E-07  6.884E-07  4.268E-07  4.552E-07  2.523E-07
                1.745E-07  7.283E-07  1.913E-06  2.916E-06  2.998E-07  1.770E-07
                8.785E-08  2.223E-07  3.472E-07  3.458E-07  2.817E-07  6.950E-08
                1.875E-06  2.923E-07  1.400E-06  2.479E-07  5.535E-07  3.457E-06
                4.202E-06  2.876E-06  6.765E-07  8.232E-07  8.246E-07  3.279E-07
                4.312E-07  7.426E-07  2.104E-08  7.484E-09  2.394E-08  6.833E-08
                7.777E-07  7.796E-07  9.719E-07  1.684E-06  1.287E-06  3.311E-08
                2.917E-08  1.145E-07  1.044E-07  9.253E-07  2.493E-06
1.43948715E+02  2.624E-03  2.111E-03  1.028E-03  9.892E-04  1.405E-03  3.893E-06
                6.616E-03  1.357E-03  1.279E-05  4.754E-06  7.983E-05  1.341E-03
                2.459E-03  4.689E-05  4.471E-05  2.058E-07  7.512E-07  9.889E-07
                7.866E-07  9.723E-07  3.600E-07  7.859E-07  6.389E-07  9.208E-08
                2.666E-07  8.149E-07  1.374E-06  6.510E-07  6.823E-07  1.696E-06
                1.268E-06  2.370E-07  3.837E-06  1.648E-06  6.231E-07  5.361E-07
                8.251E-10  3.845E-07  1.368E-07  2.839E-06  1.644E-06  9.616E-07
                1.459E-06  3.714E-08  8.201E-08  1.588E-07  1.442E-07  3.252E-07
                9.032E-06  4.185E-07  1.536E-07  6.487E-07  2.676E-08  1.258E-06
                1.376E-06  8.138E-07  6.361E-07  1.865E-06  4.201E-06  9.845E-07
                2.582E-07  2.654E-09  4.029E-09  2.215E-10  3.615E-07  2.393E-07
                8.214E-08  2.535E-08  6.282E-07  5.931E-07  7.780E-07  1.344E-06
                2.394E-06  7.923E-07  2.095E-06  1.580E-07  3.905E-07  8.203E-08
                1.013E-06  4.092E-07  1.405E-06  1.747E-08  3.063E-07  3.437E-07
                7.000E-06  2.829E-06  5.903E-10  6.375E-10  2.469E-10  1.965E-10
                1.725E-10  4.888E-07  2.387E-07  1.020E-06  8.397E-07  3.499E-07
                1.286E-06  1.062E-07  2.588E-06  3.132E-06  9.059E-08  1.450E-07
                1.902E-07  2.463E-08  7.653E-08  1.392E-07  2.757E-07  2.920E-07
                3.607E-08  2.696E-08  8.322E-07  2.028E-06  9.456E-06  2.067E-06
                9.014E-08  2.607E-07  1.355E-06  1.207E-06  1.164E-07  1.898E-07
                1.446E-07  2.658E-07  5.126E-06  1.315E-07  7.146E-07  6.318E-07
                1.585E-06  2.396E-06  9.998E-06  2.153E-07  1.051E-06  1.099E-06
                1.361E-06  9.525E-08  8.767E-08  4.229E-08  6.495E-08  1.555E-07
                2.418E-07  2.664E-07  8.243E-09  1.998E-07  4.003E-07  1.184E-06
                2.273E-06  4.099E-08  7.431E-08  2.468E-07  8.733E-08  7.427E-07
                5.262E-07  1.367E-06  9.557E-07  1.555E-06  1.786E-07  1.079E-07
                2.130E-06  1.136E-07  1.861E-07  1.274E-07  2.654E-07  2.120E-07
                7.454E-07  9.012E-07  4.438E-06  1.258E-06  1.566E-07  7.232E-08
                9.324E-08  9.212E-08  4.786E-07  3.371E-07  3.582E-07  1.766E-07
                1.330E-07  5.779E-07  1.510E-06  2.284E-06  1.984E-07  1.448E-07
                6.917E-08  1.498E-07  2.381E-07  2.262E-07  1.938E-07  4.801E-08
                1.498E-06  2.041E-07  1.110E-06  1.740E-07  4.354E-07  2.746E-06
                3.356E-06  2.298E-06  4.794E-07  5.745E-07  5.060E-07  2.291E-07
                3.108E-07  5.245E-07  2.531E-08  9.712E-09  1.587E-08  4.658E-08
                6.275E-07  6.305E-07  7.747E-07  1.326E-06  9.935E-07  2.559E-08
                2.036E-08  8.796E-08  8.336E-08  7.384E-07  1.992E-06
1.57556715E+02  1.886E-03  1.521E-03  7.401E-04  7.150E-04  1.018E-03  2.341E-06
                5.510E-03  1.130E-03  9.615E-06  2.887E-06  6.751E-05  1.140E-03
                2.091E-03  3.690E-05  3.532E-05  1.560E-07  6.347E-07  7.233E-07
                6.042E-07  7.065E-07  2.388E-07  5.220E-07  4.798E-07  7.131E-08
                2.505E-07  7.730E-07  1.323E-06  4.479E-07  4.550E-07  1.142E-06
                9.061E-07  1.565E-07  2.602E-06  1.292E-06  4.235E-07  3.584E-07
                5.605E-10  2.575E-07  9.397E-08  1.937E-06  1.165E-06  6.507E-07
                9.952E-07  2.559E-08  5.794E-08  1.148E-07  1.208E-07  2.610E-07
                6.413E-06  3.521E-07  1.053E-07  5.389E-07  1.865E-08  1.057E-06
                9.375E-07  5.479E-07  4.259E-07  1.277E-06  3.396E-06  7.672E-07
                1.821E-07  2.217E-09  3.346E-09  1.707E-10  2.443E-07  1.674E-07
                5.889E-08  1.867E-08  4.464E-07  4.191E-07  5.433E-07  1.119E-06
                1.846E-06  5.983E-07  1.476E-06  1.070E-07  2.768E-07  5.345E-08
                7.154E-07  2.873E-07  9.914E-07  1.744E-08  2.140E-07  2.355E-07
                4.911E-06  1.992E-06  4.622E-10  4.815E-10  1.711E-10  1.459E-10
                1.362E-10  3.391E-07  1.728E-07  6.976E-07  6.852E-07  2.829E-07
                1.045E-06  7.571E-08  1.815E-06  2.204E-06  6.901E-08  1.085E-07
                1.407E-07  1.889E-08  6.021E-08  1.069E-07  2.101E-07  2.247E-07
                3.479E-08  2.086E-08  6.755E-07  1.645E-06  7.289E-06  1.593E-06
                6.833E-08  1.915E-07  1.035E-06  9.290E-07  8.695E-08  1.428E-07
                1.087E-07  1.997E-07  3.521E-06  1.066E-07  5.756E-07  4.625E-07
                1.158E-06  1.869E-06  7.807E-06  1.634E-07  8.395E-07  8.787E-07
                9.317E-07  7.526E-08  6.726E-08  2.988E-08  5.279E-08  1.270E-07
                1.975E-07  2.175E-07  5.738E-09  1.462E-07  3.106E-07  9.236E-07
                1.783E-06  2.547E-08  5.731E-08  2.126E-07  7.506E-08  5.454E-07
                3.889E-07  1.059E-06  7.425E-07  1.207E-06  1.402E-07  8.003E-08
                1.624E-06  8.233E-08  1.353E-07  9.074E-08  1.895E-07  1.705E-07
                5.762E-07  7.160E-07  3.547E-06  9.409E-07  1.285E-07  5.210E-08
                6.942E-08  7.146E-08  3.981E-07  2.600E-07  2.740E-07  1.481E-07
                1.007E-07  4.511E-07  1.176E-06  1.774E-06  1.564E-07  1.110E-07
                5.368E-08  1.082E-07  1.846E-07  1.665E-07  1.508E-07  3.505E-08
                1.207E-06  1.512E-07  8.906E-07  1.416E-07  3.624E-07  2.208E-06
                2.714E-06  1.863E-06  3.576E-07  4.471E-07  4.099E-07  1.637E-07
                2.272E-07  3.934E-07  1.632E-08  6.102E-09  1.089E-08  3.244E-08
                5.037E-07  5.067E-07  6.105E-07  1.054E-06  7.835E-07  1.843E-08
                1.491E-08  6.929E-08  6.656E-08  5.904E-07  1.600E-06
1.71164715E+02  1.441E-03  1.155E-03  5.625E-04  5.414E-04  7.716E-04  2.147E-06
                4.282E-03  8.782E-04  7.608E-06  2.417E-06  5.253E-05  8.884E-04
                1.631E-03  2.550E-05  2.427E-05  1.237E-07  5.373E-07  4.970E-07
                4.948E-07  4.906E-07  1.768E-07  3.858E-07  3.823E-07  6.254E-08
                1.597E-07  4.640E-07  7.489E-07  3.136E-07  3.020E-07  7.659E-07
                6.636E-07  1.161E-07  2.203E-06  8.560E-07  3.232E-07  2.593E-07
                3.683E-10  1.776E-07  6.412E-08  1.542E-06  9.016E-07  5.184E-07
                7.879E-07  2.081E-08  5.060E-08  1.010E-07  1.191E-07  2.333E-07
                5.104E-06  3.136E-07  7.573E-08  4.766E-07  1.705E-08  9.427E-07
                7.248E-07  4.330E-07  3.101E-07  9.126E-07  2.890E-06  6.458E-07
                1.468E-07  1.803E-09  2.254E-09  1.213E-10  1.778E-07  1.266E-07
                4.515E-08  1.473E-08  3.379E-07  3.152E-07  4.185E-07  7.868E-07
                1.413E-06  4.736E-07  1.115E-06  7.837E-08  2.153E-07  3.776E-08
                5.208E-07  2.126E-07  7.273E-07  1.044E-08  1.611E-07  1.746E-07
                4.008E-06  1.624E-06  3.627E-10  3.805E-10  1.345E-10  1.084E-10
                8.814E-11  2.530E-07  1.190E-07  5.420E-07  5.423E-07  2.215E-07
                8.375E-07  7.875E-08  1.485E-06  1.793E-06  5.497E-08  8.463E-08
                1.113E-07  1.400E-08  5.206E-08  8.330E-08  1.622E-07  1.781E-07
                3.749E-08  1.571E-08  4.433E-07  1.079E-06  5.774E-06  1.263E-06
                4.992E-08  1.583E-07  8.320E-07  7.331E-07  6.369E-08  1.135E-07
                8.240E-08  1.420E-07  2.856E-06  7.997E-08  4.316E-07  3.573E-07
                8.966E-07  1.494E-06  6.241E-06  1.158E-07  5.676E-07  5.907E-07
                7.369E-07  4.777E-08  4.294E-08  1.803E-08  3.358E-08  8.028E-08
                1.250E-07  1.383E-07  4.803E-09  1.183E-07  2.447E-07  7.314E-07
                1.418E-06  1.627E-08  4.173E-08  1.556E-07  5.636E-08  4.218E-07
                2.964E-07  8.442E-07  5.905E-07  9.622E-07  1.085E-07  6.031E-08
                1.316E-06  5.861E-08  9.751E-08  6.642E-08  1.313E-07  1.494E-07
                4.526E-07  5.730E-07  2.861E-06  6.682E-07  8.225E-08  3.314E-08
                4.764E-08  4.663E-08  2.852E-07  2.084E-07  2.198E-07  1.067E-07
                7.840E-08  3.609E-07  9.365E-07  1.407E-06  1.016E-07  9.161E-08
                4.274E-08  7.607E-08  1.394E-07  1.125E-07  1.150E-07  2.442E-08
                9.416E-07  1.070E-07  6.974E-07  1.057E-07  2.843E-07  1.703E-06
                2.101E-06  1.440E-06  2.624E-07  3.225E-07  2.612E-07  1.193E-07
                1.713E-07  2.888E-07  2.442E-08  9.397E-09  8.355E-09  2.354E-08
                4.027E-07  4.059E-07  4.792E-07  8.244E-07  6.015E-07  1.611E-08
                1.231E-08  5.356E-08  5.299E-08  4.673E-07  1.262E-06
1.84772715E+02  1.139E-03  9.232E-04  4.499E-04  4.369E-04  6.161E-04  1.412E-06
                3.825E-03  7.844E-04  6.172E-06  1.580E-06  4.655E-05  7.872E-04
                1.445E-03  2.266E-05  2.172E-05  9.746E-08  4.815E-07  4.257E-07
                3.923E-07  3.946E-07  1.143E-07  2.487E-07  2.567E-07  4.183E-08
                2.049E-07  6.466E-07  1.109E-06  2.056E-07  2.054E-07  5.238E-07
                5.233E-07  7.456E-08  1.466E-06  8.403E-07  2.139E-07  1.686E-07
                2.405E-10  1.195E-07  4.627E-08  1.147E-06  7.240E-07  3.703E-07
                5.677E-07  1.518E-08  3.805E-08  7.804E-08  9.997E-08  1.902E-07
                3.730E-06  2.676E-07  5.335E-08  4.026E-07  1.457E-08  8.010E-07
                5.219E-07  3.125E-07  2.109E-07  6.252E-07  2.415E-06  5.346E-07
                1.054E-07  1.487E-09  1.813E-09  9.157E-11  1.421E-07  1.010E-07
                3.239E-08  1.096E-08  2.360E-07  2.180E-07  2.850E-07  6.463E-07
                1.178E-06  3.692E-07  7.681E-07  5.973E-08  1.579E-07  2.890E-08
                3.242E-07  1.307E-07  4.521E-07  1.318E-08  1.135E-07  1.273E-07
                2.788E-06  1.145E-06  2.980E-10  2.896E-10  8.492E-11  8.296E-11
                7.788E-11  1.515E-07  8.003E-08  3.239E-07  4.697E-07  1.910E-07
                7.158E-07  4.698E-08  1.048E-06  1.266E-06  4.018E-08  6.095E-08
                7.919E-08  1.006E-08  3.963E-08  6.000E-08  1.149E-07  1.282E-07
                3.283E-08  1.078E-08  3.290E-07  7.994E-07  5.022E-06  1.096E-06
                4.086E-08  1.163E-07  6.872E-07  6.313E-07  4.512E-08  8.577E-08
                5.974E-08  9.910E-08  1.856E-06  6.228E-08  3.445E-07  2.722E-07
                6.798E-07  1.307E-06  5.468E-06  8.943E-08  4.227E-07  4.381E-07
                4.453E-07  4.076E-08  3.573E-08  1.394E-08  2.917E-08  7.110E-08
                1.107E-07  1.220E-07  3.295E-09  9.076E-08  1.985E-07  5.940E-07
                1.155E-06  1.189E-08  3.923E-08  1.167E-07  4.158E-08  3.216E-07
                2.293E-07  6.730E-07  4.731E-07  7.700E-07  9.351E-08  5.167E-08
                1.028E-06  5.018E-08  8.508E-08  4.655E-08  9.427E-08  1.233E-07
                3.754E-07  5.017E-07  2.498E-06  4.307E-07  7.081E-08  2.528E-08
                3.788E-08  3.843E-08  2.146E-07  1.662E-07  1.735E-07  8.102E-08
                6.255E-08  2.911E-07  7.541E-07  1.125E-06  8.311E-08  7.154E-08
                3.336E-08  5.588E-08  9.797E-08  8.482E-08  8.009E-08  1.970E-08
                8.379E-07  8.497E-08  6.095E-07  7.488E-08  2.450E-07  1.510E-06
                1.883E-06  1.291E-06  2.015E-07  2.544E-07  2.059E-07  8.911E-08
                1.292E-07  2.210E-07  1.323E-08  5.136E-09  5.807E-09  1.768E-08
                3.355E-07  3.379E-07  3.964E-07  6.801E-07  4.907E-07  1.147E-08
                8.546E-09  4.442E-08  4.394E-08  3.862E-07  1.055E-06
1.98380715E+02  7.855E-04  6.319E-04  3.090E-04  2.983E-04  4.260E-04  8.280E-07
                3.047E-03  6.251E-04  4.690E-06  9.485E-07  3.848E-05  6.558E-04
                1.206E-03  1.574E-05  1.506E-05  8.323E-08  4.245E-07  2.738E-07
                3.486E-07  2.831E-07  8.988E-08  1.963E-07  2.408E-07  4.272E-08
                9.823E-08  2.694E-07  4.103E-07  1.644E-07  1.407E-07  3.606E-07
                3.557E-07  5.857E-08  1.183E-06  4.545E-07  1.638E-07  1.231E-07
                1.771E-10  9.408E-08  3.485E-08  7.816E-07  4.660E-07  2.583E-07
                3.943E-07  1.121E-08  3.194E-08  6.861E-08  9.702E-08  1.741E-07
                2.702E-06  2.478E-07  4.025E-08  3.708E-07  1.383E-08  7.432E-07
                3.609E-07  2.132E-07  1.506E-07  4.493E-07  2.152E-06  4.542E-07
                8.913E-08  1.329E-09  1.443E-09  7.391E-11  8.402E-08  6.565E-08
                2.335E-08  7.975E-09  1.788E-07  1.664E-07  2.230E-07  5.122E-07
                8.425E-07  2.833E-07  5.859E-07  3.767E-08  1.195E-07  1.572E-08
                2.961E-07  1.202E-07  4.134E-07  7.449E-09  8.269E-08  8.609E-08
                2.141E-06  8.679E-07  2.223E-10  2.265E-10  7.420E-11  6.028E-11
                4.691E-11  1.415E-07  6.747E-08  2.974E-07  3.487E-07  1.402E-07
                5.393E-07  5.440E-08  7.892E-07  9.543E-07  3.374E-08  4.881E-08
                6.333E-08  8.468E-09  3.803E-08  5.213E-08  9.854E-08  1.106E-07
                3.798E-08  1.060E-08  2.855E-07  6.937E-07  3.440E-06  7.527E-07
                2.841E-08  9.624E-08  5.015E-07  4.378E-07  3.665E-08  6.675E-08
                4.701E-08  8.286E-08  1.539E-06  5.530E-08  2.824E-07  1.955E-07
                4.886E-07  9.092E-07  3.799E-06  6.644E-08  3.625E-07  3.775E-07
                4.127E-07  2.610E-08  2.304E-08  8.568E-09  1.876E-08  4.560E-08
                7.101E-08  7.868E-08  2.487E-09  7.123E-08  1.491E-07  4.469E-07
                8.720E-07  6.938E-09  2.493E-08  1.062E-07  3.878E-08  2.315E-07
                1.640E-07  5.082E-07  3.561E-07  5.811E-07  7.164E-08  3.720E-08
                7.971E-07  3.247E-08  5.458E-08  3.655E-08  7.013E-08  1.037E-07
                2.716E-07  3.607E-07  1.835E-06  3.972E-07  4.689E-08  1.637E-08
                2.545E-08  2.524E-08  1.985E-07  1.245E-07  1.315E-07  7.498E-08
                4.618E-08  2.203E-07  5.679E-07  8.479E-07  5.493E-08  5.584E-08
                2.648E-08  4.084E-08  8.409E-08  6.193E-08  6.981E-08  1.368E-08
                5.929E-07  6.086E-08  4.408E-07  7.370E-08  1.925E-07  1.061E-06
                1.316E-06  9.038E-07  1.458E-07  1.889E-07  1.560E-07  6.276E-08
                9.467E-08  1.616E-07  1.509E-08  5.696E-09  4.182E-09  1.213E-08
                2.608E-07  2.633E-07  2.996E-07  5.202E-07  3.700E-07  9.055E-09
                7.013E-09  3.378E-08  3.435E-08  2.978E-07  8.073E-07
