          16           7
         215          13           1           1
           0          -4           0          -4           0          -6           0          -2           0          -4           0           6           0           4           0           2           0           4           0           6           0           2           0           4           0           2           0          -4           0          -2           0           2           0           4           0           6           0           2           0           4           0           6           0           4           0          -2           0          -2           0          -4           0          -6           0          -8           0          -2           0          -4           0          -6           0          -4           0           2           0          -4           0          -6           0          -2           0          -4           0          -6           0          -6           0          -8           0          -4           0          -6           0          -2           0          -4           0           4           0           6           0           8           0          10           0           4           0          -4           0           2           0           6           0           4           0           8           0           2           0          -4           0          -2           0           6           0           6           0           4           0           2           0           8           0           4           0           6           0           8           0           4           0           6           0           8           0          10           0           4           0           6           0           8           0           6           0           4           0           2           0           6           0           2           0           4           0           2           0          -4           0          -2           0          -6           0          -8           0           6           0           4           0          -4           0          -6           0          -2           0          -4           0          -6           0          -8           0         -10           0          -2           0          -4           0          -6           0          -4           0          -2           0          -6           0          -8           0          -2           0          -4           0           2           0           4           0           6           0           8           0           4           0           4           0           6           0           8           0           2           0          10           0           8           0           6           0           4           0           2           0           6           0           6           0           4           0           4           0           2           0           4           0           6           0           8           0          -4           0           2           0           4           0          -6           0          -4           0           2           0           4           0           6           0           4           0           6           0          -2           0          -4           0          -6           0          -8           0         -10           0          -6           0          -8           0         -10           0         -12           0           2           0          -2           0          -4           0          -6           0          -8           0          -2           0          -8           0         -10           0          -4           0          -2           0          -6           0          -4           0          -2           0          -4           0          -2           0          -4           0          -6           0          -4           0          -8           0          -6           0           2           0           4           0           2           0           4           0           6           0         -10           0          -8           0          -6           0          -4           0           6           0          -2           0          -4           0           8           0          -6           0          -2           0          -4           0          -6           0          -8           0           4           0           6           0          -4           0          -6           0          -6           0          -8           0          -2           0           2           0          -4           0           4           0           6           0           4           0           4           0           2           0           2           0          -4           0          -6           0          -8           0          -2           0          -4           0          -6           0          -8           0         -10           0          -8           0          -6           0          -4           0          -2           0          -2           0          -4           0          -6           0          -6           0          -8           0          -4           0          -2           0          -6           0          -4
    0.000000E+00    9.645106E-03    9.843162E-03    1.435602E-02    1.458263E-02
    4.247197E-02    4.320385E-02    4.360158E-02    5.944295E-02    5.948713E-02
    6.922989E-02    7.316769E-02    7.411300E-02    1.134727E-01    1.147319E-01
    2.354040E-01    2.358931E-01    2.366026E-01    2.382857E-01    2.391328E-01
    2.438023E-01    2.438287E-01    2.461520E-01    2.471700E-01    2.474363E-01
    2.479076E-01    2.485433E-01    2.486026E-01    2.487216E-01    2.491410E-01
    2.502551E-01    2.507374E-01    2.510783E-01    2.511300E-01    2.524691E-01
    2.524772E-01    2.554279E-01    2.561102E-01    2.563381E-01    2.591442E-01
    2.591854E-01    2.609226E-01    2.615363E-01    2.619649E-01    2.622131E-01
    2.625883E-01    2.631076E-01    2.632646E-01    2.633261E-01    2.634365E-01
    2.637297E-01    2.638533E-01    2.640096E-01    2.643758E-01    2.644930E-01
    2.645338E-01    2.648466E-01    2.652759E-01    2.655531E-01    2.656939E-01
    2.657640E-01    2.676748E-01    2.677713E-01    2.679166E-01    2.688115E-01
    2.690337E-01    2.711118E-01    2.712141E-01    2.720014E-01    2.721113E-01
    2.724223E-01    2.724984E-01    2.725578E-01    2.726085E-01    2.727219E-01
    2.737570E-01    2.740430E-01    2.746587E-01    2.763855E-01    2.763956E-01
    2.763957E-01    2.764682E-01    2.789238E-01    2.791446E-01    2.808157E-01
    2.808428E-01    2.816082E-01    2.816156E-01    2.816277E-01    2.816445E-01
    2.816660E-01    2.832213E-01    2.832636E-01    2.833497E-01    2.872720E-01
    2.872722E-01    2.872783E-01    2.873017E-01    2.873787E-01    2.874354E-01
    2.875828E-01    2.876419E-01    2.877951E-01    2.879672E-01    2.884374E-01
    2.885530E-01    2.886000E-01    2.886971E-01    2.887362E-01    2.888178E-01
    2.901974E-01    2.902310E-01    2.934227E-01    2.936053E-01    2.936679E-01
    2.948139E-01    2.948751E-01    2.949134E-01    2.954910E-01    2.955387E-01
    2.955818E-01    2.956302E-01    2.974080E-01    2.974265E-01    2.978254E-01
    2.979930E-01    2.980044E-01    2.981863E-01    2.981951E-01    2.982014E-01
    2.986863E-01    2.989406E-01    2.997979E-01    3.013547E-01    3.014398E-01
    3.015665E-01    3.017420E-01    3.025165E-01    3.025355E-01    3.025686E-01
    3.026262E-01    3.032771E-01    3.036433E-01    3.036673E-01    3.036996E-01
    3.037196E-01    3.041292E-01    3.046134E-01    3.046301E-01    3.048276E-01
    3.048611E-01    3.049614E-01    3.051740E-01    3.052844E-01    3.060373E-01
    3.062721E-01    3.065126E-01    3.067251E-01    3.072820E-01    3.083217E-01
    3.083847E-01    3.085481E-01    3.086063E-01    3.093086E-01    3.093690E-01
    3.093750E-01    3.093804E-01    3.094500E-01    3.095030E-01    3.095365E-01
    3.096086E-01    3.096683E-01    3.098305E-01    3.098337E-01    3.100372E-01
    3.110986E-01    3.111053E-01    3.111248E-01    3.111449E-01    3.124031E-01
    3.124222E-01    3.126400E-01    3.132139E-01    3.132929E-01    3.134326E-01
    3.163175E-01    3.165548E-01    3.167011E-01    3.167161E-01    3.173537E-01
    3.174815E-01    3.194473E-01    3.198310E-01    3.206567E-01    3.235572E-01
    3.235827E-01    3.236877E-01    3.236885E-01    3.238034E-01    3.239013E-01
    3.239634E-01    3.240075E-01    3.245628E-01    3.245933E-01    3.263728E-01
    3.264517E-01    3.271738E-01    3.284075E-01    3.287843E-01    3.314323E-01
    3.314556E-01    3.324856E-01    3.325179E-01    3.327131E-01    3.333147E-01
           0           2           0           1
  -27.940514715248785               13
3.27033147E+01  2.137E-01  1.724E-01  8.563E-02  7.916E-02  1.207E-01  4.473E-04
                1.164E-01  2.390E-02
4.63113147E+01  8.488E-02  7.179E-02  3.471E-02  3.170E-02  4.485E-02  3.707E-04
                6.042E-02  1.280E-02  1.770E-03  4.184E-04  8.830E-04  1.258E-02
                2.154E-02  1.661E-03  1.410E-03
5.99193147E+01  4.059E-02  3.270E-02  1.593E-02  1.530E-02  2.171E-02  6.036E-05
                4.152E-02  8.513E-03  1.468E-04  9.006E-05  4.810E-04  7.665E-03
                1.393E-02  6.177E-04  5.884E-04  2.960E-06  1.284E-05  2.323E-05
                8.280E-06  1.886E-05  4.427E-06  8.662E-06  1.195E-05  1.511E-06
                2.711E-06  7.356E-06  9.065E-06  1.528E-05  1.385E-05  3.311E-05
                3.128E-05  2.925E-06  1.089E-04  2.844E-05  1.064E-05  1.015E-05
                1.034E-08  1.134E-05  4.215E-06  6.767E-05  3.669E-05  2.122E-05
                3.264E-05  1.534E-06  2.578E-06  3.755E-06  5.136E-07  3.838E-06
                1.266E-04  2.504E-06  3.863E-06  4.136E-06  1.273E-06  7.237E-06
                3.211E-05  1.926E-05  1.576E-05  4.843E-05  4.404E-05  1.814E-05
                5.461E-06  3.056E-08  7.678E-08  3.292E-09  2.001E-05  1.099E-05
                4.491E-07  1.961E-08  1.030E-05  8.289E-06  1.161E-05  1.023E-05
                1.407E-05  4.455E-06  3.102E-05  6.000E-06  9.624E-06  4.835E-06
                9.573E-06  3.747E-06  1.440E-05  3.002E-07  7.141E-06  1.199E-05
                7.626E-05  3.074E-05  5.277E-09  5.879E-09  4.420E-09  2.710E-09
                4.495E-09  4.285E-06  1.866E-06  9.832E-06  3.712E-06  1.563E-06
                5.887E-06  1.399E-06  2.760E-05  3.382E-05  1.452E-06  1.414E-06
                1.294E-06  2.599E-07  1.745E-06  1.545E-06  2.615E-06  2.952E-06
                3.361E-06  1.916E-07  8.915E-06  2.151E-05  8.536E-05  1.997E-05
                9.599E-07  2.143E-06  1.159E-05  1.118E-05  9.559E-07  1.320E-06
                1.005E-06  2.246E-06  5.808E-05  1.034E-06  6.336E-06  5.950E-06
                1.518E-05  1.987E-05  8.291E-05  2.215E-06  1.024E-05  1.058E-05
                1.353E-05  2.459E-06  2.661E-06  1.886E-06  1.323E-06  4.244E-06
                6.440E-06  6.844E-06  8.059E-09  1.598E-06  4.326E-06  1.148E-05
                1.942E-05  2.042E-06  9.033E-07  1.437E-05  5.212E-06  7.209E-06
                4.855E-06  1.251E-05  8.801E-06  1.361E-05  1.975E-06  2.305E-06
                1.565E-05  2.816E-06  4.780E-06  2.562E-06  5.521E-06  2.895E-06
                5.685E-06  8.251E-06  4.543E-05  1.425E-05  3.211E-06  2.345E-06
                2.222E-06  2.194E-06  4.857E-06  3.353E-06  3.766E-06  1.800E-06
                2.323E-06  4.753E-06  1.348E-05  2.230E-05  4.110E-06  8.495E-07
                6.129E-07  3.440E-06  6.948E-06  5.598E-06  6.260E-06  9.485E-07
                9.362E-06  3.048E-06  7.927E-06  2.012E-06  3.669E-06  1.659E-05
                1.939E-05  1.277E-05  1.059E-05  1.567E-05  2.302E-05  5.095E-06
                7.339E-06  1.254E-05  1.371E-06  4.482E-07  8.446E-07  1.086E-06
                2.402E-06  2.413E-06  3.195E-06  1.065E-05  1.011E-05  3.656E-07
                6.536E-07  6.306E-07  4.445E-07  4.420E-06  1.201E-05
7.35273147E+01  2.216E-02  1.779E-02  8.663E-03  8.320E-03  1.180E-02  3.270E-05
                2.825E-02  5.792E-03  8.518E-05  4.812E-05  3.304E-04  5.365E-03
                9.776E-03  3.537E-04  3.370E-04  1.529E-06  5.996E-06  1.304E-05
                5.633E-06  1.136E-05  2.917E-06  6.390E-06  5.129E-06  6.380E-07
                1.056E-06  3.310E-06  4.505E-06  6.477E-06  7.202E-06  1.750E-05
                1.373E-05  1.931E-06  4.880E-05  1.345E-05  6.091E-06  5.153E-06
                8.194E-09  5.485E-06  1.960E-06  3.307E-05  1.736E-05  1.071E-05
                1.636E-05  5.576E-07  1.018E-06  1.704E-06  3.136E-07  1.487E-06
                7.028E-05  1.076E-06  1.992E-06  2.036E-06  4.248E-07  3.126E-06
                1.531E-05  9.248E-06  7.601E-06  2.340E-05  2.052E-05  7.364E-06
                2.526E-06  1.115E-08  2.634E-08  1.299E-09  6.578E-06  3.749E-06
                3.273E-07  4.825E-08  5.238E-06  5.150E-06  6.849E-06  6.360E-06
                1.053E-05  3.296E-06  1.833E-05  2.434E-06  3.867E-06  1.553E-06
                6.761E-06  2.714E-06  9.437E-06  1.106E-07  3.076E-06  4.424E-06
                4.624E-05  1.870E-05  2.989E-09  3.708E-09  2.019E-09  1.233E-09
                1.589E-09  3.002E-06  1.496E-06  6.602E-06  2.806E-06  1.263E-06
                4.287E-06  6.218E-07  1.672E-05  2.017E-05  4.277E-07  6.528E-07
                8.485E-07  1.254E-07  4.530E-07  7.229E-07  1.427E-06  1.428E-06
                4.060E-07  1.465E-07  5.257E-06  1.270E-05  5.121E-05  1.125E-05
                5.483E-07  1.171E-06  6.723E-06  6.730E-06  5.617E-07  8.031E-07
                6.173E-07  1.406E-06  3.462E-05  5.673E-07  3.532E-06  4.141E-06
                1.042E-05  1.191E-05  4.978E-05  1.102E-06  6.072E-06  6.396E-06
                8.743E-06  1.140E-06  1.157E-06  7.803E-07  6.576E-07  1.943E-06
                3.017E-06  3.262E-06  1.055E-08  1.208E-06  2.280E-06  6.212E-06
                1.113E-05  8.339E-07  5.474E-07  5.157E-06  1.845E-06  4.824E-06
                3.377E-06  7.179E-06  5.032E-06  7.978E-06  1.104E-06  1.042E-06
                1.014E-05  1.260E-06  2.011E-06  1.291E-06  2.879E-06  1.187E-06
                3.595E-06  4.775E-06  2.483E-05  8.429E-06  1.551E-06  1.016E-06
                9.887E-07  9.678E-07  2.705E-06  1.860E-06  2.035E-06  9.909E-07
                1.051E-06  2.773E-06  7.575E-06  1.209E-05  1.939E-06  5.047E-07
                3.288E-07  1.671E-06  2.768E-06  2.689E-06  2.390E-06  4.866E-07
                6.595E-06  1.718E-06  5.133E-06  1.085E-06  2.128E-06  1.145E-05
                1.391E-05  9.276E-06  4.919E-06  6.746E-06  9.490E-06  2.400E-06
                3.143E-06  5.670E-06  2.990E-07  9.071E-08  3.249E-07  5.581E-07
                2.215E-06  2.229E-06  2.965E-06  6.097E-06  5.398E-06  1.809E-07
                2.650E-07  4.440E-07  3.362E-07  2.975E-06  7.917E-06
8.71353147E+01  1.316E-02  1.055E-02  5.137E-03  4.928E-03  6.999E-03  1.967E-05
                2.001E-02  4.103E-03  5.349E-05  2.789E-05  2.365E-04  3.885E-03
                7.093E-03  2.155E-04  2.052E-04  9.981E-07  3.523E-06  7.471E-06
                3.628E-06  6.813E-06  1.972E-06  4.321E-06  2.914E-06  3.461E-07
                6.768E-07  2.171E-06  3.259E-06  3.905E-06  4.416E-06  1.062E-05
                7.629E-06  1.303E-06  2.422E-05  7.951E-06  3.506E-06  3.095E-06
                5.217E-09  2.941E-06  1.038E-06  1.755E-05  9.379E-06  5.733E-06
                8.723E-06  2.661E-07  4.889E-07  8.476E-07  1.916E-07  9.410E-07
                4.237E-05  8.379E-07  1.104E-06  1.477E-06  2.291E-07  2.471E-06
                8.339E-06  4.960E-06  4.238E-06  1.271E-05  1.288E-05  3.883E-06
                1.409E-06  8.016E-09  1.794E-08  9.679E-10  2.894E-06  1.703E-06
                2.702E-07  5.731E-08  3.224E-06  3.176E-06  4.186E-06  4.672E-06
                7.858E-06  2.521E-06  1.126E-05  1.145E-06  2.125E-06  6.887E-07
                4.686E-06  1.870E-06  6.482E-06  5.546E-08  1.745E-06  2.251E-06
                2.941E-05  1.191E-05  1.965E-09  2.389E-09  1.234E-09  8.179E-10
                8.931E-10  2.158E-06  1.114E-06  4.506E-06  2.132E-06  9.525E-07
                3.225E-06  3.635E-07  1.070E-05  1.291E-05  2.951E-07  4.732E-07
                6.176E-07  8.821E-08  2.424E-07  4.956E-07  9.946E-07  9.916E-07
                9.837E-08  1.064E-07  3.657E-06  8.881E-06  3.301E-05  7.222E-06
                3.679E-07  8.496E-07  4.508E-06  4.315E-06  4.241E-07  5.915E-07
                4.629E-07  1.050E-06  2.216E-05  4.132E-07  2.413E-06  2.717E-06
                6.800E-06  7.857E-06  3.280E-05  7.472E-07  4.304E-06  4.529E-06
                5.868E-06  5.906E-07  5.866E-07  3.728E-07  3.560E-07  9.870E-07
                1.532E-06  1.661E-06  1.290E-08  7.943E-07  1.426E-06  3.983E-06
                7.307E-06  3.997E-07  3.248E-07  2.126E-06  7.501E-07  3.148E-06
                2.247E-06  4.588E-06  3.211E-06  5.150E-06  6.909E-07  5.678E-07
                6.880E-06  6.809E-07  1.081E-06  7.475E-07  1.669E-06  6.672E-07
                2.467E-06  3.040E-06  1.532E-05  5.679E-06  8.357E-07  5.163E-07
                5.309E-07  5.205E-07  1.812E-06  1.158E-06  1.261E-06  6.576E-07
                5.754E-07  1.840E-06  4.944E-06  7.756E-06  1.085E-06  3.674E-07
                2.119E-07  9.167E-07  1.360E-06  1.467E-06  1.132E-06  2.771E-07
                4.603E-06  1.053E-06  3.512E-06  6.915E-07  1.376E-06  8.213E-06
                9.961E-06  6.707E-06  2.632E-06  3.372E-06  4.356E-06  1.317E-06
                1.664E-06  2.959E-06  8.687E-08  2.462E-08  1.509E-07  3.129E-07
                1.713E-06  1.711E-06  2.244E-06  4.126E-06  3.419E-06  1.096E-07
                1.337E-07  3.104E-07  2.469E-07  2.129E-06  5.706E-06
1.00743315E+02  8.314E-03  6.666E-03  3.244E-03  3.115E-03  4.433E-03  1.172E-05
                1.487E-02  3.050E-03  3.511E-05  1.640E-05  1.774E-04  2.941E-03
                5.378E-03  1.433E-04  1.368E-04  6.492E-07  2.211E-06  4.440E-06
                2.348E-06  4.127E-06  1.269E-06  2.778E-06  1.796E-06  2.127E-07
                5.311E-07  1.715E-06  2.783E-06  2.401E-06  2.723E-06  6.571E-06
                4.534E-06  8.371E-07  1.328E-05  5.122E-06  2.134E-06  1.923E-06
                3.310E-09  1.676E-06  5.893E-07  1.003E-05  5.495E-06  3.330E-06
                5.067E-06  1.434E-07  2.700E-07  4.832E-07  1.658E-07  6.650E-07
                2.717E-05  7.009E-07  6.356E-07  1.170E-06  1.270E-07  2.087E-06
                4.897E-06  2.872E-06  2.475E-06  7.333E-06  9.111E-06  2.460E-06
                8.468E-07  5.828E-09  1.201E-08  6.862E-10  1.493E-06  9.029E-07
                2.095E-07  5.344E-08  2.016E-06  1.963E-06  2.564E-06  3.413E-06
                5.788E-06  1.882E-06  6.935E-06  6.131E-07  1.252E-06  3.562E-07
                3.152E-06  1.257E-06  4.346E-06  3.763E-08  1.040E-06  1.264E-06
                1.961E-05  7.943E-06  1.394E-09  1.633E-09  7.809E-10  5.594E-10
                5.561E-10  1.474E-06  7.657E-07  3.027E-06  1.672E-06  7.340E-07
                2.528E-06  2.401E-07  7.171E-06  8.680E-06  2.173E-07  3.512E-07
                4.564E-07  6.439E-08  1.705E-07  3.581E-07  7.137E-07  7.177E-07
                5.119E-08  7.155E-08  2.512E-06  6.117E-06  2.312E-05  5.052E-06
                2.479E-07  6.271E-07  3.232E-06  3.005E-06  3.140E-07  4.452E-07
                3.510E-07  7.612E-07  1.481E-05  3.122E-07  1.749E-06  1.834E-06
                4.589E-06  5.619E-06  2.344E-05  5.530E-07  3.016E-06  3.167E-06
                3.958E-06  3.422E-07  3.336E-07  1.997E-07  2.144E-07  5.571E-07
                8.653E-07  9.421E-07  1.423E-08  5.459E-07  9.824E-07  2.798E-06
                5.214E-06  2.142E-07  2.053E-07  1.010E-06  3.533E-07  2.129E-06
                1.522E-06  3.202E-06  2.241E-06  3.619E-06  4.617E-07  3.431E-07
                4.960E-06  4.009E-07  6.370E-07  4.539E-07  1.003E-06  4.558E-07
                1.785E-06  2.135E-06  1.058E-05  3.809E-06  5.018E-07  2.936E-07
                3.192E-07  3.125E-07  1.240E-06  7.991E-07  8.675E-07  4.495E-07
                3.652E-07  1.317E-06  3.503E-06  5.422E-06  6.608E-07  2.939E-07
                1.557E-07  5.466E-07  7.691E-07  8.642E-07  6.277E-07  1.691E-07
                3.424E-06  6.702E-07  2.573E-06  4.579E-07  9.799E-07  6.215E-06
                7.537E-06  5.115E-06  1.573E-06  1.920E-06  2.207E-06  7.965E-07
                1.005E-06  1.739E-06  3.625E-08  1.087E-08  7.758E-08  1.866E-07
                1.303E-06  1.302E-06  1.694E-06  2.995E-06  2.385E-06  7.031E-08
                7.339E-08  2.175E-07  1.829E-07  1.580E-06  4.258E-06
1.14351315E+02  5.562E-03  4.466E-03  2.174E-03  2.087E-03  2.965E-03  8.258E-06
                1.119E-02  2.294E-03  2.483E-05  1.099E-05  1.338E-04  2.229E-03
                4.080E-03  9.593E-05  9.142E-05  4.312E-07  1.406E-06  2.552E-06
                1.587E-06  2.467E-06  8.526E-07  1.865E-06  1.285E-06  1.634E-07
                3.944E-07  1.232E-06  2.039E-06  1.581E-06  1.750E-06  4.253E-06
                2.905E-06  5.627E-07  8.531E-06  3.404E-06  1.417E-06  1.271E-06
                2.115E-09  1.021E-06  3.579E-07  6.426E-06  3.575E-06  2.153E-06
                3.262E-06  8.573E-08  1.684E-07  3.096E-07  1.544E-07  5.170E-07
                1.857E-05  5.943E-07  3.893E-07  9.614E-07  7.222E-08  1.780E-06
                3.141E-06  1.846E-06  1.551E-06  4.571E-06  6.916E-06  1.754E-06
                5.530E-07  4.467E-09  8.382E-09  4.694E-10  8.930E-07  5.554E-07
                1.560E-07  4.286E-08  1.349E-06  1.305E-06  1.712E-06  2.546E-06
                4.327E-06  1.430E-06  4.616E-06  3.817E-07  8.461E-07  2.113E-07
                2.262E-06  9.051E-07  3.121E-06  2.799E-08  6.847E-07  8.026E-07
                1.391E-05  5.613E-06  1.044E-09  1.196E-09  5.399E-10  3.950E-10
                3.634E-10  1.078E-06  5.436E-07  2.203E-06  1.341E-06  5.766E-07
                2.041E-06  1.786E-07  5.098E-06  6.164E-06  1.659E-07  2.698E-07
                3.521E-07  4.864E-08  1.322E-07  2.652E-07  5.342E-07  5.450E-07
                3.980E-08  5.640E-08  1.816E-06  4.423E-06  1.667E-05  3.643E-06
                1.799E-07  4.744E-07  2.387E-06  2.157E-06  2.341E-07  3.411E-07
                2.707E-07  5.574E-07  1.053E-05  2.416E-07  1.319E-06  1.268E-06
                3.174E-06  4.109E-06  1.713E-05  4.147E-07  2.225E-06  2.342E-06
                2.878E-06  2.150E-07  2.063E-07  1.162E-07  1.388E-07  3.446E-07
                5.352E-07  5.851E-07  1.228E-08  3.852E-07  7.231E-07  2.093E-06
                3.951E-06  1.218E-07  1.440E-07  5.485E-07  1.907E-07  1.475E-06
                1.055E-06  2.411E-06  1.685E-06  2.732E-06  3.316E-07  2.273E-07
                3.758E-06  2.569E-07  4.118E-07  2.945E-07  6.399E-07  3.387E-07
                1.325E-06  1.546E-06  7.613E-06  2.787E-06  3.304E-07  1.812E-07
                2.084E-07  2.041E-07  9.473E-07  5.970E-07  6.430E-07  3.445E-07
                2.556E-07  1.002E-06  2.644E-06  4.056E-06  4.362E-07  2.339E-07
                1.181E-07  3.499E-07  5.002E-07  5.434E-07  4.039E-07  1.097E-07
                2.530E-06  4.479E-07  1.900E-06  3.469E-07  7.333E-07  4.651E-06
                5.626E-06  3.833E-06  1.034E-06  1.232E-06  1.278E-06  5.188E-07
                6.640E-07  1.133E-06  2.781E-08  9.612E-09  4.105E-08  1.124E-07
                1.034E-06  1.035E-06  1.321E-06  2.287E-06  1.776E-06  4.903E-08
                4.537E-08  1.604E-07  1.412E-07  1.237E-06  3.326E-06
1.27959315E+02  3.809E-03  3.060E-03  1.489E-03  1.432E-03  2.041E-03  5.142E-06
                8.822E-03  1.809E-03  1.765E-05  6.772E-06  1.067E-04  1.789E-03
                3.278E-03  6.992E-05  6.683E-05  3.023E-07  1.046E-06  1.695E-06
                1.118E-06  1.636E-06  5.550E-07  1.214E-06  9.033E-07  1.189E-07
                3.679E-07  1.156E-06  1.979E-06  1.035E-06  1.124E-06  2.760E-06
                1.928E-06  3.651E-07  5.406E-06  2.490E-06  9.297E-07  8.308E-07
                1.387E-09  6.374E-07  2.261E-07  4.103E-06  2.364E-06  1.387E-06
                2.112E-06  5.446E-08  1.102E-07  2.077E-07  1.393E-07  3.984E-07
                1.275E-05  4.954E-07  2.482E-07  7.825E-07  4.089E-08  1.488E-06
                2.033E-06  1.181E-06  1.002E-06  2.971E-06  5.363E-06  1.289E-06
                3.714E-07  3.529E-09  6.293E-09  3.411E-10  5.540E-07  3.543E-07
                1.154E-07  3.375E-08  9.337E-07  8.920E-07  1.156E-06  1.985E-06
                3.255E-06  1.069E-06  3.145E-06  2.406E-07  5.662E-07  1.289E-07
                1.538E-06  6.147E-07  2.122E-06  2.529E-08  4.591E-07  5.206E-07
                9.643E-06  3.899E-06  7.916E-10  8.735E-10  3.621E-10  2.854E-10
                2.692E-10  7.290E-07  3.740E-07  1.483E-06  1.078E-06  4.567E-07
                1.639E-06  1.302E-07  3.541E-06  4.298E-06  1.246E-07  2.008E-07
                2.608E-07  3.582E-08  9.896E-08  1.984E-07  3.939E-07  4.062E-07
                3.515E-08  3.883E-08  1.329E-06  3.240E-06  1.250E-05  2.733E-06
                1.289E-07  3.488E-07  1.792E-06  1.611E-06  1.712E-07  2.565E-07
                2.028E-07  4.036E-07  7.179E-06  1.856E-07  1.006E-06  9.021E-07
                2.257E-06  3.132E-06  1.307E-05  3.111E-07  1.624E-06  1.705E-06
                1.947E-06  1.539E-07  1.431E-07  7.421E-08  1.032E-07  2.507E-07
                3.894E-07  4.271E-07  1.009E-08  2.757E-07  5.396E-07  1.580E-06
                3.007E-06  7.133E-08  1.027E-07  4.078E-07  1.423E-07  1.055E-06
                7.545E-07  1.815E-06  1.270E-06  2.062E-06  2.429E-07  1.550E-07
                2.808E-06  1.713E-07  2.753E-07  1.998E-07  4.301E-07  2.648E-07
                1.003E-06  1.187E-06  5.840E-06  1.942E-06  2.473E-07  1.205E-07
                1.444E-07  1.458E-07  7.015E-07  4.473E-07  4.777E-07  2.568E-07
                1.842E-07  7.617E-07  2.003E-06  3.055E-06  3.165E-07  1.852E-07
                9.204E-08  2.369E-07  3.640E-07  3.686E-07  2.952E-07  7.418E-08
                1.984E-06  3.104E-07  1.477E-06  2.519E-07  5.768E-07  3.654E-06
                4.445E-06  3.042E-06  7.173E-07  8.699E-07  8.722E-07  3.497E-07
                4.582E-07  7.869E-07  2.108E-08  7.467E-09  2.627E-08  7.394E-08
                8.084E-07  8.102E-07  1.016E-06  1.759E-06  1.348E-06  3.477E-08
                3.077E-08  1.198E-07  1.089E-07  9.631E-07  2.597E-06
1.41567315E+02  2.759E-03  2.217E-03  1.079E-03  1.038E-03  1.476E-03  4.133E-06
                6.844E-03  1.403E-03  1.341E-05  5.067E-06  8.275E-05  1.390E-03
                2.549E-03  4.889E-05  4.659E-05  2.174E-07  7.732E-07  1.041E-06
                8.283E-07  1.035E-06  3.885E-07  8.488E-07  6.881E-07  9.889E-08
                2.644E-07  8.002E-07  1.342E-06  7.047E-07  7.373E-07  1.830E-06
                1.343E-06  2.559E-07  4.084E-06  1.712E-06  6.668E-07  5.762E-07
                8.962E-10  4.156E-07  1.473E-07  2.993E-06  1.723E-06  1.016E-06
                1.540E-06  3.913E-08  8.531E-08  1.642E-07  1.431E-07  3.365E-07
                9.521E-06  4.293E-07  1.648E-07  6.673E-07  2.809E-08  1.291E-06
                1.456E-06  8.590E-07  6.796E-07  1.997E-06  4.346E-06  1.020E-06
                2.725E-07  2.780E-09  4.340E-09  2.357E-10  3.803E-07  2.514E-07
                8.621E-08  2.631E-08  6.661E-07  6.311E-07  8.291E-07  1.435E-06
                2.491E-06  8.300E-07  2.231E-06  1.674E-07  4.146E-07  8.674E-08
                1.103E-06  4.453E-07  1.529E-06  1.780E-08  3.256E-07  3.645E-07
                7.389E-06  2.982E-06  6.146E-10  6.704E-10  2.658E-10  2.069E-10
                1.807E-10  5.330E-07  2.601E-07  1.105E-06  8.676E-07  3.622E-07
                1.330E-06  1.120E-07  2.725E-06  3.297E-06  9.578E-08  1.535E-07
                2.013E-07  2.640E-08  8.056E-08  1.481E-07  2.948E-07  3.109E-07
                3.610E-08  2.968E-08  9.120E-07  2.222E-06  9.701E-06  2.121E-06
                9.535E-08  2.746E-07  1.402E-06  1.243E-06  1.244E-07  1.991E-07
                1.532E-07  2.863E-07  5.454E-06  1.402E-07  7.574E-07  6.643E-07
                1.666E-06  2.454E-06  1.024E-05  2.272E-07  1.145E-06  1.200E-06
                1.468E-06  1.010E-07  9.331E-08  4.562E-08  6.868E-08  1.644E-07
                2.556E-07  2.815E-07  8.423E-09  2.096E-07  4.178E-07  1.234E-06
                2.367E-06  4.415E-08  7.695E-08  2.632E-07  9.289E-08  7.796E-07
                5.532E-07  1.426E-06  9.971E-07  1.622E-06  1.864E-07  1.132E-07
                2.224E-06  1.197E-07  1.955E-07  1.365E-07  2.852E-07  2.179E-07
                7.732E-07  9.252E-07  4.559E-06  1.385E-06  1.661E-07  7.762E-08
                9.900E-08  9.795E-08  5.226E-07  3.515E-07  3.740E-07  1.925E-07
                1.392E-07  6.019E-07  1.574E-06  2.385E-06  2.115E-07  1.500E-07
                7.205E-08  1.602E-07  2.545E-07  2.426E-07  2.070E-07  5.096E-08
                1.537E-06  2.165E-07  1.144E-06  1.906E-07  4.525E-07  2.822E-06
                3.440E-06  2.356E-06  5.083E-07  6.095E-07  5.481E-07  2.437E-07
                3.288E-07  5.565E-07  2.547E-08  9.704E-09  1.669E-08  4.927E-08
                6.516E-07  6.545E-07  8.046E-07  1.380E-06  1.037E-06  2.677E-08
                2.163E-08  9.192E-08  8.668E-08  7.675E-07  2.067E-06
1.55175315E+02  2.006E-03  1.618E-03  7.875E-04  7.610E-04  1.082E-03  2.535E-06
                5.727E-03  1.175E-03  1.012E-05  3.140E-06  6.986E-05  1.178E-03
                2.161E-03  3.904E-05  3.738E-05  1.631E-07  6.590E-07  7.809E-07
                6.289E-07  7.544E-07  2.532E-07  5.531E-07  4.913E-07  7.199E-08
                2.695E-07  8.406E-07  1.445E-06  4.712E-07  4.862E-07  1.218E-06
                9.648E-07  1.661E-07  2.741E-06  1.387E-06  4.481E-07  3.810E-07
                5.954E-10  2.739E-07  1.000E-07  2.067E-06  1.243E-06  6.945E-07
                1.062E-06  2.726E-08  6.115E-08  1.206E-07  1.237E-07  2.698E-07
                6.791E-06  3.625E-07  1.115E-07  5.556E-07  1.965E-08  1.089E-06
                1.001E-06  5.860E-07  4.541E-07  1.355E-06  3.521E-06  8.015E-07
                1.915E-07  2.276E-09  3.433E-09  1.780E-10  2.640E-07  1.788E-07
                6.242E-08  1.978E-08  4.708E-07  4.416E-07  5.717E-07  1.150E-06
                1.945E-06  6.282E-07  1.555E-06  1.148E-07  2.915E-07  5.814E-08
                7.399E-07  2.972E-07  1.026E-06  1.822E-08  2.265E-07  2.512E-07
                5.187E-06  2.106E-06  4.847E-10  5.043E-10  1.789E-10  1.545E-10
                1.449E-10  3.505E-07  1.790E-07  7.248E-07  7.149E-07  2.957E-07
                1.090E-06  7.795E-08  1.921E-06  2.333E-06  7.164E-08  1.131E-07
                1.470E-07  1.946E-08  6.193E-08  1.104E-07  2.166E-07  2.313E-07
                3.475E-08  2.095E-08  6.858E-07  1.671E-06  7.747E-06  1.693E-06
                7.170E-08  2.005E-07  1.093E-06  9.857E-07  9.040E-08  1.496E-07
                1.133E-07  2.066E-07  3.708E-06  1.093E-07  5.929E-07  4.891E-07
                1.225E-06  1.982E-06  8.280E-06  1.716E-07  8.554E-07  8.940E-07
                9.690E-07  7.944E-08  7.121E-08  3.199E-08  5.553E-08  1.336E-07
                2.078E-07  2.288E-07  6.163E-09  1.544E-07  3.255E-07  9.671E-07
                1.865E-06  2.785E-08  6.083E-08  2.190E-07  7.731E-08  5.770E-07
                4.107E-07  1.109E-06  7.772E-07  1.264E-06  1.465E-07  8.465E-08
                1.702E-06  8.775E-08  1.442E-07  9.575E-08  2.004E-07  1.770E-07
                6.073E-07  7.551E-07  3.730E-06  9.566E-07  1.345E-07  5.545E-08
                7.350E-08  7.531E-08  3.995E-07  2.726E-07  2.874E-07  1.485E-07
                1.059E-07  4.718E-07  1.231E-06  1.857E-06  1.642E-07  1.166E-07
                5.618E-08  1.144E-07  1.917E-07  1.756E-07  1.564E-07  3.714E-08
                1.275E-06  1.596E-07  9.379E-07  1.416E-07  3.755E-07  2.332E-06
                2.869E-06  1.969E-06  3.766E-07  4.675E-07  4.247E-07  1.737E-07
                2.400E-07  4.136E-07  1.702E-08  6.410E-09  1.175E-08  3.477E-08
                5.238E-07  5.266E-07  6.381E-07  1.099E-06  8.182E-07  1.943E-08
                1.561E-08  7.229E-08  6.924E-08  6.144E-07  1.666E-06
1.68783315E+02  1.489E-03  1.193E-03  5.811E-04  5.592E-04  7.983E-04  2.145E-06
                4.456E-03  9.138E-04  7.881E-06  2.456E-06  5.485E-05  9.278E-04
                1.704E-03  2.689E-05  2.561E-05  1.289E-07  5.466E-07  5.139E-07
                5.137E-07  5.155E-07  1.887E-07  4.122E-07  4.088E-07  6.615E-08
                1.632E-07  4.708E-07  7.608E-07  3.390E-07  3.256E-07  8.250E-07
                6.937E-07  1.239E-07  2.276E-06  8.927E-07  3.406E-07  2.757E-07
                4.009E-10  1.912E-07  6.887E-08  1.578E-06  9.228E-07  5.330E-07
                8.102E-07  2.139E-08  5.149E-08  1.028E-07  1.194E-07  2.387E-07
                5.276E-06  3.207E-07  8.026E-08  4.880E-07  1.715E-08  9.644E-07
                7.490E-07  4.445E-07  3.266E-07  9.672E-07  2.973E-06  6.624E-07
                1.525E-07  1.882E-09  2.462E-09  1.298E-10  1.830E-07  1.305E-07
                4.712E-08  1.525E-08  3.544E-07  3.317E-07  4.394E-07  8.487E-07
                1.469E-06  4.930E-07  1.173E-06  8.143E-08  2.247E-07  3.903E-08
                5.688E-07  2.315E-07  7.929E-07  1.112E-08  1.689E-07  1.822E-07
                4.154E-06  1.679E-06  3.763E-10  3.973E-10  1.429E-10  1.133E-10
                9.348E-11  2.758E-07  1.306E-07  5.832E-07  5.604E-07  2.292E-07
                8.645E-07  7.961E-08  1.534E-06  1.854E-06  5.764E-08  8.901E-08
                1.167E-07  1.503E-08  5.398E-08  8.812E-08  1.726E-07  1.884E-07
                3.728E-08  1.732E-08  4.949E-07  1.204E-06  5.890E-06  1.289E-06
                5.254E-08  1.643E-07  8.539E-07  7.500E-07  6.816E-08  1.181E-07
                8.711E-08  1.538E-07  2.994E-06  8.568E-08  4.589E-07  3.707E-07
                9.299E-07  1.522E-06  6.357E-06  1.233E-07  6.277E-07  6.550E-07
                7.886E-07  5.142E-08  4.619E-08  1.963E-08  3.614E-08  8.640E-08
                1.344E-07  1.487E-07  4.899E-09  1.223E-07  2.539E-07  7.581E-07
                1.468E-06  1.730E-08  4.308E-08  1.652E-07  5.952E-08  4.376E-07
                3.083E-07  8.749E-07  6.120E-07  9.971E-07  1.128E-07  6.253E-08
                1.362E-06  6.108E-08  1.013E-07  7.020E-08  1.401E-07  1.517E-07
                4.669E-07  5.854E-07  2.923E-06  7.387E-07  8.882E-08  3.580E-08
                5.060E-08  5.010E-08  3.149E-07  2.154E-07  2.274E-07  1.176E-07
                8.138E-08  3.735E-07  9.699E-07  1.459E-06  1.094E-07  9.415E-08
                4.440E-08  8.085E-08  1.472E-07  1.205E-07  1.213E-07  2.584E-08
                9.661E-07  1.133E-07  7.177E-07  1.165E-07  2.965E-07  1.753E-06
                2.156E-06  1.480E-06  2.761E-07  3.412E-07  2.855E-07  1.254E-07
                1.791E-07  3.041E-07  2.276E-08  8.712E-09  8.422E-09  2.440E-08
                4.176E-07  4.207E-07  4.973E-07  8.575E-07  6.278E-07  1.617E-08
                1.253E-08  5.581E-08  5.502E-08  4.852E-07  1.310E-06
1.82391315E+02  1.205E-03  9.755E-04  4.755E-04  4.609E-04  6.503E-04  1.606E-06
                3.882E-03  7.961E-04  6.424E-06  1.777E-06  4.704E-05  7.948E-04
                1.459E-03  2.307E-05  2.207E-05  1.014E-07  4.935E-07  4.455E-07
                4.072E-07  4.114E-07  1.228E-07  2.669E-07  2.681E-07  4.376E-08
                2.051E-07  6.456E-07  1.103E-06  2.171E-07  2.183E-07  5.562E-07
                5.502E-07  8.019E-08  1.590E-06  8.614E-07  2.302E-07  1.818E-07
                2.544E-10  1.264E-07  4.840E-08  1.233E-06  7.693E-07  4.003E-07
                6.125E-07  1.630E-08  4.079E-08  8.307E-08  1.046E-07  1.977E-07
                3.989E-06  2.751E-07  5.659E-08  4.148E-07  1.515E-08  8.242E-07
                5.619E-07  3.379E-07  2.277E-07  6.692E-07  2.493E-06  5.560E-07
                1.125E-07  1.519E-09  1.811E-09  9.393E-11  1.521E-07  1.071E-07
                3.464E-08  1.168E-08  2.528E-07  2.335E-07  3.066E-07  6.507E-07
                1.226E-06  3.874E-07  8.239E-07  6.394E-08  1.682E-07  3.124E-08
                3.384E-07  1.371E-07  4.728E-07  1.262E-08  1.219E-07  1.368E-07
                3.002E-06  1.232E-06  3.103E-10  3.042E-10  9.117E-11  8.781E-11
                8.011E-11  1.593E-07  8.224E-08  3.456E-07  4.844E-07  1.972E-07
                7.396E-07  5.202E-08  1.129E-06  1.362E-06  4.221E-08  6.432E-08
                8.398E-08  1.043E-08  4.113E-08  6.271E-08  1.202E-07  1.342E-07
                3.335E-08  1.089E-08  3.267E-07  7.941E-07  5.268E-06  1.150E-06
                4.226E-08  1.230E-07  7.221E-07  6.617E-07  4.712E-08  9.037E-08
                6.273E-08  1.027E-07  2.004E-06  6.314E-08  3.523E-07  2.882E-07
                7.209E-07  1.369E-06  5.727E-06  9.256E-08  4.229E-07  4.375E-07
                4.761E-07  4.153E-08  3.659E-08  1.443E-08  2.960E-08  7.186E-08
                1.119E-07  1.234E-07  3.613E-09  9.584E-08  2.068E-07  6.191E-07
                1.202E-06  1.271E-08  4.018E-08  1.187E-07  4.251E-08  3.406E-07
                2.417E-07  7.037E-07  4.942E-07  8.047E-07  9.597E-08  5.347E-08
                1.078E-06  5.208E-08  8.818E-08  4.952E-08  9.948E-08  1.291E-07
                3.931E-07  5.231E-07  2.603E-06  4.430E-07  7.151E-08  2.628E-08
                3.939E-08  3.937E-08  2.127E-07  1.742E-07  1.819E-07  8.021E-08
                6.545E-08  3.038E-07  7.876E-07  1.176E-06  8.508E-08  7.554E-08
                3.491E-08  5.862E-08  1.025E-07  8.803E-08  8.398E-08  2.048E-08
                8.677E-07  8.840E-08  6.315E-07  7.485E-08  2.504E-07  1.562E-06
                1.948E-06  1.334E-06  2.109E-07  2.626E-07  2.068E-07  9.428E-08
                1.363E-07  2.310E-07  1.625E-08  6.343E-09  6.349E-09  1.890E-08
                3.461E-07  3.485E-07  4.102E-07  7.023E-07  5.075E-07  1.266E-08
                9.350E-09  4.586E-08  4.533E-08  3.988E-07  1.088E-06
1.95999315E+02  8.298E-04  6.702E-04  3.271E-04  3.172E-04  4.518E-04  8.374E-07
                3.225E-03  6.616E-04  4.918E-06  9.632E-07  4.058E-05  6.909E-04
                1.270E-03  1.726E-05  1.655E-05  8.498E-08  4.297E-07  2.928E-07
                3.532E-07  2.989E-07  9.297E-08  2.030E-07  2.459E-07  4.261E-08
                1.146E-07  3.270E-07  5.200E-07  1.732E-07  1.517E-07  3.876E-07
                3.777E-07  6.050E-08  1.188E-06  5.142E-07  1.692E-07  1.289E-07
                1.896E-10  9.870E-08  3.694E-08  8.188E-07  4.971E-07  2.684E-07
                4.112E-07  1.157E-08  3.281E-08  7.081E-08  9.967E-08  1.742E-07
                2.806E-06  2.492E-07  4.257E-08  3.730E-07  1.401E-08  7.468E-07
                3.785E-07  2.228E-07  1.589E-07  4.760E-07  2.181E-06  4.622E-07
                9.216E-08  1.363E-09  1.580E-09  7.866E-11  9.108E-08  7.039E-08
                2.461E-08  8.401E-09  1.867E-07  1.738E-07  2.308E-07  5.550E-07
                8.991E-07  2.954E-07  6.108E-07  4.041E-08  1.240E-07  1.726E-08
                3.078E-07  1.242E-07  4.286E-07  8.915E-09  8.662E-08  9.133E-08
                2.188E-06  8.884E-07  2.333E-10  2.347E-10  7.481E-11  6.301E-11
                5.249E-11  1.458E-07  7.219E-08  3.021E-07  3.691E-07  1.489E-07
                5.674E-07  4.918E-08  8.092E-07  9.796E-07  3.453E-08  5.041E-08
                6.506E-08  8.882E-09  3.785E-08  5.347E-08  1.018E-07  1.138E-07
                3.620E-08  1.105E-08  3.120E-07  7.583E-07  3.647E-06  7.973E-07
                3.083E-08  9.799E-08  5.244E-07  4.637E-07  3.849E-08  6.916E-08
                4.913E-08  8.757E-08  1.554E-06  5.799E-08  2.994E-07  2.051E-07
                5.122E-07  9.607E-07  4.016E-06  7.144E-08  3.941E-07  4.112E-07
                4.171E-07  2.917E-08  2.562E-08  9.631E-09  2.100E-08  5.116E-08
                7.963E-08  8.806E-08  2.518E-09  7.316E-08  1.562E-07  4.677E-07
                9.126E-07  7.667E-09  2.782E-08  1.060E-07  3.832E-08  2.427E-07
                1.734E-07  5.302E-07  3.720E-07  6.064E-07  7.618E-08  3.991E-08
                8.247E-07  3.573E-08  6.026E-08  3.755E-08  7.372E-08  1.048E-07
                2.860E-07  3.797E-07  1.923E-06  4.196E-07  5.235E-08  1.806E-08
                2.761E-08  2.795E-08  2.135E-07  1.296E-07  1.366E-07  8.064E-08
                4.841E-08  2.300E-07  5.931E-07  8.857E-07  6.090E-08  5.742E-08
                2.749E-08  4.324E-08  8.483E-08  6.624E-08  7.001E-08  1.484E-08
                6.299E-07  6.539E-08  4.669E-07  7.787E-08  2.039E-07  1.132E-06
                1.403E-06  9.641E-07  1.541E-07  2.007E-07  1.698E-07  6.622E-08
                9.892E-08  1.706E-07  1.225E-08  4.598E-09  4.133E-09  1.269E-08
                2.740E-07  2.764E-07  3.163E-07  5.482E-07  3.911E-07  8.811E-09
                6.854E-09  3.570E-08  3.605E-08  3.133E-07  8.519E-07
