          16           7
         215          13           1           1
           0          -4           0          -4           0          -6           0          -2           0          -4           0           6           0           4           0           2           0           4           0           6           0           2           0           4           0           2           0          -4           0          -2           0           2           0           4           0           6           0           2           0           4           0           6           0           4           0          -2           0          -2           0          -4           0          -6           0          -8           0          -2           0          -4           0          -6           0          -4           0           2           0          -4           0          -6           0          -2           0          -4           0          -6           0          -6           0          -8           0          -4           0          -6           0          -2           0          -4           0           4           0           6           0           8           0          10           0           4           0          -4           0           2           0           6           0           4           0           8           0           2           0          -4           0          -2           0           6           0           6           0           4           0           2           0           8           0           4           0           6           0           8           0           4           0           6           0           8           0          10           0           4           0           6           0           8           0           6           0           4           0           2           0           6           0           2           0           4           0           2           0          -4           0          -2           0          -6           0          -8           0           6           0           4           0          -4           0          -6           0          -2           0          -4           0          -6           0          -8           0         -10           0          -2           0          -4           0          -6           0          -4           0          -2           0          -6           0          -8           0          -2           0          -4           0           2           0           4           0           6           0           8           0           4           0           4           0           6           0           8           0           2           0          10           0           8           0           6           0           4           0           2           0           6           0           6           0           4           0           4           0           2           0           4           0           6           0           8           0          -4           0           2           0           4           0          -6           0          -4           0           2           0           4           0           6           0           4           0           6           0          -2           0          -4           0          -6           0          -8           0         -10           0          -6           0          -8           0         -10           0         -12           0           2           0          -2           0          -4           0          -6           0          -8           0          -2           0          -8           0         -10           0          -4           0          -2           0          -6           0          -4           0          -2           0          -4           0          -2           0          -4           0          -6           0          -4           0          -8           0          -6           0           2           0           4           0           2           0           4           0           6           0         -10           0          -8           0          -6           0          -4           0           6           0          -2           0          -4           0           8           0          -6           0          -2           0          -4           0          -6           0          -8           0           4           0           6           0          -4           0          -6           0          -6           0          -8           0          -2           0           2           0          -4           0           4           0           6           0           4           0           4           0           2           0           2           0          -4           0          -6           0          -8           0          -2           0          -4           0          -6           0          -8           0         -10           0          -8           0          -6           0          -4           0          -2           0          -2           0          -4           0          -6           0          -6           0          -8           0          -4           0          -2           0          -6           0          -4
    0.000000E+00    9.645106E-03    9.843162E-03    1.435602E-02    1.458263E-02
    4.247197E-02    4.320385E-02    4.360158E-02    5.944295E-02    5.948713E-02
    6.922989E-02    7.316769E-02    7.411300E-02    1.134727E-01    1.147319E-01
    2.354040E-01    2.358931E-01    2.366026E-01    2.382857E-01    2.391328E-01
    2.438023E-01    2.438287E-01    2.461520E-01    2.471700E-01    2.474363E-01
    2.479076E-01    2.485433E-01    2.486026E-01    2.487216E-01    2.491410E-01
    2.502551E-01    2.507374E-01    2.510783E-01    2.511300E-01    2.524691E-01
    2.524772E-01    2.554279E-01    2.561102E-01    2.563381E-01    2.591442E-01
    2.591854E-01    2.609226E-01    2.615363E-01    2.619649E-01    2.622131E-01
    2.625883E-01    2.631076E-01    2.632646E-01    2.633261E-01    2.634365E-01
    2.637297E-01    2.638533E-01    2.640096E-01    2.643758E-01    2.644930E-01
    2.645338E-01    2.648466E-01    2.652759E-01    2.655531E-01    2.656939E-01
    2.657640E-01    2.676748E-01    2.677713E-01    2.679166E-01    2.688115E-01
    2.690337E-01    2.711118E-01    2.712141E-01    2.720014E-01    2.721113E-01
    2.724223E-01    2.724984E-01    2.725578E-01    2.726085E-01    2.727219E-01
    2.737570E-01    2.740430E-01    2.746587E-01    2.763855E-01    2.763956E-01
    2.763957E-01    2.764682E-01    2.789238E-01    2.791446E-01    2.808157E-01
    2.808428E-01    2.816082E-01    2.816156E-01    2.816277E-01    2.816445E-01
    2.816660E-01    2.832213E-01    2.832636E-01    2.833497E-01    2.872720E-01
    2.872722E-01    2.872783E-01    2.873017E-01    2.873787E-01    2.874354E-01
    2.875828E-01    2.876419E-01    2.877951E-01    2.879672E-01    2.884374E-01
    2.885530E-01    2.886000E-01    2.886971E-01    2.887362E-01    2.888178E-01
    2.901974E-01    2.902310E-01    2.934227E-01    2.936053E-01    2.936679E-01
    2.948139E-01    2.948751E-01    2.949134E-01    2.954910E-01    2.955387E-01
    2.955818E-01    2.956302E-01    2.974080E-01    2.974265E-01    2.978254E-01
    2.979930E-01    2.980044E-01    2.981863E-01    2.981951E-01    2.982014E-01
    2.986863E-01    2.989406E-01    2.997979E-01    3.013547E-01    3.014398E-01
    3.015665E-01    3.017420E-01    3.025165E-01    3.025355E-01    3.025686E-01
    3.026262E-01    3.032771E-01    3.036433E-01    3.036673E-01    3.036996E-01
    3.037196E-01    3.041292E-01    3.046134E-01    3.046301E-01    3.048276E-01
    3.048611E-01    3.049614E-01    3.051740E-01    3.052844E-01    3.060373E-01
    3.062721E-01    3.065126E-01    3.067251E-01    3.072820E-01    3.083217E-01
    3.083847E-01    3.085481E-01    3.086063E-01    3.093086E-01    3.093690E-01
    3.093750E-01    3.093804E-01    3.094500E-01    3.095030E-01    3.095365E-01
    3.096086E-01    3.096683E-01    3.098305E-01    3.098337E-01    3.100372E-01
    3.110986E-01    3.111053E-01    3.111248E-01    3.111449E-01    3.124031E-01
    3.124222E-01    3.126400E-01    3.132139E-01    3.132929E-01    3.134326E-01
    3.163175E-01    3.165548E-01    3.167011E-01    3.167161E-01    3.173537E-01
    3.174815E-01    3.194473E-01    3.198310E-01    3.206567E-01    3.235572E-01
    3.235827E-01    3.236877E-01    3.236885E-01    3.238034E-01    3.239013E-01
    3.239634E-01    3.240075E-01    3.245628E-01    3.245933E-01    3.263728E-01
    3.264517E-01    3.271738E-01    3.284075E-01    3.287843E-01    3.314323E-01
    3.314556E-01    3.324856E-01    3.325179E-01    3.327131E-01    3.333147E-01
           0           2           0           1
  -27.940514715248785               13
3.98475147E+01  1.246E-01  1.038E-01  5.071E-02  4.853E-02  6.845E-02  1.828E-04
                8.431E-02  1.729E-02  3.973E-04  2.717E-04  9.442E-04  1.410E-02
                2.537E-02  1.633E-03  1.549E-03
5.34555147E+01  5.614E-02  4.553E-02  2.216E-02  2.134E-02  3.025E-02  8.400E-05
                5.084E-02  1.042E-02  1.991E-04  1.280E-04  5.920E-04  9.199E-03
                1.689E-02  8.276E-04  7.865E-04  3.228E-06  1.665E-05  3.518E-05
                1.120E-05  2.618E-05  4.187E-06  9.228E-06  1.946E-05  2.923E-06
                3.833E-06  1.016E-05  1.120E-05  1.699E-05  1.669E-05  4.314E-05
                4.191E-05  2.899E-06  1.922E-04  3.733E-05  1.764E-05  1.325E-05
                1.568E-08  1.750E-05  6.302E-06  1.043E-04  5.292E-05  3.611E-05
                5.352E-05  2.163E-06  5.491E-06  1.136E-05  5.227E-07  7.043E-06
                1.675E-04  3.368E-06  5.904E-06  1.374E-05  1.486E-06  8.361E-06
                4.628E-05  2.903E-05  1.707E-05  8.879E-05  8.660E-05  3.549E-05
                1.303E-05  1.968E-08  5.242E-08  2.322E-09  2.752E-05  3.636E-05
                5.255E-07  6.001E-08  2.067E-05  1.333E-05  1.633E-05  1.521E-05
                1.620E-05  5.716E-06  3.502E-05  9.292E-06  1.213E-05  7.981E-06
                1.195E-05  5.065E-06  1.714E-05  6.241E-07  1.262E-05  2.598E-05
                9.734E-05  3.826E-05  1.436E-08  3.463E-08  2.345E-08  2.382E-09
                5.118E-09  4.640E-06  1.526E-06  1.221E-05  4.818E-06  2.126E-06
                7.483E-06  2.264E-06  3.486E-05  4.210E-05  1.625E-06  1.632E-06
                1.684E-06  5.105E-07  3.480E-06  2.305E-06  3.993E-06  4.542E-06
                6.646E-06  1.413E-07  1.339E-05  2.762E-05  1.128E-04  2.513E-05
                8.185E-07  2.728E-06  1.526E-05  1.530E-05  1.197E-06  1.917E-06
                1.377E-06  2.796E-06  9.329E-05  1.389E-06  8.275E-06  9.316E-06
                2.253E-05  2.555E-05  1.082E-04  4.572E-06  1.259E-05  1.403E-05
                1.554E-05  3.750E-06  4.212E-06  3.254E-06  2.106E-06  6.318E-06
                1.046E-05  1.129E-05  4.493E-09  2.068E-06  7.043E-06  1.870E-05
                3.194E-05  3.648E-06  1.326E-06  2.036E-05  1.025E-05  4.733E-06
                5.932E-06  1.918E-05  1.337E-05  1.998E-05  2.873E-06  3.612E-06
                2.513E-05  4.517E-06  6.170E-06  3.008E-06  7.797E-06  1.457E-05
                1.826E-05  1.591E-05  8.039E-05  1.874E-05  3.819E-06  4.259E-06
                3.724E-06  3.166E-06  8.632E-06  5.828E-06  6.536E-06  2.720E-06
                4.188E-06  6.206E-06  1.801E-05  2.982E-05  6.855E-06  4.659E-06
                1.267E-06  5.400E-06  1.060E-05  8.521E-06  9.335E-06
6.70635147E+01  2.918E-02  2.346E-02  1.143E-02  1.097E-02  1.555E-02  4.439E-05
                3.361E-02  6.891E-03  1.097E-04  6.476E-05  3.915E-04  6.306E-03
                1.148E-02  4.529E-04  4.311E-04  1.818E-06  7.779E-06  1.692E-05
                6.951E-06  1.525E-05  3.286E-06  7.482E-06  7.454E-06  9.268E-07
                1.570E-06  4.832E-06  6.424E-06  8.469E-06  9.158E-06  2.265E-05
                1.885E-05  2.295E-06  7.169E-05  1.821E-05  8.208E-06  6.712E-06
                1.099E-08  7.507E-06  2.784E-06  4.628E-05  2.411E-05  1.498E-05
                2.296E-05  8.651E-07  1.535E-06  2.498E-06  4.409E-07  2.035E-06
                9.136E-05  1.337E-06  2.773E-06  2.677E-06  6.241E-07  3.953E-06
                2.119E-05  1.291E-05  1.063E-05  3.355E-05  2.865E-05  1.133E-05
                3.546E-06  1.338E-08  3.320E-08  2.080E-09  1.072E-05  5.940E-06
                3.683E-07  3.375E-08  6.957E-06  6.867E-06  9.165E-06  7.514E-06
                1.195E-05  3.543E-06  2.424E-05  3.896E-06  5.704E-06  2.467E-06
                7.090E-06  2.750E-06  1.049E-05  1.235E-06  4.265E-06  6.578E-06
                5.892E-05  2.341E-05  4.722E-09  5.069E-09  1.745E-09  8.542E-10
                5.920E-09  3.401E-06  1.655E-06  8.008E-06  3.374E-06  1.521E-06
                5.161E-06  8.814E-07  2.111E-05  2.537E-05  6.196E-07  7.980E-07
                1.040E-06  1.945E-07  1.029E-06  7.753E-07  1.403E-06  1.316E-06
                1.227E-06  3.053E-07  6.326E-06  1.472E-05  6.388E-05  1.411E-05
                9.203E-07  1.366E-06  8.281E-06  8.514E-06  6.145E-07  1.040E-06
                8.849E-07  1.462E-06  4.116E-05  6.556E-07  4.215E-06  5.634E-06
                1.305E-05  1.503E-05  6.272E-05  1.601E-06  7.595E-06  7.986E-06
                1.030E-05  2.193E-06  2.409E-06  1.920E-06  1.227E-06  2.485E-06
                3.181E-06  3.188E-06  4.977E-08  1.499E-06  3.573E-06  9.584E-06
                1.655E-05  1.008E-06  8.115E-07  1.013E-05  3.280E-06  5.747E-06
                4.047E-06  9.259E-06  6.560E-06  1.055E-05  1.582E-06  1.415E-06
                1.318E-05  1.764E-06  2.715E-06  1.487E-06  3.673E-06  1.786E-06
                4.265E-06  6.045E-06  3.206E-05  9.206E-06  1.782E-06  2.279E-06
                1.807E-06  1.422E-06  3.457E-06  2.414E-06  2.817E-06  1.878E-06
                1.631E-06  3.459E-06  9.274E-06  1.459E-05  2.350E-06  7.418E-07
                4.294E-07  2.997E-06  4.719E-06  4.422E-06  3.700E-06  5.702E-07
                7.947E-06  2.071E-06  6.014E-06  1.399E-06  2.730E-06  1.315E-05
                1.621E-05  1.073E-05  7.206E-06  1.085E-05  1.482E-05  3.652E-06
                4.885E-06  8.200E-06  1.163E-06  8.523E-07  4.940E-07  3.470E-07
                2.758E-06  3.006E-06  3.761E-06  9.358E-06  7.965E-06  3.092E-07
                4.969E-07  1.103E-06  8.282E-07  3.597E-06  9.957E-06
8.06715147E+01  1.668E-02  1.337E-02  6.507E-03  6.244E-03  8.879E-03  2.431E-05
                2.350E-02  4.818E-03  6.562E-05  3.514E-05  2.769E-04  4.528E-03
                8.262E-03  2.718E-04  2.591E-04  1.226E-06  4.548E-06  9.800E-06
                4.459E-06  8.739E-06  2.368E-06  5.187E-06  3.646E-06  4.331E-07
                8.248E-07  2.658E-06  3.853E-06  4.867E-06  5.500E-06  1.328E-05
                9.912E-06  1.565E-06  3.273E-05  1.008E-05  4.468E-06  3.881E-06
                6.476E-09  3.891E-06  1.381E-06  2.314E-05  1.227E-05  7.557E-06
                1.153E-05  3.734E-07  6.852E-07  1.169E-06  2.451E-07  1.131E-06
                5.347E-05  9.125E-07  1.437E-06  1.657E-06  3.040E-07  2.674E-06
                1.094E-05  6.529E-06  5.483E-06  1.660E-05  1.547E-05  5.035E-06
                1.824E-06  9.204E-09  2.117E-08  1.127E-09  4.108E-06  2.383E-06
                2.986E-07  5.717E-08  3.977E-06  3.909E-06  5.155E-06  5.303E-06
                9.026E-06  2.856E-06  1.386E-05  1.568E-06  2.696E-06  9.784E-07
                5.460E-06  2.182E-06  7.574E-06  7.171E-08  2.211E-06  2.988E-06
                3.613E-05  1.466E-05  2.366E-09  2.898E-09  1.523E-09  9.760E-10
                1.159E-09  2.475E-06  1.278E-06  5.272E-06  2.415E-06  1.087E-06
                3.657E-06  4.617E-07  1.313E-05  1.585E-05  3.405E-07  5.355E-07
                6.980E-07  1.010E-07  3.045E-07  5.778E-07  1.150E-06  1.146E-06
                1.780E-07  1.171E-07  4.226E-06  1.024E-05  4.054E-05  8.881E-06
                4.358E-07  9.887E-07  5.420E-06  5.311E-06  4.763E-07  6.733E-07
                5.171E-07  1.188E-06  2.701E-05  4.690E-07  2.827E-06  3.336E-06
                8.365E-06  9.557E-06  3.993E-05  8.727E-07  4.939E-06  5.184E-06
                6.947E-06  7.906E-07  7.926E-07  5.177E-07  4.671E-07  1.336E-06
                2.076E-06  2.247E-06  1.332E-08  9.728E-07  1.748E-06  4.828E-06
                8.762E-06  5.607E-07  4.050E-07  3.177E-06  1.129E-06  3.867E-06
                2.740E-06  5.540E-06  3.880E-06  6.198E-06  8.505E-07  7.409E-07
                8.183E-06  8.950E-07  1.423E-06  9.482E-07  2.119E-06  8.513E-07
                2.920E-06  3.746E-06  1.910E-05  6.620E-06  1.089E-06  6.935E-07
                6.950E-07  6.793E-07  2.107E-06  1.415E-06  1.549E-06  7.674E-07
                7.448E-07  2.194E-06  5.937E-06  9.376E-06  1.383E-06  4.240E-07
                2.557E-07  1.193E-06  1.823E-06  1.918E-06  1.545E-06  3.567E-07
                5.489E-06  1.313E-06  4.205E-06  8.190E-07  1.666E-06  9.652E-06
                1.173E-05  7.871E-06  3.458E-06  4.553E-06  6.103E-06  1.718E-06
                2.199E-06  3.927E-06  1.511E-07  4.446E-08  2.198E-07  4.187E-07
                1.921E-06  1.924E-06  2.545E-06  4.877E-06  4.149E-06  1.374E-07
                1.806E-07  3.654E-07  2.840E-07  2.447E-06  6.564E-06
9.42795147E+01  1.030E-02  8.263E-03  4.022E-03  3.862E-03  5.483E-03  1.496E-05
                1.708E-02  3.503E-03  4.275E-05  2.118E-05  2.023E-04  3.339E-03
                6.102E-03  1.734E-04  1.654E-04  7.853E-07  2.693E-06  5.543E-06
                2.858E-06  5.120E-06  1.562E-06  3.417E-06  2.220E-06  2.631E-07
                5.622E-07  1.810E-06  2.813E-06  3.000E-06  3.407E-06  8.196E-06
                5.753E-06  1.031E-06  1.764E-05  6.181E-06  2.690E-06  2.401E-06
                4.056E-09  2.168E-06  7.624E-07  1.312E-05  7.077E-06  4.314E-06
                6.556E-06  1.900E-07  3.560E-07  6.299E-07  1.854E-07  7.841E-07
                3.350E-05  7.711E-07  8.187E-07  1.315E-06  1.708E-07  2.285E-06
                6.298E-06  3.731E-06  3.159E-06  9.398E-06  1.069E-05  3.036E-06
                1.070E-06  6.649E-09  1.400E-08  8.030E-10  2.032E-06  1.213E-06
                2.359E-07  5.597E-08  2.476E-06  2.427E-06  3.193E-06  3.837E-06
                6.664E-06  2.157E-06  8.591E-06  8.195E-07  1.598E-06  4.849E-07
                3.815E-06  1.523E-06  5.269E-06  4.271E-08  1.312E-06  1.645E-06
                2.388E-05  9.660E-06  1.632E-09  1.945E-09  9.686E-10  6.652E-10
                6.722E-10  1.781E-06  9.110E-07  3.691E-06  1.877E-06  8.308E-07
                2.839E-06  2.871E-07  8.719E-06  1.053E-05  2.507E-07  4.057E-07
                5.298E-07  7.451E-08  2.009E-07  4.117E-07  8.285E-07  8.310E-07
                6.777E-08  8.853E-08  2.932E-06  7.129E-06  2.737E-05  5.985E-06
                2.980E-07  7.205E-07  3.781E-06  3.562E-06  3.624E-07  5.116E-07
                4.030E-07  8.810E-07  1.813E-05  3.530E-07  2.016E-06  2.195E-06
                5.500E-06  6.581E-06  2.746E-05  6.346E-07  3.524E-06  3.706E-06
                4.838E-06  4.273E-07  4.225E-07  2.619E-07  2.617E-07  7.000E-07
                1.087E-06  1.181E-06  1.414E-08  6.468E-07  1.170E-06  3.305E-06
                6.119E-06  2.877E-07  2.542E-07  1.323E-06  4.637E-07  2.548E-06
                1.818E-06  3.790E-06  2.652E-06  4.273E-06  5.585E-07  4.338E-07
                5.824E-06  5.104E-07  8.117E-07  5.619E-07  1.247E-06  5.407E-07
                2.074E-06  2.510E-06  1.252E-05  4.567E-06  6.119E-07  3.750E-07
                3.991E-07  3.866E-07  1.466E-06  9.513E-07  1.035E-06  5.310E-07
                4.494E-07  1.546E-06  4.127E-06  6.413E-06  8.065E-07  3.244E-07
                1.765E-07  6.851E-07  9.565E-07  1.084E-06  7.850E-07  2.117E-07
                3.925E-06  8.237E-07  2.968E-06  5.507E-07  1.137E-06  7.086E-06
                8.583E-06  5.804E-06  1.979E-06  2.441E-06  2.912E-06  1.002E-06
                1.263E-06  2.198E-06  5.210E-08  1.540E-08  1.014E-07  2.346E-07
                1.497E-06  1.495E-06  1.962E-06  3.497E-06  2.823E-06  8.559E-08
                9.403E-08  2.578E-07  2.116E-07  1.826E-06  4.916E-06
1.07887515E+02  6.663E-03  5.340E-03  2.599E-03  2.493E-03  3.550E-03  9.770E-06
                1.273E-02  2.610E-03  2.913E-05  1.321E-05  1.524E-04  2.535E-03
                4.638E-03  1.147E-04  1.093E-04  5.272E-07  1.734E-06  3.334E-06
                1.915E-06  3.176E-06  1.038E-06  2.275E-06  1.535E-06  1.894E-07
                4.539E-07  1.432E-06  2.360E-06  1.948E-06  2.172E-06  5.259E-06
                3.569E-06  6.847E-07  1.038E-05  4.125E-06  1.716E-06  1.550E-06
                2.640E-09  1.290E-06  4.525E-07  7.804E-06  4.319E-06  2.602E-06
                3.952E-06  1.073E-07  2.042E-07  3.702E-07  1.472E-07  5.748E-07
                2.195E-05  6.348E-07  4.955E-07  1.044E-06  9.251E-08  1.897E-06
                3.822E-06  2.237E-06  1.950E-06  5.778E-06  7.824E-06  2.031E-06
                6.744E-07  5.147E-09  1.036E-08  5.670E-10  1.125E-06  6.907E-07
                1.796E-07  4.717E-08  1.656E-06  1.610E-06  2.106E-06  3.032E-06
                4.951E-06  1.631E-06  5.695E-06  4.764E-07  1.030E-06  2.672E-07
                2.691E-06  1.073E-06  3.709E-06  3.285E-08  8.441E-07  9.978E-07
                1.615E-05  6.527E-06  1.190E-09  1.381E-09  6.453E-10  4.664E-10
                4.484E-10  1.270E-06  6.531E-07  2.582E-06  1.485E-06  6.445E-07
                2.251E-06  2.041E-07  5.897E-06  7.132E-06  1.903E-07  3.085E-07
                4.009E-07  5.666E-08  1.490E-07  3.110E-07  6.250E-07  6.318E-07
                4.177E-08  6.555E-08  2.211E-06  5.386E-06  1.902E-05  4.156E-06
                2.111E-07  5.420E-07  2.717E-06  2.474E-06  2.733E-07  3.870E-07
                3.089E-07  6.609E-07  1.223E-05  2.783E-07  1.531E-06  1.499E-06
                3.744E-06  4.661E-06  1.943E-05  4.756E-07  2.659E-06  2.801E-06
                3.351E-06  2.719E-07  2.617E-07  1.512E-07  1.738E-07  4.400E-07
                6.829E-07  7.450E-07  1.247E-08  4.512E-07  8.285E-07  2.382E-06
                4.470E-06  1.561E-07  1.689E-07  7.602E-07  2.645E-07  1.738E-06
                1.248E-06  2.741E-06  1.917E-06  3.101E-06  3.848E-07  2.725E-07
                4.230E-06  3.151E-07  5.018E-07  3.670E-07  8.061E-07  3.851E-07
                1.514E-06  1.771E-06  8.755E-06  3.348E-06  4.130E-07  2.297E-07
                2.560E-07  2.534E-07  1.118E-06  6.794E-07  7.329E-07  4.059E-07
                2.996E-07  1.132E-06  2.999E-06  4.625E-06  5.458E-07  2.582E-07
                1.342E-07  4.357E-07  6.319E-07  6.858E-07  5.124E-07  1.345E-07
                2.870E-06  5.441E-07  2.165E-06  4.109E-07  8.396E-07  5.255E-06
                6.355E-06  4.323E-06  1.260E-06  1.529E-06  1.708E-06  6.335E-07
                8.024E-07  1.389E-06  2.932E-08  9.134E-09  5.474E-08  1.409E-07
                1.152E-06  1.150E-06  1.476E-06  2.584E-06  2.034E-06  5.823E-08
                5.800E-08  1.852E-07  1.588E-07  1.387E-06  3.725E-06
1.21495515E+02  4.563E-03  3.669E-03  1.786E-03  1.718E-03  2.440E-03  6.401E-06
                9.909E-03  2.032E-03  2.074E-05  8.539E-06  1.189E-04  1.986E-03
                3.636E-03  8.206E-05  7.837E-05  3.549E-07  1.204E-06  2.068E-06
                1.309E-06  1.980E-06  6.739E-07  1.473E-06  1.029E-06  1.316E-07
                3.922E-07  1.243E-06  2.105E-06  1.243E-06  1.374E-06  3.355E-06
                2.331E-06  4.439E-07  6.642E-06  2.899E-06  1.126E-06  1.009E-06
                1.670E-09  7.909E-07  2.792E-07  5.076E-06  2.876E-06  1.711E-06
                2.600E-06  6.772E-08  1.363E-07  2.551E-07  1.552E-07  4.518E-07
                1.524E-05  5.471E-07  3.047E-07  8.712E-07  5.447E-08  1.640E-06
                2.501E-06  1.465E-06  1.231E-06  3.613E-06  6.090E-06  1.501E-06
                4.501E-07  3.868E-09  6.903E-09  3.935E-10  6.974E-07  4.387E-07
                1.347E-07  3.873E-08  1.107E-06  1.061E-06  1.382E-06  2.157E-06
                3.743E-06  1.228E-06  3.743E-06  2.983E-07  6.768E-07  1.635E-07
                1.793E-06  7.185E-07  2.477E-06  2.619E-08  5.514E-07  6.376E-07
                1.150E-05  4.646E-06  8.986E-10  1.005E-09  4.306E-10  3.319E-10
                3.083E-10  8.527E-07  4.317E-07  1.752E-06  1.192E-06  5.085E-07
                1.811E-06  1.484E-07  4.229E-06  5.127E-06  1.408E-07  2.279E-07
                2.970E-07  4.033E-08  1.118E-07  2.231E-07  4.433E-07  4.556E-07
                3.720E-08  4.340E-08  1.455E-06  3.548E-06  1.462E-05  3.196E-06
                1.488E-07  4.026E-07  2.077E-06  1.883E-06  1.952E-07  2.933E-07
                2.300E-07  4.586E-07  8.612E-06  2.044E-07  1.118E-06  1.059E-06
                2.656E-06  3.635E-06  1.516E-05  3.563E-07  1.795E-06  1.881E-06
                2.311E-06  1.766E-07  1.670E-07  9.025E-08  1.162E-07  2.845E-07
                4.422E-07  4.846E-07  1.186E-08  3.246E-07  6.163E-07  1.795E-06
                3.402E-06  9.268E-08  1.215E-07  4.439E-07  1.549E-07  1.239E-06
                8.825E-07  2.061E-06  1.442E-06  2.341E-06  2.809E-07  1.862E-07
                3.219E-06  2.074E-07  3.341E-07  2.352E-07  5.076E-07  2.998E-07
                1.150E-06  1.364E-06  6.702E-06  2.181E-06  2.757E-07  1.438E-07
                1.695E-07  1.674E-07  7.575E-07  5.098E-07  5.473E-07  2.763E-07
                2.138E-07  8.626E-07  2.271E-06  3.468E-06  3.577E-07  2.092E-07
                1.039E-07  2.800E-07  4.063E-07  4.330E-07  3.286E-07  8.851E-08
                2.264E-06  3.651E-07  1.683E-06  2.740E-07  6.415E-07  4.155E-06
                5.052E-06  3.450E-06  8.394E-07  1.000E-06  9.914E-07  4.165E-07
                5.408E-07  9.188E-07  2.393E-08  8.630E-09  3.283E-08  9.047E-08
                9.065E-07  9.078E-07  1.153E-06  1.988E-06  1.529E-06  4.049E-08
                3.570E-08  1.365E-07  1.228E-07  1.081E-06  2.917E-06
1.35103515E+02  3.171E-03  2.544E-03  1.238E-03  1.189E-03  1.697E-03  4.559E-06
                7.671E-03  1.573E-03  1.519E-05  5.753E-06  9.315E-05  1.564E-03
                2.867E-03  5.713E-05  5.447E-05  2.544E-07  8.723E-07  1.281E-06
                9.546E-07  1.276E-06  4.658E-07  1.020E-06  8.110E-07  1.129E-07
                2.964E-07  8.997E-07  1.519E-06  8.610E-07  9.076E-07  2.242E-06
                1.581E-06  3.066E-07  4.643E-06  2.009E-06  7.834E-07  6.893E-07
                1.116E-09  5.112E-07  1.808E-07  3.406E-06  1.961E-06  1.157E-06
                1.757E-06  4.470E-08  9.358E-08  1.783E-07  1.364E-07  3.630E-07
                1.082E-05  4.567E-07  2.009E-07  7.159E-07  3.228E-08  1.373E-06
                1.679E-06  9.796E-07  8.170E-07  2.422E-06  4.772E-06  1.126E-06
                3.138E-07  3.156E-09  5.393E-09  2.825E-10  4.443E-07  2.905E-07
                9.822E-08  2.906E-08  7.859E-07  7.502E-07  9.813E-07  1.734E-06
                2.810E-06  9.363E-07  2.652E-06  1.972E-07  4.849E-07  1.024E-07
                1.335E-06  5.356E-07  1.845E-06  2.097E-08  3.856E-07  4.304E-07
                8.325E-06  3.356E-06  6.879E-10  7.600E-10  3.128E-10  2.401E-10
                2.174E-10  6.396E-07  3.191E-07  1.303E-06  9.551E-07  4.013E-07
                1.458E-06  1.205E-07  3.052E-06  3.698E-06  1.096E-07  1.761E-07
                2.295E-07  3.139E-08  8.970E-08  1.731E-07  3.471E-07  3.614E-07
                3.459E-08  3.619E-08  1.157E-06  2.819E-06  1.063E-05  2.324E-06
                1.111E-07  3.089E-07  1.548E-06  1.370E-06  1.476E-07  2.243E-07
                1.768E-07  3.467E-07  6.219E-06  1.649E-07  8.863E-07  7.594E-07
                1.900E-06  2.678E-06  1.116E-05  2.643E-07  1.422E-06  1.496E-06
                1.711E-06  1.245E-07  1.150E-07  5.780E-08  8.427E-08  2.028E-07
                3.150E-07  3.461E-07  8.759E-09  2.368E-07  4.682E-07  1.377E-06
                2.633E-06  5.446E-08  8.670E-08  3.302E-07  1.155E-07  8.882E-07
                6.342E-07  1.590E-06  1.112E-06  1.807E-06  2.104E-07  1.299E-07
                2.464E-06  1.405E-07  2.273E-07  1.651E-07  3.509E-07  2.357E-07
                8.636E-07  1.017E-06  5.020E-06  1.723E-06  2.044E-07  9.640E-08
                1.187E-07  1.196E-07  6.409E-07  3.909E-07  4.164E-07  2.354E-07
                1.575E-07  6.685E-07  1.752E-06  2.666E-06  2.610E-07  1.638E-07
                8.044E-08  1.942E-07  3.076E-07  2.990E-07  2.497E-07  6.081E-08
                1.692E-06  2.574E-07  1.268E-06  2.326E-07  5.084E-07  3.120E-06
                3.788E-06  2.594E-06  5.990E-07  7.265E-07  7.066E-07  2.883E-07
                3.827E-07  6.573E-07  2.252E-08  8.253E-09  1.996E-08  5.855E-08
                7.202E-07  7.222E-07  8.922E-07  1.541E-06  1.172E-06  3.011E-08
                2.577E-08  1.041E-07  9.620E-08  8.530E-07  2.294E-06
1.48711515E+02  2.357E-03  1.901E-03  9.254E-04  8.928E-04  1.266E-03  3.303E-06
                6.240E-03  1.280E-03  1.161E-05  4.050E-06  7.531E-05  1.266E-03
                2.322E-03  4.376E-05  4.180E-05  1.857E-07  7.153E-07  9.083E-07
                7.120E-07  8.754E-07  3.078E-07  6.715E-07  5.549E-07  7.998E-08
                2.811E-07  8.768E-07  1.499E-06  5.583E-07  5.870E-07  1.464E-06
                1.132E-06  2.023E-07  3.312E-06  1.559E-06  5.388E-07  4.613E-07
                7.080E-10  3.303E-07  1.191E-07  2.499E-06  1.474E-06  8.433E-07
                1.283E-06  3.285E-08  7.347E-08  1.435E-07  1.386E-07  3.011E-07
                8.025E-06  3.956E-07  1.333E-07  6.098E-07  2.373E-08  1.188E-06
                1.208E-06  7.139E-07  5.526E-07  1.623E-06  3.911E-06  9.086E-07
                2.281E-07  2.455E-09  3.643E-09  1.988E-10  3.221E-07  2.140E-07
                7.371E-08  2.315E-08  5.560E-07  5.222E-07  6.806E-07  1.227E-06
                2.212E-06  7.205E-07  1.841E-06  1.393E-07  3.446E-07  7.214E-08
                8.585E-07  3.465E-07  1.192E-06  1.798E-08  2.698E-07  3.029E-07
                6.176E-06  2.503E-06  5.450E-10  5.758E-10  2.120E-10  1.781E-10
                1.614E-10  4.106E-07  2.041E-07  8.610E-07  7.876E-07  3.272E-07
                1.203E-06  9.207E-08  2.291E-06  2.776E-06  8.107E-08  1.292E-07
                1.691E-07  2.174E-08  6.896E-08  1.240E-07  2.434E-07  2.593E-07
                3.523E-08  2.285E-08  7.286E-07  1.776E-06  8.892E-06  1.943E-06
                8.131E-08  2.329E-07  1.254E-06  1.130E-06  1.027E-07  1.715E-07
                1.290E-07  2.329E-07  4.452E-06  1.185E-07  6.483E-07  5.682E-07
                1.426E-06  2.261E-06  9.442E-06  1.947E-07  9.211E-07  9.605E-07
                1.155E-06  8.771E-08  7.983E-08  3.732E-08  6.043E-08  1.449E-07
                2.255E-07  2.484E-07  7.530E-09  1.802E-07  3.670E-07  1.088E-06
                2.091E-06  3.511E-08  6.922E-08  2.284E-07  8.089E-08  6.699E-07
                4.744E-07  1.251E-06  8.757E-07  1.425E-06  1.643E-07  9.790E-08
                1.939E-06  1.025E-07  1.686E-07  1.119E-07  2.332E-07  1.978E-07
                6.906E-07  8.508E-07  4.187E-06  1.065E-06  1.451E-07  6.418E-08
                8.401E-08  8.392E-08  4.192E-07  3.086E-07  3.266E-07  1.551E-07
                1.209E-07  5.308E-07  1.386E-06  2.092E-06  1.810E-07  1.334E-07
                6.353E-08  1.325E-07  2.127E-07  2.008E-07  1.733E-07  4.300E-08
                1.425E-06  1.832E-07  1.048E-06  1.502E-07  4.081E-07  2.604E-06
                3.199E-06  2.192E-06  4.302E-07  5.203E-07  4.553E-07  2.032E-07
                2.779E-07  4.707E-07  2.210E-08  8.505E-09  1.419E-08  4.147E-08
                5.807E-07  5.835E-07  7.150E-07  1.223E-06  9.132E-07  2.292E-08
                1.804E-08  8.074E-08  7.694E-08  6.822E-07  1.846E-06
1.62319515E+02  1.679E-03  1.350E-03  6.574E-04  6.340E-04  9.053E-04  2.143E-06
                5.047E-03  1.035E-03  8.756E-06  2.579E-06  6.220E-05  1.052E-03
                1.931E-03  3.231E-05  3.088E-05  1.436E-07  5.882E-07  6.108E-07
                5.630E-07  6.130E-07  2.168E-07  4.743E-07  4.595E-07  7.088E-08
                2.046E-07  6.099E-07  1.021E-06  4.045E-07  3.973E-07  1.001E-06
                8.005E-07  1.421E-07  2.422E-06  1.091E-06  3.849E-07  3.205E-07
                4.928E-10  2.285E-07  8.286E-08  1.732E-06  1.031E-06  5.842E-07
                8.918E-07  2.319E-08  5.410E-08  1.082E-07  1.197E-07  2.495E-07
                5.811E-06  3.369E-07  9.409E-08  5.144E-07  1.759E-08  1.013E-06
                8.362E-07  4.891E-07  3.789E-07  1.136E-06  3.195E-06  7.132E-07
                1.685E-07  2.088E-09  3.051E-09  1.541E-10  2.108E-07  1.479E-07
                5.312E-08  1.690E-08  4.043E-07  3.801E-07  4.972E-07  1.025E-06
                1.666E-06  5.484E-07  1.341E-06  9.389E-08  2.527E-07  4.554E-08
                6.686E-07  2.694E-07  9.277E-07  1.470E-08  1.930E-07  2.092E-07
                4.513E-06  1.825E-06  4.207E-10  4.423E-10  1.596E-10  1.301E-10
                1.164E-10  3.195E-07  1.585E-07  6.581E-07  6.258E-07  2.574E-07
                9.582E-07  7.584E-08  1.663E-06  2.017E-06  6.424E-08  1.001E-07
                1.300E-07  1.757E-08  5.759E-08  9.977E-08  1.970E-07  2.119E-07
                3.542E-08  2.034E-08  6.264E-07  1.525E-06  6.512E-06  1.424E-06
                6.138E-08  1.782E-07  9.388E-07  8.318E-07  7.980E-08  1.312E-07
                9.967E-08  1.837E-07  3.269E-06  9.975E-08  5.338E-07  4.161E-07
                1.042E-06  1.676E-06  7.000E-06  1.463E-07  7.794E-07  8.169E-07
                8.805E-07  6.497E-08  5.805E-08  2.532E-08  4.571E-08  1.097E-07
                1.706E-07  1.881E-07  5.186E-09  1.337E-07  2.832E-07  8.434E-07
                1.631E-06  2.134E-08  5.023E-08  1.927E-07  6.835E-08  4.906E-07
                3.492E-07  9.691E-07  6.789E-07  1.105E-06  1.278E-07  7.151E-08
                1.493E-06  7.194E-08  1.185E-07  8.143E-08  1.678E-07  1.600E-07
                5.210E-07  6.463E-07  3.218E-06  8.924E-07  1.122E-07  4.492E-08
                6.092E-08  6.231E-08  3.812E-07  2.376E-07  2.507E-07  1.420E-07
                9.117E-08  4.133E-07  1.075E-06  1.621E-06  1.368E-07  1.020E-07
                4.928E-08  9.596E-08  1.685E-07  1.466E-07  1.380E-07  3.088E-08
                1.080E-06  1.343E-07  8.026E-07  1.379E-07  3.345E-07  1.974E-06
                2.422E-06  1.663E-06  3.200E-07  4.011E-07  3.629E-07  1.453E-07
                2.039E-07  3.526E-07  1.738E-08  6.529E-09  9.351E-09  2.823E-08
                4.644E-07  4.673E-07  5.572E-07  9.641E-07  7.129E-07  1.694E-08
                1.363E-08  6.322E-08  6.131E-08  5.424E-07  1.468E-06
1.75927515E+02  1.354E-03  1.089E-03  5.304E-04  5.116E-04  7.258E-04  2.038E-06
                4.042E-03  8.289E-04  7.093E-06  2.240E-06  4.912E-05  8.301E-04
                1.524E-03  2.387E-05  2.274E-05  1.137E-07  5.209E-07  4.774E-07
                4.561E-07  4.531E-07  1.522E-07  3.312E-07  3.260E-07  5.371E-08
                1.736E-07  5.242E-07  8.660E-07  2.656E-07  2.610E-07  6.627E-07
                6.128E-07  9.977E-08  1.978E-06  8.414E-07  2.840E-07  2.254E-07
                3.101E-10  1.525E-07  5.600E-08  1.446E-06  8.611E-07  4.792E-07
                7.297E-07  1.925E-08  4.785E-08  9.618E-08  1.167E-07  2.195E-07
                4.693E-06  2.974E-07  6.727E-08  4.509E-07  1.663E-08  8.931E-07
                6.679E-07  4.025E-07  2.772E-07  8.080E-07  2.721E-06  6.110E-07
                1.342E-07  1.656E-09  1.948E-09  1.066E-10  1.700E-07  1.198E-07
                4.101E-08  1.359E-08  3.041E-07  2.818E-07  3.739E-07  6.963E-07
                1.329E-06  4.363E-07  9.967E-07  7.312E-08  1.965E-07  3.570E-08
                4.249E-07  1.739E-07  5.948E-07  1.050E-08  1.455E-07  1.604E-07
                3.629E-06  1.479E-06  3.392E-10  3.467E-10  1.152E-10  9.980E-11
                8.270E-11  2.051E-07  9.813E-08  4.485E-07  5.148E-07  2.100E-07
                7.927E-07  7.024E-08  1.355E-06  1.634E-06  4.928E-08  7.553E-08
                9.952E-08  1.215E-08  4.724E-08  7.358E-08  1.420E-07  1.575E-07
                3.620E-08  1.279E-08  3.642E-07  8.861E-07  5.628E-06  1.230E-06
                4.598E-08  1.440E-07  7.927E-07  7.100E-07  5.540E-08  1.037E-07
                7.322E-08  1.212E-07  2.505E-06  7.013E-08  3.873E-07  3.301E-07
                8.279E-07  1.459E-06  6.098E-06  1.036E-07  4.731E-07  4.898E-07
                6.161E-07  4.337E-08  3.880E-08  1.585E-08  3.059E-08  7.341E-08
                1.143E-07  1.265E-07  4.443E-09  1.094E-07  2.279E-07  6.820E-07
                1.323E-06  1.467E-08  4.082E-08  1.359E-07  4.935E-08  3.898E-07
                2.739E-07  7.837E-07  5.488E-07  8.942E-07  1.022E-07  5.726E-08
                1.217E-06  5.560E-08  9.328E-08  5.901E-08  1.161E-07  1.430E-07
                4.292E-07  5.566E-07  2.775E-06  5.416E-07  7.416E-08  2.929E-08
                4.328E-08  4.204E-08  2.366E-07  1.942E-07  2.040E-07  8.879E-08
                7.281E-08  3.364E-07  8.725E-07  1.307E-06  9.112E-08  8.573E-08
                3.941E-08  6.768E-08  1.224E-07  9.967E-08  1.009E-07  2.242E-08
                9.114E-07  9.760E-08  6.693E-07  8.654E-08  2.657E-07  1.641E-06
                2.036E-06  1.395E-06  2.381E-07  2.913E-07  2.255E-07  1.082E-07
                1.562E-07  2.615E-07  2.409E-08  9.350E-09  7.920E-09  2.193E-08
                3.759E-07  3.790E-07  4.473E-07  7.660E-07  5.561E-07  1.546E-08
                1.155E-08  4.983E-08  4.936E-08  4.353E-07  1.178E-06
1.89535515E+02  9.988E-04  8.106E-04  3.947E-04  3.843E-04  5.433E-04  1.075E-06
                3.640E-03  7.467E-04  5.641E-06  1.227E-06  4.497E-05  7.625E-04
                1.401E-03  2.102E-05  2.019E-05  9.096E-08  4.563E-07  3.715E-07
                3.698E-07  3.550E-07  1.022E-07  2.228E-07  2.483E-07  4.094E-08
                1.754E-07  5.435E-07  9.240E-07  1.906E-07  1.819E-07  4.637E-07
                4.600E-07  6.647E-08  1.289E-06  7.247E-07  1.894E-07  1.480E-07
                2.186E-10  1.095E-07  4.232E-08  9.871E-07  6.232E-07  3.179E-07
                4.887E-07  1.326E-08  3.451E-08  7.260E-08  9.729E-08  1.791E-07
                3.266E-06  2.558E-07  4.840E-08  3.838E-07  1.399E-08  7.656E-07
                4.510E-07  2.672E-07  1.846E-07  5.545E-07  2.286E-06  4.961E-07
                9.698E-08  1.437E-09  1.800E-09  8.788E-11  1.193E-07  8.750E-08
                2.858E-08  9.709E-09  2.108E-07  1.954E-07  2.548E-07  6.304E-07
                1.062E-06  3.342E-07  6.861E-07  5.091E-08  1.405E-07  2.365E-08
                3.155E-07  1.264E-07  4.387E-07  1.262E-08  9.986E-08  1.101E-07
                2.447E-06  1.003E-06  2.697E-10  2.627E-10  7.748E-11  7.331E-11
                6.912E-11  1.470E-07  7.814E-08  3.051E-07  4.304E-07  1.746E-07
                6.559E-07  4.259E-08  9.154E-07  1.108E-06  3.716E-08  5.557E-08
                7.160E-08  9.598E-09  3.798E-08  5.656E-08  1.084E-07  1.207E-07
                3.307E-08  1.104E-08  3.386E-07  8.229E-07  4.412E-06  9.633E-07
                3.730E-08  1.058E-07  6.112E-07  5.572E-07  4.230E-08  7.758E-08
                5.487E-08  9.496E-08  1.655E-06  6.151E-08  3.307E-07  2.408E-07
                6.006E-07  1.153E-06  4.824E-06  8.302E-08  4.288E-07  4.466E-07
                4.181E-07  3.727E-08  3.252E-08  1.249E-08  2.682E-08  6.561E-08
                1.021E-07  1.125E-07  2.802E-09  8.156E-08  1.800E-07  5.386E-07
                1.050E-06  1.008E-08  3.555E-08  1.132E-07  4.025E-08  2.845E-07
                2.045E-07  6.084E-07  4.279E-07  6.962E-07  8.740E-08  4.727E-08
                9.293E-07  4.497E-08  7.625E-08  4.180E-08  8.490E-08  1.130E-07
                3.355E-07  4.485E-07  2.245E-06  4.314E-07  6.600E-08  2.268E-08
                3.398E-08  3.511E-08  2.235E-07  1.493E-07  1.562E-07  8.444E-08
                5.628E-08  2.637E-07  6.820E-07  1.019E-06  7.626E-08  6.423E-08
                3.058E-08  5.063E-08  9.165E-08  7.808E-08  7.483E-08  1.786E-08
                7.538E-07  7.727E-08  5.513E-07  7.834E-08  2.309E-07  1.359E-06
                1.692E-06  1.162E-06  1.816E-07  2.350E-07  2.003E-07  7.865E-08
                1.152E-07  2.002E-07  9.937E-09  3.757E-09  4.986E-09  1.538E-08
                3.115E-07  3.139E-07  3.646E-07  6.292E-07  4.521E-07  9.682E-09
                7.448E-09  4.109E-08  4.084E-08  3.580E-07  9.787E-07
2.03143515E+02  7.410E-04  5.903E-04  2.893E-04  2.769E-04  3.963E-04  9.390E-07
                2.709E-03  5.558E-04  4.346E-06  1.036E-06  3.419E-05  5.831E-04
                1.072E-03  1.312E-05  1.249E-05  7.929E-08  4.178E-07  2.595E-07
                3.359E-07  2.631E-07  8.167E-08  1.780E-07  2.188E-07  4.069E-08
                7.914E-08  2.066E-07  2.901E-07  1.422E-07  1.197E-07  3.082E-07
                3.258E-07  5.333E-08  1.188E-06  3.799E-07  1.534E-07  1.120E-07
                1.494E-10  8.299E-08  3.037E-08  7.600E-07  4.425E-07  2.516E-07
                3.817E-07  1.071E-08  2.983E-08  6.250E-08  8.756E-08  1.719E-07
                2.592E-06  2.415E-07  3.588E-08  3.616E-07  1.319E-08  7.252E-07
                3.443E-07  2.070E-07  1.371E-07  4.041E-07  2.074E-06  4.394E-07
                8.189E-08  1.244E-09  1.152E-09  6.406E-11  7.750E-08  6.017E-08
                2.116E-08  7.201E-09  1.659E-07  1.535E-07  2.092E-07  4.233E-07
                7.449E-07  2.601E-07  5.430E-07  3.476E-08  1.131E-07  1.439E-08
                2.532E-07  1.045E-07  3.561E-07  5.281E-09  7.677E-08  7.950E-08
                2.079E-06  8.458E-07  2.037E-10  2.099E-10  7.034E-11  5.584E-11
                3.862E-11  1.228E-07  5.468E-08  2.703E-07  3.146E-07  1.258E-07
                4.925E-07  6.306E-08  7.655E-07  9.216E-07  3.200E-08  4.551E-08
                5.982E-08  7.501E-09  3.764E-08  4.877E-08  9.062E-08  1.029E-07
                4.071E-08  8.904E-09  2.215E-07  5.375E-07  3.173E-06  6.956E-07
                2.458E-08  9.257E-08  4.695E-07  4.036E-07  3.253E-08  6.246E-08
                4.272E-08  7.159E-08  1.482E-06  4.827E-08  2.459E-07  1.831E-07
                4.573E-07  8.440E-07  3.527E-06  5.673E-08  2.857E-07  2.955E-07
                3.794E-07  2.102E-08  1.874E-08  6.775E-09  1.504E-08  3.647E-08
                5.681E-08  6.322E-08  2.422E-09  6.799E-08  1.373E-07  4.122E-07
                8.046E-07  5.960E-09  2.065E-08  1.081E-07  4.022E-08  2.159E-07
                1.504E-07  4.719E-07  3.301E-07  5.389E-07  6.360E-08  3.316E-08
                7.481E-07  2.806E-08  4.683E-08  3.502E-08  6.395E-08  1.038E-07
                2.505E-07  3.362E-07  1.723E-06  3.312E-07  3.765E-08  1.349E-08
                2.193E-08  2.070E-08  1.574E-07  1.166E-07  1.233E-07  5.949E-08
                4.265E-08  2.046E-07  5.271E-07  7.867E-07  4.485E-08  5.347E-08
                2.452E-08  3.697E-08  8.419E-08  5.464E-08  7.051E-08  1.166E-08
                5.391E-07  5.265E-08  4.012E-07  6.025E-08  1.702E-07  9.554E-07
                1.189E-06  8.155E-07  1.332E-07  1.702E-07  1.325E-07  5.775E-08
                8.876E-08  1.485E-07  2.249E-08  8.563E-09  5.242E-09  1.216E-08
                2.375E-07  2.401E-07  2.701E-07  4.709E-07  3.336E-07  1.048E-08
                8.115E-09  3.041E-08  3.118E-08  2.714E-07  7.306E-07
