          16           7
         215          13           1           1
           0          -4           0          -4           0          -6           0          -2           0          -4           0           6           0           4           0           2           0           4           0           6           0           2           0           4           0           2           0          -4           0          -2           0           2           0           4           0           6           0           2           0           4           0           6           0           4           0          -2           0          -2           0          -4           0          -6           0          -8           0          -2           0          -4           0          -6           0          -4           0           2           0          -4           0          -6           0          -2           0          -4           0          -6           0          -6           0          -8           0          -4           0          -6           0          -2           0          -4           0           4           0           6           0           8           0          10           0           4           0          -4           0           2           0           6           0           4           0           8           0           2           0          -4           0          -2           0           6           0           6           0           4           0           2           0           8           0           4           0           6           0           8           0           4           0           6           0           8           0          10           0           4           0           6           0           8           0           6           0           4           0           2           0           6           0           2           0           4           0           2           0          -4           0          -2           0          -6           0          -8           0           6           0           4           0          -4           0          -6           0          -2           0          -4           0          -6           0          -8           0         -10           0          -2           0          -4           0          -6           0          -4           0          -2           0          -6           0          -8           0          -2           0          -4           0           2           0           4           0           6           0           8           0           4           0           4           0           6           0           8           0           2           0          10           0           8           0           6           0           4           0           2           0           6           0           6           0           4           0           4           0           2           0           4           0           6           0           8           0          -4           0           2           0           4           0          -6           0          -4           0           2           0           4           0           6           0           4           0           6           0          -2           0          -4           0          -6           0          -8           0         -10           0          -6           0          -8           0         -10           0         -12           0           2           0          -2           0          -4           0          -6           0          -8           0          -2           0          -8           0         -10           0          -4           0          -2           0          -6           0          -4           0          -2           0          -4           0          -2           0          -4           0          -6           0          -4           0          -8           0          -6           0           2           0           4           0           2           0           4           0           6           0         -10           0          -8           0          -6           0          -4           0           6           0          -2           0          -4           0           8           0          -6           0          -2           0          -4           0          -6           0          -8           0           4           0           6           0          -4           0          -6           0          -6           0          -8           0          -2           0           2           0          -4           0           4           0           6           0           4           0           4           0           2           0           2           0          -4           0          -6           0          -8           0          -2           0          -4           0          -6           0          -8           0         -10           0          -8           0          -6           0          -4           0          -2           0          -2           0          -4           0          -6           0          -6           0          -8           0          -4           0          -2           0          -6           0          -4
    0.000000E+00    9.645106E-03    9.843162E-03    1.435602E-02    1.458263E-02
    4.247197E-02    4.320385E-02    4.360158E-02    5.944295E-02    5.948713E-02
    6.922989E-02    7.316769E-02    7.411300E-02    1.134727E-01    1.147319E-01
    2.354040E-01    2.358931E-01    2.366026E-01    2.382857E-01    2.391328E-01
    2.438023E-01    2.438287E-01    2.461520E-01    2.471700E-01    2.474363E-01
    2.479076E-01    2.485433E-01    2.486026E-01    2.487216E-01    2.491410E-01
    2.502551E-01    2.507374E-01    2.510783E-01    2.511300E-01    2.524691E-01
    2.524772E-01    2.554279E-01    2.561102E-01    2.563381E-01    2.591442E-01
    2.591854E-01    2.609226E-01    2.615363E-01    2.619649E-01    2.622131E-01
    2.625883E-01    2.631076E-01    2.632646E-01    2.633261E-01    2.634365E-01
    2.637297E-01    2.638533E-01    2.640096E-01    2.643758E-01    2.644930E-01
    2.645338E-01    2.648466E-01    2.652759E-01    2.655531E-01    2.656939E-01
    2.657640E-01    2.676748E-01    2.677713E-01    2.679166E-01    2.688115E-01
    2.690337E-01    2.711118E-01    2.712141E-01    2.720014E-01    2.721113E-01
    2.724223E-01    2.724984E-01    2.725578E-01    2.726085E-01    2.727219E-01
    2.737570E-01    2.740430E-01    2.746587E-01    2.763855E-01    2.763956E-01
    2.763957E-01    2.764682E-01    2.789238E-01    2.791446E-01    2.808157E-01
    2.808428E-01    2.816082E-01    2.816156E-01    2.816277E-01    2.816445E-01
    2.816660E-01    2.832213E-01    2.832636E-01    2.833497E-01    2.872720E-01
    2.872722E-01    2.872783E-01    2.873017E-01    2.873787E-01    2.874354E-01
    2.875828E-01    2.876419E-01    2.877951E-01    2.879672E-01    2.884374E-01
    2.885530E-01    2.886000E-01    2.886971E-01    2.887362E-01    2.888178E-01
    2.901974E-01    2.902310E-01    2.934227E-01    2.936053E-01    2.936679E-01
    2.948139E-01    2.948751E-01    2.949134E-01    2.954910E-01    2.955387E-01
    2.955818E-01    2.956302E-01    2.974080E-01    2.974265E-01    2.978254E-01
    2.979930E-01    2.980044E-01    2.981863E-01    2.981951E-01    2.982014E-01
    2.986863E-01    2.989406E-01    2.997979E-01    3.013547E-01    3.014398E-01
    3.015665E-01    3.017420E-01    3.025165E-01    3.025355E-01    3.025686E-01
    3.026262E-01    3.032771E-01    3.036433E-01    3.036673E-01    3.036996E-01
    3.037196E-01    3.041292E-01    3.046134E-01    3.046301E-01    3.048276E-01
    3.048611E-01    3.049614E-01    3.051740E-01    3.052844E-01    3.060373E-01
    3.062721E-01    3.065126E-01    3.067251E-01    3.072820E-01    3.083217E-01
    3.083847E-01    3.085481E-01    3.086063E-01    3.093086E-01    3.093690E-01
    3.093750E-01    3.093804E-01    3.094500E-01    3.095030E-01    3.095365E-01
    3.096086E-01    3.096683E-01    3.098305E-01    3.098337E-01    3.100372E-01
    3.110986E-01    3.111053E-01    3.111248E-01    3.111449E-01    3.124031E-01
    3.124222E-01    3.126400E-01    3.132139E-01    3.132929E-01    3.134326E-01
    3.163175E-01    3.165548E-01    3.167011E-01    3.167161E-01    3.173537E-01
    3.174815E-01    3.194473E-01    3.198310E-01    3.206567E-01    3.235572E-01
    3.235827E-01    3.236877E-01    3.236885E-01    3.238034E-01    3.239013E-01
    3.239634E-01    3.240075E-01    3.245628E-01    3.245933E-01    3.263728E-01
    3.264517E-01    3.271738E-01    3.284075E-01    3.287843E-01    3.314323E-01
    3.314556E-01    3.324856E-01    3.325179E-01    3.327131E-01    3.333147E-01
           0           2           0           1
  -27.940514715248785               13
3.88269147E+01  1.437E-01  1.239E-01  5.851E-02  5.574E-02  7.672E-02  1.889E-04
                8.914E-02  1.811E-02  5.053E-04  3.328E-04  1.031E-03  1.458E-02
                2.648E-02  1.712E-03  1.634E-03
5.24349147E+01  5.926E-02  4.821E-02  2.349E-02  2.244E-02  3.185E-02  8.026E-05
                5.256E-02  1.070E-02  2.005E-04  1.324E-04  6.045E-04  9.691E-03
                1.739E-02  8.618E-04  8.232E-04  3.428E-06  1.683E-05  3.384E-05
                1.137E-05  2.683E-05  4.927E-06  9.090E-06  1.769E-05  3.751E-06
                5.432E-06  2.736E-05  4.697E-05  1.656E-05  1.621E-05  4.562E-05
                4.539E-05  2.803E-06  2.015E-04  4.018E-05  1.903E-05  1.528E-05
                4.557E-08  1.984E-05  6.686E-06  1.213E-04  6.368E-05  3.626E-05
                5.811E-05  6.837E-06  2.054E-05  2.155E-05  1.212E-05  1.408E-05
                1.723E-04  9.047E-06  1.134E-05  1.619E-05  1.580E-05  1.528E-05
                5.208E-05  3.145E-05  5.559E-05  9.090E-05  9.251E-05  4.947E-05
                1.953E-05  2.416E-07  2.819E-07  7.621E-08  5.393E-05  2.180E-05
                9.958E-06  4.670E-06  1.348E-05  1.562E-05  2.358E-05  1.698E-05
                2.216E-05  7.711E-06  5.379E-05  1.718E-05  2.648E-05  1.141E-05
                2.081E-05  6.775E-06  2.029E-05  1.519E-06  1.678E-05  2.893E-05
                9.269E-05  3.595E-05  4.270E-07  2.504E-06  5.120E-06  4.714E-06
                2.697E-07  5.781E-06  3.315E-06  1.284E-05  6.401E-06  3.139E-06
                8.854E-06  2.638E-06  4.754E-05  5.180E-05  1.014E-05  1.574E-05
                7.481E-06  1.342E-06  1.143E-05  7.338E-06  6.675E-05  5.530E-06
                6.159E-06  1.481E-06  1.627E-05  4.735E-05  1.531E-04  3.724E-05
                9.129E-06  4.643E-06  2.143E-05  2.702E-05  7.420E-06  1.407E-05
                2.514E-05  8.149E-06  1.556E-04  4.694E-05  2.557E-05  2.446E-05
                3.179E-05  3.158E-05  1.542E-04  8.323E-06  3.041E-05  1.878E-05
                1.311E-05  9.759E-06  1.465E-05  5.401E-06  3.930E-06
6.60429147E+01  3.053E-02  2.455E-02  1.195E-02  1.148E-02  1.628E-02  4.618E-05
                3.461E-02  7.096E-03  1.143E-04  6.779E-05  4.028E-04  6.481E-03
                1.179E-02  4.729E-04  4.501E-04  1.940E-06  8.356E-06  1.832E-05
                7.243E-06  1.542E-05  3.538E-06  7.748E-06  7.745E-06  1.009E-06
                1.590E-06  4.796E-06  6.332E-06  8.983E-06  9.638E-06  2.371E-05
                1.989E-05  2.346E-06  7.643E-05  1.911E-05  8.660E-06  7.095E-06
                1.073E-08  8.101E-06  2.926E-06  4.879E-05  2.541E-05  1.582E-05
                2.419E-05  9.130E-07  1.659E-06  2.713E-06  4.480E-07  2.145E-06
                9.588E-05  1.400E-06  2.958E-06  2.781E-06  6.722E-07  4.066E-06
                2.233E-05  1.359E-05  1.115E-05  3.495E-05  2.985E-05  1.202E-05
                3.759E-06  1.380E-08  3.262E-08  2.421E-09  1.152E-05  6.404E-06
                3.616E-07  3.614E-08  7.147E-06  6.946E-06  9.373E-06  8.032E-06
                1.236E-05  3.828E-06  2.478E-05  4.052E-06  5.874E-06  2.639E-06
                8.148E-06  3.301E-06  1.150E-05  1.917E-07  4.530E-06  7.157E-06
                6.055E-05  2.441E-05  3.687E-09  3.982E-09  2.388E-09  1.446E-09
                3.555E-09  3.522E-06  1.669E-06  8.156E-06  3.321E-06  1.433E-06
                5.223E-06  8.978E-07  2.160E-05  2.612E-05  5.917E-07  8.449E-07
                1.068E-06  1.814E-07  8.350E-07  1.015E-06  1.899E-06  1.959E-06
                1.083E-06  1.497E-07  6.672E-06  1.595E-05  6.694E-05  1.484E-05
                6.622E-07  1.513E-06  8.733E-06  8.758E-06  7.052E-07  1.028E-06
                7.791E-07  1.789E-06  4.425E-05  7.099E-07  4.526E-06  5.219E-06
                1.329E-05  1.545E-05  6.479E-05  1.539E-06  7.427E-06  7.872E-06
                1.085E-05  1.814E-06  1.926E-06  1.409E-06  9.973E-07  3.097E-06
                4.810E-06  5.161E-06  5.726E-09  1.616E-06  3.163E-06  8.550E-06
                1.509E-05  1.321E-06  7.724E-07  8.868E-06  3.214E-06  6.028E-06
                4.131E-06  9.852E-06  6.777E-06  1.068E-05  1.448E-06  1.538E-06
                1.277E-05  1.914E-06  2.970E-06  1.880E-06  4.222E-06  1.832E-06
                4.556E-06  6.204E-06  3.339E-05  1.067E-05  2.254E-06  1.599E-06
                1.509E-06  1.437E-06  3.495E-06  2.528E-06  2.843E-06  1.272E-06
                1.746E-06  3.675E-06  1.013E-05  1.653E-05  2.993E-06  7.458E-07
                5.598E-07  2.706E-06  4.482E-06  4.340E-06  4.122E-06  6.795E-07
                7.927E-06  2.069E-06  6.350E-06  1.482E-06  2.709E-06  1.391E-05
                1.666E-05  1.110E-05  7.631E-06  1.068E-05  1.381E-05  3.094E-06
                4.446E-06  9.027E-06  6.095E-07  2.064E-07  6.039E-07  8.255E-07
                2.610E-06  2.504E-06  3.345E-06  8.253E-06  7.275E-06  3.128E-07
                3.690E-07  7.471E-07  3.552E-07  3.927E-06  9.738E-06
7.96509147E+01  1.735E-02  1.391E-02  6.770E-03  6.497E-03  9.238E-03  2.520E-05
                2.412E-02  4.945E-03  6.792E-05  3.659E-05  2.840E-04  4.640E-03
                8.465E-03  2.822E-04  2.691E-04  1.264E-06  4.729E-06  1.021E-05
                4.607E-06  9.073E-06  2.438E-06  5.338E-06  3.796E-06  4.524E-07
                8.470E-07  2.726E-06  3.915E-06  5.049E-06  5.701E-06  1.377E-05
                1.035E-05  1.611E-06  3.450E-05  1.047E-05  4.657E-06  4.031E-06
                6.688E-09  4.075E-06  1.447E-06  2.429E-05  1.286E-05  7.926E-06
                1.210E-05  3.947E-07  7.247E-07  1.233E-06  2.576E-07  1.173E-06
                5.556E-05  9.341E-07  1.500E-06  1.703E-06  3.198E-07  2.735E-06
                1.146E-05  6.849E-06  5.730E-06  1.734E-05  1.604E-05  5.279E-06
                1.909E-06  9.413E-09  2.169E-08  1.149E-09  4.359E-06  2.522E-06
                3.030E-07  5.642E-08  4.132E-06  4.062E-06  5.365E-06  5.426E-06
                9.247E-06  2.919E-06  1.442E-05  1.656E-06  2.823E-06  1.037E-06
                5.602E-06  2.241E-06  7.778E-06  7.532E-08  2.313E-06  3.145E-06
                3.740E-05  1.517E-05  2.430E-09  2.987E-09  1.580E-09  1.005E-09
                1.205E-09  2.533E-06  1.301E-06  5.425E-06  2.450E-06  1.104E-06
                3.713E-06  4.796E-07  1.359E-05  1.640E-05  3.496E-07  5.479E-07
                7.148E-07  1.036E-07  3.194E-07  5.920E-07  1.178E-06  1.175E-06
                1.989E-07  1.206E-07  4.332E-06  1.049E-05  4.194E-05  9.191E-06
                4.505E-07  1.016E-06  5.593E-06  5.498E-06  4.857E-07  6.893E-07
                5.286E-07  1.211E-06  2.799E-05  4.798E-07  2.909E-06  3.433E-06
                8.614E-06  9.868E-06  4.124E-05  8.989E-07  5.059E-06  5.311E-06
                7.168E-06  8.277E-07  8.317E-07  5.463E-07  4.870E-07  1.400E-06
                2.175E-06  2.354E-06  1.316E-08  1.005E-06  1.805E-06  4.972E-06
                9.007E-06  5.929E-07  4.225E-07  3.372E-06  1.200E-06  3.982E-06
                2.814E-06  5.708E-06  3.997E-06  6.380E-06  8.831E-07  7.780E-07
                8.416E-06  9.384E-07  1.495E-06  9.857E-07  2.203E-06  8.926E-07
                3.001E-06  3.876E-06  1.982E-05  6.811E-06  1.136E-06  7.288E-07
                7.272E-07  7.097E-07  2.167E-06  1.461E-06  1.601E-06  7.897E-07
                7.773E-07  2.254E-06  6.106E-06  9.657E-06  1.438E-06  4.343E-07
                2.640E-07  1.244E-06  1.911E-06  2.001E-06  1.624E-06  3.722E-07
                5.632E-06  1.362E-06  4.322E-06  8.459E-07  1.719E-06  9.879E-06
                1.201E-05  8.050E-06  3.618E-06  4.784E-06  6.448E-06  1.795E-06
                2.303E-06  4.115E-06  1.648E-07  4.878E-08  2.315E-07  4.354E-07
                1.962E-06  1.966E-06  2.603E-06  5.026E-06  4.298E-06  1.426E-07
                1.894E-07  3.755E-07  2.910E-07  2.514E-06  6.741E-06
9.32589147E+01  1.066E-02  8.553E-03  4.164E-03  3.998E-03  5.674E-03  1.557E-05
                1.746E-02  3.580E-03  4.413E-05  2.205E-05  2.066E-04  3.407E-03
                6.226E-03  1.785E-04  1.702E-04  8.106E-07  2.783E-06  5.752E-06
                2.952E-06  5.311E-06  1.615E-06  3.535E-06  2.310E-06  2.743E-07
                5.714E-07  1.836E-06  2.835E-06  3.116E-06  3.537E-06  8.506E-06
                5.986E-06  1.067E-06  1.847E-05  6.389E-06  2.794E-06  2.489E-06
                4.202E-09  2.263E-06  7.959E-07  1.369E-05  7.369E-06  4.494E-06
                6.828E-06  1.988E-07  3.716E-07  6.553E-07  1.857E-07  8.046E-07
                3.464E-05  7.793E-07  8.518E-07  1.335E-06  1.781E-07  2.308E-06
                6.554E-06  3.887E-06  3.279E-06  9.776E-06  1.094E-05  3.136E-06
                1.108E-06  6.822E-09  1.447E-08  8.234E-10  2.135E-06  1.272E-06
                2.400E-07  5.616E-08  2.556E-06  2.508E-06  3.303E-06  3.939E-06
                6.822E-06  2.205E-06  8.882E-06  8.587E-07  1.662E-06  5.094E-07
                3.943E-06  1.574E-06  5.447E-06  4.417E-08  1.361E-06  1.716E-06
                2.462E-05  9.958E-06  1.680E-09  2.007E-09  1.004E-09  6.846E-10
                6.972E-10  1.838E-06  9.411E-07  3.811E-06  1.918E-06  8.493E-07
                2.901E-06  2.968E-07  8.983E-06  1.084E-05  2.568E-07  4.158E-07
                5.428E-07  7.652E-08  2.064E-07  4.228E-07  8.520E-07  8.539E-07
                7.053E-08  9.188E-08  3.035E-06  7.377E-06  2.808E-05  6.140E-06
                3.075E-07  7.368E-07  3.873E-06  3.656E-06  3.714E-07  5.227E-07
                4.119E-07  9.051E-07  1.869E-05  3.620E-07  2.071E-06  2.262E-06
                5.664E-06  6.741E-06  2.813E-05  6.494E-07  3.641E-06  3.830E-06
                4.988E-06  4.460E-07  4.414E-07  2.747E-07  2.724E-07  7.322E-07
                1.137E-06  1.235E-06  1.389E-08  6.645E-07  1.206E-06  3.402E-06
                6.292E-06  3.009E-07  2.627E-07  1.405E-06  4.930E-07  2.624E-06
                1.872E-06  3.903E-06  2.731E-06  4.399E-06  5.754E-07  4.502E-07
                5.979E-06  5.309E-07  8.438E-07  5.845E-07  1.298E-06  5.541E-07
                2.127E-06  2.575E-06  1.285E-05  4.735E-06  6.376E-07  3.917E-07
                4.152E-07  4.025E-07  1.520E-06  9.805E-07  1.067E-06  5.507E-07
                4.656E-07  1.589E-06  4.245E-06  6.604E-06  8.401E-07  3.296E-07
                1.805E-07  7.138E-07  1.004E-06  1.131E-06  8.248E-07  2.199E-07
                4.011E-06  8.529E-07  3.038E-06  5.718E-07  1.168E-06  7.237E-06
                8.763E-06  5.922E-06  2.060E-06  2.553E-06  3.079E-06  1.042E-06
                1.313E-06  2.292E-06  5.565E-08  1.630E-08  1.061E-07  2.435E-07
                1.527E-06  1.525E-06  2.003E-06  3.580E-06  2.900E-06  8.839E-08
                9.855E-08  2.650E-07  2.165E-07  1.867E-06  5.021E-06
1.06866915E+02  6.866E-03  5.502E-03  2.678E-03  2.569E-03  3.659E-03  9.989E-06
                1.301E-02  2.668E-03  2.986E-05  1.357E-05  1.558E-04  2.590E-03
                4.739E-03  1.184E-04  1.129E-04  5.437E-07  1.799E-06  3.485E-06
                1.971E-06  3.305E-06  1.068E-06  2.339E-06  1.570E-06  1.923E-07
                4.669E-07  1.479E-06  2.436E-06  2.007E-06  2.244E-06  5.429E-06
                3.690E-06  7.041E-07  1.071E-05  4.259E-06  1.767E-06  1.597E-06
                2.730E-09  1.337E-06  4.695E-07  8.062E-06  4.459E-06  2.686E-06
                4.081E-06  1.116E-07  2.116E-07  3.830E-07  1.480E-07  5.843E-07
                2.257E-05  6.414E-07  5.143E-07  1.058E-06  9.641E-08  1.916E-06
                3.949E-06  2.310E-06  2.019E-06  5.990E-06  7.981E-06  2.082E-06
                6.962E-07  5.247E-09  1.063E-08  5.843E-10  1.169E-06  7.166E-07
                1.837E-07  4.802E-08  1.706E-06  1.659E-06  2.168E-06  3.093E-06
                5.054E-06  1.663E-06  5.865E-06  4.933E-07  1.058E-06  2.781E-07
                2.753E-06  1.098E-06  3.795E-06  3.367E-08  8.698E-07  1.031E-06
                1.656E-05  6.693E-06  1.217E-09  1.413E-09  6.618E-10  4.783E-10
                4.640E-10  1.297E-06  6.696E-07  2.637E-06  1.512E-06  6.571E-07
                2.290E-06  2.084E-07  6.045E-06  7.312E-06  1.942E-07  3.146E-07
                4.086E-07  5.778E-08  1.515E-07  3.181E-07  6.381E-07  6.443E-07
                4.266E-08  6.628E-08  2.260E-06  5.505E-06  1.951E-05  4.263E-06
                2.157E-07  5.522E-07  2.779E-06  2.537E-06  2.793E-07  3.948E-07
                3.149E-07  6.761E-07  1.253E-05  2.832E-07  1.561E-06  1.543E-06
                3.854E-06  4.775E-06  1.991E-05  4.858E-07  2.713E-06  2.857E-06
                3.424E-06  2.819E-07  2.717E-07  1.576E-07  1.799E-07  4.569E-07
                7.091E-07  7.733E-07  1.265E-08  4.627E-07  8.484E-07  2.436E-06
                4.568E-06  1.629E-07  1.732E-07  7.979E-07  2.778E-07  1.789E-06
                1.285E-06  2.801E-06  1.959E-06  3.169E-06  3.941E-07  2.805E-07
                4.319E-06  3.255E-07  5.176E-07  3.790E-07  8.336E-07  3.940E-07
                1.549E-06  1.816E-06  8.984E-06  3.417E-06  4.265E-07  2.383E-07
                2.645E-07  2.618E-07  1.136E-06  6.949E-07  7.500E-07  4.124E-07
                3.080E-07  1.156E-06  3.066E-06  4.730E-06  5.633E-07  2.626E-07
                1.370E-07  4.505E-07  6.529E-07  7.105E-07  5.300E-07  1.389E-07
                2.940E-06  5.610E-07  2.217E-06  4.180E-07  8.581E-07  5.378E-06
                6.506E-06  4.425E-06  1.301E-06  1.582E-06  1.779E-06  6.545E-07
                8.283E-07  1.434E-06  2.992E-08  9.205E-09  5.764E-08  1.468E-07
                1.172E-06  1.170E-06  1.504E-06  2.639E-06  2.080E-06  5.982E-08
                6.016E-08  1.896E-07  1.619E-07  1.412E-06  3.796E-06
1.20474915E+02  4.695E-03  3.775E-03  1.838E-03  1.768E-03  2.510E-03  6.654E-06
                1.008E-02  2.067E-03  2.128E-05  8.873E-06  1.208E-04  2.017E-03
                3.693E-03  8.392E-05  8.012E-05  3.642E-07  1.228E-06  2.125E-06
                1.344E-06  2.036E-06  6.966E-07  1.522E-06  1.059E-06  1.352E-07
                3.912E-07  1.238E-06  2.090E-06  1.285E-06  1.421E-06  3.467E-06
                2.403E-06  4.590E-07  6.891E-06  2.960E-06  1.164E-06  1.042E-06
                1.723E-09  8.195E-07  2.889E-07  5.259E-06  2.970E-06  1.772E-06
                2.690E-06  7.011E-08  1.409E-07  2.633E-07  1.571E-07  4.610E-07
                1.568E-05  5.546E-07  3.156E-07  8.849E-07  5.693E-08  1.663E-06
                2.587E-06  1.517E-06  1.274E-06  3.736E-06  6.208E-06  1.537E-06
                4.645E-07  3.934E-09  7.038E-09  4.027E-10  7.240E-07  4.545E-07
                1.377E-07  3.940E-08  1.139E-06  1.092E-06  1.425E-06  2.193E-06
                3.821E-06  1.254E-06  3.856E-06  3.094E-07  6.988E-07  1.699E-07
                1.850E-06  7.414E-07  2.556E-06  2.622E-08  5.687E-07  6.595E-07
                1.183E-05  4.780E-06  9.174E-10  1.029E-09  4.443E-10  3.398E-10
                3.145E-10  8.807E-07  4.446E-07  1.810E-06  1.211E-06  5.174E-07
                1.841E-06  1.523E-07  4.351E-06  5.273E-06  1.439E-07  2.333E-07
                3.042E-07  4.130E-08  1.144E-07  2.281E-07  4.539E-07  4.663E-07
                3.764E-08  4.484E-08  1.489E-06  3.629E-06  1.493E-05  3.263E-06
                1.527E-07  4.121E-07  2.121E-06  1.923E-06  2.000E-07  2.999E-07
                2.353E-07  4.701E-07  8.879E-06  2.084E-07  1.141E-06  1.087E-06
                2.724E-06  3.706E-06  1.546E-05  3.639E-07  1.838E-06  1.927E-06
                2.388E-06  1.807E-07  1.713E-07  9.322E-08  1.185E-07  2.905E-07
                4.515E-07  4.947E-07  1.204E-08  3.327E-07  6.303E-07  1.834E-06
                3.474E-06  9.652E-08  1.246E-07  4.510E-07  1.574E-07  1.270E-06
                9.051E-07  2.107E-06  1.474E-06  2.392E-06  2.877E-07  1.917E-07
                3.293E-06  2.138E-07  3.443E-07  2.420E-07  5.225E-07  3.057E-07
                1.174E-06  1.391E-06  6.832E-06  2.245E-06  2.809E-07  1.481E-07
                1.741E-07  1.714E-07  7.755E-07  5.213E-07  5.601E-07  2.827E-07
                2.193E-07  8.812E-07  2.321E-06  3.545E-06  3.656E-07  2.128E-07
                1.058E-07  2.881E-07  4.152E-07  4.453E-07  3.357E-07  9.112E-08
                2.301E-06  3.752E-07  1.712E-06  2.813E-07  6.525E-07  4.224E-06
                5.133E-06  3.504E-06  8.626E-07  1.026E-06  1.018E-06  4.291E-07
                5.562E-07  9.440E-07  2.467E-08  8.903E-09  3.386E-08  9.330E-08
                9.246E-07  9.259E-07  1.178E-06  2.030E-06  1.562E-06  4.161E-08
                3.676E-08  1.396E-07  1.254E-07  1.103E-06  2.976E-06
1.34082915E+02  3.249E-03  2.606E-03  1.268E-03  1.219E-03  1.739E-03  4.613E-06
                7.826E-03  1.605E-03  1.549E-05  5.857E-06  9.503E-05  1.595E-03
                2.925E-03  5.879E-05  5.608E-05  2.608E-07  8.942E-07  1.334E-06
                9.760E-07  1.324E-06  4.776E-07  1.046E-06  8.263E-07  1.141E-07
                3.060E-07  9.329E-07  1.580E-06  8.856E-07  9.367E-07  2.312E-06
                1.625E-06  3.143E-07  4.729E-06  2.072E-06  8.020E-07  7.078E-07
                1.154E-09  5.275E-07  1.867E-07  3.485E-06  2.008E-06  1.183E-06
                1.797E-06  4.578E-08  9.522E-08  1.812E-07  1.358E-07  3.669E-07
                1.104E-05  4.610E-07  2.073E-07  7.236E-07  3.316E-08  1.386E-06
                1.720E-06  1.002E-06  8.415E-07  2.497E-06  4.846E-06  1.145E-06
                3.210E-07  3.214E-09  5.553E-09  2.907E-10  4.574E-07  2.983E-07
                1.004E-07  2.960E-08  8.066E-07  7.703E-07  1.006E-06  1.778E-06
                2.867E-06  9.533E-07  2.722E-06  2.027E-07  4.962E-07  1.055E-07
                1.366E-06  5.476E-07  1.887E-06  2.167E-08  3.957E-07  4.422E-07
                8.476E-06  3.418E-06  7.011E-10  7.746E-10  3.194E-10  2.460E-10
                2.247E-10  6.532E-07  3.277E-07  1.329E-06  9.713E-07  4.085E-07
                1.482E-06  1.214E-07  3.107E-06  3.765E-06  1.118E-07  1.796E-07
                2.338E-07  3.211E-08  9.092E-08  1.769E-07  3.546E-07  3.685E-07
                3.443E-08  3.683E-08  1.190E-06  2.901E-06  1.084E-05  2.369E-06
                1.137E-07  3.138E-07  1.577E-06  1.398E-06  1.511E-07  2.285E-07
                1.806E-07  3.557E-07  6.332E-06  1.684E-07  9.056E-07  7.769E-07
                1.944E-06  2.728E-06  1.138E-05  2.707E-07  1.460E-06  1.536E-06
                1.743E-06  1.288E-07  1.191E-07  6.006E-08  8.716E-08  2.100E-07
                3.262E-07  3.583E-07  8.862E-09  2.413E-07  4.772E-07  1.403E-06
                2.681E-06  5.646E-08  8.867E-08  3.427E-07  1.197E-07  9.085E-07
                6.493E-07  1.618E-06  1.132E-06  1.839E-06  2.146E-07  1.330E-07
                2.505E-06  1.444E-07  2.333E-07  1.700E-07  3.623E-07  2.392E-07
                8.808E-07  1.037E-06  5.119E-06  1.765E-06  2.112E-07  9.978E-08
                1.223E-07  1.235E-07  6.544E-07  3.979E-07  4.239E-07  2.403E-07
                1.608E-07  6.803E-07  1.784E-06  2.716E-06  2.697E-07  1.663E-07
                8.191E-08  2.001E-07  3.164E-07  3.089E-07  2.569E-07  6.259E-08
                1.726E-06  2.647E-07  1.293E-06  2.371E-07  5.179E-07  3.183E-06
                3.865E-06  2.647E-06  6.149E-07  7.471E-07  7.336E-07  2.963E-07
                3.923E-07  6.750E-07  2.204E-08  8.016E-09  2.070E-08  6.043E-08
                7.320E-07  7.339E-07  9.081E-07  1.570E-06  1.196E-06  3.072E-08
                2.651E-08  1.063E-07  9.787E-08  8.679E-07  2.335E-06
1.47690915E+02  2.414E-03  1.946E-03  9.474E-04  9.137E-04  1.295E-03  3.436E-06
                6.316E-03  1.295E-03  1.186E-05  4.206E-06  7.618E-05  1.281E-03
                2.348E-03  4.440E-05  4.239E-05  1.898E-07  7.229E-07  9.250E-07
                7.271E-07  8.944E-07  3.183E-07  6.944E-07  5.705E-07  8.222E-08
                2.782E-07  8.648E-07  1.475E-06  5.762E-07  6.058E-07  1.510E-06
                1.160E-06  2.093E-07  3.423E-06  1.577E-06  5.560E-07  4.764E-07
                7.301E-10  3.410E-07  1.226E-07  2.573E-06  1.511E-06  8.691E-07
                1.322E-06  3.379E-08  7.549E-08  1.473E-07  1.407E-07  3.063E-07
                8.239E-06  4.007E-07  1.374E-07  6.184E-07  2.442E-08  1.204E-06
                1.244E-06  7.359E-07  5.702E-07  1.672E-06  3.974E-06  9.255E-07
                2.346E-07  2.491E-09  3.701E-09  2.030E-10  3.310E-07  2.196E-07
                7.556E-08  2.366E-08  5.712E-07  5.369E-07  7.009E-07  1.245E-06
                2.251E-06  7.356E-07  1.894E-06  1.434E-07  3.542E-07  7.435E-08
                8.871E-07  3.582E-07  1.231E-06  1.780E-08  2.774E-07  3.117E-07
                6.352E-06  2.573E-06  5.544E-10  5.884E-10  2.189E-10  1.819E-10
                1.635E-10  4.253E-07  2.103E-07  8.919E-07  7.984E-07  3.319E-07
                1.220E-06  9.511E-08  2.355E-06  2.854E-06  8.295E-08  1.323E-07
                1.733E-07  2.227E-08  7.044E-08  1.269E-07  2.495E-07  2.655E-07
                3.542E-08  2.353E-08  7.442E-07  1.814E-06  9.032E-06  1.974E-06
                8.303E-08  2.387E-07  1.277E-06  1.149E-06  1.053E-07  1.753E-07
                1.321E-07  2.389E-07  4.593E-06  1.208E-07  6.603E-07  5.815E-07
                1.460E-06  2.294E-06  9.581E-06  1.987E-07  9.416E-07  9.822E-07
                1.196E-06  8.900E-08  8.123E-08  3.824E-08  6.117E-08  1.466E-07
                2.281E-07  2.513E-07  7.721E-09  1.844E-07  3.739E-07  1.108E-06
                2.129E-06  3.633E-08  7.036E-08  2.309E-07  8.179E-08  6.852E-07
                4.852E-07  1.275E-06  8.923E-07  1.452E-06  1.672E-07  1.000E-07
                1.979E-06  1.048E-07  1.723E-07  1.149E-07  2.393E-07  2.010E-07
                7.027E-07  8.628E-07  4.246E-06  1.098E-06  1.469E-07  6.571E-08
                8.578E-08  8.538E-08  4.281E-07  3.146E-07  3.332E-07  1.583E-07
                1.234E-07  5.406E-07  1.412E-06  2.132E-06  1.839E-07  1.359E-07
                6.473E-08  1.358E-07  2.172E-07  2.055E-07  1.770E-07  4.400E-08
                1.442E-06  1.873E-07  1.062E-06  1.540E-07  4.133E-07  2.636E-06
                3.236E-06  2.216E-06  4.397E-07  5.302E-07  4.629E-07  2.084E-07
                2.846E-07  4.810E-07  2.301E-08  8.864E-09  1.457E-08  4.256E-08
                5.904E-07  5.933E-07  7.277E-07  1.245E-06  9.295E-07  2.352E-08
                1.851E-08  8.220E-08  7.827E-08  6.939E-07  1.876E-06
1.61298915E+02  1.719E-03  1.383E-03  6.734E-04  6.497E-04  9.274E-04  2.165E-06
                5.147E-03  1.056E-03  8.923E-06  2.623E-06  6.339E-05  1.071E-03
                1.967E-03  3.329E-05  3.184E-05  1.461E-07  5.973E-07  6.331E-07
                5.711E-07  6.321E-07  2.211E-07  4.836E-07  4.644E-07  7.104E-08
                2.142E-07  6.438E-07  1.084E-06  4.139E-07  4.093E-07  1.030E-06
                8.214E-07  1.449E-07  2.451E-06  1.132E-06  3.923E-07  3.280E-07
                5.073E-10  2.345E-07  8.516E-08  1.769E-06  1.056E-06  5.961E-07
                9.106E-07  2.360E-08  5.470E-08  1.092E-07  1.197E-07  2.514E-07
                5.923E-06  3.396E-07  9.641E-08  5.188E-07  1.774E-08  1.021E-06
                8.550E-07  4.997E-07  3.882E-07  1.165E-06  3.233E-06  7.232E-07
                1.711E-07  2.118E-09  3.129E-09  1.579E-10  2.171E-07  1.517E-07
                5.423E-08  1.723E-08  4.129E-07  3.882E-07  5.065E-07  1.049E-06
                1.702E-06  5.581E-07  1.369E-06  9.645E-08  2.575E-07  4.704E-08
                6.797E-07  2.735E-07  9.427E-07  1.536E-08  1.972E-07  2.144E-07
                4.583E-06  1.854E-06  4.290E-10  4.500E-10  1.618E-10  1.332E-10
                1.207E-10  3.241E-07  1.620E-07  6.663E-07  6.381E-07  2.626E-07
                9.760E-07  7.537E-08  1.690E-06  2.050E-06  6.525E-08  1.019E-07
                1.321E-07  1.789E-08  5.809E-08  1.014E-07  2.001E-07  2.149E-07
                3.520E-08  2.055E-08  6.411E-07  1.561E-06  6.657E-06  1.456E-06
                6.288E-08  1.806E-07  9.569E-07  8.501E-07  8.143E-08  1.335E-07
                1.016E-07  1.876E-07  3.313E-06  1.015E-07  5.439E-07  4.251E-07
                1.064E-06  1.712E-06  7.151E-06  1.500E-07  7.965E-07  8.349E-07
                8.908E-07  6.730E-08  6.010E-08  2.631E-08  4.734E-08  1.137E-07
                1.767E-07  1.948E-07  5.271E-09  1.360E-07  2.887E-07  8.594E-07
                1.661E-06  2.215E-08  5.170E-08  1.974E-07  6.990E-08  5.012E-07
                3.571E-07  9.868E-07  6.915E-07  1.125E-06  1.304E-07  7.324E-08
                1.518E-06  7.407E-08  1.219E-07  8.336E-08  1.724E-07  1.619E-07
                5.317E-07  6.598E-07  3.282E-06  9.070E-07  1.160E-07  4.648E-08
                6.274E-08  6.437E-08  3.872E-07  2.420E-07  2.552E-07  1.442E-07
                9.306E-08  4.208E-07  1.095E-06  1.652E-06  1.414E-07  1.037E-07
                5.015E-08  9.856E-08  1.720E-07  1.510E-07  1.409E-07  3.177E-08
                1.105E-06  1.380E-07  8.200E-07  1.395E-07  3.406E-07  2.020E-06
                2.479E-06  1.702E-06  3.279E-07  4.112E-07  3.747E-07  1.490E-07
                2.085E-07  3.612E-07  1.688E-08  6.322E-09  9.639E-09  2.906E-08
                4.726E-07  4.756E-07  5.682E-07  9.830E-07  7.279E-07  1.720E-08
                1.389E-08  6.452E-08  6.241E-08  5.526E-07  1.496E-06
1.74906915E+02  1.373E-03  1.103E-03  5.373E-04  5.180E-04  7.356E-04  2.078E-06
                4.082E-03  8.370E-04  7.201E-06  2.291E-06  4.970E-05  8.400E-04
                1.542E-03  2.410E-05  2.295E-05  1.158E-07  5.245E-07  4.810E-07
                4.644E-07  4.602E-07  1.574E-07  3.427E-07  3.378E-07  5.565E-08
                1.686E-07  5.044E-07  8.278E-07  2.753E-07  2.691E-07  6.830E-07
                6.229E-07  1.032E-07  2.034E-06  8.390E-07  2.928E-07  2.328E-07
                3.215E-10  1.575E-07  5.756E-08  1.471E-06  8.710E-07  4.892E-07
                7.446E-07  1.964E-08  4.861E-08  9.753E-08  1.176E-07  2.227E-07
                4.791E-06  3.010E-07  6.905E-08  4.566E-07  1.676E-08  9.041E-07
                6.818E-07  4.104E-07  2.845E-07  8.304E-07  2.758E-06  6.188E-07
                1.372E-07  1.685E-09  1.998E-09  1.094E-10  1.718E-07  1.213E-07
                4.194E-08  1.385E-08  3.117E-07  2.892E-07  3.840E-07  7.113E-07
                1.345E-06  4.441E-07  1.023E-06  7.427E-08  2.007E-07  3.617E-08
                4.442E-07  1.818E-07  6.217E-07  1.033E-08  1.490E-07  1.635E-07
                3.720E-06  1.514E-06  3.439E-10  3.539E-10  1.195E-10  1.016E-10
                8.337E-11  2.149E-07  1.021E-07  4.686E-07  5.199E-07  2.121E-07
                8.014E-07  7.276E-08  1.387E-06  1.673E-06  5.051E-08  7.748E-08
                1.021E-07  1.251E-08  4.833E-08  7.562E-08  1.461E-07  1.618E-07
                3.664E-08  1.334E-08  3.776E-07  9.188E-07  5.657E-06  1.237E-06
                4.670E-08  1.472E-07  8.013E-07  7.147E-07  5.706E-08  1.059E-07
                7.513E-08  1.252E-07  2.586E-06  7.195E-08  3.954E-07  3.361E-07
                8.433E-07  1.466E-06  6.127E-06  1.059E-07  4.894E-07  5.072E-07
                6.425E-07  4.400E-08  3.944E-08  1.621E-08  3.100E-08  7.430E-08
                1.157E-07  1.280E-07  4.543E-09  1.115E-07  2.314E-07  6.922E-07
                1.342E-06  1.498E-08  4.088E-08  1.400E-07  5.087E-08  3.969E-07
                2.788E-07  7.966E-07  5.576E-07  9.086E-07  1.033E-07  5.782E-08
                1.239E-06  5.611E-08  9.397E-08  6.059E-08  1.191E-07  1.447E-07
                4.339E-07  5.598E-07  2.793E-06  5.657E-07  7.532E-08  2.996E-08
                4.406E-08  4.277E-08  2.450E-07  1.973E-07  2.075E-07  9.189E-08
                7.398E-08  3.416E-07  8.860E-07  1.328E-06  9.278E-08  8.711E-08
                4.013E-08  6.935E-08  1.262E-07  1.021E-07  1.041E-07  2.277E-08
                9.166E-07  9.932E-08  6.744E-07  9.005E-08  2.690E-07  1.652E-06
                2.047E-06  1.402E-06  2.430E-07  2.973E-07  2.316E-07  1.105E-07
                1.595E-07  2.670E-07  2.466E-08  9.553E-09  8.078E-09  2.231E-08
                3.813E-07  3.844E-07  4.537E-07  7.776E-07  5.651E-07  1.570E-08
                1.178E-08  5.055E-08  5.009E-08  4.418E-07  1.195E-06
1.88514915E+02  1.029E-03  8.350E-04  4.067E-04  3.958E-04  5.590E-04  1.137E-06
                3.689E-03  7.567E-04  5.758E-06  1.294E-06  4.542E-05  7.696E-04
                1.413E-03  2.147E-05  2.062E-05  9.219E-08  4.616E-07  3.844E-07
                3.738E-07  3.641E-07  1.043E-07  2.272E-07  2.489E-07  4.085E-08
                1.843E-07  5.751E-07  9.817E-07  1.932E-07  1.868E-07  4.762E-07
                4.742E-07  6.786E-08  1.319E-06  7.562E-07  1.938E-07  1.519E-07
                2.229E-10  1.113E-07  4.315E-08  1.019E-06  6.453E-07  3.281E-07
                5.042E-07  1.363E-08  3.501E-08  7.318E-08  9.704E-08  1.809E-07
                3.358E-06  2.578E-07  4.933E-08  3.870E-07  1.404E-08  7.716E-07
                4.650E-07  2.762E-07  1.894E-07  5.680E-07  2.310E-06  5.036E-07
                9.810E-08  1.447E-09  1.810E-09  8.876E-11  1.244E-07  9.044E-08
                2.931E-08  9.953E-09  2.153E-07  1.994E-07  2.598E-07  6.359E-07
                1.088E-06  3.413E-07  7.006E-07  5.279E-08  1.438E-07  2.480E-08
                3.159E-07  1.266E-07  4.396E-07  1.294E-08  1.024E-07  1.135E-07
                2.509E-06  1.029E-06  2.760E-10  2.681E-10  7.855E-11  7.530E-11
                7.144E-11  1.471E-07  7.849E-08  3.069E-07  4.398E-07  1.785E-07
                6.699E-07  4.287E-08  9.400E-07  1.137E-06  3.770E-08  5.658E-08
                7.300E-08  9.680E-09  3.819E-08  5.713E-08  1.094E-07  1.219E-07
                3.287E-08  1.096E-08  3.373E-07  8.198E-07  4.548E-06  9.929E-07
                3.817E-08  1.077E-07  6.274E-07  5.737E-07  4.283E-08  7.920E-08
                5.583E-08  9.569E-08  1.687E-06  6.169E-08  3.338E-07  2.474E-07
                6.170E-07  1.188E-06  4.968E-06  8.449E-08  4.283E-07  4.456E-07
                4.207E-07  3.826E-08  3.339E-08  1.286E-08  2.751E-08  6.729E-08
                1.047E-07  1.154E-07  2.887E-09  8.336E-08  1.841E-07  5.508E-07
                1.073E-06  1.048E-08  3.653E-08  1.142E-07  4.060E-08  2.922E-07
                2.098E-07  6.224E-07  4.377E-07  7.121E-07  8.887E-08  4.831E-08
                9.496E-07  4.625E-08  7.843E-08  4.269E-08  8.682E-08  1.150E-07
                3.442E-07  4.604E-07  2.301E-06  4.298E-07  6.749E-08  2.332E-08
                3.491E-08  3.601E-08  2.219E-07  1.530E-07  1.599E-07  8.381E-08
                5.765E-08  2.697E-07  6.977E-07  1.042E-06  7.812E-08  6.567E-08
                3.114E-08  5.178E-08  9.291E-08  7.966E-08  7.583E-08  1.829E-08
                7.738E-07  7.901E-08  5.649E-07  7.751E-08  2.343E-07  1.395E-06
                1.738E-06  1.193E-06  1.861E-07  2.397E-07  2.026E-07  8.087E-08
                1.181E-07  2.049E-07  1.029E-08  3.913E-09  5.148E-09  1.586E-08
                3.170E-07  3.194E-07  3.719E-07  6.411E-07  4.611E-07  9.986E-09
                7.629E-09  4.187E-08  4.155E-08  3.645E-07  9.969E-07
2.02122915E+02  7.454E-04  5.950E-04  2.916E-04  2.795E-04  4.000E-04  9.025E-07
                2.776E-03  5.695E-04  4.406E-06  1.007E-06  3.508E-05  5.982E-04
                1.100E-03  1.361E-05  1.297E-05  8.023E-08  4.192E-07  2.603E-07
                3.393E-07  2.662E-07  8.370E-08  1.825E-07  2.248E-07  4.140E-08
                8.169E-08  2.142E-07  3.046E-07  1.473E-07  1.240E-07  3.191E-07
                3.309E-07  5.464E-08  1.188E-06  3.908E-07  1.558E-07  1.144E-07
                1.555E-10  8.555E-08  3.135E-08  7.592E-07  4.431E-07  2.518E-07
                3.824E-07  1.080E-08  3.024E-08  6.371E-08  8.954E-08  1.728E-07
                2.607E-06  2.435E-07  3.674E-08  3.644E-07  1.333E-08  7.309E-07
                3.460E-07  2.071E-07  1.396E-07  4.127E-07  2.094E-06  4.428E-07
                8.331E-08  1.264E-09  1.212E-09  6.613E-11  7.806E-08  6.088E-08
                2.159E-08  7.355E-09  1.683E-07  1.561E-07  2.118E-07  4.414E-07
                7.633E-07  2.650E-07  5.513E-07  3.510E-08  1.142E-07  1.449E-08
                2.643E-07  1.087E-07  3.711E-07  5.639E-09  7.782E-08  8.047E-08
                2.092E-06  8.497E-07  2.074E-10  2.136E-10  7.158E-11  5.673E-11
                4.002E-11  1.278E-07  5.763E-08  2.782E-07  3.211E-07  1.285E-07
                5.015E-07  6.185E-08  7.699E-07  9.279E-07  3.241E-08  4.626E-08
                6.064E-08  7.713E-09  3.787E-08  4.957E-08  9.244E-08  1.047E-07
                4.035E-08  9.333E-09  2.352E-07  5.710E-07  3.213E-06  7.041E-07
                2.524E-08  9.348E-08  4.749E-07  4.089E-07  3.343E-08  6.336E-08
                4.364E-08  7.407E-08  1.500E-06  4.989E-08  2.535E-07  1.851E-07
                4.625E-07  8.537E-07  3.567E-06  5.868E-08  3.023E-07  3.131E-07
                3.897E-07  2.196E-08  1.954E-08  7.111E-09  1.572E-08  3.815E-08
                5.942E-08  6.607E-08  2.443E-09  6.869E-08  1.396E-07  4.191E-07
                8.180E-07  6.107E-09  2.132E-08  1.082E-07  4.012E-08  2.185E-07
                1.528E-07  4.792E-07  3.353E-07  5.474E-07  6.509E-08  3.379E-08
                7.587E-07  2.868E-08  4.793E-08  3.534E-08  6.517E-08  1.037E-07
                2.541E-07  3.399E-07  1.739E-06  3.464E-07  3.938E-08  1.404E-08
                2.258E-08  2.155E-08  1.666E-07  1.182E-07  1.249E-07  6.299E-08
                4.333E-08  2.078E-07  5.352E-07  7.989E-07  4.673E-08  5.394E-08
                2.493E-08  3.772E-08  8.434E-08  5.606E-08  7.054E-08  1.203E-08
                5.483E-07  5.423E-08  4.082E-07  6.346E-08  1.747E-07  9.738E-07
                1.210E-06  8.306E-07  1.355E-07  1.738E-07  1.370E-07  5.865E-08
                8.985E-08  1.509E-07  2.092E-08  7.950E-09  4.941E-09  1.205E-08
                2.422E-07  2.447E-07  2.760E-07  4.807E-07  3.408E-07  1.011E-08
                7.822E-09  3.106E-08  3.183E-08  2.766E-07  7.456E-07
