          16           7
         215          13           1           1
           0          -4           0          -4           0          -6           0          -2           0          -4           0           6           0           4           0           2           0           4           0           6           0           2           0           4           0           2           0          -4           0          -2           0           2           0           4           0           6           0           2           0           4           0           6           0           4           0          -2           0          -2           0          -4           0          -6           0          -8           0          -2           0          -4           0          -6           0          -4           0           2           0          -4           0          -6           0          -2           0          -4           0          -6           0          -6           0          -8           0          -4           0          -6           0          -2           0          -4           0           4           0           6           0           8           0          10           0           4           0          -4           0           2           0           6           0           4           0           8           0           2           0          -4           0          -2           0           6           0           6           0           4           0           2           0           8           0           4           0           6           0           8           0           4           0           6           0           8           0          10           0           4           0           6           0           8           0           6           0           4           0           2           0           6           0           2           0           4           0           2           0          -4           0          -2           0          -6           0          -8           0           6           0           4           0          -4           0          -6           0          -2           0          -4           0          -6           0          -8           0         -10           0          -2           0          -4           0          -6           0          -4           0          -2           0          -6           0          -8           0          -2           0          -4           0           2           0           4           0           6           0           8           0           4           0           4           0           6           0           8           0           2           0          10           0           8           0           6           0           4           0           2           0           6           0           6           0           4           0           4           0           2           0           4           0           6           0           8           0          -4           0           2           0           4           0          -6           0          -4           0           2           0           4           0           6           0           4           0           6           0          -2           0          -4           0          -6           0          -8           0         -10           0          -6           0          -8           0         -10           0         -12           0           2           0          -2           0          -4           0          -6           0          -8           0          -2           0          -8           0         -10           0          -4           0          -2           0          -6           0          -4           0          -2           0          -4           0          -2           0          -4           0          -6           0          -4           0          -8           0          -6           0           2           0           4           0           2           0           4           0           6           0         -10           0          -8           0          -6           0          -4           0           6           0          -2           0          -4           0           8           0          -6           0          -2           0          -4           0          -6           0          -8           0           4           0           6           0          -4           0          -6           0          -6           0          -8           0          -2           0           2           0          -4           0           4           0           6           0           4           0           4           0           2           0           2           0          -4           0          -6           0          -8           0          -2           0          -4           0          -6           0          -8           0         -10           0          -8           0          -6           0          -4           0          -2           0          -2           0          -4           0          -6           0          -6           0          -8           0          -4           0          -2           0          -6           0          -4
    0.000000E+00    9.645106E-03    9.843162E-03    1.435602E-02    1.458263E-02
    4.247197E-02    4.320385E-02    4.360158E-02    5.944295E-02    5.948713E-02
    6.922989E-02    7.316769E-02    7.411300E-02    1.134727E-01    1.147319E-01
    2.354040E-01    2.358931E-01    2.366026E-01    2.382857E-01    2.391328E-01
    2.438023E-01    2.438287E-01    2.461520E-01    2.471700E-01    2.474363E-01
    2.479076E-01    2.485433E-01    2.486026E-01    2.487216E-01    2.491410E-01
    2.502551E-01    2.507374E-01    2.510783E-01    2.511300E-01    2.524691E-01
    2.524772E-01    2.554279E-01    2.561102E-01    2.563381E-01    2.591442E-01
    2.591854E-01    2.609226E-01    2.615363E-01    2.619649E-01    2.622131E-01
    2.625883E-01    2.631076E-01    2.632646E-01    2.633261E-01    2.634365E-01
    2.637297E-01    2.638533E-01    2.640096E-01    2.643758E-01    2.644930E-01
    2.645338E-01    2.648466E-01    2.652759E-01    2.655531E-01    2.656939E-01
    2.657640E-01    2.676748E-01    2.677713E-01    2.679166E-01    2.688115E-01
    2.690337E-01    2.711118E-01    2.712141E-01    2.720014E-01    2.721113E-01
    2.724223E-01    2.724984E-01    2.725578E-01    2.726085E-01    2.727219E-01
    2.737570E-01    2.740430E-01    2.746587E-01    2.763855E-01    2.763956E-01
    2.763957E-01    2.764682E-01    2.789238E-01    2.791446E-01    2.808157E-01
    2.808428E-01    2.816082E-01    2.816156E-01    2.816277E-01    2.816445E-01
    2.816660E-01    2.832213E-01    2.832636E-01    2.833497E-01    2.872720E-01
    2.872722E-01    2.872783E-01    2.873017E-01    2.873787E-01    2.874354E-01
    2.875828E-01    2.876419E-01    2.877951E-01    2.879672E-01    2.884374E-01
    2.885530E-01    2.886000E-01    2.886971E-01    2.887362E-01    2.888178E-01
    2.901974E-01    2.902310E-01    2.934227E-01    2.936053E-01    2.936679E-01
    2.948139E-01    2.948751E-01    2.949134E-01    2.954910E-01    2.955387E-01
    2.955818E-01    2.956302E-01    2.974080E-01    2.974265E-01    2.978254E-01
    2.979930E-01    2.980044E-01    2.981863E-01    2.981951E-01    2.982014E-01
    2.986863E-01    2.989406E-01    2.997979E-01    3.013547E-01    3.014398E-01
    3.015665E-01    3.017420E-01    3.025165E-01    3.025355E-01    3.025686E-01
    3.026262E-01    3.032771E-01    3.036433E-01    3.036673E-01    3.036996E-01
    3.037196E-01    3.041292E-01    3.046134E-01    3.046301E-01    3.048276E-01
    3.048611E-01    3.049614E-01    3.051740E-01    3.052844E-01    3.060373E-01
    3.062721E-01    3.065126E-01    3.067251E-01    3.072820E-01    3.083217E-01
    3.083847E-01    3.085481E-01    3.086063E-01    3.093086E-01    3.093690E-01
    3.093750E-01    3.093804E-01    3.094500E-01    3.095030E-01    3.095365E-01
    3.096086E-01    3.096683E-01    3.098305E-01    3.098337E-01    3.100372E-01
    3.110986E-01    3.111053E-01    3.111248E-01    3.111449E-01    3.124031E-01
    3.124222E-01    3.126400E-01    3.132139E-01    3.132929E-01    3.134326E-01
    3.163175E-01    3.165548E-01    3.167011E-01    3.167161E-01    3.173537E-01
    3.174815E-01    3.194473E-01    3.198310E-01    3.206567E-01    3.235572E-01
    3.235827E-01    3.236877E-01    3.236885E-01    3.238034E-01    3.239013E-01
    3.239634E-01    3.240075E-01    3.245628E-01    3.245933E-01    3.263728E-01
    3.264517E-01    3.271738E-01    3.284075E-01    3.287843E-01    3.314323E-01
    3.314556E-01    3.324856E-01    3.325179E-01    3.327131E-01    3.333147E-01
           0           2           0           1
  -27.940514715248785               13
3.67857147E+01  1.605E-01  1.326E-01  6.222E-02  6.279E-02  8.568E-02  2.331E-04
                9.595E-02  1.966E-02  5.152E-04  3.559E-04  1.173E-03  1.561E-02
                2.830E-02
5.03937147E+01  6.533E-02  5.432E-02  2.585E-02  2.481E-02  3.409E-02  1.400E-04
                5.562E-02  1.134E-02  2.636E-04  1.516E-04  7.398E-04  1.021E-02
                1.865E-02  9.025E-04  9.013E-04  1.205E-05  4.143E-05  7.744E-05
                8.083E-05  2.472E-04  1.066E-04  7.052E-05  3.851E-05  9.882E-06
                1.387E-05  3.539E-05  1.343E-05  3.278E-05  2.846E-05  5.890E-05
                7.899E-05  8.201E-06  2.504E-04  1.571E-04  3.231E-05  5.123E-05
                7.035E-07  1.444E-04  2.479E-04  1.298E-04  1.182E-04  4.411E-05
                1.066E-04  1.176E-05  3.001E-05  4.507E-05  2.019E-06  6.393E-05
                3.466E-04  1.006E-05  2.346E-05  7.646E-05  9.136E-06  4.173E-05
                5.977E-05  3.530E-05  7.403E-05  8.526E-05  8.075E-05  3.144E-05
                6.608E-05  6.616E-07  6.447E-07  6.432E-07  6.338E-05  5.451E-05
                4.254E-06  1.512E-06  2.017E-05  2.783E-05  2.635E-05  1.368E-04
                1.333E-04  2.709E-05  9.067E-05  1.848E-05  4.771E-05  1.704E-05
                8.598E-05  5.652E-05  6.903E-05  2.621E-05
6.40017147E+01  3.348E-02  2.692E-02  1.311E-02  1.259E-02  1.786E-02  5.089E-05
                3.676E-02  7.539E-03  1.259E-04  7.496E-05  4.273E-04  6.843E-03
                1.246E-02  5.159E-04  4.915E-04  2.242E-06  9.469E-06  2.025E-05
                7.857E-06  1.644E-05  3.783E-06  8.367E-06  8.648E-06  1.206E-06
                1.829E-06  5.311E-06  6.655E-06  1.002E-05  1.060E-05  2.586E-05
                2.200E-05  2.478E-06  8.727E-05  2.090E-05  9.695E-06  7.784E-06
                8.166E-09  9.450E-06  3.413E-06  5.363E-05  2.766E-05  1.735E-05
                2.710E-05  1.043E-06  1.913E-06  3.253E-06  4.999E-07  2.382E-06
                1.031E-04  1.555E-06  3.155E-06  3.068E-06  7.282E-07  4.528E-06
                2.457E-05  1.522E-05  1.240E-05  3.840E-05  3.341E-05  1.374E-05
                3.991E-06  1.714E-08  4.086E-08  4.370E-09  1.339E-05  7.498E-06
                4.268E-07  3.815E-08  7.420E-06  7.345E-06  1.007E-05  8.151E-06
                1.189E-05  3.742E-06  2.619E-05  4.584E-06  6.492E-06  3.167E-06
                8.757E-06  3.423E-06  1.236E-05  5.454E-07  5.074E-06  8.076E-06
                6.947E-05  2.875E-05  5.258E-09  7.907E-09  6.111E-09  2.880E-09
                3.612E-09  3.459E-06  1.570E-06  8.850E-06  3.259E-06  1.432E-06
                5.087E-06  1.026E-06  2.341E-05  2.749E-05  6.883E-07  6.833E-07
                6.983E-07  2.924E-07  9.680E-07  1.090E-06  1.794E-06  1.725E-06
                1.231E-06  1.517E-07  6.182E-06  1.559E-05  6.230E-05  1.412E-05
                1.373E-06  1.730E-06  8.473E-06  7.541E-06  7.378E-07  1.195E-06
                9.659E-07  1.612E-06  4.678E-05  7.925E-07  4.720E-06  7.209E-06
                1.787E-05  1.572E-05  6.784E-05  1.673E-06  9.519E-06  8.807E-06
                1.209E-05  1.401E-06  1.483E-06  1.121E-06  7.102E-07  3.575E-06
                5.340E-06  5.674E-06  7.282E-09  1.506E-06  3.261E-06  8.662E-06
                1.583E-05  1.599E-06  8.460E-07  1.133E-05  3.477E-06  6.993E-06
                4.574E-06  1.070E-05  8.389E-06  1.321E-05  1.425E-06  1.690E-06
                1.412E-05  2.023E-06  3.240E-06  2.241E-06  4.770E-06  1.505E-06
                4.738E-06  6.222E-06  3.175E-05  1.191E-05  2.880E-06  2.124E-06
                2.048E-06  2.516E-06  4.169E-06  2.472E-06  3.015E-06  1.785E-06
                1.613E-06  3.773E-06  1.079E-05  1.592E-05  2.657E-06  5.702E-06
                9.694E-07  2.774E-06  4.647E-06  4.348E-06  4.507E-06  8.443E-07
                1.214E-05  2.220E-06  9.589E-06  1.181E-06  3.813E-06  1.864E-05
                1.730E-05  1.163E-05  8.191E-06  1.167E-05  1.772E-05  3.790E-06
                5.565E-06  9.634E-06  8.896E-07  3.063E-07  8.248E-07  1.235E-06
                2.927E-06  3.145E-06  3.245E-06  7.895E-06  8.184E-06  4.052E-07
                5.546E-07  4.878E-07  3.571E-07  4.072E-06  9.783E-06
7.76097147E+01  1.880E-02  1.507E-02  7.338E-03  7.045E-03  1.001E-02  2.731E-05
                2.541E-02  5.210E-03  7.303E-05  3.993E-05  2.986E-04  4.870E-03
                8.882E-03  3.045E-04  2.903E-04  1.346E-06  5.118E-06  1.108E-05
                4.924E-06  9.777E-06  2.590E-06  5.670E-06  4.150E-06  5.000E-07
                8.955E-07  2.865E-06  4.031E-06  5.455E-06  6.139E-06  1.485E-05
                1.132E-05  1.713E-06  3.857E-05  1.131E-05  5.077E-06  4.361E-06
                7.131E-09  4.483E-06  1.595E-06  2.687E-05  1.417E-05  8.747E-06
                1.336E-05  4.419E-07  8.109E-07  1.375E-06  2.819E-07  1.268E-06
                5.997E-05  9.842E-07  1.648E-06  1.811E-06  3.528E-07  2.877E-06
                1.260E-05  7.560E-06  6.312E-06  1.914E-05  1.741E-05  5.867E-06
                2.105E-06  9.896E-09  2.291E-08  1.196E-09  4.962E-06  2.857E-06
                3.122E-07  5.412E-08  4.497E-06  4.424E-06  5.864E-06  5.687E-06
                9.661E-06  3.043E-06  1.573E-05  1.871E-06  3.132E-06  1.177E-06
                5.935E-06  2.378E-06  8.256E-06  8.425E-08  2.552E-06  3.521E-06
                4.013E-05  1.626E-05  2.567E-09  3.180E-09  1.709E-09  1.072E-09
                1.308E-09  2.670E-06  1.352E-06  5.779E-06  2.534E-06  1.144E-06
                3.849E-06  5.179E-07  1.456E-05  1.757E-05  3.717E-07  5.781E-07
                7.555E-07  1.096E-07  3.563E-07  6.263E-07  1.244E-06  1.242E-06
                2.553E-07  1.293E-07  4.571E-06  1.106E-05  4.479E-05  9.827E-06
                4.812E-07  1.067E-06  5.944E-06  5.880E-06  5.077E-07  7.248E-07
                5.557E-07  1.264E-06  3.009E-05  5.032E-07  3.087E-06  3.640E-06
                9.148E-06  1.049E-05  4.386E-05  9.559E-07  5.328E-06  5.598E-06
                7.662E-06  9.125E-07  9.212E-07  6.117E-07  5.325E-07  1.547E-06
                2.403E-06  2.599E-06  1.246E-08  1.070E-06  1.937E-06  5.311E-06
                9.586E-06  6.644E-07  4.619E-07  3.822E-06  1.362E-06  4.232E-06
                2.977E-06  6.105E-06  4.276E-06  6.811E-06  9.540E-07  8.586E-07
                8.920E-06  1.034E-06  1.651E-06  1.072E-06  2.397E-06  9.848E-07
                3.173E-06  4.147E-06  2.134E-05  7.260E-06  1.245E-06  8.093E-07
                8.006E-07  7.801E-07  2.309E-06  1.570E-06  1.722E-06  8.427E-07
                8.529E-07  2.398E-06  6.512E-06  1.033E-05  1.570E-06  4.541E-07
                2.812E-07  1.361E-06  2.124E-06  2.189E-06  1.816E-06  4.064E-07
                5.918E-06  1.470E-06  4.562E-06  9.114E-07  1.834E-06  1.034E-05
                1.256E-05  8.406E-06  3.985E-06  5.319E-06  7.254E-06  1.970E-06
                2.541E-06  4.549E-06  1.977E-07  5.905E-08  2.566E-07  4.705E-07
                2.057E-06  2.063E-06  2.736E-06  5.362E-06  4.635E-06  1.538E-07
                2.095E-07  3.978E-07  3.056E-07  2.666E-06  7.135E-06
9.12177147E+01  1.143E-02  9.167E-03  4.463E-03  4.284E-03  6.080E-03  1.687E-05
                1.824E-02  3.740E-03  4.702E-05  2.389E-05  2.156E-04  3.552E-03
                6.489E-03  1.893E-04  1.804E-04  8.660E-07  2.990E-06  6.232E-06
                3.157E-06  5.745E-06  1.727E-06  3.783E-06  2.504E-06  2.981E-07
                5.977E-07  1.915E-06  2.923E-06  3.365E-06  3.814E-06  9.169E-06
                6.487E-06  1.142E-06  2.023E-05  6.852E-06  3.015E-06  2.678E-06
                4.518E-09  2.469E-06  8.689E-07  1.488E-05  7.987E-06  4.872E-06
                7.403E-06  2.181E-07  4.054E-07  7.100E-07  1.852E-07  8.479E-07
                3.705E-05  7.966E-07  9.234E-07  1.378E-06  1.937E-07  2.357E-06
                7.098E-06  4.215E-06  3.544E-06  1.060E-05  1.148E-05  3.349E-06
                1.190E-06  7.202E-09  1.555E-08  8.666E-10  2.354E-06  1.397E-06
                2.488E-07  5.656E-08  2.739E-06  2.693E-06  3.550E-06  4.177E-06
                7.166E-06  2.309E-06  9.544E-06  9.425E-07  1.800E-06  5.614E-07
                4.199E-06  1.676E-06  5.802E-06  4.761E-08  1.471E-06  1.869E-06
                2.613E-05  1.057E-05  1.777E-09  2.134E-09  1.078E-09  7.264E-10
                7.541E-10  1.952E-06  1.002E-06  4.050E-06  1.993E-06  8.848E-07
                3.015E-06  3.178E-07  9.521E-06  1.149E-05  2.691E-07  4.353E-07
                5.680E-07  8.059E-08  2.177E-07  4.461E-07  9.003E-07  9.007E-07
                7.626E-08  9.810E-08  3.256E-06  7.910E-06  2.958E-05  6.468E-06
                3.276E-07  7.729E-07  4.070E-06  3.856E-06  3.893E-07  5.448E-07
                4.291E-07  9.547E-07  1.980E-05  3.807E-07  2.186E-06  2.400E-06
                6.008E-06  7.082E-06  2.955E-05  6.811E-07  3.884E-06  4.089E-06
                5.283E-06  4.881E-07  4.838E-07  3.031E-07  2.968E-07  8.061E-07
                1.252E-06  1.358E-06  1.338E-08  7.036E-07  1.277E-06  3.592E-06
                6.628E-06  3.294E-07  2.812E-07  1.606E-06  5.644E-07  2.781E-06
                1.985E-06  4.129E-06  2.889E-06  4.647E-06  6.109E-07  4.859E-07
                6.283E-06  5.759E-07  9.146E-07  6.344E-07  1.411E-06  5.838E-07
                2.236E-06  2.713E-06  1.357E-05  5.075E-06  6.965E-07  4.286E-07
                4.501E-07  4.379E-07  1.630E-06  1.038E-06  1.130E-06  5.909E-07
                4.989E-07  1.672E-06  4.474E-06  6.979E-06  9.151E-07  3.413E-07
                1.898E-07  7.762E-07  1.111E-06  1.234E-06  9.162E-07  2.374E-07
                4.193E-06  9.145E-07  3.185E-06  6.146E-07  1.233E-06  7.547E-06
                9.139E-06  6.168E-06  2.235E-06  2.798E-06  3.458E-06  1.127E-06
                1.419E-06  2.494E-06  6.371E-08  1.831E-08  1.177E-07  2.632E-07
                1.586E-06  1.584E-06  2.079E-06  3.748E-06  3.057E-06  9.449E-08
                1.088E-07  2.794E-07  2.263E-07  1.949E-06  5.230E-06
1.04825715E+02  7.303E-03  5.853E-03  2.848E-03  2.733E-03  3.893E-03  1.046E-05
                1.360E-02  2.790E-03  3.142E-05  1.435E-05  1.628E-04  2.703E-03
                4.946E-03  1.262E-04  1.204E-04  5.773E-07  1.932E-06  3.796E-06
                2.088E-06  3.570E-06  1.129E-06  2.472E-06  1.637E-06  1.979E-07
                4.925E-07  1.573E-06  2.585E-06  2.128E-06  2.392E-06  5.782E-06
                3.945E-06  7.442E-07  1.143E-05  4.538E-06  1.875E-06  1.695E-06
                2.916E-09  1.439E-06  5.056E-07  8.629E-06  4.762E-06  2.872E-06
                4.366E-06  1.210E-07  2.283E-07  4.116E-07  1.516E-07  6.060E-07
                2.393E-05  6.568E-07  5.522E-07  1.088E-06  1.051E-07  1.959E-06
                4.226E-06  2.472E-06  2.159E-06  6.414E-06  8.310E-06  2.192E-06
                7.411E-07  5.441E-09  1.113E-08  6.190E-10  1.265E-06  7.718E-07
                1.920E-07  4.986E-08  1.803E-06  1.753E-06  2.287E-06  3.205E-06
                5.275E-06  1.729E-06  6.193E-06  5.287E-07  1.115E-06  3.014E-07
                2.878E-06  1.147E-06  3.966E-06  3.521E-08  9.206E-07  1.100E-06
                1.745E-05  7.060E-06  1.274E-09  1.481E-09  6.966E-10  5.033E-10
                4.952E-10  1.352E-06  7.019E-07  2.752E-06  1.568E-06  6.833E-07
                2.372E-06  2.179E-07  6.373E-06  7.712E-06  2.018E-07  3.266E-07
                4.239E-07  5.995E-08  1.569E-07  3.319E-07  6.633E-07  6.686E-07
                4.495E-08  6.753E-08  2.348E-06  5.720E-06  2.059E-05  4.500E-06
                2.250E-07  5.739E-07  2.915E-06  2.678E-06  2.909E-07  4.107E-07
                3.267E-07  7.050E-07  1.318E-05  2.927E-07  1.622E-06  1.636E-06
                4.088E-06  5.031E-06  2.098E-05  5.069E-07  2.814E-06  2.961E-06
                3.578E-06  3.019E-07  2.918E-07  1.709E-07  1.917E-07  4.904E-07
                7.613E-07  8.298E-07  1.313E-08  4.874E-07  8.912E-07  2.553E-06
                4.777E-06  1.780E-07  1.823E-07  8.720E-07  3.041E-07  1.898E-06
                1.363E-06  2.929E-06  2.049E-06  3.313E-06  4.140E-07  2.982E-07
                4.515E-06  3.476E-07  5.519E-07  4.033E-07  8.888E-07  4.126E-07
                1.623E-06  1.915E-06  9.476E-06  3.544E-06  4.525E-07  2.559E-07
                2.819E-07  2.786E-07  1.169E-06  7.281E-07  7.868E-07  4.244E-07
                3.260E-07  1.208E-06  3.208E-06  4.953E-06  5.970E-07  2.724E-07
                1.430E-07  4.812E-07  6.933E-07  7.607E-07  5.638E-07  1.482E-07
                3.094E-06  5.957E-07  2.329E-06  4.307E-07  8.970E-07  5.647E-06
                6.838E-06  4.648E-06  1.386E-06  1.690E-06  1.920E-06  6.989E-07
                8.836E-07  1.530E-06  3.151E-08  9.526E-09  6.391E-08  1.595E-07
                1.213E-06  1.211E-06  1.563E-06  2.751E-06  2.176E-06  6.309E-08
                6.446E-08  1.984E-07  1.684E-07  1.464E-06  3.941E-06
1.18433715E+02  4.970E-03  3.995E-03  1.945E-03  1.870E-03  2.654E-03  7.183E-06
                1.043E-02  2.139E-03  2.241E-05  9.563E-06  1.247E-04  2.081E-03
                3.810E-03  8.765E-05  8.362E-05  3.842E-07  1.279E-06  2.245E-06
                1.418E-06  2.159E-06  7.450E-07  1.628E-06  1.126E-06  1.437E-07
                3.887E-07  1.225E-06  2.053E-06  1.375E-06  1.521E-06  3.706E-06
                2.558E-06  4.911E-07  7.419E-06  3.088E-06  1.244E-06  1.114E-06
                1.839E-09  8.807E-07  3.097E-07  5.640E-06  3.165E-06  1.896E-06
                2.876E-06  7.506E-08  1.501E-07  2.793E-07  1.587E-07  4.795E-07
                1.661E-05  5.686E-07  3.383E-07  9.109E-07  6.192E-08  1.704E-06
                2.765E-06  1.625E-06  1.361E-06  3.994E-06  6.440E-06  1.609E-06
                4.933E-07  4.086E-09  7.379E-09  4.225E-10  7.786E-07  4.871E-07
                1.437E-07  4.062E-08  1.204E-06  1.158E-06  1.514E-06  2.283E-06
                3.979E-06  1.310E-06  4.089E-06  3.324E-07  7.450E-07  1.833E-07
                1.977E-06  7.923E-07  2.731E-06  2.643E-08  6.045E-07  7.046E-07
                1.252E-05  5.055E-06  9.575E-10  1.082E-09  4.741E-10  3.564E-10
                3.280E-10  9.428E-07  4.743E-07  1.936E-06  1.254E-06  5.364E-07
                1.906E-06  1.608E-07  4.601E-06  5.570E-06  1.509E-07  2.449E-07
                3.197E-07  4.351E-08  1.200E-07  2.391E-07  4.780E-07  4.901E-07
                3.858E-08  4.829E-08  1.575E-06  3.839E-06  1.552E-05  3.392E-06
                1.609E-07  4.317E-07  2.209E-06  2.001E-06  2.105E-07  3.134E-07
                2.467E-07  4.960E-07  9.428E-06  2.179E-07  1.193E-06  1.144E-06
                2.868E-06  3.842E-06  1.603E-05  3.798E-07  1.944E-06  2.041E-06
                2.549E-06  1.899E-07  1.810E-07  9.980E-08  1.238E-07  3.046E-07
                4.732E-07  5.182E-07  1.228E-08  3.492E-07  6.601E-07  1.918E-06
                3.629E-06  1.045E-07  1.309E-07  4.716E-07  1.643E-07  1.336E-06
                9.526E-07  2.205E-06  1.542E-06  2.502E-06  3.018E-07  2.029E-07
                3.447E-06  2.270E-07  3.654E-07  2.572E-07  5.560E-07  3.171E-07
                1.222E-06  1.442E-06  7.087E-06  2.400E-06  2.936E-07  1.577E-07
                1.843E-07  1.805E-07  8.223E-07  5.459E-07  5.871E-07  2.994E-07
                2.309E-07  9.208E-07  2.426E-06  3.709E-06  3.843E-07  2.199E-07
                1.096E-07  3.061E-07  4.372E-07  4.731E-07  3.531E-07  9.675E-08
                2.374E-06  3.972E-07  1.772E-06  2.997E-07  6.765E-07  4.360E-06
                5.290E-06  3.609E-06  9.137E-07  1.084E-06  1.083E-06  4.564E-07
                5.894E-07  1.000E-06  2.610E-08  9.371E-09  3.598E-08  9.922E-08
                9.618E-07  9.629E-07  1.227E-06  2.116E-06  1.632E-06  4.397E-08
                3.919E-08  1.463E-07  1.306E-07  1.148E-06  3.094E-06
1.32041715E+02  3.416E-03  2.742E-03  1.334E-03  1.283E-03  1.830E-03  4.737E-06
                8.148E-03  1.671E-03  1.614E-05  6.094E-06  9.889E-05  1.659E-03
                3.042E-03  6.233E-05  5.950E-05  2.740E-07  9.420E-07  1.448E-06
                1.020E-06  1.424E-06  5.014E-07  1.098E-06  8.535E-07  1.160E-07
                3.270E-07  1.008E-06  1.715E-06  9.343E-07  9.964E-07  2.454E-06
                1.718E-06  3.298E-07  4.917E-06  2.206E-06  8.406E-07  7.459E-07
                1.229E-09  5.615E-07  1.989E-07  3.661E-06  2.113E-06  1.240E-06
                1.887E-06  4.822E-08  9.912E-08  1.881E-07  1.353E-07  3.754E-07
                1.154E-05  4.705E-07  2.205E-07  7.402E-07  3.523E-08  1.414E-06
                1.811E-06  1.053E-06  8.921E-07  2.651E-06  5.001E-06  1.187E-06
                3.362E-07  3.324E-09  5.844E-09  3.076E-10  4.863E-07  3.150E-07
                1.050E-07  3.080E-08  8.483E-07  8.104E-07  1.055E-06  1.858E-06
                2.986E-06  9.886E-07  2.861E-06  2.143E-07  5.186E-07  1.125E-07
                1.424E-06  5.702E-07  1.967E-06  2.306E-08  4.160E-07  4.667E-07
                8.806E-06  3.554E-06  7.293E-10  8.051E-10  3.326E-10  2.584E-10
                2.399E-10  6.787E-07  3.440E-07  1.377E-06  1.006E-06  4.240E-07
                1.532E-06  1.236E-07  3.228E-06  3.915E-06  1.160E-07  1.866E-07
                2.425E-07  3.344E-08  9.335E-08  1.844E-07  3.686E-07  3.818E-07
                3.438E-08  3.775E-08  1.248E-06  3.042E-06  1.131E-05  2.474E-06
                1.187E-07  3.241E-07  1.640E-06  1.460E-06  1.581E-07  2.372E-07
                1.880E-07  3.729E-07  6.572E-06  1.747E-07  9.417E-07  8.151E-07
                2.038E-06  2.844E-06  1.186E-05  2.839E-07  1.525E-06  1.605E-06
                1.806E-06  1.376E-07  1.273E-07  6.471E-08  9.290E-08  2.245E-07
                3.486E-07  3.827E-07  9.153E-09  2.513E-07  4.965E-07  1.458E-06
                2.782E-06  6.084E-08  9.292E-08  3.673E-07  1.282E-07  9.529E-07
                6.820E-07  1.679E-06  1.175E-06  1.908E-06  2.235E-07  1.395E-07
                2.595E-06  1.526E-07  2.460E-07  1.798E-07  3.850E-07  2.470E-07
                9.180E-07  1.082E-06  5.337E-06  1.835E-06  2.245E-07  1.067E-07
                1.296E-07  1.312E-07  6.757E-07  4.131E-07  4.403E-07  2.479E-07
                1.680E-07  7.056E-07  1.852E-06  2.822E-06  2.866E-07  1.718E-07
                8.504E-08  2.121E-07  3.337E-07  3.291E-07  2.708E-07  6.629E-08
                1.803E-06  2.796E-07  1.349E-06  2.440E-07  5.371E-07  3.325E-06
                4.039E-06  2.766E-06  6.480E-07  7.887E-07  7.854E-07  3.131E-07
                4.129E-07  7.114E-07  2.134E-08  7.652E-09  2.239E-08  6.457E-08
                7.566E-07  7.584E-07  9.420E-07  1.631E-06  1.245E-06  3.199E-08
                2.798E-08  1.107E-07  1.014E-07  8.989E-07  2.420E-06
1.45649715E+02  2.528E-03  2.036E-03  9.913E-04  9.550E-04  1.355E-03  3.695E-06
                6.474E-03  1.327E-03  1.236E-05  4.511E-06  7.805E-05  1.312E-03
                2.405E-03  4.570E-05  4.359E-05  1.982E-07  7.379E-07  9.584E-07
                7.587E-07  9.347E-07  3.405E-07  7.429E-07  6.060E-07  8.735E-08
                2.714E-07  8.363E-07  1.417E-06  6.153E-07  6.460E-07  1.608E-06
                1.218E-06  2.240E-07  3.649E-06  1.613E-06  5.921E-07  5.083E-07
                7.792E-10  3.638E-07  1.300E-07  2.721E-06  1.584E-06  9.204E-07
                1.398E-06  3.565E-08  7.925E-08  1.540E-07  1.434E-07  3.167E-07
                8.673E-06  4.106E-07  1.460E-07  6.351E-07  2.574E-08  1.234E-06
                1.317E-06  7.792E-07  6.059E-07  1.775E-06  4.098E-06  9.582E-07
                2.477E-07  2.574E-09  3.855E-09  2.125E-10  3.480E-07  2.305E-07
                7.919E-08  2.462E-08  6.021E-07  5.672E-07  7.426E-07  1.292E-06
                2.328E-06  7.662E-07  2.002E-06  1.514E-07  3.738E-07  7.861E-08
                9.522E-07  3.847E-07  1.322E-06  1.752E-08  2.930E-07  3.291E-07
                6.708E-06  2.713E-06  5.737E-10  6.146E-10  2.338E-10  1.897E-10
                1.680E-10  4.584E-07  2.248E-07  9.595E-07  8.206E-07  3.415E-07
                1.256E-06  1.013E-07  2.484E-06  3.008E-06  8.700E-08  1.390E-07
                1.824E-07  2.348E-08  7.367E-08  1.333E-07  2.631E-07  2.793E-07
                3.582E-08  2.523E-08  7.860E-07  1.916E-06  9.276E-06  2.028E-06
                8.675E-08  2.506E-07  1.320E-06  1.182E-06  1.111E-07  1.831E-07
                1.387E-07  2.527E-07  4.883E-06  1.261E-07  6.878E-07  6.088E-07
                1.528E-06  2.353E-06  9.822E-06  2.074E-07  9.946E-07  1.039E-06
                1.284E-06  9.204E-08  8.444E-08  4.030E-08  6.297E-08  1.508E-07
                2.346E-07  2.585E-07  8.044E-09  1.928E-07  3.881E-07  1.149E-06
                2.206E-06  3.884E-08  7.253E-08  2.381E-07  8.434E-08  7.164E-07
                5.073E-07  1.324E-06  9.264E-07  1.507E-06  1.733E-07  1.043E-07
                2.062E-06  1.095E-07  1.798E-07  1.215E-07  2.528E-07  2.073E-07
                7.261E-07  8.845E-07  4.354E-06  1.178E-06  1.515E-07  6.908E-08
                8.963E-08  8.874E-08  4.523E-07  3.268E-07  3.468E-07  1.670E-07
                1.286E-07  5.608E-07  1.465E-06  2.214E-06  1.910E-07  1.409E-07
                6.714E-08  1.431E-07  2.278E-07  2.161E-07  1.855E-07  4.610E-08
                1.473E-06  1.961E-07  1.088E-06  1.637E-07  4.247E-07  2.696E-06
                3.302E-06  2.262E-06  4.604E-07  5.527E-07  4.831E-07  2.194E-07
                2.986E-07  5.036E-07  2.453E-08  9.442E-09  1.530E-08  4.474E-08
                6.104E-07  6.134E-07  7.533E-07  1.288E-06  9.636E-07  2.468E-08
                1.950E-08  8.527E-08  8.102E-08  7.179E-07  1.938E-06
1.59257715E+02  1.806E-03  1.455E-03  7.083E-04  6.840E-04  9.751E-04  2.242E-06
                5.347E-03  1.097E-03  9.285E-06  2.747E-06  6.569E-05  1.110E-03
                2.037E-03  3.527E-05  3.376E-05  1.513E-07  6.172E-07  6.814E-07
                5.884E-07  6.722E-07  2.302E-07  5.034E-07  4.730E-07  7.117E-08
                2.342E-07  7.151E-07  1.216E-06  4.324E-07  4.339E-07  1.090E-06
                8.662E-07  1.508E-07  2.524E-06  1.219E-06  4.084E-07  3.439E-07
                5.362E-10  2.467E-07  8.988E-08  1.855E-06  1.113E-06  6.237E-07
                9.537E-07  2.459E-08  5.622E-08  1.119E-07  1.199E-07  2.560E-07
                6.174E-06  3.458E-07  1.011E-07  5.289E-07  1.815E-08  1.039E-06
                8.975E-07  5.241E-07  4.080E-07  1.225E-06  3.317E-06  7.457E-07
                1.767E-07  2.173E-09  3.261E-09  1.651E-10  2.313E-07  1.599E-07
                5.665E-08  1.797E-08  4.306E-07  4.046E-07  5.258E-07  1.090E-06
                1.778E-06  5.790E-07  1.425E-06  1.020E-07  2.676E-07  5.037E-08
                6.996E-07  2.811E-07  9.697E-07  1.659E-08  2.060E-07  2.255E-07
                4.747E-06  1.923E-06  4.466E-10  4.665E-10  1.666E-10  1.400E-10
                1.293E-10  3.323E-07  1.682E-07  6.825E-07  6.635E-07  2.736E-07
                1.013E-06  7.511E-08  1.752E-06  2.127E-06  6.727E-08  1.054E-07
                1.366E-07  1.846E-08  5.917E-08  1.044E-07  2.057E-07  2.203E-07
                3.491E-08  2.078E-08  6.634E-07  1.616E-06  6.984E-06  1.527E-06
                6.588E-08  1.861E-07  9.974E-07  8.911E-07  8.451E-08  1.384E-07
                1.055E-07  1.945E-07  3.415E-06  1.045E-07  5.622E-07  4.448E-07
                1.113E-06  1.794E-06  7.491E-06  1.574E-07  8.236E-07  8.628E-07
                9.116E-07  7.180E-08  6.412E-08  2.828E-08  5.045E-08  1.213E-07
                1.886E-07  2.078E-07  5.494E-09  1.412E-07  3.004E-07  8.935E-07
                1.726E-06  2.389E-08  5.474E-08  2.063E-07  7.289E-08  5.244E-07
                3.740E-07  1.025E-06  7.185E-07  1.168E-06  1.357E-07  7.687E-08
                1.573E-06  7.851E-08  1.291E-07  8.732E-08  1.818E-07  1.663E-07
                5.551E-07  6.893E-07  3.421E-06  9.285E-07  1.232E-07  4.959E-08
                6.641E-08  6.836E-08  3.950E-07  2.515E-07  2.651E-07  1.470E-07
                9.711E-08  4.368E-07  1.138E-06  1.717E-06  1.499E-07  1.074E-07
                5.201E-08  1.038E-07  1.791E-07  1.596E-07  1.464E-07  3.355E-08
                1.159E-06  1.452E-07  8.575E-07  1.412E-07  3.527E-07  2.120E-06
                2.604E-06  1.788E-06  3.440E-07  4.312E-07  3.956E-07  1.569E-07
                2.185E-07  3.787E-07  1.632E-08  6.094E-09  1.029E-08  3.085E-08
                4.894E-07  4.924E-07  5.910E-07  1.022E-06  7.583E-07  1.781E-08
                1.444E-08  6.713E-08  6.466E-08  5.732E-07  1.553E-06
1.72865715E+02  1.410E-03  1.131E-03  5.508E-04  5.305E-04  7.549E-04  2.130E-06
                4.180E-03  8.571E-04  7.420E-06  2.372E-06  5.110E-05  8.641E-04
                1.586E-03  2.475E-05  2.356E-05  1.201E-07  5.314E-07  4.888E-07
                4.811E-07  4.757E-07  1.680E-07  3.662E-07  3.621E-07  5.952E-08
                1.617E-07  4.751E-07  7.710E-07  2.957E-07  2.864E-07  7.266E-07
                6.442E-07  1.103E-07  2.135E-06  8.425E-07  3.098E-07  2.473E-07
                3.462E-10  1.682E-07  6.098E-08  1.513E-06  8.882E-07  5.065E-07
                7.702E-07  2.032E-08  4.983E-08  9.965E-08  1.186E-07  2.288E-07
                4.970E-06  3.080E-07  7.265E-08  4.677E-07  1.695E-08  9.256E-07
                7.066E-07  4.238E-07  2.986E-07  8.750E-07  2.830E-06  6.338E-07
                1.426E-07  1.747E-09  2.125E-09  1.157E-10  1.750E-07  1.242E-07
                4.373E-08  1.434E-08  3.262E-07  3.035E-07  4.032E-07  7.487E-07
                1.380E-06  4.600E-07  1.074E-06  7.647E-08  2.087E-07  3.702E-08
                4.854E-07  1.985E-07  6.786E-07  1.024E-08  1.556E-07  1.696E-07
                3.887E-06  1.578E-06  3.538E-10  3.684E-10  1.279E-10  1.052E-10
                8.546E-11  2.356E-07  1.109E-07  5.093E-07  5.312E-07  2.169E-07
                8.202E-07  7.673E-08  1.444E-06  1.742E-06  5.297E-08  8.140E-08
                1.072E-07  1.330E-08  5.045E-08  7.980E-08  1.548E-07  1.707E-07
                3.727E-08  1.458E-08  4.105E-07  9.989E-07  5.716E-06  1.250E-06
                4.833E-08  1.535E-07  8.179E-07  7.240E-07  6.059E-08  1.101E-07
                7.906E-08  1.340E-07  2.740E-06  7.611E-08  4.140E-07  3.478E-07
                8.729E-07  1.480E-06  6.184E-06  1.110E-07  5.288E-07  5.492E-07
                6.953E-07  4.576E-08  4.111E-08  1.710E-08  3.219E-08  7.701E-08
                1.199E-07  1.327E-07  4.705E-09  1.153E-07  2.385E-07  7.132E-07
                1.383E-06  1.564E-08  4.118E-08  1.486E-07  5.393E-08  4.107E-07
                2.884E-07  8.225E-07  5.755E-07  9.376E-07  1.060E-07  5.906E-08
                1.281E-06  5.730E-08  9.562E-08  6.376E-08  1.255E-07  1.475E-07
                4.437E-07  5.664E-07  2.828E-06  6.194E-07  7.857E-08  3.154E-08
                4.586E-08  4.464E-08  2.654E-07  2.033E-07  2.142E-07  9.938E-08
                7.636E-08  3.520E-07  9.134E-07  1.371E-06  9.703E-08  8.967E-08
                4.156E-08  7.290E-08  1.336E-07  1.075E-07  1.102E-07  2.359E-08
                9.286E-07  1.032E-07  6.858E-07  9.816E-08  2.767E-07  1.676E-06
                2.072E-06  1.420E-06  2.533E-07  3.104E-07  2.464E-07  1.152E-07
                1.659E-07  2.786E-07  2.496E-08  9.636E-09  8.278E-09  2.299E-08
                3.926E-07  3.959E-07  4.672E-07  8.023E-07  5.842E-07  1.600E-08
                1.212E-08  5.212E-08  5.163E-08  4.554E-07  1.230E-06
1.86473715E+02  1.089E-03  8.836E-04  4.305E-04  4.186E-04  5.905E-04  1.280E-06
                3.771E-03  7.735E-04  5.987E-06  1.444E-06  4.612E-05  7.805E-04
                1.433E-03  2.222E-05  2.131E-05  9.492E-08  4.725E-07  4.084E-07
                3.831E-07  3.813E-07  1.093E-07  2.379E-07  2.518E-07  4.110E-08
                1.984E-07  6.243E-07  1.071E-06  1.993E-07  1.968E-07  5.018E-07
                5.019E-07  7.119E-08  1.392E-06  8.093E-07  2.039E-07  1.604E-07
                2.321E-10  1.155E-07  4.483E-08  1.087E-06  6.890E-07  3.502E-07
                5.376E-07  1.444E-08  3.643E-08  7.528E-08  9.785E-08  1.856E-07
                3.554E-06  2.627E-07  5.138E-08  3.948E-07  1.425E-08  7.863E-07
                4.950E-07  2.953E-07  2.004E-07  5.975E-07  2.364E-06  5.199E-07
                1.014E-07  1.468E-09  1.817E-09  9.028E-11  1.343E-07  9.626E-08
                3.091E-08  1.048E-08  2.257E-07  2.087E-07  2.721E-07  6.430E-07
                1.138E-06  3.563E-07  7.343E-07  5.659E-08  1.511E-07  2.708E-08
                3.188E-07  1.281E-07  4.440E-07  1.326E-08  1.081E-07  1.208E-07
                2.652E-06  1.089E-06  2.883E-10  2.795E-10  8.152E-11  7.944E-11
                7.539E-11  1.486E-07  7.917E-08  3.139E-07  4.571E-07  1.857E-07
                6.962E-07  4.451E-08  9.957E-07  1.204E-06  3.895E-08  5.883E-08
                7.617E-08  9.863E-09  3.884E-08  5.851E-08  1.120E-07  1.250E-07
                3.272E-08  1.083E-08  3.328E-07  8.088E-07  4.816E-06  1.051E-06
                3.973E-08  1.121E-07  6.603E-07  6.061E-07  4.398E-08  8.267E-08
                5.786E-08  9.731E-08  1.769E-06  6.196E-08  3.397E-07  2.608E-07
                6.508E-07  1.255E-06  5.250E-06  8.724E-08  4.252E-07  4.415E-07
                4.308E-07  3.985E-08  3.484E-08  1.351E-08  2.859E-08  6.982E-08
                1.087E-07  1.197E-07  3.092E-09  8.727E-08  1.921E-07  5.748E-07
                1.119E-06  1.126E-08  3.819E-08  1.157E-07  4.115E-08  3.080E-07
                2.205E-07  6.503E-07  4.573E-07  7.441E-07  9.154E-08  5.023E-08
                9.916E-07  4.854E-08  8.233E-08  4.468E-08  9.079E-08  1.194E-07
                3.615E-07  4.838E-07  2.412E-06  4.282E-07  6.971E-08  2.446E-08
                3.663E-08  3.749E-08  2.178E-07  1.602E-07  1.673E-07  8.224E-08
                6.037E-08  2.815E-07  7.289E-07  1.088E-06  8.120E-08  6.877E-08
                3.232E-08  5.401E-08  9.551E-08  8.257E-08  7.798E-08  1.909E-08
                8.110E-07  8.235E-08  5.905E-07  7.585E-08  2.406E-07  1.462E-06
                1.823E-06  1.250E-06  1.947E-07  2.481E-07  2.051E-07  8.536E-08
                1.241E-07  2.138E-07  1.158E-08  4.458E-09  5.486E-09  1.683E-08
                3.275E-07  3.298E-07  3.857E-07  6.632E-07  4.778E-07  1.073E-08
                8.075E-09  4.332E-08  4.289E-08  3.767E-07  1.030E-06
2.00081715E+02  7.625E-04  6.113E-04  2.994E-04  2.880E-04  4.118E-04  8.490E-07
                2.921E-03  5.991E-04  4.548E-06  9.644E-07  3.693E-05  6.296E-04
                1.158E-03  1.472E-05  1.406E-05  8.194E-08  4.219E-07  2.653E-07
                3.449E-07  2.742E-07  8.731E-08  1.906E-07  2.347E-07  4.237E-08
                8.935E-08  2.391E-07  3.523E-07  1.570E-07  1.330E-07  3.415E-07
                3.431E-07  5.695E-08  1.185E-06  4.210E-07  1.602E-07  1.192E-07
                1.675E-10  9.039E-08  3.329E-08  7.660E-07  4.515E-07  2.541E-07
                3.867E-07  1.100E-08  3.118E-08  6.644E-08  9.383E-08  1.738E-07
                2.649E-06  2.463E-07  3.860E-08  3.685E-07  1.362E-08  7.390E-07
                3.522E-07  2.091E-07  1.452E-07  4.317E-07  2.128E-06  4.491E-07
                8.649E-08  1.301E-09  1.337E-09  7.036E-11  8.052E-08  6.306E-08
                2.251E-08  7.684E-09  1.737E-07  1.615E-07  2.177E-07  4.798E-07
                8.046E-07  2.749E-07  5.694E-07  3.623E-08  1.169E-07  1.498E-08
                2.836E-07  1.158E-07  3.969E-07  6.536E-09  8.027E-08  8.312E-08
                2.117E-06  8.582E-07  2.153E-10  2.208E-10  7.335E-11  5.859E-11
                4.346E-11  1.363E-07  6.328E-08  2.906E-07  3.354E-07  1.345E-07
                5.211E-07  5.818E-08  7.792E-07  9.410E-07  3.316E-08  4.768E-08
                6.214E-08  8.134E-09  3.806E-08  5.104E-08  9.589E-08  1.081E-07
                3.920E-08  1.010E-08  2.632E-07  6.393E-07  3.322E-06  7.273E-07
                2.684E-08  9.506E-08  4.880E-07  4.229E-07  3.522E-08  6.517E-08
                4.548E-08  7.899E-08  1.525E-06  5.298E-08  2.693E-07  1.901E-07
                4.752E-07  8.801E-07  3.677E-06  6.284E-08  3.359E-07  3.491E-07
                4.050E-07  2.409E-08  2.135E-08  7.866E-09  1.729E-08  4.198E-08
                6.538E-08  7.256E-08  2.471E-09  7.004E-08  1.446E-07  4.337E-07
                8.463E-07  6.507E-09  2.309E-08  1.072E-07  3.944E-08  2.249E-07
                1.584E-07  4.945E-07  3.462E-07  5.651E-07  6.850E-08  3.547E-08
                7.794E-07  3.049E-08  5.111E-08  3.597E-08  6.777E-08  1.035E-07
                2.629E-07  3.499E-07  1.785E-06  3.757E-07  4.328E-08  1.525E-08
                2.406E-08  2.346E-08  1.848E-07  1.214E-07  1.283E-07  6.983E-08
                4.480E-08  2.143E-07  5.523E-07  8.244E-07  5.097E-08  5.492E-08
                2.577E-08  3.933E-08  8.418E-08  5.912E-08  7.014E-08  1.288E-08
                5.705E-07  5.772E-08  4.246E-07  6.947E-08  1.843E-07  1.018E-06
                1.263E-06  8.671E-07  1.407E-07  1.816E-07  1.469E-07  6.071E-08
                9.225E-08  1.563E-07  1.764E-08  6.680E-09  4.434E-09  1.198E-08
                2.521E-07  2.545E-07  2.885E-07  5.015E-07  3.561E-07  9.448E-09
                7.306E-09  3.249E-08  3.318E-08  2.877E-07  7.779E-07
