2.89611147E+01  1.021E-01
2.93013147E+01  1.119E-01
2.96415147E+01  1.110E-01
2.99817147E+01  1.111E-01
3.03219147E+01  1.148E-01
3.06621147E+01  9.950E-02
3.10023147E+01  9.874E-02
3.13425147E+01  9.830E-02
3.16827147E+01  9.230E-02
3.20229147E+01  9.165E-02
3.23631147E+01  8.824E-02
3.27033147E+01  8.563E-02
3.30435147E+01  8.190E-02
3.33837147E+01  7.992E-02
3.37239147E+01  7.610E-02
3.40641147E+01  7.752E-02
3.44043147E+01  7.563E-02
3.47445147E+01  7.396E-02
3.50847147E+01  7.193E-02
3.54249147E+01  7.073E-02
3.57651147E+01  6.860E-02
3.61053147E+01  6.678E-02
3.64455147E+01  6.570E-02
3.67857147E+01  6.222E-02
3.71259147E+01  6.232E-02
3.74661147E+01  6.097E-02
3.78063147E+01  5.969E-02
3.81465147E+01  5.801E-02
3.84867147E+01  5.730E-02
3.88269147E+01  5.851E-02
3.91671147E+01  4.943E-02
3.95073147E+01  5.104E-02
3.98475147E+01  5.071E-02
4.01877147E+01  5.025E-02
4.05279147E+01  4.921E-02
4.08681147E+01  5.144E-02
4.12083147E+01  4.515E-02
4.15485147E+01  4.690E-02
4.18887147E+01  4.456E-02
4.22289147E+01  4.403E-02
4.25691147E+01  4.601E-02
4.29093147E+01  4.279E-02
4.32495147E+01  4.099E-02
4.35897147E+01  4.264E-02
4.39299147E+01  4.116E-02
4.42701147E+01  3.733E-02
4.46103147E+01  3.684E-02
4.49505147E+01  3.725E-02
4.52907147E+01  3.652E-02
4.56309147E+01  3.508E-02
4.59711147E+01  3.346E-02
4.63113147E+01  3.471E-02
4.66515147E+01  3.220E-02
4.69917147E+01  3.230E-02
4.73319147E+01  3.101E-02
4.76721147E+01  3.027E-02
4.80123147E+01  3.038E-02
4.83525147E+01  3.349E-02
4.86927147E+01  2.906E-02
4.90329147E+01  2.794E-02
4.93731147E+01  2.766E-02
4.97133147E+01  2.763E-02
5.00535147E+01  2.702E-02
5.03937147E+01  2.585E-02
5.07339147E+01  2.563E-02
5.10741147E+01  2.519E-02
5.14143147E+01  2.482E-02
5.17545147E+01  2.442E-02
5.20947147E+01  2.394E-02
5.24349147E+01  2.349E-02
5.27751147E+01  2.310E-02
5.31153147E+01  2.262E-02
5.34555147E+01  2.216E-02
5.37957147E+01  2.181E-02
5.41359147E+01  2.138E-02
5.44761147E+01  2.101E-02
5.48163147E+01  2.064E-02
5.51565147E+01  2.027E-02
5.54967147E+01  1.992E-02
5.58369147E+01  1.957E-02
5.61771147E+01  1.923E-02
5.65173147E+01  1.889E-02
5.68575147E+01  1.857E-02
5.71977147E+01  1.825E-02
5.75379147E+01  1.793E-02
5.78781147E+01  1.763E-02
5.82183147E+01  1.733E-02
5.85585147E+01  1.704E-02
5.88987147E+01  1.675E-02
5.92389147E+01  1.647E-02
5.95791147E+01  1.620E-02
5.99193147E+01  1.593E-02
6.02595147E+01  1.566E-02
6.05997147E+01  1.541E-02
6.09399147E+01  1.515E-02
6.12801147E+01  1.491E-02
6.16203147E+01  1.467E-02
6.19605147E+01  1.443E-02
6.23007147E+01  1.420E-02
6.26409147E+01  1.397E-02
6.29811147E+01  1.375E-02
6.33213147E+01  1.354E-02
6.36615147E+01  1.332E-02
6.40017147E+01  1.311E-02
6.43419147E+01  1.291E-02
6.46821147E+01  1.271E-02
6.50223147E+01  1.252E-02
6.53625147E+01  1.232E-02
6.57027147E+01  1.214E-02
6.60429147E+01  1.195E-02
6.63831147E+01  1.177E-02
6.67233147E+01  1.160E-02
6.70635147E+01  1.143E-02
6.74037147E+01  1.126E-02
6.77439147E+01  1.109E-02
6.80841147E+01  1.092E-02
6.84243147E+01  1.076E-02
6.87645147E+01  1.061E-02
6.91047147E+01  1.045E-02
6.94449147E+01  1.030E-02
6.97851147E+01  1.015E-02
7.01253147E+01  1.000E-02
7.04655147E+01  9.856E-03
7.08057147E+01  9.714E-03
7.11459147E+01  9.574E-03
7.14861147E+01  9.437E-03
7.18263147E+01  9.302E-03
7.21665147E+01  9.170E-03
7.25067147E+01  9.040E-03
7.28469147E+01  8.912E-03
7.31871147E+01  8.787E-03
7.35273147E+01  8.663E-03
7.38675147E+01  8.542E-03
7.42077147E+01  8.423E-03
7.45479147E+01  8.306E-03
7.48881147E+01  8.191E-03
7.52283147E+01  8.078E-03
7.55685147E+01  7.967E-03
7.59087147E+01  7.858E-03
7.62489147E+01  7.750E-03
7.65891147E+01  7.645E-03
7.69293147E+01  7.541E-03
7.72695147E+01  7.439E-03
7.76097147E+01  7.338E-03
7.79499147E+01  7.239E-03
7.82901147E+01  7.142E-03
7.86303147E+01  7.047E-03
7.89705147E+01  6.953E-03
7.93107147E+01  6.861E-03
7.96509147E+01  6.770E-03
7.99911147E+01  6.681E-03
8.03313147E+01  6.593E-03
8.06715147E+01  6.507E-03
8.10117147E+01  6.423E-03
8.13519147E+01  6.340E-03
8.16921147E+01  6.258E-03
8.20323147E+01  6.178E-03
8.23725147E+01  6.100E-03
8.27127147E+01  6.023E-03
8.30529147E+01  5.947E-03
8.33931147E+01  5.873E-03
8.37333147E+01  5.800E-03
8.40735147E+01  5.728E-03
8.44137147E+01  5.658E-03
8.47539147E+01  5.589E-03
8.50941147E+01  5.521E-03
8.54343147E+01  5.454E-03
8.57745147E+01  5.389E-03
8.61147147E+01  5.324E-03
8.64549147E+01  5.261E-03
8.67951147E+01  5.198E-03
8.71353147E+01  5.137E-03
8.74755147E+01  5.076E-03
8.78157147E+01  5.017E-03
8.81559147E+01  4.958E-03
8.84961147E+01  4.900E-03
8.88363147E+01  4.843E-03
8.91765147E+01  4.786E-03
8.95167147E+01  4.731E-03
8.98569147E+01  4.676E-03
9.01971147E+01  4.621E-03
9.05373147E+01  4.568E-03
9.08775147E+01  4.515E-03
9.12177147E+01  4.463E-03
9.15579147E+01  4.411E-03
9.18981147E+01  4.361E-03
9.22383147E+01  4.310E-03
9.25785147E+01  4.261E-03
9.29187147E+01  4.212E-03
9.32589147E+01  4.164E-03
9.35991147E+01  4.116E-03
9.39393147E+01  4.069E-03
9.42795147E+01  4.022E-03
9.46197147E+01  3.976E-03
9.49599147E+01  3.931E-03
9.53001147E+01  3.886E-03
9.56403147E+01  3.842E-03
9.59805147E+01  3.798E-03
9.63207147E+01  3.755E-03
9.66609147E+01  3.713E-03
9.70011147E+01  3.671E-03
9.73413147E+01  3.630E-03
9.76815147E+01  3.589E-03
9.80217147E+01  3.548E-03
9.83619147E+01  3.508E-03
9.87021147E+01  3.469E-03
9.90423147E+01  3.430E-03
9.93825147E+01  3.392E-03
9.97227147E+01  3.354E-03
1.00062915E+02  3.317E-03
1.00403115E+02  3.280E-03
1.00743315E+02  3.244E-03
1.01083515E+02  3.208E-03
1.01423715E+02  3.173E-03
1.01763915E+02  3.138E-03
1.02104115E+02  3.104E-03
1.02444315E+02  3.070E-03
1.02784515E+02  3.037E-03
1.03124715E+02  3.004E-03
1.03464915E+02  2.972E-03
1.03805115E+02  2.940E-03
1.04145315E+02  2.909E-03
1.04485515E+02  2.878E-03
1.04825715E+02  2.848E-03
1.05165915E+02  2.819E-03
1.05506115E+02  2.789E-03
1.05846315E+02  2.761E-03
1.06186515E+02  2.733E-03
1.06526715E+02  2.705E-03
1.06866915E+02  2.678E-03
1.07207115E+02  2.651E-03
1.07547315E+02  2.625E-03
1.07887515E+02  2.599E-03
1.08227715E+02  2.573E-03
1.08567915E+02  2.549E-03
1.08908115E+02  2.524E-03
1.09248315E+02  2.500E-03
1.09588515E+02  2.476E-03
1.09928715E+02  2.452E-03
1.10268915E+02  2.429E-03
1.10609115E+02  2.407E-03
1.10949315E+02  2.384E-03
1.11289515E+02  2.362E-03
1.11629715E+02  2.340E-03
1.11969915E+02  2.319E-03
1.12310115E+02  2.297E-03
1.12650315E+02  2.276E-03
1.12990515E+02  2.255E-03
1.13330715E+02  2.235E-03
1.13670915E+02  2.214E-03
1.14011115E+02  2.194E-03
1.14351315E+02  2.174E-03
1.14691515E+02  2.154E-03
1.15031715E+02  2.134E-03
1.15371915E+02  2.114E-03
1.15712115E+02  2.095E-03
1.16052315E+02  2.076E-03
1.16392515E+02  2.057E-03
1.16732715E+02  2.038E-03
1.17072915E+02  2.019E-03
1.17413115E+02  2.000E-03
1.17753315E+02  1.982E-03
1.18093515E+02  1.963E-03
1.18433715E+02  1.945E-03
1.18773915E+02  1.927E-03
1.19114115E+02  1.909E-03
1.19454315E+02  1.891E-03
1.19794515E+02  1.873E-03
1.20134715E+02  1.855E-03
1.20474915E+02  1.838E-03
1.20815115E+02  1.820E-03
1.21155315E+02  1.803E-03
1.21495515E+02  1.786E-03
1.21835715E+02  1.769E-03
1.22175915E+02  1.752E-03
1.22516115E+02  1.735E-03
1.22856315E+02  1.719E-03
1.23196515E+02  1.702E-03
1.23536715E+02  1.686E-03
1.23876915E+02  1.670E-03
1.24217115E+02  1.654E-03
1.24557315E+02  1.638E-03
1.24897515E+02  1.623E-03
1.25237715E+02  1.607E-03
1.25577915E+02  1.592E-03
1.25918115E+02  1.577E-03
1.26258315E+02  1.562E-03
1.26598515E+02  1.547E-03
1.26938715E+02  1.532E-03
1.27278915E+02  1.517E-03
1.27619115E+02  1.503E-03
1.27959315E+02  1.489E-03
1.28299515E+02  1.475E-03
1.28639715E+02  1.461E-03
1.28979915E+02  1.448E-03
1.29320115E+02  1.434E-03
1.29660315E+02  1.421E-03
1.30000515E+02  1.408E-03
1.30340715E+02  1.395E-03
1.30680915E+02  1.383E-03
1.31021115E+02  1.370E-03
1.31361315E+02  1.358E-03
1.31701515E+02  1.346E-03
1.32041715E+02  1.334E-03
1.32381915E+02  1.323E-03
1.32722115E+02  1.312E-03
1.33062315E+02  1.300E-03
1.33402515E+02  1.290E-03
1.33742715E+02  1.279E-03
1.34082915E+02  1.268E-03
1.34423115E+02  1.258E-03
1.34763315E+02  1.248E-03
1.35103515E+02  1.238E-03
1.35443715E+02  1.228E-03
1.35783915E+02  1.219E-03
1.36124115E+02  1.210E-03
1.36464315E+02  1.201E-03
1.36804515E+02  1.192E-03
1.37144715E+02  1.183E-03
1.37484915E+02  1.174E-03
1.37825115E+02  1.166E-03
1.38165315E+02  1.157E-03
1.38505515E+02  1.149E-03
1.38845715E+02  1.141E-03
1.39185915E+02  1.133E-03
1.39526115E+02  1.125E-03
1.39866315E+02  1.117E-03
1.40206515E+02  1.109E-03
1.40546715E+02  1.102E-03
1.40886915E+02  1.094E-03
1.41227115E+02  1.087E-03
1.41567315E+02  1.079E-03
1.41907515E+02  1.072E-03
1.42247715E+02  1.064E-03
1.42587915E+02  1.057E-03
1.42928115E+02  1.050E-03
1.43268315E+02  1.042E-03
1.43608515E+02  1.035E-03
1.43948715E+02  1.028E-03
1.44288915E+02  1.020E-03
1.44629115E+02  1.013E-03
1.44969315E+02  1.006E-03
1.45309515E+02  9.986E-04
1.45649715E+02  9.913E-04
1.45989915E+02  9.840E-04
1.46330115E+02  9.767E-04
1.46670315E+02  9.694E-04
1.47010515E+02  9.621E-04
1.47350715E+02  9.548E-04
1.47690915E+02  9.474E-04
1.48031115E+02  9.401E-04
1.48371315E+02  9.328E-04
1.48711515E+02  9.254E-04
1.49051715E+02  9.180E-04
1.49391915E+02  9.107E-04
1.49732115E+02  9.033E-04
1.50072315E+02  8.960E-04
1.50412515E+02  8.886E-04
1.50752715E+02  8.812E-04
1.51092915E+02  8.739E-04
1.51433115E+02  8.666E-04
1.51773315E+02  8.593E-04
1.52113515E+02  8.520E-04
1.52453715E+02  8.447E-04
1.52793915E+02  8.374E-04
1.53134115E+02  8.302E-04
1.53474315E+02  8.230E-04
1.53814515E+02  8.158E-04
1.54154715E+02  8.087E-04
1.54494915E+02  8.016E-04
1.54835115E+02  7.945E-04
1.55175315E+02  7.875E-04
1.55515515E+02  7.806E-04
1.55855715E+02  7.737E-04
1.56195915E+02  7.668E-04
1.56536115E+02  7.600E-04
1.56876315E+02  7.533E-04
1.57216515E+02  7.467E-04
1.57556715E+02  7.401E-04
1.57896915E+02  7.336E-04
1.58237115E+02  7.271E-04
1.58577315E+02  7.208E-04
1.58917515E+02  7.145E-04
1.59257715E+02  7.083E-04
1.59597915E+02  7.023E-04
1.59938115E+02  6.963E-04
1.60278315E+02  6.904E-04
1.60618515E+02  6.846E-04
1.60958715E+02  6.789E-04
1.61298915E+02  6.734E-04
1.61639115E+02  6.679E-04
1.61979315E+02  6.626E-04
1.62319515E+02  6.574E-04
1.62659715E+02  6.523E-04
1.62999915E+02  6.473E-04
1.63340115E+02  6.424E-04
1.63680315E+02  6.377E-04
1.64020515E+02  6.331E-04
1.64360715E+02  6.286E-04
1.64700915E+02  6.242E-04
1.65041115E+02  6.200E-04
1.65381315E+02  6.159E-04
1.65721515E+02  6.119E-04
1.66061715E+02  6.080E-04
1.66401915E+02  6.043E-04
1.66742115E+02  6.006E-04
1.67082315E+02  5.971E-04
1.67422515E+02  5.937E-04
1.67762715E+02  5.904E-04
1.68102915E+02  5.872E-04
1.68443115E+02  5.841E-04
1.68783315E+02  5.811E-04
1.69123515E+02  5.782E-04
1.69463715E+02  5.754E-04
1.69803915E+02  5.727E-04
1.70144115E+02  5.701E-04
1.70484315E+02  5.675E-04
1.70824515E+02  5.650E-04
1.71164715E+02  5.625E-04
1.71504915E+02  5.601E-04
1.71845115E+02  5.577E-04
1.72185315E+02  5.554E-04
1.72525515E+02  5.531E-04
1.72865715E+02  5.508E-04
1.73205915E+02  5.486E-04
1.73546115E+02  5.463E-04
1.73886315E+02  5.441E-04
1.74226515E+02  5.418E-04
1.74566715E+02  5.396E-04
1.74906915E+02  5.373E-04
1.75247115E+02  5.350E-04
1.75587315E+02  5.327E-04
1.75927515E+02  5.304E-04
1.76267715E+02  5.280E-04
1.76607915E+02  5.255E-04
1.76948115E+02  5.231E-04
1.77288315E+02  5.206E-04
1.77628515E+02  5.180E-04
1.77968715E+02  5.153E-04
1.78308915E+02  5.127E-04
1.78649115E+02  5.099E-04
1.78989315E+02  5.071E-04
1.79329515E+02  5.042E-04
1.79669715E+02  5.013E-04
1.80009915E+02  4.983E-04
1.80350115E+02  4.952E-04
1.80690315E+02  4.921E-04
1.81030515E+02  4.889E-04
1.81370715E+02  4.856E-04
1.81710915E+02  4.823E-04
1.82051115E+02  4.789E-04
1.82391315E+02  4.755E-04
1.82731515E+02  4.720E-04
1.83071715E+02  4.684E-04
1.83411915E+02  4.648E-04
1.83752115E+02  4.611E-04
1.84092315E+02  4.574E-04
1.84432515E+02  4.537E-04
1.84772715E+02  4.499E-04
1.85112915E+02  4.461E-04
1.85453115E+02  4.422E-04
1.85793315E+02  4.384E-04
1.86133515E+02  4.345E-04
1.86473715E+02  4.305E-04
1.86813915E+02  4.266E-04
1.87154115E+02  4.226E-04
1.87494315E+02  4.186E-04
1.87834515E+02  4.146E-04
1.88174715E+02  4.107E-04
1.88514915E+02  4.067E-04
1.88855115E+02  4.027E-04
1.89195315E+02  3.987E-04
1.89535515E+02  3.947E-04
1.89875715E+02  3.908E-04
1.90215915E+02  3.869E-04
1.90556115E+02  3.830E-04
1.90896315E+02  3.791E-04
1.91236515E+02  3.752E-04
1.91576715E+02  3.714E-04
1.91916915E+02  3.677E-04
1.92257115E+02  3.639E-04
1.92597315E+02  3.603E-04
1.92937515E+02  3.566E-04
1.93277715E+02  3.531E-04
1.93617915E+02  3.496E-04
1.93958115E+02  3.461E-04
1.94298315E+02  3.428E-04
1.94638515E+02  3.395E-04
1.94978715E+02  3.363E-04
1.95318915E+02  3.331E-04
1.95659115E+02  3.301E-04
1.95999315E+02  3.271E-04
1.96339515E+02  3.242E-04
1.96679715E+02  3.214E-04
1.97019915E+02  3.188E-04
1.97360115E+02  3.162E-04
1.97700315E+02  3.137E-04
1.98040515E+02  3.113E-04
1.98380715E+02  3.090E-04
1.98720915E+02  3.069E-04
1.99061115E+02  3.048E-04
1.99401315E+02  3.029E-04
1.99741515E+02  3.011E-04
2.00081715E+02  2.994E-04
2.00421915E+02  2.978E-04
2.00762115E+02  2.963E-04
2.01102315E+02  2.949E-04
2.01442515E+02  2.937E-04
2.01782715E+02  2.926E-04
2.02122915E+02  2.916E-04
2.02463115E+02  2.907E-04
2.02803315E+02  2.899E-04
2.03143515E+02  2.893E-04
2.03483715E+02  2.887E-04
2.03823915E+02  2.883E-04
2.04164115E+02  2.880E-04
2.04504315E+02  2.878E-04
