          16           7
         215          13           1           1
           0          -4           0          -4           0          -6           0          -2           0          -4           0           6           0           4           0           2           0           4           0           6           0           2           0           4           0           2           0          -4           0          -2           0           2           0           4           0           6           0           2           0           4           0           6           0           4           0          -2           0          -2           0          -4           0          -6           0          -8           0          -2           0          -4           0          -6           0          -4           0           2           0          -4           0          -6           0          -2           0          -4           0          -6           0          -6           0          -8           0          -4           0          -6           0          -2           0          -4           0           4           0           6           0           8           0          10           0           4           0          -4           0           2           0           6           0           4           0           8           0           2           0          -4           0          -2           0           6           0           6           0           4           0           2           0           8           0           4           0           6           0           8           0           4           0           6           0           8           0          10           0           4           0           6           0           8           0           6           0           4           0           2           0           6           0           2           0           4           0           2           0          -4           0          -2           0          -6           0          -8           0           6           0           4           0          -4           0          -6           0          -2           0          -4           0          -6           0          -8           0         -10           0          -2           0          -4           0          -6           0          -4           0          -2           0          -6           0          -8           0          -2           0          -4           0           2           0           4           0           6           0           8           0           4           0           4           0           6           0           8           0           2           0          10           0           8           0           6           0           4           0           2           0           6           0           6           0           4           0           4           0           2           0           4           0           6           0           8           0          -4           0           2           0           4           0          -6           0          -4           0           2           0           4           0           6           0           4           0           6           0          -2           0          -4           0          -6           0          -8           0         -10           0          -6           0          -8           0         -10           0         -12           0           2           0          -2           0          -4           0          -6           0          -8           0          -2           0          -8           0         -10           0          -4           0          -2           0          -6           0          -4           0          -2           0          -4           0          -2           0          -4           0          -6           0          -4           0          -8           0          -6           0           2           0           4           0           2           0           4           0           6           0         -10           0          -8           0          -6           0          -4           0           6           0          -2           0          -4           0           8           0          -6           0          -2           0          -4           0          -6           0          -8           0           4           0           6           0          -4           0          -6           0          -6           0          -8           0          -2           0           2           0          -4           0           4           0           6           0           4           0           4           0           2           0           2           0          -4           0          -6           0          -8           0          -2           0          -4           0          -6           0          -8           0         -10           0          -8           0          -6           0          -4           0          -2           0          -2           0          -4           0          -6           0          -6           0          -8           0          -4           0          -2           0          -6           0          -4
    0.000000E+00    9.645106E-03    9.843162E-03    1.435602E-02    1.458263E-02
    4.247197E-02    4.320385E-02    4.360158E-02    5.944295E-02    5.948713E-02
    6.922989E-02    7.316769E-02    7.411300E-02    1.134727E-01    1.147319E-01
    2.354040E-01    2.358931E-01    2.366026E-01    2.382857E-01    2.391328E-01
    2.438023E-01    2.438287E-01    2.461520E-01    2.471700E-01    2.474363E-01
    2.479076E-01    2.485433E-01    2.486026E-01    2.487216E-01    2.491410E-01
    2.502551E-01    2.507374E-01    2.510783E-01    2.511300E-01    2.524691E-01
    2.524772E-01    2.554279E-01    2.561102E-01    2.563381E-01    2.591442E-01
    2.591854E-01    2.609226E-01    2.615363E-01    2.619649E-01    2.622131E-01
    2.625883E-01    2.631076E-01    2.632646E-01    2.633261E-01    2.634365E-01
    2.637297E-01    2.638533E-01    2.640096E-01    2.643758E-01    2.644930E-01
    2.645338E-01    2.648466E-01    2.652759E-01    2.655531E-01    2.656939E-01
    2.657640E-01    2.676748E-01    2.677713E-01    2.679166E-01    2.688115E-01
    2.690337E-01    2.711118E-01    2.712141E-01    2.720014E-01    2.721113E-01
    2.724223E-01    2.724984E-01    2.725578E-01    2.726085E-01    2.727219E-01
    2.737570E-01    2.740430E-01    2.746587E-01    2.763855E-01    2.763956E-01
    2.763957E-01    2.764682E-01    2.789238E-01    2.791446E-01    2.808157E-01
    2.808428E-01    2.816082E-01    2.816156E-01    2.816277E-01    2.816445E-01
    2.816660E-01    2.832213E-01    2.832636E-01    2.833497E-01    2.872720E-01
    2.872722E-01    2.872783E-01    2.873017E-01    2.873787E-01    2.874354E-01
    2.875828E-01    2.876419E-01    2.877951E-01    2.879672E-01    2.884374E-01
    2.885530E-01    2.886000E-01    2.886971E-01    2.887362E-01    2.888178E-01
    2.901974E-01    2.902310E-01    2.934227E-01    2.936053E-01    2.936679E-01
    2.948139E-01    2.948751E-01    2.949134E-01    2.954910E-01    2.955387E-01
    2.955818E-01    2.956302E-01    2.974080E-01    2.974265E-01    2.978254E-01
    2.979930E-01    2.980044E-01    2.981863E-01    2.981951E-01    2.982014E-01
    2.986863E-01    2.989406E-01    2.997979E-01    3.013547E-01    3.014398E-01
    3.015665E-01    3.017420E-01    3.025165E-01    3.025355E-01    3.025686E-01
    3.026262E-01    3.032771E-01    3.036433E-01    3.036673E-01    3.036996E-01
    3.037196E-01    3.041292E-01    3.046134E-01    3.046301E-01    3.048276E-01
    3.048611E-01    3.049614E-01    3.051740E-01    3.052844E-01    3.060373E-01
    3.062721E-01    3.065126E-01    3.067251E-01    3.072820E-01    3.083217E-01
    3.083847E-01    3.085481E-01    3.086063E-01    3.093086E-01    3.093690E-01
    3.093750E-01    3.093804E-01    3.094500E-01    3.095030E-01    3.095365E-01
    3.096086E-01    3.096683E-01    3.098305E-01    3.098337E-01    3.100372E-01
    3.110986E-01    3.111053E-01    3.111248E-01    3.111449E-01    3.124031E-01
    3.124222E-01    3.126400E-01    3.132139E-01    3.132929E-01    3.134326E-01
    3.163175E-01    3.165548E-01    3.167011E-01    3.167161E-01    3.173537E-01
    3.174815E-01    3.194473E-01    3.198310E-01    3.206567E-01    3.235572E-01
    3.235827E-01    3.236877E-01    3.236885E-01    3.238034E-01    3.239013E-01
    3.239634E-01    3.240075E-01    3.245628E-01    3.245933E-01    3.263728E-01
    3.264517E-01    3.271738E-01    3.284075E-01    3.287843E-01    3.314323E-01
    3.314556E-01    3.324856E-01    3.325179E-01    3.327131E-01    3.333147E-01
           0           2           0           1
  -27.940514715248785               13
3.06621147E+01  2.453E-01  2.030E-01  9.950E-02  9.633E-02  1.347E-01
4.42701147E+01  9.024E-02  8.378E-02  3.733E-02  3.742E-02  5.223E-02  5.726E-04
                7.062E-02  1.459E-02  1.037E-03  9.222E-04  7.177E-04  1.258E-02
                2.226E-02  1.071E-03  1.640E-03
5.78781147E+01  4.488E-02  3.619E-02  1.763E-02  1.694E-02  2.402E-02  6.713E-05
                4.421E-02  9.065E-03  1.612E-04  1.003E-04  5.105E-04  8.107E-03
                1.472E-02  6.775E-04  6.451E-04  2.531E-06  1.260E-05  2.807E-05
                9.955E-06  2.278E-05  4.069E-06  8.924E-06  1.258E-05  1.926E-06
                2.739E-06  7.556E-06  9.063E-06  1.315E-05  1.398E-05  3.471E-05
                3.151E-05  2.722E-06  1.311E-04  2.928E-05  1.323E-05  1.052E-05
                1.420E-08  1.327E-05  4.869E-06  8.023E-05  4.132E-05  2.548E-05
                3.962E-05  1.612E-06  2.892E-06  4.534E-06  6.184E-07  3.955E-06
                1.348E-04  2.748E-06  4.635E-06  5.410E-06  1.231E-06  7.912E-06
                3.582E-05  2.186E-05  1.743E-05  5.828E-05  5.589E-05  2.419E-05
                5.971E-06  1.858E-08  4.614E-08  1.570E-09  2.399E-05  1.314E-05
                4.191E-07  9.773E-09  1.032E-05  9.768E-06  1.331E-05  1.250E-05
                1.477E-05  4.745E-06  3.509E-05  8.322E-06  1.075E-05  5.431E-06
                1.071E-05  4.396E-06  1.530E-05  3.562E-07  7.519E-06  1.308E-05
                8.245E-05  3.283E-05  5.705E-09  7.101E-09  4.056E-09  2.126E-09
                3.548E-09  4.442E-06  1.741E-06  1.109E-05  3.796E-06  1.612E-06
                6.134E-06  1.565E-06  2.932E-05  3.561E-05  1.034E-06  1.258E-06
                1.470E-06  3.116E-07  2.092E-06  1.641E-06  2.943E-06  3.087E-06
                3.390E-06  1.688E-07  9.635E-06  2.311E-05  9.375E-05  2.094E-05
                9.526E-07  2.139E-06  1.241E-05  1.256E-05  9.410E-07  1.422E-06
                1.078E-06  2.364E-06  6.125E-05  1.196E-06  7.162E-06  6.317E-06
                1.621E-05  2.141E-05  8.961E-05  2.638E-06  1.061E-05  1.130E-05
                1.447E-05  2.799E-06  3.018E-06  2.276E-06  1.475E-06  4.527E-06
                7.012E-06  7.549E-06  5.616E-09  2.244E-06  4.723E-06  1.244E-05
                2.126E-05  2.398E-06  1.000E-06  1.707E-05  6.209E-06  7.514E-06
                4.924E-06  1.439E-05  1.007E-05  1.559E-05  2.050E-06  2.515E-06
                1.775E-05  3.000E-06  4.897E-06  2.865E-06  6.155E-06  3.388E-06
                6.432E-06  9.179E-06  5.063E-05  1.579E-05  3.627E-06  2.804E-06
                2.559E-06  2.426E-06  5.173E-06  3.969E-06  4.455E-06  1.931E-06
                2.893E-06  5.101E-06  1.443E-05  2.373E-05  4.519E-06  1.047E-06
                7.797E-07  3.979E-06  8.220E-06  6.366E-06  7.383E-06  1.093E-06
                1.035E-05  3.258E-06  8.683E-06  2.233E-06  4.174E-06  1.806E-05
                2.119E-05  1.390E-05  1.199E-05  1.795E-05  2.628E-05  5.850E-06
                8.387E-06  1.432E-05  1.686E-06  5.611E-07  9.857E-07  1.224E-06
                2.301E-06  2.424E-06  3.210E-06  1.163E-05  1.111E-05  4.744E-07
                7.776E-07  6.159E-07  5.117E-07  4.668E-06  1.247E-05
7.14861147E+01  2.412E-02  1.938E-02  9.437E-03  9.063E-03  1.285E-02  3.585E-05
                2.980E-02  6.111E-03  9.210E-05  5.281E-05  3.479E-04  5.636E-03
                1.027E-02  3.809E-04  3.627E-04  1.629E-06  6.528E-06  1.425E-05
                6.032E-06  1.234E-05  3.081E-06  6.752E-06  5.730E-06  7.232E-07
                1.175E-06  3.646E-06  4.912E-06  7.078E-06  7.810E-06  1.903E-05
                1.515E-05  2.042E-06  5.488E-05  1.476E-05  6.688E-06  5.613E-06
                8.820E-09  6.090E-06  2.182E-06  3.664E-05  1.921E-05  1.186E-05
                1.812E-05  6.318E-07  1.150E-06  1.906E-06  3.297E-07  1.622E-06
                7.624E-05  1.131E-06  2.186E-06  2.170E-06  4.726E-07  3.280E-06
                1.690E-05  1.023E-05  8.363E-06  2.585E-05  2.236E-05  8.271E-06
                2.782E-06  1.188E-08  2.844E-08  1.348E-09  7.566E-06  4.291E-06
                3.357E-07  4.468E-08  5.697E-06  5.593E-06  7.446E-06  6.829E-06
                1.110E-05  3.450E-06  1.994E-05  2.774E-06  4.297E-06  1.779E-06
                7.177E-06  2.884E-06  1.004E-05  1.274E-07  3.404E-06  4.979E-06
                4.965E-05  2.007E-05  3.223E-09  4.013E-09  2.192E-09  1.312E-09
                1.774E-09  3.160E-06  1.564E-06  7.020E-06  2.912E-06  1.308E-06
                4.466E-06  6.878E-07  1.792E-05  2.162E-05  4.611E-07  6.949E-07
                8.989E-07  1.352E-07  5.146E-07  7.813E-07  1.533E-06  1.537E-06
                5.049E-07  1.518E-07  5.655E-06  1.365E-05  5.512E-05  1.212E-05
                5.864E-07  1.237E-06  7.200E-06  7.248E-06  5.902E-07  8.479E-07
                6.510E-07  1.484E-06  3.704E-05  6.043E-07  3.794E-06  4.414E-06
                1.111E-05  1.277E-05  5.340E-05  1.199E-06  6.468E-06  6.816E-06
                9.280E-06  1.284E-06  1.307E-06  8.889E-07  7.364E-07  2.194E-06
                3.406E-06  3.681E-06  9.765E-09  1.292E-06  2.462E-06  6.678E-06
                1.190E-05  9.411E-07  5.995E-07  6.083E-06  2.181E-06  5.146E-06
                3.589E-06  7.743E-06  5.425E-06  8.579E-06  1.185E-06  1.150E-06
                1.078E-05  1.395E-06  2.234E-06  1.422E-06  3.169E-06  1.324E-06
                3.840E-06  5.156E-06  2.697E-05  9.049E-06  1.747E-06  1.150E-06
                1.107E-06  1.087E-06  2.908E-06  2.014E-06  2.208E-06  1.068E-06
                1.170E-06  2.952E-06  8.101E-06  1.299E-05  2.167E-06  5.431E-07
                3.640E-07  1.851E-06  3.177E-06  2.985E-06  2.758E-06  5.343E-07
                6.968E-06  1.853E-06  5.456E-06  1.179E-06  2.300E-06  1.205E-05
                1.463E-05  9.732E-06  5.475E-06  7.629E-06  1.090E-05  2.653E-06
                3.506E-06  6.345E-06  3.740E-07  1.150E-07  3.780E-07  6.144E-07
                2.288E-06  2.307E-06  3.055E-06  6.542E-06  5.864E-06  2.015E-07
                3.034E-07  4.664E-07  3.541E-07  3.154E-06  8.384E-06
8.50941147E+01  1.415E-02  1.134E-02  5.521E-03  5.296E-03  7.526E-03  2.109E-05
                2.102E-02  4.311E-03  5.704E-05  3.000E-05  2.484E-04  4.074E-03
                7.437E-03  2.314E-04  2.204E-04  1.070E-06  3.832E-06  8.180E-06
                3.880E-06  7.401E-06  2.096E-06  4.593E-06  3.123E-06  3.701E-07
                7.236E-07  2.327E-06  3.465E-06  4.186E-06  4.734E-06  1.140E-05
                8.276E-06  1.385E-06  2.654E-05  8.574E-06  3.777E-06  3.321E-06
                5.594E-09  3.209E-06  1.134E-06  1.908E-05  1.018E-05  6.233E-06
                9.491E-06  2.956E-07  5.415E-07  9.347E-07  2.026E-07  9.901E-07
                4.544E-05  8.569E-07  1.207E-06  1.526E-06  2.488E-07  2.522E-06
                9.056E-06  5.389E-06  4.627E-06  1.393E-05  1.365E-05  4.207E-06
                1.534E-06  8.400E-09  1.904E-08  1.023E-09  3.232E-06  1.894E-06
                2.805E-07  5.766E-08  3.472E-06  3.418E-06  4.500E-06  4.868E-06
                8.176E-06  2.618E-06  1.211E-05  1.265E-06  2.295E-06  7.696E-07
                4.924E-06  1.965E-06  6.815E-06  5.980E-08  1.886E-06  2.465E-06
                3.130E-05  1.268E-05  2.078E-09  2.532E-09  1.316E-09  8.655E-10
                9.725E-10  2.256E-06  1.168E-06  4.732E-06  2.223E-06  9.948E-07
                3.361E-06  3.902E-07  1.138E-05  1.373E-05  3.089E-07  4.923E-07
                6.422E-07  9.187E-08  2.580E-07  5.215E-07  1.042E-06  1.038E-06
                1.181E-07  1.088E-07  3.826E-06  9.288E-06  3.506E-05  7.673E-06
                3.859E-07  8.870E-07  4.757E-06  4.585E-06  4.406E-07  6.159E-07
                4.793E-07  1.094E-06  2.349E-05  4.278E-07  2.526E-06  2.908E-06
                7.277E-06  8.320E-06  3.474E-05  7.809E-07  4.484E-06  4.714E-06
                6.173E-06  6.494E-07  6.464E-07  4.140E-07  3.894E-07  1.090E-06
                1.693E-06  1.835E-06  1.303E-08  8.443E-07  1.519E-06  4.228E-06
                7.734E-06  4.437E-07  3.475E-07  2.430E-06  8.599E-07  3.369E-06
                2.404E-06  4.865E-06  3.407E-06  5.456E-06  7.350E-07  6.133E-07
                7.240E-06  7.400E-07  1.174E-06  8.078E-07  1.805E-06  7.173E-07
                2.595E-06  3.235E-06  1.636E-05  5.951E-06  9.120E-07  5.666E-07
                5.776E-07  5.669E-07  1.893E-06  1.232E-06  1.342E-06  6.875E-07
                6.232E-07  1.946E-06  5.241E-06  8.236E-06  1.175E-06  3.822E-07
                2.240E-07  9.970E-07  1.496E-06  1.599E-06  1.252E-06  2.995E-07
                4.854E-06  1.131E-06  3.708E-06  7.277E-07  1.458E-06  8.622E-06
                1.047E-05  7.041E-06  2.865E-06  3.708E-06  4.857E-06  1.430E-06
                1.814E-06  3.233E-06  1.036E-07  2.959E-08  1.715E-07  3.448E-07
                1.779E-06  1.778E-06  2.338E-06  4.344E-06  3.628E-06  1.180E-07
                1.476E-07  3.273E-07  2.576E-07  2.223E-06  5.963E-06
9.87021147E+01  8.888E-03  7.128E-03  3.469E-03  3.332E-03  4.737E-03  1.259E-05
                1.554E-02  3.188E-03  3.731E-05  1.774E-05  1.850E-04  3.063E-03
                5.600E-03  1.525E-04  1.456E-04  6.887E-07  2.354E-06  4.769E-06
                2.495E-06  4.418E-06  1.353E-06  2.960E-06  1.902E-06  2.244E-07
                5.415E-07  1.752E-06  2.810E-06  2.565E-06  2.915E-06  7.026E-06
                4.875E-06  8.924E-07  1.446E-05  5.426E-06  2.290E-06  2.058E-06
                3.520E-09  1.814E-06  6.378E-07  1.090E-05  5.938E-06  3.609E-06
                5.490E-06  1.566E-07  2.947E-07  5.263E-07  1.744E-07  7.009E-07
                2.901E-05  7.267E-07  6.870E-07  1.219E-06  1.402E-07  2.161E-06
                5.297E-06  3.116E-06  2.672E-06  7.905E-06  9.599E-06  2.626E-06
                9.127E-07  6.046E-09  1.250E-08  7.207E-10  1.638E-06  9.864E-07
                2.183E-07  5.468E-08  2.151E-06  2.098E-06  2.746E-06  3.523E-06
                6.060E-06  1.966E-06  7.416E-06  6.684E-07  1.346E-06  3.907E-07
                3.324E-06  1.327E-06  4.587E-06  3.870E-08  1.118E-06  1.371E-06
                2.087E-05  8.449E-06  1.457E-09  1.718E-09  8.331E-10  5.905E-10
                5.875E-10  1.554E-06  8.021E-07  3.206E-06  1.725E-06  7.597E-07
                2.607E-06  2.527E-07  7.630E-06  9.232E-06  2.263E-07  3.657E-07
                4.763E-07  6.702E-08  1.789E-07  3.722E-07  7.431E-07  7.468E-07
                5.557E-08  7.549E-08  2.608E-06  6.348E-06  2.445E-05  5.344E-06
                2.622E-07  6.566E-07  3.403E-06  3.180E-06  3.272E-07  4.648E-07
                3.655E-07  7.927E-07  1.579E-05  3.228E-07  1.821E-06  1.937E-06
                4.853E-06  5.922E-06  2.471E-05  5.773E-07  3.137E-06  3.293E-06
                4.205E-06  3.644E-07  3.570E-07  2.163E-07  2.265E-07  5.937E-07
                9.222E-07  1.003E-06  1.455E-08  5.774E-07  1.033E-06  2.933E-06
                5.453E-06  2.354E-07  2.198E-07  1.083E-06  3.790E-07  2.250E-06
                1.606E-06  3.357E-06  2.348E-06  3.791E-06  4.901E-07  3.698E-07
                5.204E-06  4.324E-07  6.881E-07  4.825E-07  1.067E-06  4.820E-07
                1.870E-06  2.251E-06  1.117E-05  3.986E-06  5.289E-07  3.153E-07
                3.406E-07  3.317E-07  1.289E-06  8.392E-07  9.128E-07  4.669E-07
                3.878E-07  1.378E-06  3.668E-06  5.683E-06  6.964E-07  3.040E-07
                1.620E-07  5.833E-07  8.117E-07  9.214E-07  6.635E-07  1.810E-07
                3.583E-06  7.124E-07  2.695E-06  4.782E-07  1.024E-06  6.485E-06
                7.864E-06  5.332E-06  1.680E-06  2.053E-06  2.377E-06  8.521E-07
                1.075E-06  1.860E-06  3.992E-08  1.199E-08  8.463E-08  2.005E-07
                1.359E-06  1.358E-06  1.773E-06  3.139E-06  2.508E-06  7.462E-08
                7.864E-08  2.287E-07  1.912E-07  1.651E-06  4.450E-06
1.12310115E+02  5.883E-03  4.720E-03  2.297E-03  2.205E-03  3.135E-03  8.771E-06
                1.162E-02  2.383E-03  2.613E-05  1.170E-05  1.391E-04  2.316E-03
                4.239E-03  1.010E-04  9.621E-05  4.591E-07  1.492E-06  2.759E-06
                1.684E-06  2.664E-06  9.107E-07  1.994E-06  1.369E-06  1.730E-07
                4.069E-07  1.270E-06  2.096E-06  1.694E-06  1.877E-06  4.556E-06
                3.099E-06  6.011E-07  9.094E-06  3.603E-06  1.508E-06  1.356E-06
                2.272E-09  1.100E-06  3.856E-07  6.830E-06  3.791E-06  2.285E-06
                3.463E-06  9.167E-08  1.782E-07  3.257E-07  1.506E-07  5.357E-07
                1.958E-05  6.073E-07  4.193E-07  9.875E-07  7.791E-08  1.818E-06
                3.340E-06  1.961E-06  1.664E-06  4.910E-06  7.181E-06  1.833E-06
                5.871E-07  4.683E-09  9.008E-09  4.971E-10  9.566E-07  5.930E-07
                1.629E-07  4.406E-08  1.437E-06  1.394E-06  1.829E-06  2.707E-06
                4.520E-06  1.494E-06  4.932E-06  4.089E-07  9.022E-07  2.267E-07
                2.404E-06  9.612E-07  3.316E-06  2.934E-08  7.318E-07  8.589E-07
                1.460E-05  5.891E-06  1.088E-09  1.253E-09  5.739E-10  4.168E-10
                3.866E-10  1.144E-06  5.792E-07  2.330E-06  1.384E-06  5.967E-07
                2.104E-06  1.869E-07  5.340E-06  6.456E-06  1.736E-07  2.821E-07
                3.677E-07  5.130E-08  1.380E-07  2.794E-07  5.639E-07  5.735E-07
                4.002E-08  6.016E-08  1.952E-06  4.754E-06  1.730E-05  3.781E-06
                1.901E-07  4.967E-07  2.482E-06  2.244E-06  2.465E-07  3.551E-07
                2.827E-07  5.907E-07  1.106E-05  2.543E-07  1.388E-06  1.334E-06
                3.337E-06  4.258E-06  1.775E-05  4.334E-07  2.377E-06  2.503E-06
                3.034E-06  2.311E-07  2.220E-07  1.261E-07  1.487E-07  3.713E-07
                5.764E-07  6.297E-07  1.222E-08  4.051E-07  7.543E-07  2.179E-06
                4.107E-06  1.313E-07  1.513E-07  6.062E-07  2.106E-07  1.549E-06
                1.109E-06  2.511E-06  1.755E-06  2.844E-06  3.475E-07  2.407E-07
                3.903E-06  2.739E-07  4.383E-07  3.163E-07  6.895E-07  3.510E-07
                1.380E-06  1.607E-06  7.919E-06  2.986E-06  3.545E-07  1.952E-07
                2.223E-07  2.185E-07  1.011E-06  6.216E-07  6.699E-07  3.677E-07
                2.683E-07  1.041E-06  2.750E-06  4.226E-06  4.687E-07  2.412E-07
                1.228E-07  3.753E-07  5.397E-07  5.851E-07  4.361E-07  1.170E-07
                2.621E-06  4.763E-07  1.974E-06  3.706E-07  7.653E-07  4.816E-06
                5.821E-06  3.964E-06  1.100E-06  1.319E-06  1.404E-06  5.525E-07
                7.041E-07  1.208E-06  2.811E-08  9.412E-09  4.447E-08  1.200E-07
                1.070E-06  1.069E-06  1.366E-06  2.373E-06  1.851E-06  5.175E-08
                4.906E-08  1.677E-07  1.464E-07  1.281E-06  3.442E-06
1.25918115E+02  4.031E-03  3.240E-03  1.577E-03  1.517E-03  2.159E-03  5.459E-06
                9.166E-03  1.880E-03  1.854E-05  7.246E-06  1.106E-04  1.852E-03
                3.393E-03  7.381E-05  7.056E-05  3.177E-07  1.098E-06  1.818E-06
                1.173E-06  1.744E-06  5.875E-07  1.285E-06  9.333E-07  1.212E-07
                3.824E-07  1.209E-06  2.068E-06  1.092E-06  1.195E-06  2.930E-06
                2.046E-06  3.867E-07  5.729E-06  2.627E-06  9.836E-07  8.803E-07
                1.470E-09  6.810E-07  2.414E-07  4.372E-06  2.510E-06  1.477E-06
                2.249E-06  5.825E-08  1.175E-07  2.209E-07  1.438E-07  4.136E-07
                1.347E-05  5.112E-07  2.638E-07  8.091E-07  4.463E-08  1.534E-06
                2.165E-06  1.260E-06  1.066E-06  3.149E-06  5.578E-06  1.350E-06
                3.930E-07  3.628E-09  6.471E-09  3.573E-10  5.940E-07  3.776E-07
                1.213E-07  3.539E-08  9.820E-07  9.384E-07  1.217E-06  2.037E-06
                3.406E-06  1.116E-06  3.308E-06  2.563E-07  5.951E-07  1.385E-07
                1.602E-06  6.408E-07  2.211E-06  2.590E-08  4.844E-07  5.527E-07
                1.017E-05  4.112E-06  8.241E-10  9.117E-10  3.803E-10  2.997E-10
                2.824E-10  7.593E-07  3.892E-07  1.550E-06  1.113E-06  4.729E-07
                1.692E-06  1.348E-07  3.736E-06  4.535E-06  1.291E-07  2.084E-07
                2.708E-07  3.702E-08  1.024E-07  2.054E-07  4.070E-07  4.192E-07
                3.570E-08  3.958E-08  1.360E-06  3.317E-06  1.318E-05  2.880E-06
                1.345E-07  3.642E-07  1.880E-06  1.696E-06  1.779E-07  2.672E-07
                2.104E-07  4.187E-07  7.570E-06  1.908E-07  1.037E-06  9.493E-07
                2.377E-06  3.294E-06  1.374E-05  3.251E-07  1.667E-06  1.749E-06
                2.038E-06  1.612E-07  1.505E-07  7.901E-08  1.075E-07  2.618E-07
                4.067E-07  4.460E-07  1.068E-08  2.903E-07  5.624E-07  1.644E-06
                3.125E-06  7.746E-08  1.082E-07  4.213E-07  1.471E-07  1.111E-06
                7.930E-07  1.887E-06  1.321E-06  2.144E-06  2.539E-07  1.641E-07
                2.929E-06  1.818E-07  2.923E-07  2.101E-07  4.528E-07  2.750E-07
                1.049E-06  1.244E-06  6.112E-06  1.995E-06  2.565E-07  1.275E-07
                1.519E-07  1.524E-07  7.124E-07  4.656E-07  4.981E-07  2.605E-07
                1.928E-07  7.914E-07  2.082E-06  3.177E-06  3.294E-07  1.928E-07
                9.578E-08  2.496E-07  3.767E-07  3.878E-07  3.054E-07  7.839E-08
                2.079E-06  3.265E-07  1.545E-06  2.558E-07  5.970E-07  3.823E-06
                4.653E-06  3.183E-06  7.532E-07  9.087E-07  9.078E-07  3.692E-07
                4.824E-07  8.256E-07  2.153E-08  7.658E-09  2.834E-08  7.897E-08
                8.364E-07  8.381E-07  1.056E-06  1.826E-06  1.401E-06  3.634E-08
                3.213E-08  1.246E-07  1.129E-07  9.970E-07  2.689E-06
1.39526115E+02  2.879E-03  2.311E-03  1.125E-03  1.081E-03  1.539E-03  4.299E-06
                7.073E-03  1.450E-03  1.395E-05  5.305E-06  8.568E-05  1.439E-03
                2.639E-03  5.103E-05  4.861E-05  2.283E-07  7.973E-07  1.099E-06
                8.663E-07  1.099E-06  4.133E-07  9.038E-07  7.304E-07  1.043E-07
                2.684E-07  8.085E-07  1.355E-06  7.533E-07  7.880E-07  1.953E-06
                1.413E-06  2.723E-07  4.274E-06  1.785E-06  7.040E-07  6.113E-07
                9.624E-10  4.443E-07  1.572E-07  3.118E-06  1.792E-06  1.059E-06
                1.606E-06  4.079E-08  8.782E-08  1.683E-07  1.411E-07  3.455E-07
                9.927E-06  4.382E-07  1.752E-07  6.830E-07  2.924E-08  1.318E-06
                1.523E-06  8.955E-07  7.194E-07  2.119E-06  4.475E-06  1.052E-06
                2.848E-07  2.897E-09  4.656E-09  2.493E-10  3.975E-07  2.623E-07
                8.977E-08  2.711E-08  7.009E-07  6.661E-07  8.751E-07  1.526E-06
                2.584E-06  8.633E-07  2.355E-06  1.759E-07  4.361E-07  9.101E-08
                1.181E-06  4.760E-07  1.636E-06  1.848E-08  3.433E-07  3.835E-07
                7.698E-06  3.104E-06  6.364E-10  6.988E-10  2.816E-10  2.166E-10
                1.900E-10  5.700E-07  2.792E-07  1.175E-06  8.930E-07  3.735E-07
                1.368E-06  1.157E-07  2.833E-06  3.428E-06  1.002E-07  1.608E-07
                2.105E-07  2.800E-08  8.379E-08  1.560E-07  3.118E-07  3.275E-07
                3.576E-08  3.205E-08  9.897E-07  2.411E-06  9.936E-06  2.173E-06
                1.002E-07  2.862E-07  1.443E-06  1.276E-06  1.317E-07  2.069E-07
                1.606E-07  3.052E-07  5.715E-06  1.482E-07  7.976E-07  6.925E-07
                1.736E-06  2.510E-06  1.047E-05  2.382E-07  1.234E-06  1.296E-06
                1.553E-06  1.073E-07  9.923E-08  4.899E-08  7.284E-08  1.745E-07
                2.712E-07  2.985E-07  8.516E-09  2.181E-07  4.330E-07  1.278E-06
                2.448E-06  4.706E-08  7.953E-08  2.811E-07  9.891E-08  8.117E-07
                5.769E-07  1.477E-06  1.033E-06  1.679E-06  1.934E-07  1.180E-07
                2.301E-06  1.255E-07  2.045E-07  1.450E-07  3.044E-07  2.229E-07
                7.989E-07  9.487E-07  4.678E-06  1.499E-06  1.765E-07  8.291E-08
                1.046E-07  1.040E-07  5.632E-07  3.636E-07  3.872E-07  2.073E-07
                1.447E-07  6.223E-07  1.628E-06  2.471E-06  2.253E-07  1.542E-07
                7.458E-08  1.701E-07  2.701E-07  2.587E-07  2.196E-07  5.378E-08
                1.576E-06  2.283E-07  1.177E-06  2.055E-07  4.691E-07  2.899E-06
                3.527E-06  2.415E-06  5.351E-07  6.434E-07  5.927E-07  2.570E-07
                3.448E-07  5.862E-07  2.485E-08  9.380E-09  1.749E-08  5.179E-08
                6.725E-07  6.751E-07  8.305E-07  1.428E-06  1.077E-06  2.776E-08
                2.282E-08  9.551E-08  8.955E-08  7.930E-07  2.134E-06
1.53134115E+02  2.114E-03  1.706E-03  8.302E-04  8.021E-04  1.138E-03  2.748E-06
                5.900E-03  1.210E-03  1.057E-05  3.401E-06  7.168E-05  1.207E-03
                2.215E-03  4.071E-05  3.896E-05  1.697E-07  6.787E-07  8.263E-07
                6.527E-07  7.940E-07  2.680E-07  5.851E-07  5.053E-07  7.339E-08
                2.800E-07  8.773E-07  1.510E-06  4.942E-07  5.150E-07  1.289E-06
                1.017E-06  1.759E-07  2.892E-06  1.455E-06  4.728E-07  4.033E-07
                6.271E-10  2.897E-07  1.056E-07  2.193E-06  1.314E-06  7.373E-07
                1.126E-06  2.890E-08  6.464E-08  1.270E-07  1.278E-07  2.788E-07
                7.152E-06  3.726E-07  1.175E-07  5.720E-07  2.078E-08  1.119E-06
                1.061E-06  6.231E-07  4.819E-07  1.430E-06  3.639E-06  8.341E-07
                2.014E-07  2.326E-09  3.489E-09  1.840E-10  2.821E-07  1.895E-07
                6.578E-08  2.083E-08  4.947E-07  4.640E-07  6.012E-07  1.172E-06
                2.032E-06  6.562E-07  1.634E-06  1.221E-07  3.063E-07  6.244E-08
                7.669E-07  3.085E-07  1.064E-06  1.847E-08  2.387E-07  2.663E-07
                5.466E-06  2.219E-06  5.041E-10  5.254E-10  1.873E-10  1.620E-10
                1.511E-10  3.638E-07  1.849E-07  7.567E-07  7.391E-07  3.062E-07
                1.127E-06  8.119E-08  2.027E-06  2.460E-06  7.419E-08  1.176E-07
                1.531E-07  2.002E-08  6.374E-08  1.139E-07  2.232E-07  2.382E-07
                3.478E-08  2.119E-08  6.931E-07  1.689E-06  8.143E-06  1.779E-06
                7.459E-08  2.097E-07  1.145E-06  1.035E-06  9.364E-08  1.560E-07
                1.177E-07  2.132E-07  3.908E-06  1.116E-07  6.078E-07  5.130E-07
                1.286E-06  2.079E-06  8.685E-06  1.786E-07  8.685E-07  9.064E-07
                1.013E-06  8.239E-08  7.415E-08  3.369E-08  5.737E-08  1.380E-07
                2.146E-07  2.363E-07  6.586E-09  1.622E-07  3.384E-07  1.005E-06
                1.935E-06  3.004E-08  6.369E-08  2.223E-07  7.854E-08  6.053E-07
                4.300E-07  1.152E-06  8.076E-07  1.313E-06  1.519E-07  8.874E-08
                1.773E-06  9.242E-08  1.520E-07  1.003E-07  2.099E-07  1.832E-07
                6.345E-07  7.882E-07  3.886E-06  9.758E-07  1.384E-07  5.819E-08
                7.683E-08  7.818E-08  4.010E-07  2.837E-07  2.993E-07  1.489E-07
                1.105E-07  4.900E-07  1.279E-06  1.929E-06  1.698E-07  1.218E-07
                5.844E-08  1.197E-07  1.975E-07  1.832E-07  1.611E-07  3.895E-08
                1.330E-06  1.668E-07  9.766E-07  1.422E-07  3.862E-07  2.432E-06
                2.992E-06  2.052E-06  3.929E-07  4.838E-07  4.340E-07  1.826E-07
                2.514E-07  4.308E-07  1.823E-08  6.925E-09  1.251E-08  3.683E-08
                5.411E-07  5.439E-07  6.619E-07  1.137E-06  8.474E-07  2.042E-08
                1.628E-08  7.486E-08  7.157E-08  6.350E-07  1.721E-06
1.66742115E+02  1.538E-03  1.233E-03  6.006E-04  5.782E-04  8.260E-04  2.131E-06
                4.628E-03  9.491E-04  8.131E-06  2.480E-06  5.706E-05  9.654E-04
                1.773E-03  2.838E-05  2.706E-05  1.335E-07  5.567E-07  5.356E-07
                5.293E-07  5.414E-07  1.982E-07  4.333E-07  4.286E-07  6.848E-08
                1.717E-07  4.973E-07  8.099E-07  3.606E-07  3.473E-07  8.785E-07
                7.230E-07  1.300E-07  2.323E-06  9.407E-07  3.547E-07  2.896E-07
                4.298E-10  2.030E-07  7.317E-08  1.614E-06  9.472E-07  5.459E-07
                8.305E-07  2.187E-08  5.221E-08  1.044E-07  1.197E-07  2.424E-07
                5.423E-06  3.261E-07  8.441E-08  4.968E-07  1.724E-08  9.808E-07
                7.715E-07  4.553E-07  3.418E-07  1.017E-06  3.042E-06  6.769E-07
                1.575E-07  1.950E-09  2.654E-09  1.373E-10  1.894E-07  1.349E-07
                4.887E-08  1.572E-08  3.692E-07  3.464E-07  4.575E-07  9.060E-07
                1.524E-06  5.099E-07  1.224E-06  8.465E-08  2.331E-07  4.053E-08
                6.060E-07  2.458E-07  8.434E-07  1.204E-08  1.760E-07  1.896E-07
                4.264E-06  1.722E-06  3.890E-10  4.113E-10  1.490E-10  1.180E-10
                9.954E-11  2.928E-07  1.403E-07  6.126E-07  5.785E-07  2.370E-07
                8.906E-07  7.889E-08  1.572E-06  1.902E-06  5.981E-08  9.262E-08
                1.210E-07  1.590E-08  5.531E-08  9.207E-08  1.810E-07  1.966E-07
                3.675E-08  1.856E-08  5.407E-07  1.316E-06  6.033E-06  1.320E-06
                5.511E-08  1.688E-07  8.759E-07  7.696E-07  7.200E-08  1.221E-07
                9.112E-08  1.639E-07  3.091E-06  9.054E-08  4.835E-07  3.831E-07
                9.605E-07  1.558E-06  6.504E-06  1.302E-07  6.805E-07  7.117E-07
                8.248E-07  5.525E-08  4.955E-08  2.125E-08  3.885E-08  9.294E-08
                1.446E-07  1.597E-07  4.966E-09  1.257E-07  2.622E-07  7.825E-07
                1.515E-06  1.837E-08  4.483E-08  1.733E-07  6.213E-08  4.522E-07
                3.196E-07  9.021E-07  6.312E-07  1.028E-06  1.171E-07  6.492E-08
                1.401E-06  6.389E-08  1.057E-07  7.357E-08  1.483E-07  1.537E-07
                4.814E-07  6.001E-07  2.995E-06  7.964E-07  9.559E-08  3.844E-08
                5.354E-08  5.361E-08  3.398E-07  2.217E-07  2.340E-07  1.268E-07
                8.412E-08  3.849E-07  1.000E-06  1.505E-06  1.174E-07  9.634E-08
                4.586E-08  8.530E-08  1.537E-07  1.281E-07  1.264E-07  2.727E-08
                9.941E-07  1.194E-07  7.397E-07  1.250E-07  3.081E-07  1.809E-06
                2.221E-06  1.525E-06  2.888E-07  3.588E-07  3.090E-07  1.311E-07
                1.861E-07  3.182E-07  2.090E-08  7.959E-09  8.550E-09  2.534E-08
                4.313E-07  4.343E-07  5.144E-07  8.883E-07  6.525E-07  1.627E-08
                1.276E-08  5.796E-08  5.687E-08  5.018E-07  1.355E-06
1.80350115E+02  1.258E-03  1.016E-03  4.952E-04  4.792E-04  6.770E-04  1.768E-06
                3.925E-03  8.047E-04  6.635E-06  1.941E-06  4.748E-05  8.021E-04
                1.472E-03  2.330E-05  2.225E-05  1.050E-07  5.031E-07  4.583E-07
                4.216E-07  4.247E-07  1.312E-07  2.851E-07  2.824E-07  4.625E-08
                1.981E-07  6.187E-07  1.049E-06  2.297E-07  2.304E-07  5.863E-07
                5.708E-07  8.578E-08  1.709E-06  8.618E-07  2.461E-07  1.947E-07
                2.689E-10  1.334E-07  5.045E-08  1.307E-06  8.037E-07  4.267E-07
                6.519E-07  1.728E-08  4.329E-08  8.778E-08  1.092E-07  2.046E-07
                4.218E-06  2.820E-07  5.975E-08  4.260E-07  1.570E-08  8.454E-07
                5.972E-07  3.599E-07  2.434E-07  7.112E-07  2.564E-06  5.742E-07
                1.195E-07  1.554E-09  1.824E-09  9.684E-11  1.592E-07  1.118E-07
                3.668E-08  1.231E-08  2.689E-07  2.484E-07  3.276E-07  6.577E-07
                1.262E-06  4.030E-07  8.775E-07  6.725E-08  1.774E-07  3.296E-08
                3.581E-07  1.458E-07  5.009E-07  1.190E-08  1.295E-07  1.448E-07
                3.200E-06  1.311E-06  3.198E-10  3.171E-10  9.783E-11  9.179E-11
                8.111E-11  1.700E-07  8.553E-08  3.717E-07  4.948E-07  2.016E-07
                7.572E-07  5.750E-08  1.201E-06  1.450E-06  4.424E-08  6.757E-08
                8.856E-08  1.086E-08  4.279E-08  6.564E-08  1.260E-07  1.406E-07
                3.410E-08  1.121E-08  3.304E-07  8.034E-07  5.427E-06  1.185E-06
                4.337E-08  1.294E-07  7.482E-07  6.820E-07  4.928E-08  9.450E-08
                6.568E-08  1.072E-07  2.152E-06  6.452E-08  3.607E-07  3.019E-07
                7.559E-07  1.409E-06  5.893E-06  9.552E-08  4.295E-07  4.440E-07
                5.126E-07  4.195E-08  3.714E-08  1.479E-08  2.979E-08  7.202E-08
                1.122E-07  1.238E-07  3.896E-09  1.002E-07  2.135E-07  6.393E-07
                1.241E-06  1.337E-08  4.059E-08  1.221E-07  4.395E-08  3.567E-07
                2.521E-07  7.290E-07  5.115E-07  8.332E-07  9.790E-08  5.480E-08
                1.122E-06  5.338E-08  9.019E-08  5.235E-08  1.043E-07  1.340E-07
                4.062E-07  5.373E-07  2.674E-06  4.636E-07  7.185E-08  2.710E-08
                4.055E-08  4.003E-08  2.150E-07  1.807E-07  1.890E-07  8.096E-08
                6.781E-08  3.143E-07  8.149E-07  1.217E-06  8.653E-08  7.895E-08
                3.630E-08  6.119E-08  1.076E-07  9.111E-08  8.841E-08  2.109E-08
                8.860E-07  9.120E-08  6.460E-07  7.653E-08  2.547E-07  1.594E-06
                1.986E-06  1.360E-06  2.189E-07  2.702E-07  2.093E-07  9.866E-08
                1.425E-07  2.398E-07  1.914E-08  7.472E-09  6.882E-09  1.994E-08
                3.550E-07  3.576E-07  4.216E-07  7.210E-07  5.218E-07  1.371E-08
                1.011E-08  4.705E-08  4.652E-08  4.096E-07  1.115E-06
1.93958115E+02  8.771E-04  7.102E-04  3.461E-04  3.366E-04  4.782E-04  8.805E-07
                3.372E-03  6.916E-04  5.136E-06  1.012E-06  4.223E-05  7.181E-04
                1.320E-03  1.855E-05  1.781E-05  8.659E-08  4.363E-07  3.148E-07
                3.572E-07  3.153E-07  9.546E-08  2.084E-07  2.477E-07  4.212E-08
                1.323E-07  3.897E-07  6.383E-07  1.794E-07  1.612E-07  4.111E-07
                4.007E-07  6.208E-08  1.204E-06  5.762E-07  1.745E-07  1.342E-07
                1.994E-10  1.022E-07  3.867E-08  8.632E-07  5.321E-07  2.809E-07
                4.313E-07  1.199E-08  3.332E-08  7.171E-08  9.991E-08  1.747E-07
                2.926E-06  2.504E-07  4.449E-08  3.750E-07  1.403E-08  7.500E-07
                3.980E-07  2.343E-07  1.664E-07  5.000E-07  2.208E-06  4.705E-07
                9.393E-08  1.389E-09  1.678E-09  8.228E-11  9.890E-08  7.530E-08
                2.577E-08  8.782E-09  1.938E-07  1.803E-07  2.377E-07  5.864E-07
                9.498E-07  3.066E-07  6.331E-07  4.335E-08  1.285E-07  1.900E-08
                3.129E-07  1.257E-07  4.351E-07  1.024E-08  9.039E-08  9.664E-08
                2.247E-06  9.146E-07  2.438E-10  2.424E-10  7.520E-11  6.578E-11
                5.775E-11  1.472E-07  7.506E-08  3.033E-07  3.880E-07  1.569E-07
                5.940E-07  4.562E-08  8.337E-07  1.010E-06  3.526E-08  5.186E-08
                6.675E-08  9.170E-09  3.773E-08  5.448E-08  1.041E-07  1.161E-07
                3.487E-08  1.121E-08  3.280E-07  7.972E-07  3.860E-06  8.436E-07
                3.298E-08  9.983E-08  5.481E-07  4.900E-07  3.986E-08  7.149E-08
                5.094E-08  9.071E-08  1.571E-06  5.968E-08  3.117E-07  2.151E-07
                5.367E-07  1.014E-06  4.241E-06  7.550E-08  4.135E-07  4.317E-07
                4.171E-07  3.189E-08  2.792E-08  1.058E-08  2.298E-08  5.609E-08
                8.730E-08  9.640E-08  2.567E-09  7.525E-08  1.631E-07  4.881E-07
                9.522E-07  8.381E-09  3.041E-08  1.076E-07  3.859E-08  2.543E-07
                1.825E-07  5.521E-07  3.878E-07  6.316E-07  8.001E-08  4.232E-08
                8.527E-07  3.873E-08  6.548E-08  3.864E-08  7.706E-08  1.065E-07
                3.002E-07  3.992E-07  2.014E-06  4.303E-07  5.712E-08  1.957E-08
                2.961E-08  3.035E-08  2.215E-07  1.350E-07  1.420E-07  8.365E-08
                5.065E-08  2.395E-07  6.181E-07  9.234E-07  6.614E-08  5.914E-08
                2.840E-08  4.552E-08  8.645E-08  7.014E-08  7.102E-08  1.584E-08
                6.665E-07  6.926E-08  4.920E-07  7.959E-08  2.132E-07  1.200E-06
                1.489E-06  1.023E-06  1.623E-07  2.117E-07  1.816E-07  6.972E-08
                1.034E-07  1.794E-07  1.066E-08  3.989E-09  4.316E-09  1.342E-08
                2.858E-07  2.882E-07  3.314E-07  5.738E-07  4.103E-07  8.873E-09
                6.920E-09  3.743E-08  3.757E-08  3.274E-07  8.924E-07
