          16           7
         215          13           1           1
           0          -4           0          -4           0          -6           0          -2           0          -4           0           6           0           4           0           2           0           4           0           6           0           2           0           4           0           2           0          -4           0          -2           0           2           0           4           0           6           0           2           0           4           0           6           0           4           0          -2           0          -2           0          -4           0          -6           0          -8           0          -2           0          -4           0          -6           0          -4           0           2           0          -4           0          -6           0          -2           0          -4           0          -6           0          -6           0          -8           0          -4           0          -6           0          -2           0          -4           0           4           0           6           0           8           0          10           0           4           0          -4           0           2           0           6           0           4           0           8           0           2           0          -4           0          -2           0           6           0           6           0           4           0           2           0           8           0           4           0           6           0           8           0           4           0           6           0           8           0          10           0           4           0           6           0           8           0           6           0           4           0           2           0           6           0           2           0           4           0           2           0          -4           0          -2           0          -6           0          -8           0           6           0           4           0          -4           0          -6           0          -2           0          -4           0          -6           0          -8           0         -10           0          -2           0          -4           0          -6           0          -4           0          -2           0          -6           0          -8           0          -2           0          -4           0           2           0           4           0           6           0           8           0           4           0           4           0           6           0           8           0           2           0          10           0           8           0           6           0           4           0           2           0           6           0           6           0           4           0           4           0           2           0           4           0           6           0           8           0          -4           0           2           0           4           0          -6           0          -4           0           2           0           4           0           6           0           4           0           6           0          -2           0          -4           0          -6           0          -8           0         -10           0          -6           0          -8           0         -10           0         -12           0           2           0          -2           0          -4           0          -6           0          -8           0          -2           0          -8           0         -10           0          -4           0          -2           0          -6           0          -4           0          -2           0          -4           0          -2           0          -4           0          -6           0          -4           0          -8           0          -6           0           2           0           4           0           2           0           4           0           6           0         -10           0          -8           0          -6           0          -4           0           6           0          -2           0          -4           0           8           0          -6           0          -2           0          -4           0          -6           0          -8           0           4           0           6           0          -4           0          -6           0          -6           0          -8           0          -2           0           2           0          -4           0           4           0           6           0           4           0           4           0           2           0           2           0          -4           0          -6           0          -8           0          -2           0          -4           0          -6           0          -8           0         -10           0          -8           0          -6           0          -4           0          -2           0          -2           0          -4           0          -6           0          -6           0          -8           0          -4           0          -2           0          -6           0          -4
    0.000000E+00    9.645106E-03    9.843162E-03    1.435602E-02    1.458263E-02
    4.247197E-02    4.320385E-02    4.360158E-02    5.944295E-02    5.948713E-02
    6.922989E-02    7.316769E-02    7.411300E-02    1.134727E-01    1.147319E-01
    2.354040E-01    2.358931E-01    2.366026E-01    2.382857E-01    2.391328E-01
    2.438023E-01    2.438287E-01    2.461520E-01    2.471700E-01    2.474363E-01
    2.479076E-01    2.485433E-01    2.486026E-01    2.487216E-01    2.491410E-01
    2.502551E-01    2.507374E-01    2.510783E-01    2.511300E-01    2.524691E-01
    2.524772E-01    2.554279E-01    2.561102E-01    2.563381E-01    2.591442E-01
    2.591854E-01    2.609226E-01    2.615363E-01    2.619649E-01    2.622131E-01
    2.625883E-01    2.631076E-01    2.632646E-01    2.633261E-01    2.634365E-01
    2.637297E-01    2.638533E-01    2.640096E-01    2.643758E-01    2.644930E-01
    2.645338E-01    2.648466E-01    2.652759E-01    2.655531E-01    2.656939E-01
    2.657640E-01    2.676748E-01    2.677713E-01    2.679166E-01    2.688115E-01
    2.690337E-01    2.711118E-01    2.712141E-01    2.720014E-01    2.721113E-01
    2.724223E-01    2.724984E-01    2.725578E-01    2.726085E-01    2.727219E-01
    2.737570E-01    2.740430E-01    2.746587E-01    2.763855E-01    2.763956E-01
    2.763957E-01    2.764682E-01    2.789238E-01    2.791446E-01    2.808157E-01
    2.808428E-01    2.816082E-01    2.816156E-01    2.816277E-01    2.816445E-01
    2.816660E-01    2.832213E-01    2.832636E-01    2.833497E-01    2.872720E-01
    2.872722E-01    2.872783E-01    2.873017E-01    2.873787E-01    2.874354E-01
    2.875828E-01    2.876419E-01    2.877951E-01    2.879672E-01    2.884374E-01
    2.885530E-01    2.886000E-01    2.886971E-01    2.887362E-01    2.888178E-01
    2.901974E-01    2.902310E-01    2.934227E-01    2.936053E-01    2.936679E-01
    2.948139E-01    2.948751E-01    2.949134E-01    2.954910E-01    2.955387E-01
    2.955818E-01    2.956302E-01    2.974080E-01    2.974265E-01    2.978254E-01
    2.979930E-01    2.980044E-01    2.981863E-01    2.981951E-01    2.982014E-01
    2.986863E-01    2.989406E-01    2.997979E-01    3.013547E-01    3.014398E-01
    3.015665E-01    3.017420E-01    3.025165E-01    3.025355E-01    3.025686E-01
    3.026262E-01    3.032771E-01    3.036433E-01    3.036673E-01    3.036996E-01
    3.037196E-01    3.041292E-01    3.046134E-01    3.046301E-01    3.048276E-01
    3.048611E-01    3.049614E-01    3.051740E-01    3.052844E-01    3.060373E-01
    3.062721E-01    3.065126E-01    3.067251E-01    3.072820E-01    3.083217E-01
    3.083847E-01    3.085481E-01    3.086063E-01    3.093086E-01    3.093690E-01
    3.093750E-01    3.093804E-01    3.094500E-01    3.095030E-01    3.095365E-01
    3.096086E-01    3.096683E-01    3.098305E-01    3.098337E-01    3.100372E-01
    3.110986E-01    3.111053E-01    3.111248E-01    3.111449E-01    3.124031E-01
    3.124222E-01    3.126400E-01    3.132139E-01    3.132929E-01    3.134326E-01
    3.163175E-01    3.165548E-01    3.167011E-01    3.167161E-01    3.173537E-01
    3.174815E-01    3.194473E-01    3.198310E-01    3.206567E-01    3.235572E-01
    3.235827E-01    3.236877E-01    3.236885E-01    3.238034E-01    3.239013E-01
    3.239634E-01    3.240075E-01    3.245628E-01    3.245933E-01    3.263728E-01
    3.264517E-01    3.271738E-01    3.284075E-01    3.287843E-01    3.314323E-01
    3.314556E-01    3.324856E-01    3.325179E-01    3.327131E-01    3.333147E-01
           0           2           0           1
  -27.940514715248785               13
3.20229147E+01  2.305E-01  1.857E-01  9.165E-02  8.397E-02  1.214E-01  3.662E-04
                1.171E-01  2.389E-02
4.56309147E+01  9.081E-02  7.197E-02  3.508E-02  3.472E-02  4.848E-02  1.442E-04
                6.851E-02  1.400E-02  3.350E-04  1.879E-04  7.925E-04  1.188E-02
                2.104E-02  1.277E-03  1.184E-03
5.92389147E+01  4.196E-02  3.381E-02  1.647E-02  1.583E-02  2.245E-02  6.246E-05
                4.239E-02  8.693E-03  1.514E-04  9.314E-05  4.904E-04  7.810E-03
                1.419E-02  6.371E-04  6.068E-04  2.419E-06  1.171E-05  2.690E-05
                9.330E-06  1.994E-05  4.765E-06  1.039E-05  1.210E-05  1.634E-06
                2.361E-06  6.794E-06  8.470E-06  1.249E-05  1.322E-05  3.341E-05
                2.964E-05  2.755E-06  1.221E-04  2.872E-05  1.174E-05  9.437E-06
                1.262E-08  1.327E-05  4.791E-06  7.283E-05  3.758E-05  2.409E-05
                3.653E-05  1.518E-06  2.753E-06  4.284E-06  5.885E-07  3.375E-06
                1.299E-04  2.428E-06  4.268E-06  4.762E-06  1.149E-06  6.924E-06
                3.243E-05  1.990E-05  1.657E-05  5.208E-05  4.858E-05  2.208E-05
                5.729E-06  2.081E-08  4.619E-08  2.557E-09  2.265E-05  1.254E-05
                3.897E-07  1.053E-08  9.843E-06  9.286E-06  1.266E-05  1.157E-05
                1.450E-05  4.679E-06  3.295E-05  7.632E-06  9.848E-06  4.863E-06
                1.097E-05  4.471E-06  1.566E-05  3.253E-07  6.761E-06  1.155E-05
                7.856E-05  3.146E-05  4.618E-09  6.225E-09  4.638E-09  2.063E-09
                3.203E-09  4.245E-06  1.816E-06  1.056E-05  3.778E-06  1.625E-06
                6.009E-06  1.429E-06  2.794E-05  3.379E-05  9.744E-07  1.132E-06
                1.321E-06  3.245E-07  1.832E-06  1.557E-06  2.836E-06  3.024E-06
                2.784E-06  1.894E-07  9.221E-06  2.205E-05  8.823E-05  1.962E-05
                8.837E-07  2.022E-06  1.155E-05  1.179E-05  8.751E-07  1.322E-06
                1.031E-06  2.226E-06  5.835E-05  1.105E-06  6.650E-06  5.852E-06
                1.511E-05  2.006E-05  8.408E-05  2.414E-06  1.008E-05  1.074E-05
                1.371E-05  2.542E-06  2.717E-06  2.024E-06  1.368E-06  4.210E-06
                6.512E-06  7.012E-06  5.937E-09  2.140E-06  4.425E-06  1.175E-05
                2.019E-05  2.152E-06  1.033E-06  1.521E-05  5.523E-06  7.195E-06
                4.734E-06  1.337E-05  9.403E-06  1.456E-05  1.937E-06  2.338E-06
                1.672E-05  2.734E-06  4.397E-06  2.651E-06  5.716E-06  3.040E-06
                5.954E-06  8.554E-06  4.718E-05  1.482E-05  3.382E-06  2.526E-06
                2.322E-06  2.219E-06  4.900E-06  3.660E-06  4.084E-06  1.827E-06
                2.590E-06  4.862E-06  1.369E-05  2.241E-05  4.136E-06  1.005E-06
                7.102E-07  3.619E-06  7.424E-06  5.852E-06  6.669E-06  1.022E-06
                9.922E-06  3.077E-06  8.146E-06  2.032E-06  3.892E-06  1.690E-05
                2.005E-05  1.321E-05  1.111E-05  1.637E-05  2.411E-05  5.371E-06
                7.618E-06  1.324E-05  1.430E-06  4.698E-07  8.779E-07  1.099E-06
                2.358E-06  2.461E-06  3.292E-06  1.059E-05  1.017E-05  4.274E-07
                7.055E-07  5.989E-07  4.723E-07  4.422E-06  1.171E-05
7.28469147E+01  2.279E-02  1.830E-02  8.912E-03  8.559E-03  1.214E-02  3.371E-05
                2.875E-02  5.896E-03  8.742E-05  4.963E-05  3.361E-04  5.453E-03
                9.936E-03  3.625E-04  3.454E-04  1.561E-06  6.162E-06  1.342E-05
                5.762E-06  1.167E-05  2.971E-06  6.509E-06  5.324E-06  6.656E-07
                1.094E-06  3.416E-06  4.632E-06  6.673E-06  7.401E-06  1.799E-05
                1.418E-05  1.968E-06  5.075E-05  1.387E-05  6.283E-06  5.301E-06
                8.398E-09  5.678E-06  2.031E-06  3.422E-05  1.796E-05  1.108E-05
                1.692E-05  5.808E-07  1.059E-06  1.767E-06  3.181E-07  1.530E-06
                7.221E-05  1.091E-06  2.053E-06  2.077E-06  4.397E-07  3.170E-06
                1.582E-05  9.564E-06  7.834E-06  2.417E-05  2.108E-05  7.648E-06
                2.603E-06  1.139E-08  2.703E-08  1.316E-09  6.890E-06  3.920E-06
                3.297E-07  4.714E-08  5.374E-06  5.281E-06  7.025E-06  6.509E-06
                1.072E-05  3.346E-06  1.880E-05  2.541E-06  4.001E-06  1.625E-06
                6.903E-06  2.771E-06  9.640E-06  1.160E-07  3.176E-06  4.596E-06
                4.734E-05  1.915E-05  3.069E-09  3.810E-09  2.076E-09  1.259E-09
                1.648E-09  3.057E-06  1.520E-06  6.742E-06  2.847E-06  1.280E-06
                4.354E-06  6.430E-07  1.711E-05  2.064E-05  4.382E-07  6.664E-07
                8.647E-07  1.285E-07  4.716E-07  7.417E-07  1.462E-06  1.463E-06
                4.350E-07  1.485E-07  5.392E-06  1.302E-05  5.246E-05  1.153E-05
                5.611E-07  1.192E-06  6.875E-06  6.896E-06  5.712E-07  8.174E-07
                6.283E-07  1.432E-06  3.541E-05  5.798E-07  3.618E-06  4.230E-06
                1.064E-05  1.218E-05  5.094E-05  1.133E-06  6.210E-06  6.543E-06
                8.923E-06  1.186E-06  1.205E-06  8.142E-07  6.828E-07  2.023E-06
                3.141E-06  3.395E-06  1.029E-08  1.234E-06  2.340E-06  6.366E-06
                1.139E-05  8.671E-07  5.636E-07  5.448E-06  1.950E-06  4.929E-06
                3.446E-06  7.367E-06  5.163E-06  8.179E-06  1.130E-06  1.077E-06
                1.035E-05  1.303E-06  2.082E-06  1.333E-06  2.972E-06  1.229E-06
                3.675E-06  4.897E-06  2.551E-05  8.638E-06  1.613E-06  1.058E-06
                1.026E-06  1.005E-06  2.775E-06  1.911E-06  2.092E-06  1.017E-06
                1.089E-06  2.833E-06  7.750E-06  1.239E-05  2.012E-06  5.166E-07
                3.398E-07  1.730E-06  2.900E-06  2.785E-06  2.508E-06  5.018E-07
                6.720E-06  1.762E-06  5.240E-06  1.116E-06  2.184E-06  1.166E-05
                1.415E-05  9.431E-06  5.096E-06  7.027E-06  9.943E-06  2.481E-06
                3.258E-06  5.885E-06  3.220E-07  9.806E-08  3.409E-07  5.757E-07
                2.237E-06  2.253E-06  2.994E-06  6.235E-06  5.542E-06  1.871E-07
                2.770E-07  4.514E-07  3.420E-07  3.031E-06  8.061E-06
8.64549147E+01  1.348E-02  1.081E-02  5.261E-03  5.046E-03  7.169E-03  2.015E-05
                2.034E-02  4.170E-03  5.466E-05  2.859E-05  2.403E-04  3.946E-03
                7.205E-03  2.206E-04  2.101E-04  1.022E-06  3.624E-06  7.704E-06
                3.711E-06  7.007E-06  2.014E-06  4.413E-06  2.983E-06  3.540E-07
                6.921E-07  2.221E-06  3.327E-06  3.997E-06  4.520E-06  1.088E-05
                7.839E-06  1.331E-06  2.497E-05  8.154E-06  3.594E-06  3.169E-06
                5.341E-09  3.028E-06  1.069E-06  1.804E-05  9.636E-06  5.894E-06
                8.970E-06  2.755E-07  5.056E-07  8.752E-07  1.946E-07  9.570E-07
                4.336E-05  8.445E-07  1.138E-06  1.494E-06  2.354E-07  2.489E-06
                8.570E-06  5.098E-06  4.368E-06  1.311E-05  1.313E-05  3.987E-06
                1.450E-06  8.147E-09  1.832E-08  9.864E-10  3.002E-06  1.764E-06
                2.738E-07  5.743E-08  3.310E-06  3.260E-06  4.295E-06  4.741E-06
                7.964E-06  2.554E-06  1.156E-05  1.184E-06  2.182E-06  7.144E-07
                4.766E-06  1.902E-06  6.593E-06  5.686E-08  1.793E-06  2.322E-06
                3.002E-05  1.216E-05  2.000E-09  2.434E-09  1.261E-09  8.336E-10
                9.190E-10  2.191E-06  1.132E-06  4.581E-06  2.160E-06  9.657E-07
                3.267E-06  3.719E-07  1.092E-05  1.317E-05  2.997E-07  4.796E-07
                6.259E-07  8.942E-08  2.472E-07  5.042E-07  1.010E-06  1.007E-06
                1.044E-07  1.072E-07  3.714E-06  9.019E-06  3.366E-05  7.365E-06
                3.740E-07  8.620E-07  4.588E-06  4.401E-06  4.297E-07  5.996E-07
                4.685E-07  1.065E-06  2.259E-05  4.179E-07  2.450E-06  2.779E-06
                6.953E-06  8.004E-06  3.341E-05  7.582E-07  4.363E-06  4.591E-06
                5.968E-06  6.098E-07  6.060E-07  3.861E-07  3.669E-07  1.021E-06
                1.585E-06  1.718E-06  1.292E-08  8.105E-07  1.455E-06  4.060E-06
                7.441E-06  4.136E-07  3.324E-07  2.224E-06  7.856E-07  3.219E-06
                2.298E-06  4.675E-06  3.273E-06  5.247E-06  7.052E-07  5.825E-07
                6.993E-06  7.001E-07  1.111E-06  7.674E-07  1.714E-06  6.836E-07
                2.509E-06  3.102E-06  1.565E-05  5.770E-06  8.608E-07  5.326E-07
                5.460E-07  5.357E-07  1.838E-06  1.181E-06  1.287E-06  6.673E-07
                5.906E-07  1.873E-06  5.038E-06  7.908E-06  1.115E-06  3.721E-07
                2.158E-07  9.427E-07  1.404E-06  1.510E-06  1.171E-06  2.844E-07
                4.682E-06  1.079E-06  3.575E-06  7.035E-07  1.403E-06  8.341E-06
                1.012E-05  6.812E-06  2.707E-06  3.481E-06  4.519E-06  1.353E-06
                1.712E-06  3.047E-06  9.204E-08  2.613E-08  1.576E-07  3.231E-07
                1.736E-06  1.733E-06  2.275E-06  4.198E-06  3.487E-06  1.124E-07
                1.383E-07  3.160E-07  2.504E-07  2.161E-06  5.792E-06
1.00062915E+02  8.500E-03  6.816E-03  3.317E-03  3.185E-03  4.532E-03  1.199E-05
                1.509E-02  3.095E-03  3.582E-05  1.683E-05  1.799E-04  2.981E-03
                5.452E-03  1.464E-04  1.397E-04  6.621E-07  2.258E-06  4.549E-06
                2.396E-06  4.222E-06  1.296E-06  2.837E-06  1.829E-06  2.162E-07
                5.352E-07  1.730E-06  2.797E-06  2.453E-06  2.785E-06  6.717E-06
                4.643E-06  8.549E-07  1.365E-05  5.222E-06  2.184E-06  1.967E-06
                3.378E-09  1.720E-06  6.049E-07  1.031E-05  5.637E-06  3.419E-06
                5.203E-06  1.476E-07  2.779E-07  4.971E-07  1.687E-07  6.767E-07
                2.777E-05  7.096E-07  6.519E-07  1.186E-06  1.312E-07  2.112E-06
                5.026E-06  2.950E-06  2.538E-06  7.513E-06  9.269E-06  2.513E-06
                8.678E-07  5.898E-09  1.216E-08  6.975E-10  1.538E-06  9.291E-07
                2.125E-07  5.391E-08  2.059E-06  2.006E-06  2.621E-06  3.449E-06
                5.879E-06  1.909E-06  7.087E-06  6.304E-07  1.281E-06  3.671E-07
                3.205E-06  1.279E-06  4.422E-06  3.797E-08  1.065E-06  1.298E-06
                2.002E-05  8.108E-06  1.414E-09  1.660E-09  7.975E-10  5.696E-10
                5.664E-10  1.499E-06  7.771E-07  3.083E-06  1.689E-06  7.423E-07
                2.553E-06  2.442E-07  7.320E-06  8.860E-06  2.201E-07  3.558E-07
                4.626E-07  6.522E-08  1.731E-07  3.626E-07  7.230E-07  7.269E-07
                5.252E-08  7.269E-08  2.542E-06  6.188E-06  2.356E-05  5.149E-06
                2.525E-07  6.369E-07  3.289E-06  3.063E-06  3.182E-07  4.516E-07
                3.556E-07  7.712E-07  1.512E-05  3.157E-07  1.772E-06  1.868E-06
                4.676E-06  5.720E-06  2.386E-05  5.610E-07  3.054E-06  3.206E-06
                4.036E-06  3.493E-07  3.411E-07  2.050E-07  2.183E-07  5.688E-07
                8.835E-07  9.618E-07  1.437E-08  5.564E-07  9.985E-07  2.841E-06
                5.290E-06  2.210E-07  2.100E-07  1.033E-06  3.615E-07  2.169E-06
                1.549E-06  3.251E-06  2.275E-06  3.674E-06  4.709E-07  3.517E-07
                5.039E-06  4.111E-07  6.535E-07  4.631E-07  1.023E-06  4.643E-07
                1.813E-06  2.174E-06  1.078E-05  3.863E-06  5.104E-07  3.006E-07
                3.260E-07  3.186E-07  1.255E-06  8.118E-07  8.820E-07  4.547E-07
                3.724E-07  1.336E-06  3.556E-06  5.505E-06  6.720E-07  2.974E-07
                1.578E-07  5.584E-07  7.824E-07  8.825E-07  6.389E-07  1.729E-07
                3.478E-06  6.837E-07  2.614E-06  4.639E-07  9.942E-07  6.306E-06
                7.648E-06  5.189E-06  1.607E-06  1.962E-06  2.260E-06  8.143E-07
                1.028E-06  1.777E-06  3.735E-08  1.120E-08  7.992E-08  1.912E-07
                1.321E-06  1.319E-06  1.719E-06  3.041E-06  2.424E-06  7.168E-08
                7.505E-08  2.210E-07  1.856E-07  1.602E-06  4.319E-06
1.13670915E+02  5.667E-03  4.549E-03  2.214E-03  2.126E-03  3.021E-03  8.432E-06
                1.133E-02  2.323E-03  2.526E-05  1.123E-05  1.355E-04  2.257E-03
                4.131E-03  9.752E-05  9.293E-05  4.402E-07  1.433E-06  2.617E-06
                1.618E-06  2.529E-06  8.718E-07  1.908E-06  1.313E-06  1.667E-07
                3.978E-07  1.242E-06  2.053E-06  1.618E-06  1.792E-06  4.352E-06
                2.968E-06  5.754E-07  8.718E-06  3.467E-06  1.447E-06  1.299E-06
                2.166E-09  1.047E-06  3.669E-07  6.559E-06  3.645E-06  2.196E-06
                3.328E-06  8.765E-08  1.716E-07  3.148E-07  1.531E-07  5.233E-07
                1.890E-05  5.987E-07  3.989E-07  9.700E-07  7.406E-08  1.793E-06
                3.206E-06  1.884E-06  1.587E-06  4.679E-06  7.002E-06  1.780E-06
                5.639E-07  4.538E-09  8.585E-09  4.783E-10  9.134E-07  5.675E-07
                1.582E-07  4.325E-08  1.377E-06  1.333E-06  1.750E-06  2.599E-06
                4.390E-06  1.451E-06  4.717E-06  3.905E-07  8.644E-07  2.162E-07
                2.310E-06  9.240E-07  3.187E-06  2.841E-08  6.998E-07  8.207E-07
                1.414E-05  5.706E-06  1.058E-09  1.215E-09  5.513E-10  4.022E-10
                3.707E-10  1.100E-06  5.556E-07  2.246E-06  1.356E-06  5.833E-07
                2.062E-06  1.814E-07  5.179E-06  6.261E-06  1.684E-07  2.739E-07
                3.573E-07  4.953E-08  1.342E-07  2.699E-07  5.441E-07  5.545E-07
                3.988E-08  5.772E-08  1.861E-06  4.534E-06  1.687E-05  3.687E-06
                1.833E-07  4.819E-07  2.418E-06  2.185E-06  2.382E-07  3.458E-07
                2.747E-07  5.684E-07  1.071E-05  2.459E-07  1.342E-06  1.289E-06
                3.227E-06  4.157E-06  1.733E-05  4.209E-07  2.276E-06  2.396E-06
                2.931E-06  2.201E-07  2.113E-07  1.193E-07  1.420E-07  3.530E-07
                5.482E-07  5.992E-07  1.226E-08  3.917E-07  7.335E-07  2.122E-06
                4.003E-06  1.249E-07  1.464E-07  5.664E-07  1.969E-07  1.499E-06
                1.073E-06  2.445E-06  1.709E-06  2.769E-06  3.368E-07  2.317E-07
                3.807E-06  2.624E-07  4.204E-07  3.016E-07  6.560E-07  3.426E-07
                1.343E-06  1.566E-06  7.710E-06  2.855E-06  3.381E-07  1.857E-07
                2.129E-07  2.087E-07  9.692E-07  6.053E-07  6.520E-07  3.525E-07
                2.598E-07  1.015E-06  2.680E-06  4.113E-06  4.466E-07  2.363E-07
                1.196E-07  3.582E-07  5.129E-07  5.569E-07  4.142E-07  1.121E-07
                2.559E-06  4.572E-07  1.924E-06  3.550E-07  7.438E-07  4.704E-06
                5.688E-06  3.875E-06  1.055E-06  1.260E-06  1.318E-06  5.298E-07
                6.771E-07  1.158E-06  2.793E-08  9.559E-09  4.210E-08  1.148E-07
                1.046E-06  1.046E-06  1.336E-06  2.316E-06  1.800E-06  4.992E-08
                4.656E-08  1.628E-07  1.429E-07  1.251E-06  3.364E-06
1.27278915E+02  3.881E-03  3.119E-03  1.517E-03  1.460E-03  2.080E-03  5.238E-06
                8.936E-03  1.833E-03  1.794E-05  6.920E-06  1.080E-04  1.810E-03
                3.317E-03  7.122E-05  6.808E-05  3.073E-07  1.064E-06  1.736E-06
                1.136E-06  1.672E-06  5.653E-07  1.237E-06  9.126E-07  1.195E-07
                3.734E-07  1.176E-06  2.013E-06  1.053E-06  1.147E-06  2.815E-06
                1.966E-06  3.720E-07  5.507E-06  2.536E-06  9.469E-07  8.467E-07
                1.414E-09  6.514E-07  2.310E-07  4.189E-06  2.411E-06  1.416E-06
                2.155E-06  5.568E-08  1.125E-07  2.119E-07  1.406E-07  4.032E-07
                1.298E-05  5.005E-07  2.532E-07  7.910E-07  4.207E-08  1.503E-06
                2.075E-06  1.207E-06  1.022E-06  3.029E-06  5.433E-06  1.308E-06
                3.782E-07  3.562E-09  6.354E-09  3.465E-10  5.668E-07  3.617E-07
                1.173E-07  3.429E-08  9.492E-07  9.068E-07  1.176E-06  2.003E-06
                3.304E-06  1.084E-06  3.196E-06  2.456E-07  5.753E-07  1.320E-07
                1.558E-06  6.229E-07  2.150E-06  2.554E-08  4.672E-07  5.308E-07
                9.810E-06  3.967E-06  8.023E-10  8.859E-10  3.679E-10  2.901E-10
                2.737E-10  7.385E-07  3.789E-07  1.504E-06  1.090E-06  4.621E-07
                1.657E-06  1.316E-07  3.604E-06  4.374E-06  1.261E-07  2.033E-07
                2.640E-07  3.621E-08  1.001E-07  2.007E-07  3.982E-07  4.104E-07
                3.533E-08  3.903E-08  1.339E-06  3.266E-06  1.273E-05  2.781E-06
                1.307E-07  3.537E-07  1.821E-06  1.639E-06  1.734E-07  2.600E-07
                2.053E-07  4.085E-07  7.302E-06  1.873E-07  1.016E-06  9.176E-07
                2.296E-06  3.186E-06  1.329E-05  3.158E-07  1.638E-06  1.719E-06
                1.975E-06  1.564E-07  1.456E-07  7.581E-08  1.047E-07  2.545E-07
                3.954E-07  4.336E-07  1.028E-08  2.804E-07  5.471E-07  1.601E-06
                3.046E-06  7.331E-08  1.045E-07  4.128E-07  1.441E-07  1.073E-06
                7.672E-07  1.839E-06  1.287E-06  2.089E-06  2.465E-07  1.579E-07
                2.847E-06  1.747E-07  2.808E-07  2.031E-07  4.376E-07  2.681E-07
                1.018E-06  1.206E-06  5.930E-06  1.958E-06  2.505E-07  1.228E-07
                1.469E-07  1.480E-07  7.049E-07  4.533E-07  4.844E-07  2.580E-07
                1.870E-07  7.715E-07  2.029E-06  3.095E-06  3.209E-07  1.877E-07
                9.328E-08  2.411E-07  3.684E-07  3.750E-07  2.987E-07  7.556E-08
                2.016E-06  3.157E-07  1.500E-06  2.531E-07  5.836E-07  3.711E-06
                4.515E-06  3.089E-06  7.291E-07  8.829E-07  8.845E-07  3.561E-07
                4.662E-07  7.997E-07  2.118E-08  7.510E-09  2.696E-08  7.560E-08
                8.175E-07  8.193E-07  1.029E-06  1.781E-06  1.365E-06  3.528E-08
                3.121E-08  1.214E-07  1.102E-07  9.742E-07  2.627E-06
1.40886915E+02  2.798E-03  2.248E-03  1.094E-03  1.052E-03  1.496E-03  4.193E-06
                6.917E-03  1.418E-03  1.359E-05  5.149E-06  8.368E-05  1.406E-03
                2.577E-03  4.956E-05  4.722E-05  2.209E-07  7.806E-07  1.059E-06
                8.407E-07  1.055E-06  3.967E-07  8.671E-07  7.024E-07  1.008E-07
                2.651E-07  8.006E-07  1.342E-06  7.207E-07  7.538E-07  1.870E-06
                1.366E-06  2.614E-07  4.150E-06  1.734E-06  6.792E-07  5.878E-07
                9.178E-10  4.250E-07  1.505E-07  3.035E-06  1.746E-06  1.030E-06
                1.563E-06  3.968E-08  8.617E-08  1.656E-07  1.425E-07  3.396E-07
                9.658E-06  4.323E-07  1.681E-07  6.726E-07  2.847E-08  1.300E-06
                1.478E-06  8.713E-07  6.926E-07  2.037E-06  4.388E-06  1.031E-06
                2.765E-07  2.818E-09  4.441E-09  2.401E-10  3.858E-07  2.549E-07
                8.738E-08  2.657E-08  6.774E-07  6.425E-07  8.441E-07  1.464E-06
                2.521E-06  8.410E-07  2.271E-06  1.701E-07  4.216E-07  8.812E-08
                1.129E-06  4.556E-07  1.565E-06  1.798E-08  3.314E-07  3.706E-07
                7.494E-06  3.023E-06  6.218E-10  6.799E-10  2.711E-10  2.100E-10
                1.836E-10  5.456E-07  2.665E-07  1.129E-06  8.759E-07  3.659E-07
                1.342E-06  1.134E-07  2.762E-06  3.342E-06  9.727E-08  1.559E-07
                2.044E-07  2.693E-08  8.167E-08  1.507E-07  3.005E-07  3.165E-07
                3.602E-08  3.048E-08  9.372E-07  2.284E-06  9.775E-06  2.138E-06
                9.692E-08  2.785E-07  1.415E-06  1.253E-06  1.268E-07  2.017E-07
                1.556E-07  2.925E-07  5.543E-06  1.428E-07  7.705E-07  6.736E-07
                1.689E-06  2.472E-06  1.031E-05  2.308E-07  1.174E-06  1.231E-06
                1.497E-06  1.030E-07  9.517E-08  4.669E-08  6.997E-08  1.675E-07
                2.604E-07  2.867E-07  8.458E-09  2.124E-07  4.228E-07  1.249E-06
                2.394E-06  4.510E-08  7.777E-08  2.688E-07  9.477E-08  7.902E-07
                5.610E-07  1.443E-06  1.009E-06  1.641E-06  1.887E-07  1.148E-07
                2.250E-06  1.216E-07  1.984E-07  1.393E-07  2.914E-07  2.196E-07
                7.815E-07  9.326E-07  4.597E-06  1.423E-06  1.694E-07  7.931E-08
                1.008E-07  9.986E-08  5.361E-07  3.556E-07  3.784E-07  1.974E-07
                1.410E-07  6.087E-07  1.592E-06  2.413E-06  2.158E-07  1.514E-07
                7.288E-08  1.634E-07  2.595E-07  2.478E-07  2.111E-07  5.187E-08
                1.549E-06  2.203E-07  1.154E-06  1.956E-07  4.579E-07  2.846E-06
                3.467E-06  2.374E-06  5.170E-07  6.204E-07  5.621E-07  2.481E-07
                3.341E-07  5.662E-07  2.533E-08  9.624E-09  1.694E-08  5.008E-08
                6.585E-07  6.613E-07  8.132E-07  1.396E-06  1.050E-06  2.710E-08
                2.202E-08  9.309E-08  8.763E-08  7.759E-07  2.089E-06
1.54494915E+02  2.041E-03  1.647E-03  8.016E-04  7.746E-04  1.100E-03  2.602E-06
                5.786E-03  1.187E-03  1.027E-05  3.223E-06  7.048E-05  1.188E-03
                2.180E-03  3.962E-05  3.792E-05  1.652E-07  6.658E-07  7.966E-07
                6.366E-07  7.677E-07  2.579E-07  5.632E-07  4.955E-07  7.236E-08
                2.737E-07  8.554E-07  1.472E-06  4.785E-07  4.955E-07  1.241E-06
                9.819E-07  1.692E-07  2.788E-06  1.411E-06  4.559E-07  3.881E-07
                6.057E-10  2.790E-07  1.018E-07  2.108E-06  1.267E-06  7.082E-07
                1.082E-06  2.779E-08  6.224E-08  1.226E-07  1.249E-07  2.726E-07
                6.908E-06  3.658E-07  1.134E-07  5.609E-07  2.000E-08  1.098E-06
                1.020E-06  5.980E-07  4.630E-07  1.379E-06  3.559E-06  8.121E-07
                1.946E-07  2.292E-09  3.453E-09  1.800E-10  2.699E-07  1.823E-07
                6.351E-08  2.012E-08  4.784E-07  4.488E-07  5.810E-07  1.157E-06
                1.974E-06  6.374E-07  1.580E-06  1.172E-07  2.962E-07  5.955E-08
                7.481E-07  3.007E-07  1.037E-06  1.835E-08  2.304E-07  2.561E-07
                5.276E-06  2.142E-06  4.912E-10  5.112E-10  1.815E-10  1.570E-10
                1.471E-10  3.544E-07  1.808E-07  7.344E-07  7.231E-07  2.993E-07
                1.103E-06  7.890E-08  1.955E-06  2.373E-06  7.246E-08  1.146E-07
                1.489E-07  1.964E-08  6.250E-08  1.115E-07  2.186E-07  2.334E-07
                3.475E-08  2.101E-08  6.881E-07  1.676E-06  7.880E-06  1.722E-06
                7.266E-08  2.034E-07  1.111E-06  1.002E-06  9.143E-08  1.517E-07
                1.147E-07  2.087E-07  3.771E-06  1.100E-07  5.977E-07  4.969E-07
                1.245E-06  2.015E-06  8.416E-06  1.740E-07  8.595E-07  8.978E-07
                9.823E-07  8.048E-08  7.223E-08  3.257E-08  5.619E-08  1.352E-07
                2.102E-07  2.315E-07  6.299E-09  1.569E-07  3.298E-07  9.797E-07
                1.888E-06  2.857E-08  6.180E-08  2.203E-07  7.778E-08  5.863E-07
                4.171E-07  1.123E-06  7.873E-07  1.280E-06  1.483E-07  8.600E-08
                1.725E-06  8.930E-08  1.468E-07  9.724E-08  2.035E-07  1.790E-07
                6.164E-07  7.663E-07  3.782E-06  9.620E-07  1.359E-07  5.638E-08
                7.462E-08  7.630E-08  3.999E-07  2.762E-07  2.913E-07  1.485E-07
                1.075E-07  4.778E-07  1.247E-06  1.881E-06  1.662E-07  1.183E-07
                5.693E-08  1.161E-07  1.936E-07  1.782E-07  1.580E-07  3.774E-08
                1.294E-06  1.620E-07  9.511E-07  1.417E-07  3.792E-07  2.367E-06
                2.911E-06  1.997E-06  3.820E-07  4.730E-07  4.281E-07  1.767E-07
                2.438E-07  4.193E-07  1.736E-08  6.558E-09  1.201E-08  3.545E-08
                5.295E-07  5.324E-07  6.460E-07  1.112E-06  8.280E-07  1.975E-08
                1.583E-08  7.314E-08  7.001E-08  6.213E-07  1.684E-06
1.68102915E+02  1.504E-03  1.206E-03  5.872E-04  5.651E-04  8.070E-04  2.140E-06
                4.511E-03  9.251E-04  7.962E-06  2.464E-06  5.557E-05  9.400E-04
                1.726E-03  2.736E-05  2.606E-05  1.304E-07  5.497E-07  5.203E-07
                5.189E-07  5.236E-07  1.919E-07  4.194E-07  4.158E-07  6.701E-08
                1.655E-07  4.776E-07  7.733E-07  3.462E-07  3.327E-07  8.426E-07
                7.031E-07  1.260E-07  2.293E-06  9.071E-07  3.454E-07  2.804E-07
                4.105E-10  1.951E-07  7.029E-08  1.589E-06  9.301E-07  5.372E-07
                8.167E-07  2.155E-08  5.173E-08  1.033E-07  1.195E-07  2.400E-07
                5.324E-06  3.226E-07  8.161E-08  4.910E-07  1.717E-08  9.701E-07
                7.562E-07  4.479E-07  3.316E-07  9.835E-07  2.996E-06  6.672E-07
                1.542E-07  1.905E-09  2.525E-09  1.323E-10  1.849E-07  1.319E-07
                4.770E-08  1.540E-08  3.592E-07  3.365E-07  4.454E-07  8.676E-07
                1.487E-06  4.986E-07  1.190E-06  8.244E-08  2.275E-07  3.948E-08
                5.817E-07  2.365E-07  8.104E-07  1.140E-08  1.712E-07  1.846E-07
                4.191E-06  1.694E-06  3.804E-10  4.020E-10  1.450E-10  1.148E-10
                9.535E-11  2.818E-07  1.339E-07  5.937E-07  5.662E-07  2.317E-07
                8.729E-07  7.949E-08  1.547E-06  1.870E-06  5.838E-08  9.023E-08
                1.182E-07  1.532E-08  5.446E-08  8.946E-08  1.754E-07  1.912E-07
                3.713E-08  1.775E-08  5.102E-07  1.242E-06  5.933E-06  1.298E-06
                5.336E-08  1.658E-07  8.609E-07  7.559E-07  6.945E-08  1.195E-07
                8.845E-08  1.571E-07  3.028E-06  8.732E-08  4.671E-07  3.747E-07
                9.398E-07  1.533E-06  6.401E-06  1.256E-07  6.454E-07  6.740E-07
                8.015E-07  5.263E-08  4.725E-08  2.015E-08  3.700E-08  8.846E-08
                1.376E-07  1.522E-07  4.921E-09  1.234E-07  2.566E-07  7.660E-07
                1.484E-06  1.764E-08  4.360E-08  1.679E-07  6.039E-08  4.423E-07
                3.119E-07  8.838E-07  6.183E-07  1.007E-06  1.142E-07  6.328E-08
                1.375E-06  6.195E-08  1.026E-07  7.131E-08  1.428E-07  1.523E-07
                4.715E-07  5.898E-07  2.945E-06  7.585E-07  9.097E-08  3.665E-08
                5.154E-08  5.122E-08  3.234E-07  2.174E-07  2.296E-07  1.208E-07
                8.227E-08  3.773E-07  9.798E-07  1.474E-06  1.120E-07  9.487E-08
                4.488E-08  8.230E-08  1.494E-07  1.230E-07  1.230E-07  2.629E-08
                9.746E-07  1.152E-07  7.246E-07  1.194E-07  3.003E-07  1.770E-06
                2.176E-06  1.493E-06  2.802E-07  3.469E-07  2.931E-07  1.272E-07
                1.814E-07  3.087E-07  2.216E-08  8.469E-09  8.453E-09  2.469E-08
                4.221E-07  4.252E-07  5.028E-07  8.675E-07  6.358E-07  1.620E-08
                1.260E-08  5.650E-08  5.562E-08  4.906E-07  1.324E-06
1.81710915E+02  1.223E-03  9.896E-04  4.823E-04  4.672E-04  6.595E-04  1.661E-06
                3.897E-03  7.990E-04  6.494E-06  1.833E-06  4.718E-05  7.970E-04
                1.463E-03  2.316E-05  2.214E-05  1.026E-07  4.968E-07  4.501E-07
                4.118E-07  4.159E-07  1.255E-07  2.727E-07  2.724E-07  4.451E-08
                2.034E-07  6.389E-07  1.089E-06  2.210E-07  2.222E-07  5.660E-07
                5.573E-07  8.198E-08  1.628E-06  8.631E-07  2.353E-07  1.860E-07
                2.590E-10  1.286E-07  4.906E-08  1.258E-06  7.812E-07  4.091E-07
                6.256E-07  1.662E-08  4.162E-08  8.464E-08  1.062E-07  2.000E-07
                4.065E-06  2.774E-07  5.761E-08  4.185E-07  1.533E-08  8.312E-07
                5.737E-07  3.453E-07  2.329E-07  6.828E-07  2.516E-06  5.621E-07
                1.148E-07  1.530E-09  1.813E-09  9.480E-11  1.546E-07  1.087E-07
                3.532E-08  1.189E-08  2.580E-07  2.383E-07  3.134E-07  6.526E-07
                1.239E-06  3.926E-07  8.413E-07  6.508E-08  1.712E-07  3.184E-08
                3.442E-07  1.397E-07  4.811E-07  1.239E-08  1.244E-07  1.395E-07
                3.067E-06  1.258E-06  3.136E-10  3.084E-10  9.326E-11  8.916E-11
                8.052E-11  1.625E-07  8.318E-08  3.535E-07  4.881E-07  1.988E-07
                7.457E-07  5.375E-08  1.153E-06  1.391E-06  4.286E-08  6.537E-08
                8.546E-08  1.056E-08  4.165E-08  6.363E-08  1.220E-07  1.362E-07
                3.357E-08  1.097E-08  3.273E-07  7.955E-07  5.327E-06  1.163E-06
                4.263E-08  1.251E-07  7.312E-07  6.691E-07  4.779E-08  9.173E-08
                6.368E-08  1.041E-07  2.051E-06  6.353E-08  3.548E-07  2.928E-07
                7.326E-07  1.383E-06  5.788E-06  9.351E-08  4.243E-07  4.388E-07
                4.873E-07  4.168E-08  3.678E-08  1.455E-08  2.967E-08  7.194E-08
                1.120E-07  1.236E-07  3.707E-09  9.730E-08  2.091E-07  6.259E-07
                1.215E-06  1.294E-08  4.035E-08  1.196E-07  4.291E-08  3.460E-07
                2.452E-07  7.122E-07  5.000E-07  8.143E-07  9.663E-08  5.393E-08
                1.093E-06  5.254E-08  8.891E-08  5.044E-08  1.011E-07  1.307E-07
                3.977E-07  5.283E-07  2.628E-06  4.488E-07  7.163E-08  2.655E-08
                3.979E-08  3.959E-08  2.130E-07  1.764E-07  1.843E-07  8.029E-08
                6.625E-08  3.073E-07  7.968E-07  1.190E-06  8.557E-08  7.668E-08
                3.537E-08  5.945E-08  1.040E-07  8.901E-08  8.534E-08  2.069E-08
                8.745E-07  8.934E-08  6.367E-07  7.522E-08  2.519E-07  1.574E-06
                1.962E-06  1.344E-06  2.135E-07  2.651E-07  2.074E-07  9.574E-08
                1.383E-07  2.339E-07  1.721E-08  6.719E-09  6.522E-09  1.925E-08
                3.490E-07  3.515E-07  4.141E-07  7.085E-07  5.122E-07  1.302E-08
                9.601E-09  4.625E-08  4.572E-08  4.023E-07  1.097E-06
1.95318915E+02  8.447E-04  6.829E-04  3.331E-04  3.233E-04  4.602E-04  8.482E-07
                3.275E-03  6.718E-04  4.989E-06  9.758E-07  4.115E-05  7.003E-04
                1.288E-03  1.769E-05  1.697E-05  8.550E-08  4.317E-07  2.997E-07
                3.545E-07  3.042E-07  9.380E-08  2.048E-07  2.468E-07  4.248E-08
                1.202E-07  3.467E-07  5.572E-07  1.754E-07  1.549E-07  3.954E-07
                3.849E-07  6.102E-08  1.192E-06  5.339E-07  1.709E-07  1.306E-07
                1.930E-10  9.991E-08  3.752E-08  8.324E-07  5.080E-07  2.722E-07
                4.174E-07  1.170E-08  3.300E-08  7.120E-08  9.995E-08  1.743E-07
                2.843E-06  2.496E-07  4.323E-08  3.736E-07  1.403E-08  7.477E-07
                3.845E-07  2.263E-07  1.614E-07  4.839E-07  2.190E-06  4.648E-07
                9.283E-08  1.372E-09  1.615E-09  7.993E-11  9.353E-08  7.195E-08
                2.499E-08  8.526E-09  1.890E-07  1.760E-07  2.331E-07  5.661E-07
                9.159E-07  2.991E-07  6.181E-07  4.134E-08  1.254E-07  1.780E-08
                3.099E-07  1.248E-07  4.314E-07  9.357E-09  8.784E-08  9.302E-08
                2.206E-06  8.962E-07  2.366E-10  2.372E-10  7.493E-11  6.388E-11
                5.421E-11  1.464E-07  7.327E-08  3.027E-07  3.753E-07  1.515E-07
                5.761E-07  4.787E-08  8.165E-07  9.887E-07  3.477E-08  5.088E-08
                6.559E-08  8.986E-09  3.780E-08  5.382E-08  1.026E-07  1.146E-07
                3.573E-08  1.113E-08  3.181E-07  7.732E-07  3.714E-06  8.120E-07
                3.154E-08  9.856E-08  5.319E-07  4.720E-07  3.897E-08  6.991E-08
                4.974E-08  8.871E-08  1.559E-06  5.862E-08  3.037E-07  2.083E-07
                5.199E-07  9.777E-07  4.087E-06  7.283E-08  4.015E-07  4.190E-07
                4.174E-07  3.007E-08  2.638E-08  9.945E-09  2.166E-08  5.280E-08
                8.219E-08  9.084E-08  2.531E-09  7.381E-08  1.584E-07  4.743E-07
                9.253E-07  7.898E-09  2.868E-08  1.064E-07  3.835E-08  2.464E-07
                1.763E-07  5.372E-07  3.770E-07  6.145E-07  7.747E-08  4.071E-08
                8.335E-07  3.672E-08  6.199E-08  3.789E-08  7.481E-08  1.052E-07
                2.905E-07  3.859E-07  1.952E-06  4.241E-07  5.395E-08  1.856E-08
                2.827E-08  2.875E-08  2.167E-07  1.313E-07  1.383E-07  8.185E-08
                4.913E-08  2.330E-07  6.011E-07  8.977E-07  6.265E-08  5.795E-08
                2.779E-08  4.398E-08  8.527E-08  6.753E-08  7.027E-08  1.518E-08
                6.417E-07  6.668E-08  4.750E-07  7.864E-08  2.071E-07  1.154E-06
                1.431E-06  9.830E-07  1.567E-07  2.043E-07  1.738E-07  6.733E-08
                1.003E-07  1.734E-07  1.163E-08  4.359E-09  4.176E-09  1.291E-08
                2.778E-07  2.803E-07  3.212E-07  5.566E-07  3.974E-07  8.806E-09
                6.859E-09  3.628E-08  3.656E-08  3.179E-07  8.652E-07
