          16           7
         215          13           1           1
           0          -4           0          -4           0          -6           0          -2           0          -4           0           6           0           4           0           2           0           4           0           6           0           2           0           4           0           2           0          -4           0          -2           0           2           0           4           0           6           0           2           0           4           0           6           0           4           0          -2           0          -2           0          -4           0          -6           0          -8           0          -2           0          -4           0          -6           0          -4           0           2           0          -4           0          -6           0          -2           0          -4           0          -6           0          -6           0          -8           0          -4           0          -6           0          -2           0          -4           0           4           0           6           0           8           0          10           0           4           0          -4           0           2           0           6           0           4           0           8           0           2           0          -4           0          -2           0           6           0           6           0           4           0           2           0           8           0           4           0           6           0           8           0           4           0           6           0           8           0          10           0           4           0           6           0           8           0           6           0           4           0           2           0           6           0           2           0           4           0           2           0          -4           0          -2           0          -6           0          -8           0           6           0           4           0          -4           0          -6           0          -2           0          -4           0          -6           0          -8           0         -10           0          -2           0          -4           0          -6           0          -4           0          -2           0          -6           0          -8           0          -2           0          -4           0           2           0           4           0           6           0           8           0           4           0           4           0           6           0           8           0           2           0          10           0           8           0           6           0           4           0           2           0           6           0           6           0           4           0           4           0           2           0           4           0           6           0           8           0          -4           0           2           0           4           0          -6           0          -4           0           2           0           4           0           6           0           4           0           6           0          -2           0          -4           0          -6           0          -8           0         -10           0          -6           0          -8           0         -10           0         -12           0           2           0          -2           0          -4           0          -6           0          -8           0          -2           0          -8           0         -10           0          -4           0          -2           0          -6           0          -4           0          -2           0          -4           0          -2           0          -4           0          -6           0          -4           0          -8           0          -6           0           2           0           4           0           2           0           4           0           6           0         -10           0          -8           0          -6           0          -4           0           6           0          -2           0          -4           0           8           0          -6           0          -2           0          -4           0          -6           0          -8           0           4           0           6           0          -4           0          -6           0          -6           0          -8           0          -2           0           2           0          -4           0           4           0           6           0           4           0           4           0           2           0           2           0          -4           0          -6           0          -8           0          -2           0          -4           0          -6           0          -8           0         -10           0          -8           0          -6           0          -4           0          -2           0          -2           0          -4           0          -6           0          -6           0          -8           0          -4           0          -2           0          -6           0          -4
    0.000000E+00    9.645106E-03    9.843162E-03    1.435602E-02    1.458263E-02
    4.247197E-02    4.320385E-02    4.360158E-02    5.944295E-02    5.948713E-02
    6.922989E-02    7.316769E-02    7.411300E-02    1.134727E-01    1.147319E-01
    2.354040E-01    2.358931E-01    2.366026E-01    2.382857E-01    2.391328E-01
    2.438023E-01    2.438287E-01    2.461520E-01    2.471700E-01    2.474363E-01
    2.479076E-01    2.485433E-01    2.486026E-01    2.487216E-01    2.491410E-01
    2.502551E-01    2.507374E-01    2.510783E-01    2.511300E-01    2.524691E-01
    2.524772E-01    2.554279E-01    2.561102E-01    2.563381E-01    2.591442E-01
    2.591854E-01    2.609226E-01    2.615363E-01    2.619649E-01    2.622131E-01
    2.625883E-01    2.631076E-01    2.632646E-01    2.633261E-01    2.634365E-01
    2.637297E-01    2.638533E-01    2.640096E-01    2.643758E-01    2.644930E-01
    2.645338E-01    2.648466E-01    2.652759E-01    2.655531E-01    2.656939E-01
    2.657640E-01    2.676748E-01    2.677713E-01    2.679166E-01    2.688115E-01
    2.690337E-01    2.711118E-01    2.712141E-01    2.720014E-01    2.721113E-01
    2.724223E-01    2.724984E-01    2.725578E-01    2.726085E-01    2.727219E-01
    2.737570E-01    2.740430E-01    2.746587E-01    2.763855E-01    2.763956E-01
    2.763957E-01    2.764682E-01    2.789238E-01    2.791446E-01    2.808157E-01
    2.808428E-01    2.816082E-01    2.816156E-01    2.816277E-01    2.816445E-01
    2.816660E-01    2.832213E-01    2.832636E-01    2.833497E-01    2.872720E-01
    2.872722E-01    2.872783E-01    2.873017E-01    2.873787E-01    2.874354E-01
    2.875828E-01    2.876419E-01    2.877951E-01    2.879672E-01    2.884374E-01
    2.885530E-01    2.886000E-01    2.886971E-01    2.887362E-01    2.888178E-01
    2.901974E-01    2.902310E-01    2.934227E-01    2.936053E-01    2.936679E-01
    2.948139E-01    2.948751E-01    2.949134E-01    2.954910E-01    2.955387E-01
    2.955818E-01    2.956302E-01    2.974080E-01    2.974265E-01    2.978254E-01
    2.979930E-01    2.980044E-01    2.981863E-01    2.981951E-01    2.982014E-01
    2.986863E-01    2.989406E-01    2.997979E-01    3.013547E-01    3.014398E-01
    3.015665E-01    3.017420E-01    3.025165E-01    3.025355E-01    3.025686E-01
    3.026262E-01    3.032771E-01    3.036433E-01    3.036673E-01    3.036996E-01
    3.037196E-01    3.041292E-01    3.046134E-01    3.046301E-01    3.048276E-01
    3.048611E-01    3.049614E-01    3.051740E-01    3.052844E-01    3.060373E-01
    3.062721E-01    3.065126E-01    3.067251E-01    3.072820E-01    3.083217E-01
    3.083847E-01    3.085481E-01    3.086063E-01    3.093086E-01    3.093690E-01
    3.093750E-01    3.093804E-01    3.094500E-01    3.095030E-01    3.095365E-01
    3.096086E-01    3.096683E-01    3.098305E-01    3.098337E-01    3.100372E-01
    3.110986E-01    3.111053E-01    3.111248E-01    3.111449E-01    3.124031E-01
    3.124222E-01    3.126400E-01    3.132139E-01    3.132929E-01    3.134326E-01
    3.163175E-01    3.165548E-01    3.167011E-01    3.167161E-01    3.173537E-01
    3.174815E-01    3.194473E-01    3.198310E-01    3.206567E-01    3.235572E-01
    3.235827E-01    3.236877E-01    3.236885E-01    3.238034E-01    3.239013E-01
    3.239634E-01    3.240075E-01    3.245628E-01    3.245933E-01    3.263728E-01
    3.264517E-01    3.271738E-01    3.284075E-01    3.287843E-01    3.314323E-01
    3.314556E-01    3.324856E-01    3.325179E-01    3.327131E-01    3.333147E-01
           0           2           0           1
  -27.940514715248785               13
3.44043147E+01  1.884E-01  1.550E-01  7.563E-02  7.271E-02  1.027E-01  2.519E-04
                1.053E-01  2.158E-02  5.843E-04  3.932E-04  1.218E-03  1.730E-02
                3.091E-02
4.80123147E+01  7.864E-02  6.245E-02  3.038E-02  2.925E-02  4.105E-02  1.353E-04
                6.466E-02  1.328E-02  3.142E-04  2.217E-04  4.541E-04  1.170E-02
                1.916E-02  9.768E-04  1.021E-03  1.399E-05  5.854E-05  9.385E-05
                1.093E-04  1.762E-04  1.810E-04  2.358E-04  8.837E-05  7.447E-06
                2.932E-05
6.16203147E+01  3.742E-02  3.011E-02  1.467E-02  1.409E-02  1.999E-02  5.632E-05
                3.947E-02  8.093E-03  1.369E-04  8.334E-05  4.577E-04  7.314E-03
                1.329E-02  5.725E-04  5.452E-04  2.221E-06  1.033E-05  2.256E-05
                8.143E-06  1.793E-05  3.827E-06  8.379E-06  1.007E-05  1.367E-06
                1.925E-06  5.583E-06  6.829E-06  1.084E-05  1.144E-05  2.857E-05
                2.422E-05  2.588E-06  1.013E-04  2.348E-05  1.063E-05  8.571E-06
                1.386E-08  1.088E-05  3.962E-06  6.258E-05  3.213E-05  2.059E-05
                3.062E-05  1.273E-06  2.273E-06  3.559E-06  5.807E-07  2.572E-06
                1.120E-04  1.795E-06  3.783E-06  3.510E-06  8.333E-07  5.275E-06
                2.812E-05  1.762E-05  1.443E-05  4.576E-05  3.956E-05  1.654E-05
                4.979E-06  1.568E-08  3.979E-08  1.382E-09  1.619E-05  9.116E-06
                3.857E-07  1.859E-08  9.713E-06  8.659E-06  1.151E-05  8.065E-06
                1.225E-05  3.614E-06  3.098E-05  6.349E-06  8.158E-06  3.546E-06
                9.195E-06  3.758E-06  1.308E-05  4.956E-07  5.934E-06  9.676E-06
                7.116E-05  2.851E-05  5.050E-09  6.268E-09  3.551E-09  1.662E-09
                2.764E-09  3.706E-06  1.621E-06  9.293E-06  3.984E-06  1.701E-06
                6.278E-06  1.259E-06  2.511E-05  3.015E-05  8.497E-07  1.189E-06
                1.337E-06  4.120E-07  1.476E-06  1.332E-06  2.650E-06  2.957E-06
                2.009E-06  2.092E-07  8.499E-06  1.988E-05  7.769E-05  1.749E-05
                4.987E-07  1.017E-06  9.372E-06  1.011E-05  5.863E-07  1.137E-06
                1.063E-06  1.488E-06  5.295E-05  9.967E-07  5.059E-06  6.125E-06
                1.566E-05  1.796E-05  7.587E-05  1.761E-06  8.866E-06  9.291E-06
                1.271E-05  2.207E-06  2.277E-06  1.619E-06  1.237E-06  3.692E-06
                5.717E-06  6.160E-06  6.531E-09  2.342E-06  3.676E-06  9.830E-06
                1.703E-05  1.595E-06  9.064E-07  1.256E-05  4.561E-06  7.151E-06
                4.861E-06  1.117E-05  7.680E-06  1.196E-05  2.141E-06  2.203E-06
                1.533E-05  2.392E-06  3.919E-06  2.208E-06  4.982E-06  2.350E-06
                5.472E-06  7.746E-06  4.140E-05  1.314E-05  2.860E-06  2.210E-06
                2.102E-06  2.026E-06  4.298E-06  3.001E-06  3.427E-06  1.681E-06
                2.168E-06  4.131E-06  1.159E-05  1.895E-05  3.656E-06  1.455E-06
                8.203E-07  3.117E-06  6.245E-06  5.042E-06  5.497E-06  8.352E-07
                9.687E-06  2.852E-06  7.449E-06  1.511E-06  3.624E-06  1.561E-05
                1.804E-05  1.310E-05  9.562E-06  1.397E-05  2.044E-05  4.572E-06
                6.462E-06  1.125E-05  1.079E-06  3.545E-07  7.357E-07  1.015E-06
                2.907E-06  3.022E-06  3.540E-06  9.653E-06  9.144E-06  3.687E-07
                5.796E-07  5.602E-07  4.642E-07  4.260E-06  1.129E-05
7.52283147E+01  2.068E-02  1.659E-02  8.078E-03  7.757E-03  1.101E-02  3.030E-05
                2.702E-02  5.541E-03  7.985E-05  4.451E-05  3.167E-04  5.152E-03
                9.391E-03  3.325E-04  3.170E-04  1.451E-06  5.611E-06  1.218E-05
                5.327E-06  1.066E-05  2.781E-06  6.089E-06  4.677E-06  5.740E-07
                9.755E-07  3.085E-06  4.246E-06  6.017E-06  6.729E-06  1.631E-05
                1.265E-05  1.841E-06  4.423E-05  1.248E-05  5.640E-06  4.802E-06
                7.715E-09  5.035E-06  1.796E-06  3.034E-05  1.595E-05  9.841E-06
                1.503E-05  5.052E-07  9.249E-07  1.559E-06  3.028E-07  1.390E-06
                6.570E-05  1.040E-06  1.846E-06  1.943E-06  3.925E-07  3.029E-06
                1.411E-05  8.503E-06  7.059E-06  2.158E-05  1.921E-05  6.702E-06
                2.349E-06  1.058E-08  2.474E-08  1.256E-09  5.850E-06  3.347E-06
                3.216E-07  5.076E-08  4.933E-06  4.854E-06  6.451E-06  6.038E-06
                1.013E-05  3.183E-06  1.727E-05  2.183E-06  3.551E-06  1.384E-06
                6.404E-06  2.569E-06  8.927E-06  9.829E-08  2.851E-06  4.028E-06
                4.360E-05  1.764E-05  2.790E-09  3.463E-09  1.883E-09  1.164E-09
                1.457E-09  2.860E-06  1.431E-06  6.252E-06  2.687E-06  1.211E-06
                4.094E-06  5.732E-07  1.579E-05  1.905E-05  4.031E-07  6.202E-07
                8.093E-07  1.182E-07  4.101E-07  6.788E-07  1.344E-06  1.343E-06
                3.400E-07  1.400E-07  4.936E-06  1.193E-05  4.833E-05  1.062E-05
                5.183E-07  1.124E-06  6.375E-06  6.350E-06  5.382E-07  7.695E-07
                5.909E-07  1.342E-06  3.270E-05  5.374E-07  3.330E-06  3.922E-06
                9.864E-06  1.127E-05  4.711E-05  1.034E-06  5.731E-06  6.032E-06
                8.289E-06  1.035E-06  1.049E-06  7.035E-07  5.998E-07  1.760E-06
                2.734E-06  2.956E-06  1.131E-08  1.147E-06  2.130E-06  5.818E-06
                1.046E-05  7.586E-07  5.105E-07  4.515E-06  1.612E-06  4.567E-06
                3.203E-06  6.705E-06  4.700E-06  7.465E-06  1.041E-06  9.615E-07
                9.608E-06  1.160E-06  1.851E-06  1.193E-06  2.664E-06  1.098E-06
                3.405E-06  4.493E-06  2.327E-05  7.911E-06  1.409E-06  9.219E-07
                9.035E-07  8.818E-07  2.528E-06  1.733E-06  1.897E-06  9.243E-07
                9.620E-07  2.614E-06  7.120E-06  1.133E-05  1.769E-06  4.797E-07
                3.055E-07  1.532E-06  2.465E-06  2.462E-06  2.119E-06  4.512E-07
                6.292E-06  1.613E-06  4.877E-06  1.008E-06  1.995E-06  1.095E-05
                1.330E-05  8.886E-06  4.501E-06  6.095E-06  8.453E-06  2.209E-06
                2.873E-06  5.166E-06  2.497E-07  7.519E-08  2.917E-07  5.182E-07
                2.158E-06  2.169E-06  2.885E-06  5.780E-06  5.066E-06  1.683E-07
                2.387E-07  4.254E-07  3.228E-07  2.846E-06  7.592E-06
8.88363147E+01  1.240E-02  9.947E-03  4.843E-03  4.647E-03  6.597E-03  1.848E-05
                1.923E-02  3.944E-03  5.069E-05  2.618E-05  2.273E-04  3.738E-03
                6.827E-03  2.037E-04  1.940E-04  9.402E-07  3.283E-06  6.914E-06
                3.423E-06  6.342E-06  1.868E-06  4.093E-06  2.743E-06  3.263E-07
                6.406E-07  2.052E-06  3.100E-06  3.675E-06  4.159E-06  1.000E-05
                7.130E-06  1.235E-06  2.247E-05  7.468E-06  3.294E-06  2.916E-06
                4.917E-09  2.735E-06  9.638E-07  1.638E-05  8.769E-06  5.355E-06
                8.142E-06  2.443E-07  4.510E-07  7.846E-07  1.868E-07  9.017E-07
                4.006E-05  8.204E-07  1.022E-06  1.435E-06  2.137E-07  2.424E-06
                7.794E-06  4.633E-06  3.924E-06  1.175E-05  1.225E-05  3.639E-06
                1.309E-06  7.678E-09  1.695E-08  9.231E-10  2.647E-06  1.564E-06
                2.610E-07  5.701E-08  3.007E-06  2.962E-06  3.906E-06  4.478E-06
                7.581E-06  2.435E-06  1.051E-05  1.054E-06  1.983E-06  6.304E-07
                4.487E-06  1.790E-06  6.203E-06  5.209E-08  1.625E-06  2.080E-06
                2.799E-05  1.133E-05  1.885E-09  2.281E-09  1.168E-09  7.789E-10
                8.316E-10  2.075E-06  1.069E-06  4.318E-06  2.071E-06  9.230E-07
                3.133E-06  3.437E-07  1.018E-05  1.228E-05  2.839E-07  4.574E-07
                5.968E-07  8.514E-08  2.314E-07  4.746E-07  9.558E-07  9.540E-07
                8.643E-08  1.037E-07  3.504E-06  8.509E-06  3.150E-05  6.889E-06
                3.518E-07  8.181E-07  4.318E-06  4.113E-06  4.098E-07  5.715E-07
                4.489E-07  1.011E-06  2.114E-05  4.008E-07  2.321E-06  2.576E-06
                6.445E-06  7.516E-06  3.137E-05  7.197E-07  4.145E-06  4.364E-06
                5.622E-06  5.452E-07  5.408E-07  3.416E-07  3.299E-07  9.069E-07
                1.408E-06  1.527E-06  1.297E-08  7.551E-07  1.360E-06  3.810E-06
                7.008E-06  3.677E-07  3.059E-07  1.893E-06  6.667E-07  2.983E-06
                2.129E-06  4.387E-06  3.070E-06  4.929E-06  6.562E-07  5.324E-07
                6.623E-06  6.350E-07  1.009E-06  6.988E-07  1.558E-06  6.286E-07
                2.369E-06  2.895E-06  1.454E-05  5.443E-06  7.750E-07  4.775E-07
                4.952E-07  4.843E-07  1.743E-06  1.105E-06  1.203E-06  6.323E-07
                5.409E-07  1.765E-06  4.735E-06  7.412E-06  1.012E-06  3.562E-07
                2.023E-07  8.554E-07  1.252E-06  1.365E-06  1.038E-06  2.598E-07
                4.421E-06  9.924E-07  3.369E-06  6.610E-07  1.314E-06  7.921E-06
                9.599E-06  6.469E-06  2.456E-06  3.119E-06  3.964E-06  1.233E-06
                1.555E-06  2.753E-06  7.572E-08  2.146E-08  1.354E-07  2.900E-07
                1.658E-06  1.655E-06  2.170E-06  3.958E-06  3.258E-06  1.029E-07
                1.227E-07  2.969E-07  2.381E-07  2.050E-06  5.496E-06
1.02444315E+02  7.870E-03  6.309E-03  3.070E-03  2.947E-03  4.197E-03  1.112E-05
                1.433E-02  2.939E-03  3.346E-05  1.545E-05  1.712E-04  2.841E-03
                5.196E-03  1.360E-04  1.298E-04  6.182E-07  2.093E-06  4.169E-06
                2.235E-06  3.891E-06  1.207E-06  2.642E-06  1.723E-06  2.055E-07
                5.179E-07  1.667E-06  2.723E-06  2.280E-06  2.578E-06  6.225E-06
                4.275E-06  7.957E-07  1.243E-05  4.875E-06  2.017E-06  1.822E-06
                3.142E-09  1.571E-06  5.524E-07  9.398E-06  5.166E-06  3.123E-06
                4.752E-06  1.335E-07  2.513E-07  4.509E-07  1.590E-07  6.378E-07
                2.574E-05  6.804E-07  5.985E-07  1.132E-06  1.170E-07  2.028E-06
                4.597E-06  2.691E-06  2.333E-06  6.925E-06  8.747E-06  2.338E-06
                7.989E-07  5.663E-09  1.164E-08  6.584E-10  1.390E-06  8.436E-07
                2.020E-07  5.206E-08  1.920E-06  1.868E-06  2.436E-06  3.326E-06
                5.564E-06  1.814E-06  6.595E-06  5.746E-07  1.188E-06  3.316E-07
                3.030E-06  1.208E-06  4.177E-06  3.673E-08  9.854E-07  1.189E-06
                1.865E-05  7.553E-06  1.344E-09  1.568E-09  7.427E-10  5.350E-10
                5.309E-10  1.419E-06  7.387E-07  2.901E-06  1.630E-06  7.134E-07
                2.465E-06  2.304E-07  6.817E-06  8.251E-06  2.106E-07  3.406E-07
                4.422E-07  6.247E-08  1.643E-07  3.472E-07  6.921E-07  6.965E-07
                4.829E-08  6.938E-08  2.442E-06  5.949E-06  2.203E-05  4.813E-06
                2.375E-07  6.034E-07  3.094E-06  2.863E-06  3.041E-07  4.303E-07
                3.404E-07  7.374E-07  1.407E-05  3.039E-07  1.694E-06  1.750E-06
                4.377E-06  5.366E-06  2.238E-05  5.333E-07  2.929E-06  3.077E-06
                3.783E-06  3.252E-07  3.158E-07  1.873E-07  2.049E-07  5.291E-07
                8.215E-07  8.949E-07  1.380E-08  5.203E-07  9.437E-07  2.695E-06
                5.029E-06  1.981E-07  1.948E-07  9.539E-07  3.332E-07  2.032E-06
                1.455E-06  3.085E-06  2.159E-06  3.489E-06  4.403E-07  3.227E-07
                4.769E-06  3.771E-07  5.985E-07  4.322E-07  9.540E-07  4.364E-07
                1.716E-06  2.041E-06  1.010E-05  3.691E-06  4.813E-07  2.773E-07
                3.031E-07  2.981E-07  1.208E-06  7.688E-07  8.329E-07  4.382E-07
                3.483E-07  1.271E-06  3.379E-06  5.223E-06  6.341E-07  2.849E-07
                1.504E-07  5.185E-07  7.376E-07  8.202E-07  6.011E-07  1.599E-07
                3.287E-06  6.381E-07  2.471E-06  4.453E-07  9.447E-07  5.980E-06
                7.249E-06  4.924E-06  1.492E-06  1.821E-06  2.084E-06  7.543E-07
                9.528E-07  1.649E-06  3.397E-08  1.018E-08  7.177E-08  1.751E-07
                1.263E-06  1.261E-06  1.636E-06  2.889E-06  2.293E-06  6.712E-08
                6.954E-08  2.092E-07  1.766E-07  1.528E-06  4.118E-06
1.16052315E+02  5.308E-03  4.264E-03  2.076E-03  1.994E-03  2.832E-03  7.813E-06
                1.086E-02  2.226E-03  2.379E-05  1.039E-05  1.298E-04  2.163E-03
                3.960E-03  9.225E-05  8.795E-05  4.103E-07  1.347E-06  2.409E-06
                1.512E-06  2.326E-06  8.061E-07  1.763E-06  1.216E-06  1.550E-07
                3.893E-07  1.219E-06  2.027E-06  1.491E-06  1.651E-06  4.014E-06
                2.754E-06  5.318E-07  8.064E-06  3.260E-06  1.343E-06  1.204E-06
                1.993E-09  9.595E-07  3.367E-07  6.097E-06  3.401E-06  2.045E-06
                3.100E-06  8.114E-08  1.607E-07  2.970E-07  1.571E-07  5.013E-07
                1.774E-05  5.837E-07  3.670E-07  9.402E-07  6.782E-08  1.749E-06
                2.982E-06  1.753E-06  1.468E-06  4.318E-06  6.712E-06  1.693E-06
                5.273E-07  4.297E-09  7.914E-09  4.486E-10  8.441E-07  5.263E-07
                1.507E-07  4.193E-08  1.285E-06  1.240E-06  1.625E-06  2.423E-06
                4.175E-06  1.378E-06  4.382E-06  3.605E-07  8.024E-07  1.994E-07
                2.141E-06  8.574E-07  2.956E-06  2.714E-08  6.494E-07  7.599E-07
                1.333E-05  5.381E-06  1.007E-09  1.147E-09  5.118E-10  3.780E-10
                3.470E-10  1.022E-06  5.139E-07  2.092E-06  1.305E-06  5.598E-07
                1.985E-06  1.712E-07  4.893E-06  5.918E-06  1.595E-07  2.594E-07
                3.386E-07  4.642E-08  1.271E-07  2.538E-07  5.099E-07  5.214E-07
                3.945E-08  5.298E-08  1.707E-06  4.158E-06  1.618E-05  3.536E-06
                1.717E-07  4.561E-07  2.311E-06  2.091E-06  2.240E-07  3.296E-07
                2.607E-07  5.306E-07  1.007E-05  2.311E-07  1.264E-06  1.215E-06
                3.043E-06  3.996E-06  1.666E-05  3.997E-07  2.100E-06  2.208E-06
                2.743E-06  2.034E-07  1.947E-07  1.088E-07  1.317E-07  3.257E-07
                5.060E-07  5.536E-07  1.233E-08  3.695E-07  6.968E-07  2.020E-06
                3.818E-06  1.144E-07  1.384E-07  5.100E-07  1.775E-07  1.416E-06
                1.011E-06  2.326E-06  1.626E-06  2.637E-06  3.188E-07  2.167E-07
                3.631E-06  2.438E-07  3.915E-07  2.779E-07  6.022E-07  3.297E-07
                1.281E-06  1.501E-06  7.385E-06  2.618E-06  3.131E-07  1.706E-07
                1.978E-07  1.934E-07  8.922E-07  5.759E-07  6.199E-07  3.247E-07
                2.452E-07  9.686E-07  2.554E-06  3.911E-06  4.122E-07  2.280E-07
                1.144E-07  3.304E-07  4.710E-07  5.118E-07  3.802E-07  1.041E-07
                2.462E-06  4.258E-07  1.844E-06  3.263E-07  7.082E-07  4.525E-06
                5.480E-06  3.735E-06  9.812E-07  1.166E-06  1.187E-06  4.918E-07
                6.319E-07  1.075E-06  2.733E-08  9.640E-09  3.872E-08  1.067E-07
                1.005E-06  1.006E-06  1.283E-06  2.217E-06  1.715E-06  4.688E-08
                4.259E-08  1.544E-07  1.369E-07  1.200E-06  3.231E-06
1.29660315E+02  3.636E-03  2.920E-03  1.421E-03  1.367E-03  1.949E-03  4.940E-06
                8.538E-03  1.751E-03  1.698E-05  6.449E-06  1.035E-04  1.735E-03
                3.180E-03  6.671E-05  6.373E-05  2.901E-07  1.002E-06  1.591E-06
                1.075E-06  1.546E-06  5.311E-07  1.162E-06  8.820E-07  1.176E-07
                3.520E-07  1.098E-06  1.877E-06  9.917E-07  1.069E-06  2.629E-06
                1.836E-06  3.494E-07  5.180E-06  2.371E-06  8.900E-07  7.936E-07
                1.320E-09  6.041E-07  2.142E-07  3.904E-06  2.252E-06  1.320E-06
                2.010E-06  5.164E-08  1.050E-07  1.985E-07  1.368E-07  3.876E-07
                1.221E-05  4.839E-07  2.363E-07  7.631E-07  3.825E-08  1.453E-06
                1.934E-06  1.123E-06  9.541E-07  2.835E-06  5.202E-06  1.243E-06
                3.557E-07  3.446E-09  6.126E-09  3.273E-10  5.240E-07  3.369E-07
                1.108E-07  3.245E-08  8.971E-07  8.571E-07  1.112E-06  1.937E-06
                3.137E-06  1.034E-06  3.023E-06  2.290E-07  5.453E-07  1.216E-07
                1.489E-06  5.956E-07  2.056E-06  2.450E-08  4.404E-07  4.969E-07
                9.261E-06  3.743E-06  7.650E-10  8.437E-10  3.490E-10  2.738E-10
                2.574E-10  7.072E-07  3.618E-07  1.436E-06  1.048E-06  4.430E-07
                1.594E-06  1.270E-07  3.398E-06  4.123E-06  1.210E-07  1.948E-07
                2.529E-07  3.485E-08  9.645E-08  1.926E-07  3.835E-07  3.961E-07
                3.474E-08  3.841E-08  1.299E-06  3.168E-06  1.197E-05  2.618E-06
                1.246E-07  3.376E-07  1.724E-06  1.544E-06  1.658E-07  2.482E-07
                1.966E-07  3.912E-07  6.900E-06  1.812E-07  9.800E-07  8.644E-07
                2.162E-06  3.005E-06  1.253E-05  2.997E-07  1.587E-06  1.668E-06
                1.883E-06  1.474E-07  1.367E-07  7.025E-08  9.916E-08  2.404E-07
                3.734E-07  4.097E-07  9.648E-09  2.647E-07  5.211E-07  1.528E-06
                2.911E-06  6.667E-08  9.838E-08  3.930E-07  1.371E-07  1.011E-06
                7.234E-07  1.757E-06  1.230E-06  1.996E-06  2.345E-07  1.481E-07
                2.714E-06  1.631E-07  2.624E-07  1.914E-07  4.114E-07  2.571E-07
                9.659E-07  1.141E-06  5.621E-06  1.900E-06  2.385E-07  1.148E-07
                1.383E-07  1.399E-07  6.925E-07  4.326E-07  4.614E-07  2.538E-07
                1.772E-07  7.377E-07  1.938E-06  2.955E-06  3.048E-07  1.793E-07
                8.902E-08  2.265E-07  3.522E-07  3.523E-07  2.858E-07  7.081E-08
                1.906E-06  2.974E-07  1.421E-06  2.491E-07  5.601E-07  3.512E-06
                4.270E-06  2.923E-06  6.880E-07  8.367E-07  8.391E-07  3.340E-07
                4.388E-07  7.552E-07  2.100E-08  7.453E-09  2.459E-08  6.990E-08
                7.864E-07  7.882E-07  9.842E-07  1.705E-06  1.304E-06  3.357E-08
                2.964E-08  1.160E-07  1.057E-07  9.360E-07  2.522E-06
1.43268315E+02  2.662E-03  2.141E-03  1.042E-03  1.003E-03  1.425E-03  3.967E-06
                6.678E-03  1.369E-03  1.297E-05  4.847E-06  8.061E-05  1.354E-03
                2.483E-03  4.742E-05  4.520E-05  2.090E-07  7.569E-07  1.002E-06
                7.982E-07  9.889E-07  3.680E-07  8.036E-07  6.528E-07  9.403E-08
                2.654E-07  8.085E-07  1.361E-06  6.659E-07  6.975E-07  1.733E-06
                1.289E-06  2.423E-07  3.910E-06  1.664E-06  6.355E-07  5.474E-07
                8.446E-10  3.931E-07  1.397E-07  2.884E-06  1.667E-06  9.775E-07
                1.483E-06  3.772E-08  8.301E-08  1.604E-07  1.441E-07  3.285E-07
                9.174E-06  4.216E-07  1.567E-07  6.540E-07  2.715E-08  1.268E-06
                1.399E-06  8.271E-07  6.483E-07  1.902E-06  4.242E-06  9.948E-07
                2.623E-07  2.688E-09  4.110E-09  2.254E-10  3.669E-07  2.427E-07
                8.331E-08  2.563E-08  6.388E-07  6.037E-07  7.924E-07  1.368E-06
                2.421E-06  8.030E-07  2.133E-06  1.606E-07  3.973E-07  8.337E-08
                1.038E-06  4.194E-07  1.440E-06  1.751E-08  3.117E-07  3.495E-07
                7.114E-06  2.873E-06  5.971E-10  6.468E-10  2.523E-10  1.994E-10
                1.746E-10  5.013E-07  2.447E-07  1.044E-06  8.475E-07  3.533E-07
                1.298E-06  1.081E-07  2.629E-06  3.181E-06  9.207E-08  1.474E-07
                1.934E-07  2.512E-08  7.769E-08  1.417E-07  2.811E-07  2.973E-07
                3.612E-08  2.772E-08  8.533E-07  2.080E-06  9.525E-06  2.083E-06
                9.158E-08  2.647E-07  1.368E-06  1.217E-06  1.186E-07  1.924E-07
                1.470E-07  2.715E-07  5.222E-06  1.339E-07  7.262E-07  6.410E-07
                1.608E-06  2.412E-06  1.007E-05  2.185E-07  1.076E-06  1.126E-06
                1.392E-06  9.674E-08  8.915E-08  4.318E-08  6.590E-08  1.577E-07
                2.453E-07  2.702E-07  8.305E-09  2.026E-07  4.053E-07  1.198E-06
                2.300E-06  4.187E-08  7.504E-08  2.509E-07  8.875E-08  7.532E-07
                5.339E-07  1.384E-06  9.675E-07  1.574E-06  1.808E-07  1.094E-07
                2.157E-06  1.153E-07  1.887E-07  1.299E-07  2.708E-07  2.137E-07
                7.532E-07  9.078E-07  4.472E-06  1.293E-06  1.590E-07  7.374E-08
                9.480E-08  9.366E-08  4.905E-07  3.413E-07  3.627E-07  1.809E-07
                1.347E-07  5.848E-07  1.528E-06  2.313E-06  2.018E-07  1.463E-07
                6.998E-08  1.526E-07  2.425E-07  2.306E-07  1.974E-07  4.881E-08
                1.509E-06  2.074E-07  1.120E-06  1.785E-07  4.400E-07  2.766E-06
                3.379E-06  2.314E-06  4.873E-07  5.840E-07  5.168E-07  2.332E-07
                3.159E-07  5.333E-07  2.546E-08  9.756E-09  1.610E-08  4.733E-08
                6.344E-07  6.374E-07  7.833E-07  1.342E-06  1.006E-06  2.593E-08
                2.071E-08  8.907E-08  8.431E-08  7.467E-07  2.013E-06
1.56876315E+02  1.919E-03  1.548E-03  7.533E-04  7.279E-04  1.036E-03  2.390E-06
                5.573E-03  1.143E-03  9.754E-06  2.953E-06  6.821E-05  1.151E-03
                2.112E-03  3.753E-05  3.593E-05  1.579E-07  6.417E-07  7.401E-07
                6.109E-07  7.203E-07  2.426E-07  5.302E-07  4.827E-07  7.143E-08
                2.565E-07  7.944E-07  1.362E-06  4.543E-07  4.637E-07  1.163E-06
                9.226E-07  1.591E-07  2.638E-06  1.320E-06  4.301E-07  3.645E-07
                5.703E-10  2.620E-07  9.566E-08  1.973E-06  1.187E-06  6.625E-07
                1.013E-06  2.604E-08  5.876E-08  1.163E-07  1.214E-07  2.633E-07
                6.516E-06  3.548E-07  1.070E-07  5.434E-07  1.890E-08  1.066E-06
                9.547E-07  5.582E-07  4.336E-07  1.298E-06  3.430E-06  7.765E-07
                1.846E-07  2.234E-09  3.374E-09  1.729E-10  2.497E-07  1.705E-07
                5.985E-08  1.897E-08  4.530E-07  4.252E-07  5.508E-07  1.128E-06
                1.874E-06  6.065E-07  1.497E-06  1.092E-07  2.807E-07  5.475E-08
                7.219E-07  2.899E-07  1.001E-06  1.772E-08  2.174E-07  2.398E-07
                4.984E-06  2.022E-06  4.686E-10  4.878E-10  1.732E-10  1.483E-10
                1.388E-10  3.420E-07  1.746E-07  7.045E-07  6.938E-07  2.866E-07
                1.058E-06  7.619E-08  1.844E-06  2.239E-06  6.974E-08  1.098E-07
                1.424E-07  1.905E-08  6.066E-08  1.079E-07  2.119E-07  2.265E-07
                3.477E-08  2.088E-08  6.790E-07  1.654E-06  7.418E-06  1.621E-06
                6.930E-08  1.939E-07  1.051E-06  9.449E-07  8.792E-08  1.447E-07
                1.100E-07  2.016E-07  3.570E-06  1.074E-07  5.806E-07  4.699E-07
                1.176E-06  1.901E-06  7.940E-06  1.658E-07  8.445E-07  8.836E-07
                9.411E-07  7.653E-08  6.845E-08  3.050E-08  5.364E-08  1.291E-07
                2.007E-07  2.210E-07  5.850E-09  1.484E-07  3.149E-07  9.359E-07
                1.806E-06  2.613E-08  5.833E-08  2.148E-07  7.581E-08  5.542E-07
                3.950E-07  1.073E-06  7.523E-07  1.223E-06  1.420E-07  8.133E-08
                1.645E-06  8.387E-08  1.379E-07  9.214E-08  1.926E-07  1.723E-07
                5.849E-07  7.271E-07  3.598E-06  9.452E-07  1.304E-07  5.308E-08
                7.061E-08  7.261E-08  3.987E-07  2.635E-07  2.778E-07  1.483E-07
                1.022E-07  4.569E-07  1.191E-06  1.797E-06  1.588E-07  1.125E-07
                5.438E-08  1.100E-07  1.867E-07  1.692E-07  1.525E-07  3.565E-08
                1.226E-06  1.536E-07  9.042E-07  1.416E-07  3.662E-07  2.244E-06
                2.759E-06  1.894E-06  3.630E-07  4.532E-07  4.147E-07  1.666E-07
                2.308E-07  3.992E-07  1.644E-08  6.156E-09  1.113E-08  3.309E-08
                5.094E-07  5.124E-07  6.183E-07  1.067E-06  7.935E-07  1.869E-08
                1.511E-08  7.015E-08  6.733E-08  5.973E-07  1.619E-06
1.70484315E+02  1.454E-03  1.165E-03  5.675E-04  5.461E-04  7.787E-04  2.149E-06
                4.328E-03  8.876E-04  7.684E-06  2.431E-06  5.315E-05  8.991E-04
                1.651E-03  2.586E-05  2.461E-05  1.252E-07  5.398E-07  5.010E-07
                5.003E-07  4.972E-07  1.803E-07  3.935E-07  3.901E-07  6.366E-08
                1.600E-07  4.632E-07  7.472E-07  3.208E-07  3.085E-07  7.824E-07
                6.718E-07  1.184E-07  2.226E-06  8.643E-07  3.283E-07  2.640E-07
                3.774E-10  1.815E-07  6.544E-08  1.552E-06  9.071E-07  5.227E-07
                7.944E-07  2.098E-08  5.087E-08  1.016E-07  1.192E-07  2.350E-07
                5.154E-06  3.157E-07  7.699E-08  4.800E-07  1.708E-08  9.492E-07
                7.317E-07  4.363E-07  3.147E-07  9.279E-07  2.914E-06  6.506E-07
                1.484E-07  1.825E-09  2.311E-09  1.237E-10  1.791E-07  1.276E-07
                4.571E-08  1.488E-08  3.426E-07  3.199E-07  4.245E-07  8.037E-07
                1.428E-06  4.791E-07  1.131E-06  7.919E-08  2.179E-07  3.808E-08
                5.348E-07  2.182E-07  7.465E-07  1.059E-08  1.633E-07  1.767E-07
                4.052E-06  1.641E-06  3.665E-10  3.853E-10  1.370E-10  1.098E-10
                8.947E-11  2.597E-07  1.223E-07  5.544E-07  5.471E-07  2.236E-07
                8.448E-07  7.922E-08  1.500E-06  1.811E-06  5.575E-08  8.590E-08
                1.129E-07  1.429E-08  5.265E-08  8.470E-08  1.652E-07  1.811E-07
                3.749E-08  1.618E-08  4.575E-07  1.113E-06  5.803E-06  1.270E-06
                5.063E-08  1.601E-07  8.380E-07  7.374E-07  6.496E-08  1.148E-07
                8.375E-08  1.453E-07  2.898E-06  8.158E-08  4.392E-07  3.611E-07
                9.060E-07  1.501E-06  6.269E-06  1.179E-07  5.842E-07  6.085E-07
                7.526E-07  4.872E-08  4.379E-08  1.845E-08  3.424E-08  8.184E-08
                1.274E-07  1.409E-07  4.834E-09  1.195E-07  2.473E-07  7.389E-07
                1.432E-06  1.654E-08  4.204E-08  1.584E-07  5.729E-08  4.263E-07
                2.997E-07  8.529E-07  5.966E-07  9.721E-07  1.097E-07  6.089E-08
                1.329E-06  5.923E-08  9.844E-08  6.749E-08  1.337E-07  1.500E-07
                4.565E-07  5.761E-07  2.877E-06  6.883E-07  8.396E-08  3.385E-08
                4.843E-08  4.755E-08  2.935E-07  2.104E-07  2.219E-07  1.097E-07
                7.924E-08  3.645E-07  9.459E-07  1.421E-06  1.036E-07  9.235E-08
                4.322E-08  7.739E-08  1.417E-07  1.147E-07  1.168E-07  2.480E-08
                9.478E-07  1.087E-07  7.026E-07  1.088E-07  2.876E-07  1.716E-06
                2.114E-06  1.450E-06  2.662E-07  3.276E-07  2.678E-07  1.210E-07
                1.735E-07  2.931E-07  2.404E-08  9.236E-09  8.373E-09  2.377E-08
                4.068E-07  4.100E-07  4.842E-07  8.336E-07  6.088E-07  1.613E-08
                1.237E-08  5.418E-08  5.356E-08  4.723E-07  1.275E-06
1.84092315E+02  1.158E-03  9.386E-04  4.574E-04  4.440E-04  6.262E-04  1.467E-06
                3.843E-03  7.881E-04  6.245E-06  1.636E-06  4.670E-05  7.894E-04
                1.449E-03  2.280E-05  2.184E-05  9.853E-08  4.850E-07  4.319E-07
                3.964E-07  3.996E-07  1.166E-07  2.536E-07  2.594E-07  4.227E-08
                2.060E-07  6.501E-07  1.114E-06  2.085E-07  2.090E-07  5.328E-07
                5.314E-07  7.606E-08  1.499E-06  8.489E-07  2.183E-07  1.722E-07
                2.442E-10  1.213E-07  4.686E-08  1.171E-06  7.374E-07  3.787E-07
                5.802E-07  1.550E-08  3.878E-08  7.937E-08  1.011E-07  1.923E-07
                3.802E-06  2.696E-07  5.422E-08  4.059E-07  1.472E-08  8.074E-07
                5.331E-07  3.196E-07  2.155E-07  6.371E-07  2.436E-06  5.407E-07
                1.072E-07  1.495E-09  1.812E-09  9.216E-11  1.451E-07  1.028E-07
                3.301E-08  1.116E-08  2.405E-07  2.222E-07  2.907E-07  6.475E-07
                1.192E-06  3.744E-07  7.831E-07  6.096E-08  1.607E-07  2.960E-08
                3.274E-07  1.321E-07  4.568E-07  1.306E-08  1.158E-07  1.300E-07
                2.847E-06  1.169E-06  3.017E-10  2.937E-10  8.653E-11  8.436E-11
                7.866E-11  1.533E-07  8.052E-08  3.291E-07  4.743E-07  1.929E-07
                7.230E-07  4.824E-08  1.070E-06  1.293E-06  4.072E-08  6.187E-08
                8.049E-08  1.015E-08  4.001E-08  6.069E-08  1.163E-07  1.298E-07
                3.294E-08  1.079E-08  3.278E-07  7.966E-07  5.098E-06  1.113E-06
                4.128E-08  1.181E-07  6.975E-07  6.407E-07  4.564E-08  8.706E-08
                6.055E-08  9.999E-08  1.895E-06  6.246E-08  3.465E-07  2.767E-07
                6.915E-07  1.326E-06  5.549E-06  9.030E-08  4.221E-07  4.372E-07
                4.528E-07  4.103E-08  3.602E-08  1.409E-08  2.933E-08  7.142E-08
                1.112E-07  1.225E-07  3.383E-09  9.220E-08  2.009E-07  6.014E-07
                1.169E-06  1.213E-08  3.956E-08  1.171E-07  4.179E-08  3.270E-07
                2.329E-07  6.819E-07  4.792E-07  7.801E-07  9.425E-08  5.221E-08
                1.042E-06  5.077E-08  8.606E-08  4.736E-08  9.571E-08  1.250E-07
                3.807E-07  5.083E-07  2.530E-06  4.330E-07  7.109E-08  2.558E-08
                3.834E-08  3.873E-08  2.137E-07  1.685E-07  1.759E-07  8.065E-08
                6.340E-08  2.948E-07  7.639E-07  1.140E-06  8.374E-08  7.267E-08
                3.379E-08  5.664E-08  9.911E-08  8.572E-08  8.107E-08  1.993E-08
                8.474E-07  8.597E-08  6.164E-07  7.469E-08  2.466E-07  1.526E-06
                1.904E-06  1.305E-06  2.042E-07  2.567E-07  2.061E-07  9.059E-08
                1.312E-07  2.239E-07  1.403E-08  5.456E-09  5.951E-09  1.802E-08
                3.386E-07  3.410E-07  4.004E-07  6.866E-07  4.956E-07  1.180E-08
                8.761E-09  4.484E-08  4.434E-08  3.898E-07  1.065E-06
1.97700315E+02  7.968E-04  6.418E-04  3.137E-04  3.032E-04  4.328E-04  8.261E-07
                3.098E-03  6.356E-04  4.752E-06  9.481E-07  3.910E-05  6.661E-04
                1.225E-03  1.617E-05  1.548E-05  8.373E-08  4.257E-07  2.784E-07
                3.500E-07  2.872E-07  9.080E-08  1.983E-07  2.426E-07  4.276E-08
                1.024E-07  2.840E-07  4.383E-07  1.671E-07  1.438E-07  3.682E-07
                3.615E-07  5.915E-08  1.183E-06  4.701E-07  1.653E-07  1.247E-07
                1.808E-10  9.546E-08  3.546E-08  7.904E-07  4.737E-07  2.607E-07
                3.983E-07  1.130E-08  3.222E-08  6.936E-08  9.803E-08  1.741E-07
                2.728E-06  2.483E-07  4.092E-08  3.715E-07  1.390E-08  7.443E-07
                3.653E-07  2.155E-07  1.529E-07  4.567E-07  2.160E-06  4.564E-07
                9.009E-08  1.339E-09  1.484E-09  7.530E-11  8.579E-08  6.688E-08
                2.370E-08  8.095E-09  1.809E-07  1.685E-07  2.252E-07  5.249E-07
                8.583E-07  2.867E-07  5.928E-07  3.837E-08  1.207E-07  1.610E-08
                3.001E-07  1.216E-07  4.187E-07  7.849E-09  8.375E-08  8.746E-08
                2.153E-06  8.728E-07  2.253E-10  2.288E-10  7.443E-11  6.101E-11
                4.843E-11  1.431E-07  6.896E-08  2.992E-07  3.543E-07  1.426E-07
                5.470E-07  5.285E-08  7.941E-07  9.606E-07  3.396E-08  4.926E-08
                6.381E-08  8.594E-09  3.798E-08  5.253E-08  9.953E-08  1.116E-07
                3.746E-08  1.076E-08  2.938E-07  7.139E-07  3.494E-06  7.644E-07
                2.908E-08  9.672E-08  5.075E-07  4.446E-07  3.720E-08  6.741E-08
                4.762E-08  8.431E-08  1.543E-06  5.614E-08  2.875E-07  1.980E-07
                4.948E-07  9.227E-07  3.856E-06  6.788E-08  3.724E-07  3.881E-07
                4.147E-07  2.695E-08  2.376E-08  8.864E-09  1.939E-08  4.715E-08
                7.340E-08  8.128E-08  2.494E-09  7.174E-08  1.510E-07  4.526E-07
                8.830E-07  7.132E-09  2.572E-08  1.060E-07  3.858E-08  2.344E-07
                1.665E-07  5.141E-07  3.604E-07  5.879E-07  7.293E-08  3.795E-08
                8.045E-07  3.335E-08  5.612E-08  3.681E-08  7.112E-08  1.039E-07
                2.755E-07  3.657E-07  1.858E-06  4.046E-07  4.842E-08  1.684E-08
                2.604E-08  2.600E-08  2.033E-07  1.258E-07  1.328E-07  7.681E-08
                4.678E-08  2.229E-07  5.747E-07  8.581E-07  5.660E-08  5.625E-08
                2.676E-08  4.149E-08  8.418E-08  6.312E-08  6.977E-08  1.401E-08
                6.028E-07  6.214E-08  4.479E-07  7.512E-08  1.958E-07  1.080E-06
                1.339E-06  9.200E-07  1.480E-07  1.921E-07  1.599E-07  6.368E-08
                9.578E-08  1.640E-07  1.418E-08  5.343E-09  4.133E-09  1.225E-08
                2.645E-07  2.669E-07  3.042E-07  5.280E-07  3.758E-07  8.948E-09
                6.938E-09  3.431E-08  3.483E-08  3.021E-07  8.197E-07
