          16           7
         215          13           1           1
           0          -4           0          -4           0          -6           0          -2           0          -4           0           6           0           4           0           2           0           4           0           6           0           2           0           4           0           2           0          -4           0          -2           0           2           0           4           0           6           0           2           0           4           0           6           0           4           0          -2           0          -2           0          -4           0          -6           0          -8           0          -2           0          -4           0          -6           0          -4           0           2           0          -4           0          -6           0          -2           0          -4           0          -6           0          -6           0          -8           0          -4           0          -6           0          -2           0          -4           0           4           0           6           0           8           0          10           0           4           0          -4           0           2           0           6           0           4           0           8           0           2           0          -4           0          -2           0           6           0           6           0           4           0           2           0           8           0           4           0           6           0           8           0           4           0           6           0           8           0          10           0           4           0           6           0           8           0           6           0           4           0           2           0           6           0           2           0           4           0           2           0          -4           0          -2           0          -6           0          -8           0           6           0           4           0          -4           0          -6           0          -2           0          -4           0          -6           0          -8           0         -10           0          -2           0          -4           0          -6           0          -4           0          -2           0          -6           0          -8           0          -2           0          -4           0           2           0           4           0           6           0           8           0           4           0           4           0           6           0           8           0           2           0          10           0           8           0           6           0           4           0           2           0           6           0           6           0           4           0           4           0           2           0           4           0           6           0           8           0          -4           0           2           0           4           0          -6           0          -4           0           2           0           4           0           6           0           4           0           6           0          -2           0          -4           0          -6           0          -8           0         -10           0          -6           0          -8           0         -10           0         -12           0           2           0          -2           0          -4           0          -6           0          -8           0          -2           0          -8           0         -10           0          -4           0          -2           0          -6           0          -4           0          -2           0          -4           0          -2           0          -4           0          -6           0          -4           0          -8           0          -6           0           2           0           4           0           2           0           4           0           6           0         -10           0          -8           0          -6           0          -4           0           6           0          -2           0          -4           0           8           0          -6           0          -2           0          -4           0          -6           0          -8           0           4           0           6           0          -4           0          -6           0          -6           0          -8           0          -2           0           2           0          -4           0           4           0           6           0           4           0           4           0           2           0           2           0          -4           0          -6           0          -8           0          -2           0          -4           0          -6           0          -8           0         -10           0          -8           0          -6           0          -4           0          -2           0          -2           0          -4           0          -6           0          -6           0          -8           0          -4           0          -2           0          -6           0          -4
    0.000000E+00    9.645106E-03    9.843162E-03    1.435602E-02    1.458263E-02
    4.247197E-02    4.320385E-02    4.360158E-02    5.944295E-02    5.948713E-02
    6.922989E-02    7.316769E-02    7.411300E-02    1.134727E-01    1.147319E-01
    2.354040E-01    2.358931E-01    2.366026E-01    2.382857E-01    2.391328E-01
    2.438023E-01    2.438287E-01    2.461520E-01    2.471700E-01    2.474363E-01
    2.479076E-01    2.485433E-01    2.486026E-01    2.487216E-01    2.491410E-01
    2.502551E-01    2.507374E-01    2.510783E-01    2.511300E-01    2.524691E-01
    2.524772E-01    2.554279E-01    2.561102E-01    2.563381E-01    2.591442E-01
    2.591854E-01    2.609226E-01    2.615363E-01    2.619649E-01    2.622131E-01
    2.625883E-01    2.631076E-01    2.632646E-01    2.633261E-01    2.634365E-01
    2.637297E-01    2.638533E-01    2.640096E-01    2.643758E-01    2.644930E-01
    2.645338E-01    2.648466E-01    2.652759E-01    2.655531E-01    2.656939E-01
    2.657640E-01    2.676748E-01    2.677713E-01    2.679166E-01    2.688115E-01
    2.690337E-01    2.711118E-01    2.712141E-01    2.720014E-01    2.721113E-01
    2.724223E-01    2.724984E-01    2.725578E-01    2.726085E-01    2.727219E-01
    2.737570E-01    2.740430E-01    2.746587E-01    2.763855E-01    2.763956E-01
    2.763957E-01    2.764682E-01    2.789238E-01    2.791446E-01    2.808157E-01
    2.808428E-01    2.816082E-01    2.816156E-01    2.816277E-01    2.816445E-01
    2.816660E-01    2.832213E-01    2.832636E-01    2.833497E-01    2.872720E-01
    2.872722E-01    2.872783E-01    2.873017E-01    2.873787E-01    2.874354E-01
    2.875828E-01    2.876419E-01    2.877951E-01    2.879672E-01    2.884374E-01
    2.885530E-01    2.886000E-01    2.886971E-01    2.887362E-01    2.888178E-01
    2.901974E-01    2.902310E-01    2.934227E-01    2.936053E-01    2.936679E-01
    2.948139E-01    2.948751E-01    2.949134E-01    2.954910E-01    2.955387E-01
    2.955818E-01    2.956302E-01    2.974080E-01    2.974265E-01    2.978254E-01
    2.979930E-01    2.980044E-01    2.981863E-01    2.981951E-01    2.982014E-01
    2.986863E-01    2.989406E-01    2.997979E-01    3.013547E-01    3.014398E-01
    3.015665E-01    3.017420E-01    3.025165E-01    3.025355E-01    3.025686E-01
    3.026262E-01    3.032771E-01    3.036433E-01    3.036673E-01    3.036996E-01
    3.037196E-01    3.041292E-01    3.046134E-01    3.046301E-01    3.048276E-01
    3.048611E-01    3.049614E-01    3.051740E-01    3.052844E-01    3.060373E-01
    3.062721E-01    3.065126E-01    3.067251E-01    3.072820E-01    3.083217E-01
    3.083847E-01    3.085481E-01    3.086063E-01    3.093086E-01    3.093690E-01
    3.093750E-01    3.093804E-01    3.094500E-01    3.095030E-01    3.095365E-01
    3.096086E-01    3.096683E-01    3.098305E-01    3.098337E-01    3.100372E-01
    3.110986E-01    3.111053E-01    3.111248E-01    3.111449E-01    3.124031E-01
    3.124222E-01    3.126400E-01    3.132139E-01    3.132929E-01    3.134326E-01
    3.163175E-01    3.165548E-01    3.167011E-01    3.167161E-01    3.173537E-01
    3.174815E-01    3.194473E-01    3.198310E-01    3.206567E-01    3.235572E-01
    3.235827E-01    3.236877E-01    3.236885E-01    3.238034E-01    3.239013E-01
    3.239634E-01    3.240075E-01    3.245628E-01    3.245933E-01    3.263728E-01
    3.264517E-01    3.271738E-01    3.284075E-01    3.287843E-01    3.314323E-01
    3.314556E-01    3.324856E-01    3.325179E-01    3.327131E-01    3.333147E-01
           0           2           0           1
  -27.940514715248785               13
3.33837147E+01  2.024E-01  1.650E-01  7.992E-02  7.784E-02  1.095E-01  2.747E-04
                1.037E-01  2.124E-02  7.524E-04  9.490E-04
4.69917147E+01  8.459E-02  6.695E-02  3.230E-02  3.083E-02  4.539E-02  2.361E-04
                6.513E-02  1.323E-02  2.522E-04  2.007E-04  8.366E-04  1.148E-02
                2.016E-02  1.975E-03  1.278E-03
6.05997147E+01  3.927E-02  3.164E-02  1.541E-02  1.480E-02  2.100E-02  5.808E-05
                4.067E-02  8.337E-03  1.422E-04  8.684E-05  4.714E-04  7.523E-03
                1.367E-02  5.991E-04  5.707E-04  2.822E-06  1.243E-05  2.401E-05
                8.198E-06  2.063E-05  3.981E-06  8.257E-06  1.067E-05  1.608E-06
                2.647E-06  7.579E-06  6.415E-06  1.075E-05  1.115E-05  2.848E-05
                2.666E-05  2.535E-06  1.101E-04  2.638E-05  1.167E-05  9.828E-06
                5.218E-07  1.100E-05  4.427E-06  6.089E-05  3.665E-05  2.119E-05
                3.236E-05  1.368E-06  2.254E-06  4.146E-06  6.474E-07  6.365E-06
                1.223E-04  2.258E-06  4.360E-06  7.757E-06  8.400E-07  8.033E-06
                2.816E-05  1.806E-05  1.466E-05  4.940E-05  4.617E-05  2.490E-05
                4.926E-06  1.240E-07  1.452E-07  1.220E-07  1.959E-05  1.068E-05
                5.122E-07  2.386E-08  9.385E-06  9.389E-06  1.197E-05  1.507E-05
                1.633E-05  6.240E-06  3.234E-05  4.920E-06  7.238E-06  4.636E-06
                8.813E-06  4.225E-06  1.376E-05  9.723E-07  6.517E-06  9.986E-06
                7.395E-05  3.193E-05  5.882E-09  1.791E-08  3.489E-08  6.074E-09
                4.146E-09  3.889E-06  1.438E-06  8.889E-06  4.184E-06  1.423E-06
                5.999E-06  1.243E-06  2.634E-05  3.384E-05  9.681E-07  1.014E-06
                6.431E-07  3.270E-07  1.657E-06  1.598E-06  3.179E-06  2.090E-06
                2.560E-06  2.143E-07  9.288E-06  2.186E-05  8.447E-05  1.921E-05
                1.286E-06  2.560E-06  1.215E-05  1.194E-05  1.049E-06  1.481E-06
                1.121E-06  2.188E-06  5.345E-05  8.946E-07  6.145E-06  5.885E-06
                1.525E-05  1.889E-05  7.870E-05  2.236E-06  9.294E-06  9.885E-06
                1.213E-05  2.719E-06  2.729E-06  2.061E-06  1.276E-06  3.958E-06
                6.332E-06  6.700E-06  1.538E-08  1.585E-06  4.046E-06  1.111E-05
                1.852E-05  2.209E-06  1.823E-06  1.343E-05  4.929E-06  6.902E-06
                4.890E-06  1.236E-05  8.990E-06  1.372E-05  2.076E-06  2.714E-06
                1.478E-05  2.489E-06  4.275E-06  2.665E-06  5.823E-06  2.572E-06
                5.659E-06  7.950E-06  4.359E-05  1.377E-05  3.080E-06  2.520E-06
                2.005E-06  2.174E-06  4.596E-06  3.331E-06  3.622E-06  1.705E-06
                2.323E-06  4.516E-06  1.181E-05  2.031E-05  4.123E-06  8.205E-07
                6.526E-07  3.443E-06  6.603E-06  5.351E-06  6.007E-06  1.002E-06
                9.486E-06  3.053E-06  7.886E-06  1.837E-06  3.527E-06  1.612E-05
                1.936E-05  1.258E-05  1.055E-05  1.500E-05  2.191E-05  4.974E-06
                6.820E-06  1.201E-05  1.206E-06  3.886E-07  7.583E-07  9.967E-07
                2.468E-06  2.565E-06  3.339E-06  1.029E-05  9.364E-06  3.933E-07
                6.485E-07  5.630E-07  4.481E-07  4.076E-06  1.107E-05
7.42077147E+01  2.155E-02  1.730E-02  8.423E-03  8.089E-03  1.148E-02  3.171E-05
                2.775E-02  5.690E-03  8.301E-05  4.664E-05  3.248E-04  5.278E-03
                9.620E-03  3.451E-04  3.289E-04  1.498E-06  5.837E-06  1.269E-05
                5.509E-06  1.107E-05  2.863E-06  6.270E-06  4.942E-06  6.115E-07
                1.022E-06  3.213E-06  4.391E-06  6.288E-06  7.008E-06  1.701E-05
                1.328E-05  1.895E-06  4.693E-05  1.305E-05  5.906E-06  5.009E-06
                7.996E-09  5.299E-06  1.893E-06  3.195E-05  1.678E-05  1.035E-05
                1.581E-05  5.358E-07  9.795E-07  1.644E-06  3.094E-07  1.447E-06
                6.840E-05  1.061E-06  1.933E-06  1.999E-06  4.112E-07  3.087E-06
                1.482E-05  8.943E-06  7.381E-06  2.267E-05  1.999E-05  7.093E-06
                2.454E-06  1.092E-08  2.568E-08  1.282E-09  6.279E-06  3.584E-06
                3.251E-07  4.930E-08  5.113E-06  5.029E-06  6.686E-06  6.222E-06
                1.036E-05  3.249E-06  1.789E-05  2.331E-06  3.738E-06  1.484E-06
                6.618E-06  2.656E-06  9.233E-06  1.055E-07  2.983E-06  4.261E-06
                4.517E-05  1.827E-05  2.907E-09  3.607E-09  1.964E-09  1.205E-09
                1.534E-09  2.946E-06  1.470E-06  6.462E-06  2.761E-06  1.243E-06
                4.213E-06  6.015E-07  1.634E-05  1.972E-05  4.177E-07  6.396E-07
                8.327E-07  1.224E-07  4.353E-07  7.047E-07  1.393E-06  1.393E-06
                3.790E-07  1.441E-07  5.125E-06  1.238E-05  5.002E-05  1.099E-05
                5.359E-07  1.151E-06  6.579E-06  6.572E-06  5.522E-07  7.894E-07
                6.066E-07  1.380E-06  3.384E-05  5.550E-07  3.449E-06  4.053E-06
                1.019E-05  1.164E-05  4.867E-05  1.073E-06  5.934E-06  6.248E-06
                8.562E-06  1.096E-06  1.112E-06  7.483E-07  6.336E-07  1.867E-06
                2.899E-06  3.134E-06  1.084E-08  1.182E-06  2.220E-06  6.055E-06
                1.087E-05  8.027E-07  5.322E-07  4.885E-06  1.746E-06  4.720E-06
                3.307E-06  6.989E-06  4.899E-06  7.774E-06  1.079E-06  1.009E-06
                9.927E-06  1.218E-06  1.945E-06  1.251E-06  2.791E-06  1.150E-06
                3.517E-06  4.658E-06  2.418E-05  8.220E-06  1.492E-06  9.769E-07
                9.534E-07  9.320E-07  2.634E-06  1.809E-06  1.979E-06  9.641E-07
                1.014E-06  2.711E-06  7.395E-06  1.179E-05  1.869E-06  4.938E-07
                3.188E-07  1.614E-06  2.642E-06  2.596E-06  2.277E-06  4.721E-07
                6.471E-06  1.676E-06  5.028E-06  1.053E-06  2.073E-06  1.125E-05
                1.366E-05  9.118E-06  4.747E-06  6.476E-06  9.058E-06  2.322E-06
                3.032E-06  5.462E-06  2.779E-07  8.403E-08  3.105E-07  5.415E-07
                2.193E-06  2.206E-06  2.935E-06  5.966E-06  5.261E-06  1.754E-07
                2.538E-07  4.367E-07  3.307E-07  2.922E-06  7.783E-06
8.78157147E+01  1.285E-02  1.030E-02  5.017E-03  4.813E-03  6.835E-03  1.920E-05
                1.969E-02  4.038E-03  5.235E-05  2.720E-05  2.327E-04  3.825E-03
                6.984E-03  2.106E-04  2.006E-04  9.746E-07  3.424E-06  7.243E-06
                3.545E-06  6.622E-06  1.930E-06  4.230E-06  2.846E-06  3.382E-07
                6.620E-07  2.121E-06  3.193E-06  3.812E-06  4.312E-06  1.037E-05
                7.426E-06  1.276E-06  2.350E-05  7.754E-06  3.420E-06  3.023E-06
                5.096E-09  2.857E-06  1.008E-06  1.707E-05  9.130E-06  5.578E-06
                8.485E-06  2.571E-07  4.732E-07  8.213E-07  1.892E-07  9.252E-07
                4.142E-05  8.311E-07  1.070E-06  1.460E-06  2.228E-07  2.453E-06
                8.116E-06  4.826E-06  4.109E-06  1.231E-05  1.262E-05  3.782E-06
                1.368E-06  7.882E-09  1.755E-08  9.496E-10  2.791E-06  1.645E-06
                2.665E-07  5.719E-08  3.137E-06  3.090E-06  4.074E-06  4.598E-06
                7.750E-06  2.488E-06  1.096E-05  1.107E-06  2.068E-06  6.644E-07
                4.607E-06  1.838E-06  6.371E-06  5.409E-08  1.697E-06  2.181E-06
                2.883E-05  1.167E-05  1.932E-09  2.345E-09  1.208E-09  8.022E-10
                8.680E-10  2.125E-06  1.096E-06  4.431E-06  2.106E-06  9.401E-07
                3.186E-06  3.554E-07  1.049E-05  1.265E-05  2.906E-07  4.668E-07
                6.092E-07  8.699E-08  2.378E-07  4.871E-07  9.791E-07  9.765E-07
                9.306E-08  1.054E-07  3.598E-06  8.738E-06  3.239E-05  7.085E-06
                3.616E-07  8.372E-07  4.431E-06  4.232E-06  4.184E-07  5.834E-07
                4.573E-07  1.035E-06  2.174E-05  4.084E-07  2.376E-06  2.659E-06
                6.653E-06  7.717E-06  3.221E-05  7.362E-07  4.242E-06  4.466E-06
                5.769E-06  5.720E-07  5.678E-07  3.600E-07  3.453E-07  9.542E-07
                1.481E-06  1.606E-06  1.291E-08  7.784E-07  1.398E-06  3.911E-06
                7.182E-06  3.863E-07  3.172E-07  2.030E-06  7.158E-07  3.080E-06
                2.198E-06  4.505E-06  3.152E-06  5.058E-06  6.768E-07  5.534E-07
                6.774E-06  6.622E-07  1.052E-06  7.278E-07  1.624E-06  6.513E-07
                2.427E-06  2.980E-06  1.499E-05  5.587E-06  8.111E-07  5.004E-07
                5.162E-07  5.057E-07  1.785E-06  1.136E-06  1.237E-06  6.477E-07
                5.610E-07  1.808E-06  4.857E-06  7.612E-06  1.056E-06  3.628E-07
                2.080E-07  8.916E-07  1.316E-06  1.425E-06  1.093E-06  2.701E-07
                4.528E-06  1.028E-06  3.453E-06  6.794E-07  1.351E-06  8.092E-06
                9.811E-06  6.608E-06  2.559E-06  3.268E-06  4.196E-06  1.283E-06
                1.619E-06  2.874E-06  8.212E-08  2.325E-08  1.445E-07  3.033E-07
                1.691E-06  1.688E-06  2.213E-06  4.057E-06  3.353E-06  1.069E-07
                1.292E-07  3.049E-07  2.433E-07  2.097E-06  5.621E-06
1.01423715E+02  8.133E-03  6.520E-03  3.173E-03  3.046E-03  4.337E-03  1.146E-05
                1.465E-02  3.005E-03  3.443E-05  1.600E-05  1.749E-04  2.901E-03
                5.305E-03  1.403E-04  1.340E-04  6.366E-07  2.164E-06  4.331E-06
                2.302E-06  4.032E-06  1.244E-06  2.722E-06  1.765E-06  2.096E-07
                5.264E-07  1.698E-06  2.764E-06  2.351E-06  2.664E-06  6.429E-06
                4.427E-06  8.200E-07  1.292E-05  5.023E-06  2.086E-06  1.882E-06
                3.242E-09  1.633E-06  5.741E-07  9.770E-06  5.359E-06  3.245E-06
                4.937E-06  1.393E-07  2.622E-07  4.699E-07  1.630E-07  6.537E-07
                2.659E-05  6.924E-07  6.202E-07  1.154E-06  1.228E-07  2.062E-06
                4.774E-06  2.797E-06  2.416E-06  7.163E-06  8.960E-06  2.409E-06
                8.268E-07  5.761E-09  1.186E-08  6.751E-10  1.450E-06  8.782E-07
                2.065E-07  5.292E-08  1.976E-06  1.923E-06  2.510E-06  3.378E-06
                5.697E-06  1.854E-06  6.792E-06  5.970E-07  1.224E-06  3.460E-07
                3.101E-06  1.236E-06  4.276E-06  3.728E-08  1.017E-06  1.233E-06
                1.922E-05  7.783E-06  1.374E-09  1.607E-09  7.651E-10  5.495E-10
                5.460E-10  1.451E-06  7.547E-07  2.974E-06  1.656E-06  7.258E-07
                2.503E-06  2.362E-07  7.026E-06  8.505E-06  2.146E-07  3.469E-07
                4.505E-07  6.360E-08  1.679E-07  3.537E-07  7.049E-07  7.090E-07
                4.996E-08  7.057E-08  2.483E-06  6.048E-06  2.268E-05  4.955E-06
                2.436E-07  6.174E-07  3.176E-06  2.948E-06  3.099E-07  4.391E-07
                3.466E-07  7.515E-07  1.450E-05  3.089E-07  1.727E-06  1.800E-06
                4.504E-06  5.517E-06  2.301E-05  5.450E-07  2.980E-06  3.130E-06
                3.885E-06  3.353E-07  3.263E-07  1.946E-07  2.106E-07  5.458E-07
                8.475E-07  9.230E-07  1.407E-08  5.355E-07  9.667E-07  2.756E-06
                5.139E-06  2.076E-07  2.009E-07  9.877E-07  3.453E-07  2.090E-06
                1.495E-06  3.155E-06  2.207E-06  3.566E-06  4.529E-07  3.347E-07
                4.882E-06  3.911E-07  6.211E-07  4.451E-07  9.829E-07  4.478E-07
                1.757E-06  2.097E-06  1.039E-05  3.760E-06  4.935E-07  2.870E-07
                3.126E-07  3.067E-07  1.227E-06  7.868E-07  8.535E-07  4.448E-07
                3.583E-07  1.298E-06  3.453E-06  5.341E-06  6.500E-07  2.904E-07
                1.536E-07  5.352E-07  7.563E-07  8.463E-07  6.169E-07  1.653E-07
                3.370E-06  6.571E-07  2.532E-06  4.525E-07  9.657E-07  6.122E-06
                7.423E-06  5.040E-06  1.540E-06  1.880E-06  2.157E-06  7.793E-07
                9.840E-07  1.702E-06  3.527E-08  1.057E-08  7.524E-08  1.820E-07
                1.286E-06  1.285E-06  1.670E-06  2.952E-06  2.347E-06  6.899E-08
                7.181E-08  2.141E-07  1.803E-07  1.558E-06  4.200E-06
1.15031715E+02  5.459E-03  4.384E-03  2.134E-03  2.050E-03  2.911E-03  8.081E-06
                1.105E-02  2.266E-03  2.441E-05  1.075E-05  1.321E-04  2.202E-03
                4.031E-03  9.441E-05  8.999E-05  4.226E-07  1.382E-06  2.492E-06
                1.556E-06  2.408E-06  8.338E-07  1.824E-06  1.257E-06  1.600E-07
                3.918E-07  1.225E-06  2.031E-06  1.545E-06  1.710E-06  4.156E-06
                2.844E-06  5.502E-07  8.344E-06  3.344E-06  1.387E-06  1.244E-06
                2.065E-09  9.959E-07  3.493E-07  6.294E-06  3.505E-06  2.109E-06
                3.197E-06  8.386E-08  1.653E-07  3.045E-07  1.556E-07  5.107E-07
                1.823E-05  5.901E-07  3.801E-07  9.528E-07  7.043E-08  1.767E-06
                3.077E-06  1.809E-06  1.517E-06  4.467E-06  6.833E-06  1.729E-06
                5.425E-07  4.397E-09  8.187E-09  4.609E-10  8.731E-07  5.436E-07
                1.538E-07  4.249E-08  1.323E-06  1.278E-06  1.677E-06  2.495E-06
                4.265E-06  1.409E-06  4.519E-06  3.731E-07  8.283E-07  2.065E-07
                2.213E-06  8.861E-07  3.055E-06  2.762E-08  6.702E-07  7.851E-07
                1.368E-05  5.521E-06  1.029E-09  1.176E-09  5.286E-10  3.881E-10
                3.565E-10  1.056E-06  5.317E-07  2.159E-06  1.327E-06  5.699E-07
                2.019E-06  1.757E-07  5.017E-06  6.066E-06  1.633E-07  2.656E-07
                3.467E-07  4.775E-08  1.302E-07  2.606E-07  5.244E-07  5.355E-07
                3.969E-08  5.505E-08  1.771E-06  4.315E-06  1.647E-05  3.599E-06
                1.766E-07  4.670E-07  2.356E-06  2.130E-06  2.300E-07  3.365E-07
                2.667E-07  5.465E-07  1.035E-05  2.374E-07  1.297E-06  1.247E-06
                3.121E-06  4.063E-06  1.694E-05  4.086E-07  2.175E-06  2.288E-06
                2.824E-06  2.101E-07  2.015E-07  1.131E-07  1.358E-07  3.367E-07
                5.229E-07  5.719E-07  1.231E-08  3.788E-07  7.126E-07  2.064E-06
                3.898E-06  1.188E-07  1.417E-07  5.320E-07  1.850E-07  1.451E-06
                1.037E-06  2.377E-06  1.662E-06  2.694E-06  3.264E-07  2.230E-07
                3.708E-06  2.515E-07  4.035E-07  2.877E-07  6.244E-07  3.350E-07
                1.307E-06  1.528E-06  7.519E-06  2.719E-06  3.232E-07  1.768E-07
                2.041E-07  1.997E-07  9.251E-07  5.886E-07  6.339E-07  3.365E-07
                2.515E-07  9.888E-07  2.609E-06  3.998E-06  4.262E-07  2.316E-07
                1.166E-07  3.419E-07  4.880E-07  5.304E-07  3.940E-07  1.074E-07
                2.502E-06  4.389E-07  1.877E-06  3.386E-07  7.231E-07  4.600E-06
                5.566E-06  3.793E-06  1.012E-06  1.205E-06  1.240E-06  5.079E-07
                6.510E-07  1.110E-06  2.766E-08  9.643E-09  4.007E-08  1.101E-07
                1.023E-06  1.023E-06  1.306E-06  2.259E-06  1.751E-06  4.816E-08
                4.423E-08  1.580E-07  1.395E-07  1.222E-06  3.288E-06
1.28639715E+02  3.738E-03  3.003E-03  1.461E-03  1.405E-03  2.003E-03  5.055E-06
                8.708E-03  1.786E-03  1.738E-05  6.635E-06  1.054E-04  1.767E-03
                3.239E-03  6.863E-05  6.559E-05  2.973E-07  1.029E-06  1.653E-06
                1.101E-06  1.600E-06  5.451E-07  1.193E-06  8.945E-07  1.183E-07
                3.619E-07  1.134E-06  1.940E-06  1.017E-06  1.102E-06  2.707E-06
                1.891E-06  3.586E-07  5.311E-06  2.443E-06  9.133E-07  8.155E-07
                1.360E-09  6.238E-07  2.212E-07  4.020E-06  2.318E-06  1.359E-06
                2.070E-06  5.329E-08  1.080E-07  2.038E-07  1.381E-07  3.939E-07
                1.252E-05  4.906E-07  2.434E-07  7.744E-07  3.978E-08  1.473E-06
                1.992E-06  1.157E-06  9.824E-07  2.916E-06  5.297E-06  1.270E-06
                3.649E-07  3.496E-09  6.229E-09  3.356E-10  5.417E-07  3.471E-07
                1.135E-07  3.322E-08  9.188E-07  8.777E-07  1.138E-06  1.967E-06
                3.207E-06  1.055E-06  3.095E-06  2.358E-07  5.575E-07  1.259E-07
                1.518E-06  6.069E-07  2.095E-06  2.501E-08  4.514E-07  5.109E-07
                9.485E-06  3.834E-06  7.808E-10  8.614E-10  3.567E-10  2.807E-10
                2.646E-10  7.200E-07  3.691E-07  1.463E-06  1.066E-06  4.512E-07
                1.621E-06  1.288E-07  3.482E-06  4.225E-06  1.231E-07  1.984E-07
                2.576E-07  3.543E-08  9.792E-08  1.961E-07  3.898E-07  4.021E-07
                3.497E-08  3.865E-08  1.318E-06  3.212E-06  1.229E-05  2.686E-06
                1.272E-07  3.442E-07  1.764E-06  1.583E-06  1.690E-07  2.531E-07
                2.003E-07  3.986E-07  7.062E-06  1.839E-07  9.956E-07  8.868E-07
                2.218E-06  3.080E-06  1.285E-05  3.065E-07  1.609E-06  1.691E-06
                1.920E-06  1.514E-07  1.406E-07  7.263E-08  1.016E-07  2.467E-07
                3.832E-07  4.203E-07  9.907E-09  2.711E-07  5.322E-07  1.559E-06
                2.968E-06  6.941E-08  1.009E-07  4.023E-07  1.404E-07  1.037E-06
                7.420E-07  1.791E-06  1.254E-06  2.035E-06  2.395E-07  1.522E-07
                2.770E-06  1.679E-07  2.700E-07  1.964E-07  4.227E-07  2.617E-07
                9.878E-07  1.168E-06  5.751E-06  1.925E-06  2.439E-07  1.182E-07
                1.420E-07  1.435E-07  6.981E-07  4.413E-07  4.711E-07  2.557E-07
                1.814E-07  7.520E-07  1.977E-06  3.015E-06  3.120E-07  1.828E-07
                9.082E-08  2.327E-07  3.594E-07  3.621E-07  2.915E-07  7.282E-08
                1.953E-06  3.052E-07  1.455E-06  2.508E-07  5.701E-07  3.597E-06
                4.374E-06  2.994E-06  7.055E-07  8.567E-07  8.595E-07  3.434E-07
                4.504E-07  7.742E-07  2.101E-08  7.446E-09  2.559E-08  7.231E-08
                7.995E-07  8.013E-07  1.003E-06  1.737E-06  1.330E-06  3.428E-08
                3.032E-08  1.183E-07  1.076E-07  9.522E-07  2.567E-06
1.42247715E+02  2.720E-03  2.186E-03  1.064E-03  1.024E-03  1.455E-03  4.070E-06
                6.775E-03  1.389E-03  1.323E-05  4.981E-06  8.186E-05  1.375E-03
                2.521E-03  4.827E-05  4.600E-05  2.140E-07  7.663E-07  1.025E-06
                8.161E-07  1.016E-06  3.803E-07  8.306E-07  6.739E-07  9.696E-08
                2.644E-07  8.020E-07  1.347E-06  6.890E-07  7.211E-07  1.790E-06
                1.321E-06  2.504E-07  4.016E-06  1.691E-06  6.543E-07  5.646E-07
                8.752E-10  4.064E-07  1.442E-07  2.950E-06  1.701E-06  1.001E-06
                1.518E-06  3.857E-08  8.442E-08  1.628E-07  1.436E-07  3.333E-07
                9.383E-06  4.262E-07  1.615E-07  6.620E-07  2.772E-08  1.282E-06
                1.433E-06  8.465E-07  6.670E-07  1.958E-06  4.304E-06  1.010E-06
                2.684E-07  2.742E-09  4.244E-09  2.315E-10  3.748E-07  2.479E-07
                8.505E-08  2.604E-08  6.550E-07  6.200E-07  8.142E-07  1.407E-06
                2.462E-06  8.191E-07  2.191E-06  1.646E-07  4.076E-07  8.538E-08
                1.077E-06  4.349E-07  1.494E-06  1.765E-08  3.200E-07  3.584E-07
                7.281E-06  2.939E-06  6.075E-10  6.609E-10  2.604E-10  2.038E-10
                1.781E-10  5.204E-07  2.539E-07  1.081E-06  8.595E-07  3.586E-07
                1.317E-06  1.105E-07  2.687E-06  3.252E-06  9.429E-08  1.510E-07
                1.982E-07  2.588E-08  7.942E-08  1.455E-07  2.893E-07  3.055E-07
                3.614E-08  2.889E-08  8.876E-07  2.163E-06  9.630E-06  2.106E-06
                9.381E-08  2.707E-07  1.388E-06  1.232E-06  1.221E-07  1.964E-07
                1.507E-07  2.803E-07  5.363E-06  1.376E-07  7.446E-07  6.550E-07
                1.643E-06  2.437E-06  1.017E-05  2.237E-07  1.116E-06  1.169E-06
                1.438E-06  9.922E-08  9.156E-08  4.460E-08  6.750E-08  1.615E-07
                2.512E-07  2.767E-07  8.382E-09  2.068E-07  4.128E-07  1.220E-06
                2.340E-06  4.323E-08  7.616E-08  2.580E-07  9.114E-08  7.690E-07
                5.454E-07  1.409E-06  9.853E-07  1.603E-06  1.841E-07  1.117E-07
                2.198E-06  1.179E-07  1.927E-07  1.338E-07  2.793E-07  2.163E-07
                7.651E-07  9.181E-07  4.523E-06  1.347E-06  1.631E-07  7.601E-08
                9.726E-08  9.615E-08  5.094E-07  3.474E-07  3.695E-07  1.877E-07
                1.374E-07  5.951E-07  1.555E-06  2.356E-06  2.074E-07  1.485E-07
                7.122E-08  1.571E-07  2.496E-07  2.377E-07  2.030E-07  5.008E-08
                1.525E-06  2.128E-07  1.134E-06  1.857E-07  4.474E-07  2.799E-06
                3.415E-06  2.338E-06  4.998E-07  5.990E-07  5.349E-07  2.395E-07
                3.236E-07  5.470E-07  2.553E-08  9.751E-09  1.645E-08  4.848E-08
                6.447E-07  6.476E-07  7.961E-07  1.365E-06  1.025E-06  2.644E-08
                2.126E-08  9.077E-08  8.573E-08  7.591E-07  2.046E-06
1.55855715E+02  1.971E-03  1.590E-03  7.737E-04  7.476E-04  1.063E-03  2.473E-06
                5.667E-03  1.162E-03  9.968E-06  3.061E-06  6.921E-05  1.167E-03
                2.142E-03  3.845E-05  3.681E-05  1.610E-07  6.522E-07  7.648E-07
                6.215E-07  7.408E-07  2.488E-07  5.435E-07  4.876E-07  7.171E-08
                2.647E-07  8.236E-07  1.415E-06  4.643E-07  4.770E-07  1.196E-06
                9.478E-07  1.631E-07  2.698E-06  1.361E-06  4.406E-07  3.742E-07
                5.852E-10  2.690E-07  9.825E-08  2.028E-06  1.221E-06  6.813E-07
                1.042E-06  2.676E-08  6.013E-08  1.187E-07  1.226E-07  2.670E-07
                6.678E-06  3.593E-07  1.096E-07  5.505E-07  1.933E-08  1.079E-06
                9.817E-07  5.746E-07  4.456E-07  1.332E-06  3.483E-06  7.913E-07
                1.885E-07  2.259E-09  3.411E-09  1.760E-10  2.582E-07  1.755E-07
                6.136E-08  1.945E-08  4.634E-07  4.348E-07  5.630E-07  1.142E-06
                1.916E-06  6.193E-07  1.531E-06  1.125E-07  2.870E-07  5.676E-08
                7.323E-07  2.941E-07  1.015E-06  1.805E-08  2.227E-07  2.465E-07
                5.103E-06  2.071E-06  4.783E-10  4.975E-10  1.765E-10  1.520E-10
                1.425E-10  3.468E-07  1.772E-07  7.160E-07  7.065E-07  2.921E-07
                1.078E-06  7.715E-08  1.889E-06  2.294E-06  7.086E-08  1.118E-07
                1.451E-07  1.929E-08  6.140E-08  1.094E-07  2.147E-07  2.293E-07
                3.475E-08  2.091E-08  6.833E-07  1.665E-06  7.614E-06  1.664E-06
                7.075E-08  1.978E-07  1.076E-06  9.693E-07  8.939E-08  1.476E-07
                1.120E-07  2.046E-07  3.650E-06  1.085E-07  5.880E-07  4.813E-07
                1.205E-06  1.949E-06  8.143E-06  1.693E-07  8.513E-07  8.900E-07
                9.570E-07  7.833E-08  7.014E-08  3.141E-08  5.481E-08  1.319E-07
                2.051E-07  2.259E-07  6.032E-09  1.520E-07  3.212E-07  9.546E-07
                1.841E-06  2.715E-08  5.984E-08  2.175E-07  7.677E-08  5.677E-07
                4.044E-07  1.094E-06  7.672E-07  1.247E-06  1.447E-07  8.331E-08
                1.679E-06  8.619E-08  1.417E-07  9.429E-08  1.973E-07  1.751E-07
                5.983E-07  7.439E-07  3.677E-06  9.518E-07  1.329E-07  5.452E-08
                7.235E-08  7.427E-08  3.993E-07  2.689E-07  2.835E-07  1.484E-07
                1.044E-07  4.658E-07  1.215E-06  1.833E-06  1.621E-07  1.149E-07
                5.545E-08  1.126E-07  1.897E-07  1.731E-07  1.549E-07  3.655E-08
                1.256E-06  1.572E-07  9.244E-07  1.416E-07  3.719E-07  2.297E-06
                2.825E-06  1.939E-06  3.712E-07  4.619E-07  4.211E-07  1.708E-07
                2.363E-07  4.079E-07  1.674E-08  6.288E-09  1.150E-08  3.409E-08
                5.180E-07  5.209E-07  6.302E-07  1.086E-06  8.084E-07  1.912E-08
                1.541E-08  7.144E-08  6.847E-08  6.076E-07  1.647E-06
1.69463715E+02  1.474E-03  1.182E-03  5.754E-04  5.537E-04  7.901E-04  2.148E-06
                4.403E-03  9.029E-04  7.801E-06  2.447E-06  5.415E-05  9.160E-04
                1.682E-03  2.645E-05  2.519E-05  1.275E-07  5.438E-07  5.082E-07
                5.084E-07  5.078E-07  1.854E-07  4.048E-07  4.015E-07  6.521E-08
                1.615E-07  4.662E-07  7.523E-07  3.317E-07  3.187E-07  8.077E-07
                6.847E-07  1.217E-07  2.257E-06  8.801E-07  3.358E-07  2.711E-07
                3.914E-10  1.873E-07  6.748E-08  1.568E-06  9.161E-07  5.289E-07
                8.039E-07  2.123E-08  5.125E-08  1.023E-07  1.193E-07  2.373E-07
                5.227E-06  3.188E-07  7.893E-08  4.849E-07  1.712E-08  9.585E-07
                7.420E-07  4.412E-07  3.218E-07  9.512E-07  2.949E-06  6.577E-07
                1.509E-07  1.860E-09  2.400E-09  1.273E-10  1.813E-07  1.293E-07
                4.656E-08  1.510E-08  3.496E-07  3.269E-07  4.335E-07  8.302E-07
                1.452E-06  4.874E-07  1.156E-06  8.049E-08  2.220E-07  3.862E-08
                5.554E-07  2.263E-07  7.747E-07  1.088E-08  1.666E-07  1.799E-07
                4.115E-06  1.664E-06  3.723E-10  3.925E-10  1.406E-10  1.119E-10
                9.176E-11  2.695E-07  1.273E-07  5.721E-07  5.549E-07  2.269E-07
                8.564E-07  7.958E-08  1.521E-06  1.838E-06  5.689E-08  8.778E-08
                1.152E-07  1.473E-08  5.347E-08  8.676E-08  1.697E-07  1.855E-07
                3.739E-08  1.687E-08  4.797E-07  1.167E-06  5.852E-06  1.281E-06
                5.174E-08  1.626E-07  8.473E-07  7.446E-07  6.688E-08  1.168E-07
                8.576E-08  1.504E-07  2.957E-06  8.403E-08  4.509E-07  3.668E-07
                9.202E-07  1.513E-06  6.319E-06  1.211E-07  6.101E-07  6.362E-07
                7.748E-07  5.028E-08  4.518E-08  1.914E-08  3.534E-08  8.447E-08
                1.315E-07  1.454E-07  4.875E-09  1.212E-07  2.512E-07  7.503E-07
                1.454E-06  1.698E-08  4.262E-08  1.625E-07  5.864E-08  4.330E-07
                3.048E-07  8.661E-07  6.058E-07  9.870E-07  1.115E-07  6.184E-08
                1.349E-06  6.029E-08  1.000E-07  6.911E-08  1.375E-07  1.510E-07
                4.626E-07  5.814E-07  2.904E-06  7.186E-07  8.678E-08  3.499E-08
                4.970E-08  4.903E-08  3.063E-07  2.134E-07  2.252E-07  1.145E-07
                8.051E-08  3.699E-07  9.602E-07  1.444E-06  1.070E-07  9.344E-08
                4.393E-08  7.944E-08  1.450E-07  1.181E-07  1.195E-07  2.540E-08
                9.582E-07  1.114E-07  7.114E-07  1.134E-07  2.929E-07  1.737E-06
                2.138E-06  1.467E-06  2.721E-07  3.356E-07  2.782E-07  1.236E-07
                1.768E-07  2.996E-07  2.331E-08  8.939E-09  8.400E-09  2.413E-08
                4.132E-07  4.164E-07  4.920E-07  8.477E-07  6.200E-07  1.615E-08
                1.246E-08  5.514E-08  5.442E-08  4.799E-07  1.295E-06
1.83071715E+02  1.187E-03  9.611E-04  4.684E-04  4.543E-04  6.408E-04  1.550E-06
                3.867E-03  7.930E-04  6.353E-06  1.721E-06  4.690E-05  7.926E-04
                1.455E-03  2.298E-05  2.199E-05  1.002E-07  4.902E-07  4.404E-07
                4.027E-07  4.068E-07  1.202E-07  2.614E-07  2.642E-07  4.310E-08
                2.061E-07  6.496E-07  1.111E-06  2.135E-07  2.145E-07  5.467E-07
                5.429E-07  7.848E-08  1.552E-06  8.579E-07  2.252E-07  1.779E-07
                2.502E-10  1.243E-07  4.777E-08  1.208E-06  7.568E-07  3.916E-07
                5.994E-07  1.597E-08  3.997E-08  8.154E-08  1.032E-07  1.955E-07
                3.914E-06  2.729E-07  5.561E-08  4.112E-07  1.497E-08  8.173E-07
                5.503E-07  3.305E-07  2.227E-07  6.560E-07  2.470E-06  5.499E-07
                1.103E-07  1.509E-09  1.810E-09  9.316E-11  1.494E-07  1.054E-07
                3.398E-08  1.147E-08  2.477E-07  2.288E-07  3.000E-07  6.493E-07
                1.213E-06  3.822E-07  8.070E-07  6.277E-08  1.652E-07  3.060E-08
                3.334E-07  1.349E-07  4.656E-07  1.282E-08  1.194E-07  1.341E-07
                2.939E-06  1.207E-06  3.070E-10  2.999E-10  8.921E-11  8.645E-11
                7.961E-11  1.566E-07  8.146E-08  3.384E-07  4.806E-07  1.956E-07
                7.332E-07  5.041E-08  1.105E-06  1.334E-06  4.159E-08  6.331E-08
                8.255E-08  1.031E-08  4.065E-08  6.186E-08  1.185E-07  1.323E-07
                3.316E-08  1.084E-08  3.268E-07  7.942E-07  5.204E-06  1.136E-06
                4.188E-08  1.210E-07  7.125E-07  6.537E-07  4.649E-08  8.903E-08
                6.183E-08  1.015E-07  1.959E-06  6.283E-08  3.499E-07  2.836E-07
                7.091E-07  1.353E-06  5.659E-06  9.164E-08  4.222E-07  4.369E-07
                4.660E-07  4.136E-08  3.638E-08  1.430E-08  2.952E-08  7.174E-08
                1.117E-07  1.231E-07  3.520E-09  9.437E-08  2.045E-07  6.121E-07
                1.189E-06  1.248E-08  3.997E-08  1.180E-07  4.218E-08  3.352E-07
                2.382E-07  6.950E-07  4.883E-07  7.950E-07  9.530E-08  5.298E-08
                1.064E-06  5.158E-08  8.738E-08  4.863E-08  9.795E-08  1.274E-07
                3.883E-07  5.175E-07  2.575E-06  4.383E-07  7.138E-08  2.601E-08
                3.898E-08  3.913E-08  2.128E-07  1.719E-07  1.795E-07  8.029E-08
                6.464E-08  3.003E-07  7.782E-07  1.162E-06  8.458E-08  7.439E-08
                3.446E-08  5.781E-08  1.010E-07  8.709E-08  8.273E-08  2.027E-08
                8.601E-07  8.744E-08  6.258E-07  7.467E-08  2.490E-07  1.549E-06
                1.932E-06  1.324E-06  2.082E-07  2.602E-07  2.064E-07  9.281E-08
                1.343E-07  2.281E-07  1.533E-08  5.977E-09  6.183E-09  1.855E-08
                3.431E-07  3.455E-07  4.064E-07  6.960E-07  5.028E-07  1.231E-08
                9.106E-09  4.546E-08  4.494E-08  3.952E-07  1.079E-06
1.96679715E+02  8.158E-04  6.583E-04  3.214E-04  3.113E-04  4.438E-04  8.301E-07
                3.175E-03  6.513E-04  4.850E-06  9.544E-07  4.000E-05  6.812E-04
                1.253E-03  1.682E-05  1.612E-05  8.448E-08  4.280E-07  2.866E-07
                3.519E-07  2.940E-07  9.212E-08  2.012E-07  2.448E-07  4.270E-08
                1.095E-07  3.087E-07  4.853E-07  1.709E-07  1.485E-07  3.798E-07
                3.709E-07  5.997E-08  1.185E-06  4.957E-07  1.676E-07  1.272E-07
                1.861E-10  9.744E-08  3.635E-08  8.064E-07  4.870E-07  2.650E-07
                4.056E-07  1.146E-08  3.260E-08  7.031E-08  9.918E-08  1.742E-07
                2.773E-06  2.489E-07  4.192E-08  3.724E-07  1.397E-08  7.459E-07
                3.728E-07  2.196E-07  1.565E-07  4.682E-07  2.173E-06  4.598E-07
                9.140E-08  1.354E-09  1.543E-09  7.735E-11  8.882E-08  6.892E-08
                2.424E-08  8.277E-09  1.843E-07  1.717E-07  2.286E-07  5.433E-07
                8.826E-07  2.919E-07  6.035E-07  3.955E-08  1.226E-07  1.676E-08
                3.051E-07  1.233E-07  4.252E-07  8.480E-09  8.544E-08  8.971E-08
                2.173E-06  8.816E-07  2.300E-10  2.323E-10  7.468E-11  6.218E-11
                5.082E-11  1.449E-07  7.099E-08  3.012E-07  3.631E-07  1.463E-07
                5.590E-07  5.060E-08  8.026E-07  9.714E-07  3.430E-08  4.995E-08
                6.454E-08  8.772E-09  3.791E-08  5.311E-08  1.009E-07  1.130E-07
                3.670E-08  1.095E-08  3.052E-07  7.417E-07  3.583E-06  7.835E-07
                3.012E-08  9.746E-08  5.174E-07  4.557E-07  3.799E-08  6.845E-08
                4.853E-08  8.633E-08  1.549E-06  5.730E-08  2.948E-07  2.022E-07
                5.049E-07  9.448E-07  3.949E-06  7.003E-08  3.860E-07  4.026E-07
                4.165E-07  2.827E-08  2.486E-08  9.321E-09  2.035E-08  4.953E-08
                7.711E-08  8.531E-08  2.507E-09  7.257E-08  1.541E-07  4.615E-07
                9.004E-07  7.446E-09  2.697E-08  1.059E-07  3.837E-08  2.393E-07
                1.706E-07  5.235E-07  3.672E-07  5.988E-07  7.488E-08  3.911E-08
                8.163E-07  3.475E-08  5.857E-08  3.724E-08  7.266E-08  1.044E-07
                2.817E-07  3.739E-07  1.896E-06  4.143E-07  5.076E-08  1.757E-08
                2.697E-08  2.716E-08  2.098E-07  1.280E-07  1.350E-07  7.924E-08
                4.774E-08  2.270E-07  5.854E-07  8.742E-07  5.916E-08  5.693E-08
                2.720E-08  4.252E-08  8.449E-08  6.497E-08  6.985E-08  1.451E-08
                6.187E-07  6.409E-08  4.590E-07  7.691E-08  2.007E-07  1.110E-06
                1.377E-06  9.458E-07  1.516E-07  1.972E-07  1.658E-07  6.516E-08
                9.759E-08  1.678E-07  1.296E-08  4.871E-09  4.113E-09  1.249E-08
                2.701E-07  2.725E-07  3.114E-07  5.400E-07  3.849E-07  8.843E-09
                6.871E-09  3.514E-08  3.556E-08  3.087E-07  8.388E-07
