          16           7
         215          13           1           1
           0          -4           0          -4           0          -6           0          -2           0          -4           0           6           0           4           0           2           0           4           0           6           0           2           0           4           0           2           0          -4           0          -2           0           2           0           4           0           6           0           2           0           4           0           6           0           4           0          -2           0          -2           0          -4           0          -6           0          -8           0          -2           0          -4           0          -6           0          -4           0           2           0          -4           0          -6           0          -2           0          -4           0          -6           0          -6           0          -8           0          -4           0          -6           0          -2           0          -4           0           4           0           6           0           8           0          10           0           4           0          -4           0           2           0           6           0           4           0           8           0           2           0          -4           0          -2           0           6           0           6           0           4           0           2           0           8           0           4           0           6           0           8           0           4           0           6           0           8           0          10           0           4           0           6           0           8           0           6           0           4           0           2           0           6           0           2           0           4           0           2           0          -4           0          -2           0          -6           0          -8           0           6           0           4           0          -4           0          -6           0          -2           0          -4           0          -6           0          -8           0         -10           0          -2           0          -4           0          -6           0          -4           0          -2           0          -6           0          -8           0          -2           0          -4           0           2           0           4           0           6           0           8           0           4           0           4           0           6           0           8           0           2           0          10           0           8           0           6           0           4           0           2           0           6           0           6           0           4           0           4           0           2           0           4           0           6           0           8           0          -4           0           2           0           4           0          -6           0          -4           0           2           0           4           0           6           0           4           0           6           0          -2           0          -4           0          -6           0          -8           0         -10           0          -6           0          -8           0         -10           0         -12           0           2           0          -2           0          -4           0          -6           0          -8           0          -2           0          -8           0         -10           0          -4           0          -2           0          -6           0          -4           0          -2           0          -4           0          -2           0          -4           0          -6           0          -4           0          -8           0          -6           0           2           0           4           0           2           0           4           0           6           0         -10           0          -8           0          -6           0          -4           0           6           0          -2           0          -4           0           8           0          -6           0          -2           0          -4           0          -6           0          -8           0           4           0           6           0          -4           0          -6           0          -6           0          -8           0          -2           0           2           0          -4           0           4           0           6           0           4           0           4           0           2           0           2           0          -4           0          -6           0          -8           0          -2           0          -4           0          -6           0          -8           0         -10           0          -8           0          -6           0          -4           0          -2           0          -2           0          -4           0          -6           0          -6           0          -8           0          -4           0          -2           0          -6           0          -4
    0.000000E+00    9.645106E-03    9.843162E-03    1.435602E-02    1.458263E-02
    4.247197E-02    4.320385E-02    4.360158E-02    5.944295E-02    5.948713E-02
    6.922989E-02    7.316769E-02    7.411300E-02    1.134727E-01    1.147319E-01
    2.354040E-01    2.358931E-01    2.366026E-01    2.382857E-01    2.391328E-01
    2.438023E-01    2.438287E-01    2.461520E-01    2.471700E-01    2.474363E-01
    2.479076E-01    2.485433E-01    2.486026E-01    2.487216E-01    2.491410E-01
    2.502551E-01    2.507374E-01    2.510783E-01    2.511300E-01    2.524691E-01
    2.524772E-01    2.554279E-01    2.561102E-01    2.563381E-01    2.591442E-01
    2.591854E-01    2.609226E-01    2.615363E-01    2.619649E-01    2.622131E-01
    2.625883E-01    2.631076E-01    2.632646E-01    2.633261E-01    2.634365E-01
    2.637297E-01    2.638533E-01    2.640096E-01    2.643758E-01    2.644930E-01
    2.645338E-01    2.648466E-01    2.652759E-01    2.655531E-01    2.656939E-01
    2.657640E-01    2.676748E-01    2.677713E-01    2.679166E-01    2.688115E-01
    2.690337E-01    2.711118E-01    2.712141E-01    2.720014E-01    2.721113E-01
    2.724223E-01    2.724984E-01    2.725578E-01    2.726085E-01    2.727219E-01
    2.737570E-01    2.740430E-01    2.746587E-01    2.763855E-01    2.763956E-01
    2.763957E-01    2.764682E-01    2.789238E-01    2.791446E-01    2.808157E-01
    2.808428E-01    2.816082E-01    2.816156E-01    2.816277E-01    2.816445E-01
    2.816660E-01    2.832213E-01    2.832636E-01    2.833497E-01    2.872720E-01
    2.872722E-01    2.872783E-01    2.873017E-01    2.873787E-01    2.874354E-01
    2.875828E-01    2.876419E-01    2.877951E-01    2.879672E-01    2.884374E-01
    2.885530E-01    2.886000E-01    2.886971E-01    2.887362E-01    2.888178E-01
    2.901974E-01    2.902310E-01    2.934227E-01    2.936053E-01    2.936679E-01
    2.948139E-01    2.948751E-01    2.949134E-01    2.954910E-01    2.955387E-01
    2.955818E-01    2.956302E-01    2.974080E-01    2.974265E-01    2.978254E-01
    2.979930E-01    2.980044E-01    2.981863E-01    2.981951E-01    2.982014E-01
    2.986863E-01    2.989406E-01    2.997979E-01    3.013547E-01    3.014398E-01
    3.015665E-01    3.017420E-01    3.025165E-01    3.025355E-01    3.025686E-01
    3.026262E-01    3.032771E-01    3.036433E-01    3.036673E-01    3.036996E-01
    3.037196E-01    3.041292E-01    3.046134E-01    3.046301E-01    3.048276E-01
    3.048611E-01    3.049614E-01    3.051740E-01    3.052844E-01    3.060373E-01
    3.062721E-01    3.065126E-01    3.067251E-01    3.072820E-01    3.083217E-01
    3.083847E-01    3.085481E-01    3.086063E-01    3.093086E-01    3.093690E-01
    3.093750E-01    3.093804E-01    3.094500E-01    3.095030E-01    3.095365E-01
    3.096086E-01    3.096683E-01    3.098305E-01    3.098337E-01    3.100372E-01
    3.110986E-01    3.111053E-01    3.111248E-01    3.111449E-01    3.124031E-01
    3.124222E-01    3.126400E-01    3.132139E-01    3.132929E-01    3.134326E-01
    3.163175E-01    3.165548E-01    3.167011E-01    3.167161E-01    3.173537E-01
    3.174815E-01    3.194473E-01    3.198310E-01    3.206567E-01    3.235572E-01
    3.235827E-01    3.236877E-01    3.236885E-01    3.238034E-01    3.239013E-01
    3.239634E-01    3.240075E-01    3.245628E-01    3.245933E-01    3.263728E-01
    3.264517E-01    3.271738E-01    3.284075E-01    3.287843E-01    3.314323E-01
    3.314556E-01    3.324856E-01    3.325179E-01    3.327131E-01    3.333147E-01
           0           2           0           1
  -27.940514715248785               13
3.91671147E+01  1.338E-01  1.000E-01  4.943E-02  5.110E-02  7.015E-02  2.214E-04
                8.599E-02  1.767E-02  4.434E-04  2.863E-04  9.747E-04  1.428E-02
                2.555E-02  1.642E-03  1.559E-03
5.27751147E+01  5.823E-02  4.719E-02  2.310E-02  2.213E-02  3.128E-02  7.152E-05
                5.185E-02  1.066E-02  2.070E-04  1.348E-04  6.071E-04  9.350E-03
                1.723E-02  8.465E-04  8.071E-04  4.053E-06  1.718E-05  3.900E-05
                1.159E-05  2.867E-05  3.391E-06  1.018E-05  2.169E-05  4.742E-06
                6.890E-06  2.881E-05  9.413E-05  1.764E-05  1.902E-05  4.420E-05
                4.787E-05  3.120E-06  1.939E-04  4.116E-05  1.916E-05  1.400E-05
                1.404E-08  1.982E-05  5.955E-06  1.154E-04  5.391E-05  3.558E-05
                5.371E-05  7.695E-06  1.452E-05  9.382E-06  1.135E-06  1.139E-05
                1.820E-04  3.418E-06  1.114E-05  1.423E-05  2.383E-06  1.363E-05
                4.881E-05  3.405E-05  2.178E-05  9.773E-05  1.119E-04  6.836E-05
                2.331E-05  8.529E-08  5.275E-08  1.382E-08  5.010E-05  3.147E-05
                6.911E-07  3.868E-07  1.755E-05  1.101E-05  1.309E-05  1.612E-05
                1.709E-05  4.829E-06  4.870E-05  9.708E-06  1.279E-05  1.031E-05
                1.224E-05  4.433E-06  1.820E-05  6.659E-07  1.497E-05  2.459E-05
                1.022E-04  4.070E-05  1.640E-07  5.494E-07  5.393E-07  1.150E-07
                5.984E-09  8.118E-06  7.844E-06  2.541E-05  4.830E-06  2.779E-06
                6.410E-06  2.473E-06  3.736E-05  3.841E-05  1.888E-06  2.898E-06
                2.470E-06  9.148E-07  4.097E-06  4.009E-06  4.957E-06  4.875E-06
                7.983E-06  2.956E-07  1.408E-05  3.127E-05  1.293E-04  3.071E-05
                1.602E-06  5.219E-06  8.284E-06  2.735E-05  1.126E-05  1.174E-05
                4.308E-06  1.547E-05  1.513E-04  5.867E-06  2.031E-05  5.570E-06
                2.599E-05  5.682E-05  1.573E-04  1.560E-05  3.775E-05  1.727E-05
                2.864E-05  6.333E-06  6.407E-06  4.433E-06  2.305E-06  4.267E-06
                6.524E-06  4.597E-06  6.943E-08  3.547E-06  3.255E-06  1.403E-05
                2.974E-05  3.680E-06  2.740E-06  1.925E-05  9.301E-06  1.504E-05
                1.448E-05  2.658E-05  1.504E-05  1.971E-05  6.770E-06  6.505E-06
                2.209E-05
6.63831147E+01  3.007E-02  2.418E-02  1.177E-02  1.131E-02  1.603E-02  4.546E-05
                3.427E-02  7.028E-03  1.128E-04  6.682E-05  3.991E-04  6.422E-03
                1.169E-02  4.659E-04  4.436E-04  1.928E-06  8.246E-06  1.809E-05
                7.154E-06  1.522E-05  3.503E-06  7.666E-06  7.523E-06  9.862E-07
                1.547E-06  4.683E-06  6.131E-06  8.742E-06  9.460E-06  2.336E-05
                1.955E-05  2.326E-06  7.490E-05  1.877E-05  8.534E-06  6.970E-06
                1.084E-08  7.950E-06  2.866E-06  4.790E-05  2.498E-05  1.554E-05
                2.380E-05  8.822E-07  1.593E-06  2.599E-06  4.253E-07  2.073E-06
                9.404E-05  1.400E-06  2.839E-06  2.733E-06  6.393E-07  4.013E-06
                2.192E-05  1.338E-05  1.103E-05  3.450E-05  2.956E-05  1.177E-05
                3.656E-06  1.399E-08  3.396E-08  1.477E-09  1.121E-05  6.265E-06
                3.594E-07  3.393E-08  7.083E-06  6.908E-06  9.221E-06  7.928E-06
                1.217E-05  3.775E-06  2.478E-05  3.988E-06  5.757E-06  2.634E-06
                8.066E-06  3.251E-06  1.141E-05  1.888E-07  4.440E-06  6.895E-06
                5.980E-05  2.419E-05  5.063E-09  6.494E-09  3.435E-09  1.756E-09
                1.347E-09  3.502E-06  1.667E-06  8.060E-06  3.346E-06  1.507E-06
                5.137E-06  8.935E-07  2.151E-05  2.601E-05  5.612E-07  8.033E-07
                1.028E-06  1.639E-07  7.947E-07  9.718E-07  1.869E-06  1.895E-06
                1.003E-06  1.539E-07  6.581E-06  1.582E-05  6.651E-05  1.469E-05
                6.471E-07  1.445E-06  8.633E-06  8.783E-06  6.744E-07  9.802E-07
                7.239E-07  1.701E-06  4.402E-05  7.188E-07  4.612E-06  5.190E-06
                1.306E-05  1.521E-05  6.367E-05  1.478E-06  7.400E-06  7.824E-06
                1.056E-05  1.704E-06  1.808E-06  1.303E-06  9.199E-07  3.021E-06
                4.653E-06  4.961E-06  1.195E-08  1.549E-06  2.943E-06  7.939E-06
                1.402E-05  1.129E-06  7.912E-07  8.656E-06  3.059E-06  6.105E-06
                4.192E-06  9.516E-06  6.635E-06  1.034E-05  1.476E-06  1.535E-06
                1.243E-05  1.873E-06  3.002E-06  1.719E-06  3.750E-06  1.829E-06
                4.502E-06  6.279E-06  3.343E-05  1.057E-05  2.374E-06  1.496E-06
                1.450E-06  1.464E-06  3.437E-06  2.586E-06  2.822E-06  1.275E-06
                1.545E-06  3.593E-06  9.887E-06  1.597E-05  2.863E-06  7.076E-07
                5.056E-07  2.349E-06  4.438E-06  3.927E-06  3.967E-06  6.629E-07
                7.983E-06  2.443E-06  6.381E-06  1.462E-06  2.825E-06  1.370E-05
                1.652E-05  1.095E-05  7.149E-06  1.029E-05  1.574E-05  3.599E-06
                4.886E-06  8.585E-06  6.748E-07  2.167E-07  5.426E-07  7.270E-07
                2.456E-06  2.393E-06  3.547E-06  7.798E-06  7.234E-06  2.698E-07
                3.977E-07  6.067E-07  5.073E-07  3.634E-06  9.553E-06
7.99911147E+01  1.712E-02  1.372E-02  6.681E-03  6.411E-03  9.116E-03  2.489E-05
                2.391E-02  4.903E-03  6.713E-05  3.609E-05  2.816E-04  4.603E-03
                8.397E-03  2.787E-04  2.657E-04  1.251E-06  4.668E-06  1.007E-05
                4.557E-06  8.961E-06  2.414E-06  5.286E-06  3.745E-06  4.456E-07
                8.396E-07  2.703E-06  3.895E-06  4.987E-06  5.633E-06  1.361E-05
                1.020E-05  1.596E-06  3.389E-05  1.034E-05  4.593E-06  3.980E-06
                6.617E-09  4.012E-06  1.425E-06  2.390E-05  1.266E-05  7.800E-06
                1.190E-05  3.875E-07  7.113E-07  1.211E-06  2.534E-07  1.159E-06
                5.486E-05  9.265E-07  1.478E-06  1.687E-06  3.145E-07  2.714E-06
                1.128E-05  6.739E-06  5.644E-06  1.709E-05  1.584E-05  5.194E-06
                1.880E-06  9.341E-09  2.151E-08  1.141E-09  4.272E-06  2.474E-06
                3.015E-07  5.670E-08  4.078E-06  4.008E-06  5.291E-06  5.384E-06
                9.174E-06  2.898E-06  1.422E-05  1.625E-06  2.778E-06  1.017E-06
                5.553E-06  2.221E-06  7.708E-06  7.406E-08  2.278E-06  3.091E-06
                3.697E-05  1.500E-05  2.409E-09  2.957E-09  1.561E-09  9.953E-10
                1.190E-09  2.513E-06  1.293E-06  5.372E-06  2.438E-06  1.098E-06
                3.694E-06  4.736E-07  1.343E-05  1.622E-05  3.464E-07  5.436E-07
                7.089E-07  1.027E-07  3.142E-07  5.871E-07  1.168E-06  1.165E-06
                1.915E-07  1.194E-07  4.296E-06  1.041E-05  4.147E-05  9.087E-06
                4.455E-07  1.007E-06  5.535E-06  5.436E-06  4.825E-07  6.838E-07
                5.246E-07  1.203E-06  2.766E-05  4.762E-07  2.881E-06  3.400E-06
                8.531E-06  9.764E-06  4.080E-05  8.900E-07  5.018E-06  5.268E-06
                7.092E-06  8.150E-07  8.183E-07  5.365E-07  4.802E-07  1.378E-06
                2.141E-06  2.318E-06  1.323E-08  9.945E-07  1.786E-06  4.923E-06
                8.924E-06  5.819E-07  4.165E-07  3.305E-06  1.176E-06  3.944E-06
                2.789E-06  5.651E-06  3.957E-06  6.318E-06  8.720E-07  7.653E-07
                8.337E-06  9.236E-07  1.470E-06  9.728E-07  2.174E-06  8.783E-07
                2.974E-06  3.833E-06  1.958E-05  6.745E-06  1.120E-06  7.167E-07
                7.162E-07  6.993E-07  2.146E-06  1.445E-06  1.583E-06  7.821E-07
                7.661E-07  2.233E-06  6.048E-06  9.561E-06  1.419E-06  4.309E-07
                2.612E-07  1.227E-06  1.881E-06  1.972E-06  1.597E-06  3.669E-07
                5.585E-06  1.345E-06  4.283E-06  8.366E-07  1.701E-06  9.804E-06
                1.192E-05  7.991E-06  3.563E-06  4.705E-06  6.329E-06  1.769E-06
                2.268E-06  4.051E-06  1.601E-07  4.729E-08  2.276E-07  4.298E-07
                1.948E-06  1.951E-06  2.583E-06  4.975E-06  4.247E-06  1.408E-07
                1.864E-07  3.720E-07  2.886E-07  2.491E-06  6.680E-06
9.35991147E+01  1.054E-02  8.455E-03  4.116E-03  3.952E-03  5.609E-03  1.536E-05
                1.733E-02  3.554E-03  4.366E-05  2.176E-05  2.051E-04  3.384E-03
                6.184E-03  1.768E-04  1.686E-04  8.020E-07  2.752E-06  5.680E-06
                2.920E-06  5.245E-06  1.597E-06  3.495E-06  2.279E-06  2.705E-07
                5.680E-07  1.826E-06  2.826E-06  3.077E-06  3.493E-06  8.401E-06
                5.907E-06  1.055E-06  1.819E-05  6.318E-06  2.759E-06  2.459E-06
                4.152E-09  2.231E-06  7.845E-07  1.350E-05  7.271E-06  4.433E-06
                6.736E-06  1.959E-07  3.663E-07  6.467E-07  1.857E-07  7.976E-07
                3.425E-05  7.766E-07  8.406E-07  1.328E-06  1.757E-07  2.301E-06
                6.467E-06  3.834E-06  3.238E-06  9.649E-06  1.086E-05  3.102E-06
                1.095E-06  6.763E-09  1.430E-08  8.166E-10  2.100E-06  1.252E-06
                2.386E-07  5.609E-08  2.529E-06  2.480E-06  3.266E-06  3.903E-06
                6.768E-06  2.189E-06  8.783E-06  8.455E-07  1.640E-06  5.012E-07
                3.900E-06  1.557E-06  5.387E-06  4.366E-08  1.344E-06  1.692E-06
                2.437E-05  9.858E-06  1.664E-09  1.986E-09  9.919E-10  6.780E-10
                6.886E-10  1.819E-06  9.310E-07  3.771E-06  1.904E-06  8.431E-07
                2.880E-06  2.935E-07  8.894E-06  1.074E-05  2.547E-07  4.124E-07
                5.385E-07  7.584E-08  2.046E-07  4.190E-07  8.441E-07  8.462E-07
                6.962E-08  9.077E-08  3.000E-06  7.292E-06  2.784E-05  6.088E-06
                3.043E-07  7.313E-07  3.842E-06  3.624E-06  3.684E-07  5.190E-07
                4.089E-07  8.970E-07  1.850E-05  3.589E-07  2.052E-06  2.239E-06
                5.609E-06  6.687E-06  2.790E-05  6.444E-07  3.601E-06  3.788E-06
                4.938E-06  4.396E-07  4.350E-07  2.703E-07  2.687E-07  7.211E-07
                1.120E-06  1.216E-06  1.397E-08  6.584E-07  1.194E-06  3.370E-06
                6.234E-06  2.964E-07  2.599E-07  1.376E-06  4.828E-07  2.598E-06
                1.854E-06  3.866E-06  2.705E-06  4.357E-06  5.697E-07  4.447E-07
                5.928E-06  5.239E-07  8.329E-07  5.768E-07  1.280E-06  5.495E-07
                2.109E-06  2.553E-06  1.274E-05  4.678E-06  6.288E-07  3.860E-07
                4.098E-07  3.971E-07  1.502E-06  9.707E-07  1.056E-06  5.440E-07
                4.602E-07  1.575E-06  4.205E-06  6.540E-06  8.286E-07  3.279E-07
                1.791E-07  7.040E-07  9.874E-07  1.115E-06  8.111E-07  2.171E-07
                3.982E-06  8.431E-07  3.014E-06  5.647E-07  1.157E-06  7.186E-06
                8.702E-06  5.882E-06  2.033E-06  2.515E-06  3.021E-06  1.029E-06
                1.296E-06  2.260E-06  5.444E-08  1.600E-08  1.045E-07  2.405E-07
                1.517E-06  1.515E-06  1.990E-06  3.553E-06  2.874E-06  8.744E-08
                9.700E-08  2.626E-07  2.149E-07  1.854E-06  4.986E-06
1.07207115E+02  6.797E-03  5.447E-03  2.651E-03  2.543E-03  3.622E-03  9.916E-06
                1.292E-02  2.649E-03  2.962E-05  1.345E-05  1.547E-04  2.571E-03
                4.705E-03  1.171E-04  1.117E-04  5.381E-07  1.777E-06  3.434E-06
                1.952E-06  3.261E-06  1.058E-06  2.318E-06  1.558E-06  1.914E-07
                4.625E-07  1.463E-06  2.410E-06  1.987E-06  2.220E-06  5.372E-06
                3.649E-06  6.976E-07  1.060E-05  4.214E-06  1.750E-06  1.581E-06
                2.700E-09  1.321E-06  4.638E-07  7.974E-06  4.411E-06  2.658E-06
                4.037E-06  1.101E-07  2.090E-07  3.786E-07  1.476E-07  5.810E-07
                2.236E-05  6.391E-07  5.080E-07  1.053E-06  9.508E-08  1.909E-06
                3.906E-06  2.285E-06  1.996E-06  5.919E-06  7.928E-06  2.064E-06
                6.889E-07  5.214E-09  1.054E-08  5.785E-10  1.154E-06  7.079E-07
                1.823E-07  4.773E-08  1.689E-06  1.643E-06  2.148E-06  3.073E-06
                5.019E-06  1.652E-06  5.809E-06  4.876E-07  1.049E-06  2.744E-07
                2.733E-06  1.090E-06  3.767E-06  3.340E-08  8.613E-07  1.020E-06
                1.642E-05  6.636E-06  1.207E-09  1.402E-09  6.563E-10  4.743E-10
                4.588E-10  1.288E-06  6.641E-07  2.619E-06  1.503E-06  6.529E-07
                2.277E-06  2.069E-07  5.994E-06  7.251E-06  1.929E-07  3.125E-07
                4.061E-07  5.741E-08  1.506E-07  3.157E-07  6.338E-07  6.402E-07
                4.234E-08  6.605E-08  2.244E-06  5.466E-06  1.934E-05  4.226E-06
                2.142E-07  5.488E-07  2.758E-06  2.516E-06  2.773E-07  3.922E-07
                3.129E-07  6.711E-07  1.243E-05  2.816E-07  1.551E-06  1.528E-06
                3.817E-06  4.736E-06  1.975E-05  4.823E-07  2.695E-06  2.839E-06
                3.400E-06  2.785E-07  2.683E-07  1.555E-07  1.779E-07  4.512E-07
                7.003E-07  7.639E-07  1.259E-08  4.588E-07  8.417E-07  2.418E-06
                4.535E-06  1.606E-07  1.717E-07  7.853E-07  2.733E-07  1.772E-06
                1.273E-06  2.780E-06  1.945E-06  3.146E-06  3.910E-07  2.778E-07
                4.288E-06  3.220E-07  5.123E-07  3.750E-07  8.245E-07  3.910E-07
                1.537E-06  1.801E-06  8.906E-06  3.394E-06  4.221E-07  2.354E-07
                2.616E-07  2.590E-07  1.130E-06  6.896E-07  7.442E-07  4.103E-07
                3.051E-07  1.148E-06  3.043E-06  4.694E-06  5.575E-07  2.611E-07
                1.361E-07  4.456E-07  6.460E-07  7.022E-07  5.242E-07  1.374E-07
                2.916E-06  5.553E-07  2.199E-06  4.157E-07  8.519E-07  5.336E-06
                6.454E-06  4.390E-06  1.287E-06  1.564E-06  1.755E-06  6.474E-07
                8.196E-07  1.419E-06  2.970E-08  9.175E-09  5.666E-08  1.448E-07
                1.165E-06  1.164E-06  1.494E-06  2.621E-06  2.065E-06  5.929E-08
                5.944E-08  1.881E-07  1.608E-07  1.404E-06  3.772E-06
1.20815115E+02  4.651E-03  3.740E-03  1.820E-03  1.751E-03  2.486E-03  6.569E-06
                1.002E-02  2.055E-03  2.110E-05  8.761E-06  1.201E-04  2.006E-03
                3.674E-03  8.330E-05  7.954E-05  3.611E-07  1.220E-06  2.106E-06
                1.332E-06  2.017E-06  6.890E-07  1.506E-06  1.049E-06  1.340E-07
                3.916E-07  1.240E-06  2.096E-06  1.271E-06  1.405E-06  3.429E-06
                2.379E-06  4.539E-07  6.807E-06  2.940E-06  1.151E-06  1.031E-06
                1.705E-09  8.098E-07  2.856E-07  5.197E-06  2.938E-06  1.751E-06
                2.659E-06  6.931E-08  1.393E-07  2.606E-07  1.565E-07  4.579E-07
                1.553E-05  5.522E-07  3.119E-07  8.804E-07  5.611E-08  1.655E-06
                2.558E-06  1.499E-06  1.259E-06  3.695E-06  6.169E-06  1.525E-06
                4.597E-07  3.911E-09  6.991E-09  3.995E-10  7.151E-07  4.492E-07
                1.367E-07  3.918E-08  1.128E-06  1.082E-06  1.411E-06  2.181E-06
                3.795E-06  1.245E-06  3.818E-06  3.057E-07  6.914E-07  1.678E-07
                1.831E-06  7.336E-07  2.529E-06  2.620E-08  5.629E-07  6.521E-07
                1.172E-05  4.735E-06  9.110E-10  1.021E-09  4.397E-10  3.371E-10
                3.124E-10  8.711E-07  4.402E-07  1.791E-06  1.205E-06  5.144E-07
                1.831E-06  1.510E-07  4.310E-06  5.224E-06  1.429E-07  2.314E-07
                3.018E-07  4.097E-08  1.135E-07  2.264E-07  4.503E-07  4.626E-07
                3.749E-08  4.434E-08  1.477E-06  3.601E-06  1.483E-05  3.241E-06
                1.514E-07  4.089E-07  2.107E-06  1.910E-06  1.984E-07  2.977E-07
                2.335E-07  4.661E-07  8.789E-06  2.070E-07  1.133E-06  1.077E-06
                2.701E-06  3.683E-06  1.536E-05  3.613E-07  1.823E-06  1.911E-06
                2.362E-06  1.793E-07  1.698E-07  9.221E-08  1.177E-07  2.885E-07
                4.483E-07  4.912E-07  1.199E-08  3.300E-07  6.256E-07  1.821E-06
                3.450E-06  9.523E-08  1.236E-07  4.484E-07  1.565E-07  1.260E-06
                8.975E-07  2.092E-06  1.463E-06  2.375E-06  2.854E-07  1.899E-07
                3.268E-06  2.117E-07  3.409E-07  2.397E-07  5.174E-07  3.038E-07
                1.166E-06  1.382E-06  6.789E-06  2.223E-06  2.791E-07  1.466E-07
                1.726E-07  1.700E-07  7.691E-07  5.174E-07  5.557E-07  2.804E-07
                2.174E-07  8.749E-07  2.304E-06  3.519E-06  3.629E-07  2.116E-07
                1.052E-07  2.854E-07  4.121E-07  4.411E-07  3.332E-07  9.024E-08
                2.289E-06  3.718E-07  1.703E-06  2.787E-07  6.488E-07  4.201E-06
                5.106E-06  3.486E-06  8.547E-07  1.017E-06  1.008E-06  4.248E-07
                5.510E-07  9.354E-07  2.442E-08  8.813E-09  3.352E-08  9.235E-08
                9.185E-07  9.198E-07  1.170E-06  2.016E-06  1.551E-06  4.123E-08
                3.639E-08  1.386E-07  1.245E-07  1.096E-06  2.956E-06
1.34423115E+02  3.222E-03  2.585E-03  1.258E-03  1.209E-03  1.725E-03  4.595E-06
                7.774E-03  1.594E-03  1.539E-05  5.822E-06  9.440E-05  1.585E-03
                2.905E-03  5.823E-05  5.553E-05  2.587E-07  8.867E-07  1.316E-06
                9.688E-07  1.308E-06  4.737E-07  1.037E-06  8.214E-07  1.138E-07
                3.027E-07  9.214E-07  1.559E-06  8.774E-07  9.270E-07  2.288E-06
                1.610E-06  3.118E-07  4.700E-06  2.050E-06  7.958E-07  7.016E-07
                1.141E-09  5.221E-07  1.847E-07  3.458E-06  1.992E-06  1.174E-06
                1.783E-06  4.541E-08  9.465E-08  1.802E-07  1.360E-07  3.656E-07
                1.097E-05  4.596E-07  2.051E-07  7.210E-07  3.286E-08  1.382E-06
                1.706E-06  9.944E-07  8.333E-07  2.472E-06  4.821E-06  1.138E-06
                3.186E-07  3.195E-09  5.500E-09  2.880E-10  4.530E-07  2.956E-07
                9.965E-08  2.941E-08  7.997E-07  7.636E-07  9.978E-07  1.764E-06
                2.848E-06  9.476E-07  2.699E-06  2.008E-07  4.925E-07  1.045E-07
                1.356E-06  5.437E-07  1.873E-06  2.144E-08  3.923E-07  4.383E-07
                8.424E-06  3.397E-06  6.967E-10  7.697E-10  3.172E-10  2.440E-10
                2.223E-10  6.488E-07  3.248E-07  1.320E-06  9.658E-07  4.061E-07
                1.474E-06  1.211E-07  3.088E-06  3.742E-06  1.111E-07  1.784E-07
                2.324E-07  3.187E-08  9.051E-08  1.757E-07  3.521E-07  3.662E-07
                3.447E-08  3.663E-08  1.180E-06  2.874E-06  1.076E-05  2.354E-06
                1.128E-07  3.122E-07  1.567E-06  1.388E-06  1.500E-07  2.270E-07
                1.793E-07  3.527E-07  6.294E-06  1.673E-07  8.992E-07  7.710E-07
                1.929E-06  2.711E-06  1.130E-05  2.686E-07  1.448E-06  1.523E-06
                1.733E-06  1.274E-07  1.177E-07  5.930E-08  8.620E-08  2.076E-07
                3.224E-07  3.542E-07  8.825E-09  2.398E-07  4.741E-07  1.394E-06
                2.665E-06  5.578E-08  8.800E-08  3.385E-07  1.183E-07  9.016E-07
                6.442E-07  1.609E-06  1.125E-06  1.828E-06  2.132E-07  1.319E-07
                2.491E-06  1.431E-07  2.313E-07  1.684E-07  3.585E-07  2.380E-07
                8.750E-07  1.030E-06  5.085E-06  1.751E-06  2.089E-07  9.865E-08
                1.211E-07  1.222E-07  6.501E-07  3.955E-07  4.214E-07  2.387E-07
                1.597E-07  6.763E-07  1.773E-06  2.699E-06  2.668E-07  1.654E-07
                8.142E-08  1.981E-07  3.135E-07  3.056E-07  2.545E-07  6.199E-08
                1.715E-06  2.622E-07  1.284E-06  2.357E-07  5.147E-07  3.162E-06
                3.839E-06  2.629E-06  6.096E-07  7.402E-07  7.246E-07  2.936E-07
                3.891E-07  6.691E-07  2.219E-08  8.091E-09  2.045E-08  5.979E-08
                7.281E-07  7.300E-07  9.027E-07  1.561E-06  1.187E-06  3.051E-08
                2.626E-08  1.055E-07  9.730E-08  8.629E-07  2.321E-06
1.48031115E+02  2.395E-03  1.931E-03  9.401E-04  9.067E-04  1.286E-03  3.392E-06
                6.291E-03  1.290E-03  1.178E-05  4.154E-06  7.589E-05  1.276E-03
                2.339E-03  4.419E-05  4.219E-05  1.884E-07  7.204E-07  9.194E-07
                7.220E-07  8.880E-07  3.148E-07  6.866E-07  5.652E-07  8.144E-08
                2.792E-07  8.691E-07  1.483E-06  5.701E-07  5.994E-07  1.494E-06
                1.151E-06  2.069E-07  3.385E-06  1.571E-06  5.502E-07  4.713E-07
                7.226E-10  3.374E-07  1.214E-07  2.548E-06  1.499E-06  8.605E-07
                1.309E-06  3.348E-08  7.482E-08  1.460E-07  1.400E-07  3.046E-07
                8.168E-06  3.990E-07  1.361E-07  6.155E-07  2.419E-08  1.199E-06
                1.232E-06  7.286E-07  5.643E-07  1.656E-06  3.953E-06  9.199E-07
                2.324E-07  2.478E-09  3.680E-09  2.016E-10  3.281E-07  2.177E-07
                7.495E-08  2.349E-08  5.661E-07  5.320E-07  6.941E-07  1.239E-06
                2.238E-06  7.306E-07  1.876E-06  1.420E-07  3.509E-07  7.362E-08
                8.772E-07  3.542E-07  1.218E-06  1.786E-08  2.749E-07  3.088E-07
                6.293E-06  2.549E-06  5.513E-10  5.841E-10  2.166E-10  1.806E-10
                1.628E-10  4.202E-07  2.081E-07  8.813E-07  7.948E-07  3.303E-07
                1.214E-06  9.409E-08  2.334E-06  2.828E-06  8.231E-08  1.313E-07
                1.719E-07  2.209E-08  6.994E-08  1.259E-07  2.474E-07  2.634E-07
                3.536E-08  2.329E-08  7.386E-07  1.800E-06  8.987E-06  1.964E-06
                8.245E-08  2.367E-07  1.270E-06  1.143E-06  1.044E-07  1.740E-07
                1.310E-07  2.369E-07  4.546E-06  1.200E-07  6.562E-07  5.771E-07
                1.448E-06  2.284E-06  9.536E-06  1.974E-07  9.343E-07  9.745E-07
                1.182E-06  8.856E-08  8.075E-08  3.793E-08  6.092E-08  1.460E-07
                2.272E-07  2.503E-07  7.659E-09  1.830E-07  3.716E-07  1.101E-06
                2.116E-06  3.592E-08  6.998E-08  2.300E-07  8.146E-08  6.801E-07
                4.816E-07  1.267E-06  8.867E-07  1.443E-06  1.662E-07  9.932E-08
                1.966E-06  1.041E-07  1.711E-07  1.139E-07  2.372E-07  2.000E-07
                6.987E-07  8.589E-07  4.227E-06  1.086E-06  1.463E-07  6.519E-08
                8.518E-08  8.488E-08  4.249E-07  3.126E-07  3.310E-07  1.572E-07
                1.226E-07  5.373E-07  1.403E-06  2.118E-06  1.829E-07  1.351E-07
                6.433E-08  1.347E-07  2.156E-07  2.039E-07  1.757E-07  4.366E-08
                1.436E-06  1.859E-07  1.057E-06  1.526E-07  4.115E-07  2.626E-06
                3.224E-06  2.208E-06  4.365E-07  5.269E-07  4.602E-07  2.066E-07
                2.823E-07  4.775E-07  2.272E-08  8.748E-09  1.444E-08  4.219E-08
                5.871E-07  5.900E-07  7.235E-07  1.237E-06  9.240E-07  2.332E-08
                1.835E-08  8.171E-08  7.782E-08  6.900E-07  1.866E-06
1.61639115E+02  1.705E-03  1.372E-03  6.679E-04  6.443E-04  9.199E-04  2.157E-06
                5.114E-03  1.049E-03  8.866E-06  2.607E-06  6.300E-05  1.065E-03
                1.955E-03  3.297E-05  3.152E-05  1.453E-07  5.942E-07  6.255E-07
                5.684E-07  6.256E-07  2.196E-07  4.805E-07  4.629E-07  7.100E-08
                2.109E-07  6.323E-07  1.063E-06  4.108E-07  4.053E-07  1.020E-06
                8.143E-07  1.439E-07  2.441E-06  1.118E-06  3.898E-07  3.255E-07
                5.024E-10  2.325E-07  8.439E-08  1.756E-06  1.047E-06  5.920E-07
                9.041E-07  2.346E-08  5.449E-08  1.089E-07  1.197E-07  2.507E-07
                5.884E-06  3.387E-07  9.564E-08  5.173E-07  1.769E-08  1.018E-06
                8.486E-07  4.960E-07  3.851E-07  1.156E-06  3.220E-06  7.198E-07
                1.702E-07  2.108E-09  3.104E-09  1.566E-10  2.150E-07  1.504E-07
                5.386E-08  1.712E-08  4.100E-07  3.855E-07  5.034E-07  1.041E-06
                1.689E-06  5.548E-07  1.359E-06  9.558E-08  2.559E-07  4.653E-08
                6.761E-07  2.722E-07  9.378E-07  1.514E-08  1.958E-07  2.127E-07
                4.559E-06  1.844E-06  4.262E-10  4.474E-10  1.611E-10  1.322E-10
                1.192E-10  3.226E-07  1.609E-07  6.636E-07  6.339E-07  2.609E-07
                9.700E-07  7.551E-08  1.680E-06  2.039E-06  6.491E-08  1.013E-07
                1.314E-07  1.779E-08  5.792E-08  1.008E-07  1.990E-07  2.139E-07
                3.527E-08  2.049E-08  6.365E-07  1.550E-06  6.607E-06  1.445E-06
                6.238E-08  1.798E-07  9.507E-07  8.439E-07  8.089E-08  1.327E-07
                1.010E-07  1.863E-07  3.298E-06  1.009E-07  5.406E-07  4.220E-07
                1.056E-06  1.700E-06  7.099E-06  1.487E-07  7.911E-07  8.292E-07
                8.874E-07  6.653E-08  5.941E-08  2.598E-08  4.680E-08  1.124E-07
                1.747E-07  1.926E-07  5.241E-09  1.352E-07  2.868E-07  8.540E-07
                1.651E-06  2.187E-08  5.120E-08  1.958E-07  6.938E-08  4.976E-07
                3.544E-07  9.808E-07  6.872E-07  1.118E-06  1.296E-07  7.266E-08
                1.510E-06  7.335E-08  1.208E-07  8.271E-08  1.709E-07  1.613E-07
                5.281E-07  6.552E-07  3.260E-06  9.024E-07  1.148E-07  4.596E-08
                6.213E-08  6.368E-08  3.854E-07  2.405E-07  2.537E-07  1.435E-07
                9.242E-08  4.182E-07  1.089E-06  1.641E-06  1.399E-07  1.031E-07
                4.986E-08  9.769E-08  1.709E-07  1.495E-07  1.399E-07  3.147E-08
                1.096E-06  1.367E-07  8.141E-07  1.390E-07  3.386E-07  2.004E-06
                2.459E-06  1.689E-06  3.252E-07  4.079E-07  3.708E-07  1.478E-07
                2.069E-07  3.583E-07  1.703E-08  6.384E-09  9.540E-09  2.878E-08
                4.698E-07  4.728E-07  5.645E-07  9.767E-07  7.229E-07  1.711E-08
                1.380E-08  6.408E-08  6.204E-08  5.492E-07  1.486E-06
1.75247115E+02  1.367E-03  1.099E-03  5.350E-04  5.159E-04  7.324E-04  2.065E-06
                4.068E-03  8.342E-04  7.165E-06  2.275E-06  4.950E-05  8.365E-04
                1.536E-03  2.402E-05  2.288E-05  1.151E-07  5.233E-07  4.798E-07
                4.616E-07  4.578E-07  1.557E-07  3.389E-07  3.338E-07  5.500E-08
                1.702E-07  5.107E-07  8.400E-07  2.720E-07  2.663E-07  6.761E-07
                6.195E-07  1.021E-07  2.016E-06  8.395E-07  2.899E-07  2.303E-07
                3.176E-10  1.558E-07  5.703E-08  1.463E-06  8.678E-07  4.860E-07
                7.398E-07  1.951E-08  4.837E-08  9.710E-08  1.173E-07  2.217E-07
                4.759E-06  2.998E-07  6.845E-08  4.547E-07  1.672E-08  9.004E-07
                6.773E-07  4.079E-07  2.821E-07  8.230E-07  2.746E-06  6.162E-07
                1.362E-07  1.675E-09  1.980E-09  1.084E-10  1.712E-07  1.208E-07
                4.164E-08  1.376E-08  3.092E-07  2.867E-07  3.807E-07  7.060E-07
                1.340E-06  4.415E-07  1.014E-06  7.389E-08  1.993E-07  3.602E-08
                4.377E-07  1.792E-07  6.125E-07  1.038E-08  1.478E-07  1.625E-07
                3.691E-06  1.503E-06  3.423E-10  3.515E-10  1.180E-10  1.010E-10
                8.312E-11  2.116E-07  1.007E-07  4.618E-07  5.181E-07  2.114E-07
                7.984E-07  7.195E-08  1.376E-06  1.660E-06  5.010E-08  7.683E-08
                1.013E-07  1.239E-08  4.797E-08  7.493E-08  1.447E-07  1.603E-07
                3.650E-08  1.315E-08  3.729E-07  9.073E-07  5.648E-06  1.235E-06
                4.646E-08  1.462E-07  7.984E-07  7.132E-07  5.650E-08  1.051E-07
                7.449E-08  1.238E-07  2.559E-06  7.133E-08  3.926E-07  3.341E-07
                8.382E-07  1.463E-06  6.118E-06  1.051E-07  4.837E-07  5.011E-07
                6.337E-07  4.378E-08  3.921E-08  1.608E-08  3.085E-08  7.397E-08
                1.152E-07  1.275E-07  4.511E-09  1.108E-07  2.302E-07  6.887E-07
                1.336E-06  1.488E-08  4.085E-08  1.387E-07  5.036E-08  3.946E-07
                2.772E-07  7.923E-07  5.547E-07  9.038E-07  1.030E-07  5.763E-08
                1.231E-06  5.593E-08  9.373E-08  6.007E-08  1.181E-07  1.442E-07
                4.324E-07  5.587E-07  2.787E-06  5.574E-07  7.490E-08  2.972E-08
                4.379E-08  4.252E-08  2.421E-07  1.962E-07  2.063E-07  9.080E-08
                7.359E-08  3.398E-07  8.815E-07  1.321E-06  9.220E-08  8.666E-08
                3.989E-08  6.879E-08  1.249E-07  1.013E-07  1.030E-07  2.265E-08
                9.148E-07  9.873E-08  6.726E-07  8.884E-08  2.678E-07  1.648E-06
                2.043E-06  1.400E-06  2.413E-07  2.952E-07  2.294E-07  1.097E-07
                1.584E-07  2.651E-07  2.450E-08  9.497E-09  8.030E-09  2.218E-08
                3.795E-07  3.826E-07  4.515E-07  7.737E-07  5.620E-07  1.563E-08
                1.171E-08  5.030E-08  4.984E-08  4.396E-07  1.189E-06
1.88855115E+02  1.019E-03  8.268E-04  4.027E-04  3.920E-04  5.538E-04  1.116E-06
                3.674E-03  7.535E-04  5.719E-06  1.271E-06  4.527E-05  7.673E-04
                1.409E-03  2.133E-05  2.048E-05  9.177E-08  4.598E-07  3.802E-07
                3.724E-07  3.611E-07  1.036E-07  2.257E-07  2.486E-07  4.087E-08
                1.815E-07  5.649E-07  9.633E-07  1.923E-07  1.852E-07  4.720E-07
                4.695E-07  6.738E-08  1.308E-06  7.460E-07  1.923E-07  1.505E-07
                2.215E-10  1.107E-07  4.287E-08  1.009E-06  6.380E-07  3.246E-07
                4.989E-07  1.350E-08  3.483E-08  7.295E-08  9.708E-08  1.803E-07
                3.326E-06  2.571E-07  4.902E-08  3.859E-07  1.402E-08  7.695E-07
                4.603E-07  2.731E-07  1.878E-07  5.634E-07  2.301E-06  5.010E-07
                9.770E-08  1.444E-09  1.808E-09  8.848E-11  1.227E-07  8.946E-08
                2.906E-08  9.870E-09  2.138E-07  1.980E-07  2.581E-07  6.343E-07
                1.080E-06  3.389E-07  6.956E-07  5.216E-08  1.427E-07  2.442E-08
                3.157E-07  1.265E-07  4.392E-07  1.285E-08  1.015E-07  1.123E-07
                2.488E-06  1.020E-06  2.739E-10  2.663E-10  7.817E-11  7.462E-11
                7.069E-11  1.470E-07  7.837E-08  3.062E-07  4.367E-07  1.772E-07
                6.653E-07  4.273E-08  9.316E-07  1.127E-06  3.752E-08  5.624E-08
                7.252E-08  9.652E-09  3.812E-08  5.693E-08  1.091E-07  1.215E-07
                3.293E-08  1.099E-08  3.379E-07  8.211E-07  4.503E-06  9.830E-07
                3.789E-08  1.071E-07  6.219E-07  5.682E-07  4.265E-08  7.865E-08
                5.551E-08  9.545E-08  1.676E-06  6.163E-08  3.328E-07  2.452E-07
                6.115E-07  1.176E-06  4.920E-06  8.401E-08  4.286E-07  4.461E-07
                4.197E-07  3.794E-08  3.311E-08  1.274E-08  2.729E-08  6.676E-08
                1.039E-07  1.145E-07  2.857E-09  8.275E-08  1.827E-07  5.467E-07
                1.065E-06  1.034E-08  3.622E-08  1.139E-07  4.049E-08  2.896E-07
                2.080E-07  6.177E-07  4.344E-07  7.068E-07  8.839E-08  4.797E-08
                9.427E-07  4.583E-08  7.772E-08  4.238E-08  8.617E-08  1.143E-07
                3.413E-07  4.565E-07  2.282E-06  4.303E-07  6.702E-08  2.311E-08
                3.460E-08  3.572E-08  2.225E-07  1.517E-07  1.587E-07  8.404E-08
                5.720E-08  2.677E-07  6.924E-07  1.034E-06  7.753E-08  6.518E-08
                3.095E-08  5.140E-08  9.249E-08  7.915E-08  7.549E-08  1.815E-08
                7.672E-07  7.843E-08  5.604E-07  7.779E-08  2.332E-07  1.383E-06
                1.723E-06  1.182E-06  1.846E-07  2.382E-07  2.019E-07  8.013E-08
                1.171E-07  2.033E-07  1.015E-08  3.852E-09  5.093E-09  1.569E-08
                3.152E-07  3.176E-07  3.695E-07  6.371E-07  4.581E-07  9.880E-09
                7.566E-09  4.161E-08  4.131E-08  3.624E-07  9.909E-07
2.02463115E+02  7.436E-04  5.931E-04  2.907E-04  2.785E-04  3.986E-04  9.141E-07
                2.754E-03  5.648E-04  4.385E-06  1.017E-06  3.478E-05  5.931E-04
                1.091E-03  1.344E-05  1.280E-05  7.992E-08  4.187E-07  2.599E-07
                3.382E-07  2.651E-07  8.304E-08  1.810E-07  2.229E-07  4.118E-08
                8.074E-08  2.113E-07  2.990E-07  1.456E-07  1.226E-07  3.154E-07
                3.291E-07  5.422E-08  1.188E-06  3.868E-07  1.550E-07  1.136E-07
                1.534E-10  8.470E-08  3.103E-08  7.592E-07  4.427E-07  2.517E-07
                3.821E-07  1.077E-08  3.010E-08  6.329E-08  8.885E-08  1.725E-07
                2.601E-06  2.429E-07  3.645E-08  3.635E-07  1.328E-08  7.291E-07
                3.453E-07  2.070E-07  1.387E-07  4.098E-07  2.087E-06  4.417E-07
                8.282E-08  1.258E-09  1.191E-09  6.544E-11  7.783E-08  6.062E-08
                2.145E-08  7.302E-09  1.675E-07  1.552E-07  2.109E-07  4.353E-07
                7.570E-07  2.633E-07  5.485E-07  3.497E-08  1.139E-07  1.445E-08
                2.607E-07  1.073E-07  3.663E-07  5.512E-09  7.746E-08  8.012E-08
                2.088E-06  8.484E-07  2.061E-10  2.124E-10  7.120E-11  5.643E-11
                3.953E-11  1.262E-07  5.665E-08  2.757E-07  3.189E-07  1.276E-07
                4.984E-07  6.231E-08  7.685E-07  9.259E-07  3.228E-08  4.602E-08
                6.038E-08  7.642E-09  3.781E-08  4.931E-08  9.184E-08  1.041E-07
                4.049E-08  9.193E-09  2.306E-07  5.597E-07  3.199E-06  7.011E-07
                2.501E-08  9.319E-08  4.730E-07  4.070E-07  3.313E-08  6.306E-08
                4.334E-08  7.325E-08  1.494E-06  4.935E-08  2.509E-07  1.844E-07
                4.607E-07  8.502E-07  3.553E-06  5.802E-08  2.967E-07  3.072E-07
                3.864E-07  2.163E-08  1.927E-08  6.995E-09  1.549E-08  3.757E-08
                5.852E-08  6.509E-08  2.437E-09  6.846E-08  1.389E-07  4.168E-07
                8.135E-07  6.054E-09  2.108E-08  1.082E-07  4.017E-08  2.176E-07
                1.520E-07  4.768E-07  3.335E-07  5.446E-07  6.457E-08  3.356E-08
                7.552E-07  2.845E-08  4.752E-08  3.523E-08  6.476E-08  1.037E-07
                2.529E-07  3.386E-07  1.734E-06  3.413E-07  3.879E-08  1.385E-08
                2.236E-08  2.125E-08  1.635E-07  1.177E-07  1.244E-07  6.182E-08
                4.310E-08  2.067E-07  5.325E-07  7.948E-07  4.608E-08  5.378E-08
                2.479E-08  3.746E-08  8.432E-08  5.558E-08  7.055E-08  1.190E-08
                5.451E-07  5.368E-08  4.058E-07  6.240E-08  1.732E-07  9.674E-07
                1.203E-06  8.253E-07  1.347E-07  1.726E-07  1.355E-07  5.834E-08
                8.948E-08  1.501E-07  2.146E-08  8.158E-09  5.040E-09  1.208E-08
                2.406E-07  2.431E-07  2.740E-07  4.774E-07  3.384E-07  1.024E-08
                7.919E-09  3.084E-08  3.161E-08  2.748E-07  7.405E-07
