          16           7
         215          13           1           1
           0          -4           0          -4           0          -6           0          -2           0          -4           0           6           0           4           0           2           0           4           0           6           0           2           0           4           0           2           0          -4           0          -2           0           2           0           4           0           6           0           2           0           4           0           6           0           4           0          -2           0          -2           0          -4           0          -6           0          -8           0          -2           0          -4           0          -6           0          -4           0           2           0          -4           0          -6           0          -2           0          -4           0          -6           0          -6           0          -8           0          -4           0          -6           0          -2           0          -4           0           4           0           6           0           8           0          10           0           4           0          -4           0           2           0           6           0           4           0           8           0           2           0          -4           0          -2           0           6           0           6           0           4           0           2           0           8           0           4           0           6           0           8           0           4           0           6           0           8           0          10           0           4           0           6           0           8           0           6           0           4           0           2           0           6           0           2           0           4           0           2           0          -4           0          -2           0          -6           0          -8           0           6           0           4           0          -4           0          -6           0          -2           0          -4           0          -6           0          -8           0         -10           0          -2           0          -4           0          -6           0          -4           0          -2           0          -6           0          -8           0          -2           0          -4           0           2           0           4           0           6           0           8           0           4           0           4           0           6           0           8           0           2           0          10           0           8           0           6           0           4           0           2           0           6           0           6           0           4           0           4           0           2           0           4           0           6           0           8           0          -4           0           2           0           4           0          -6           0          -4           0           2           0           4           0           6           0           4           0           6           0          -2           0          -4           0          -6           0          -8           0         -10           0          -6           0          -8           0         -10           0         -12           0           2           0          -2           0          -4           0          -6           0          -8           0          -2           0          -8           0         -10           0          -4           0          -2           0          -6           0          -4           0          -2           0          -4           0          -2           0          -4           0          -6           0          -4           0          -8           0          -6           0           2           0           4           0           2           0           4           0           6           0         -10           0          -8           0          -6           0          -4           0           6           0          -2           0          -4           0           8           0          -6           0          -2           0          -4           0          -6           0          -8           0           4           0           6           0          -4           0          -6           0          -6           0          -8           0          -2           0           2           0          -4           0           4           0           6           0           4           0           4           0           2           0           2           0          -4           0          -6           0          -8           0          -2           0          -4           0          -6           0          -8           0         -10           0          -8           0          -6           0          -4           0          -2           0          -2           0          -4           0          -6           0          -6           0          -8           0          -4           0          -2           0          -6           0          -4
    0.000000E+00    9.645106E-03    9.843162E-03    1.435602E-02    1.458263E-02
    4.247197E-02    4.320385E-02    4.360158E-02    5.944295E-02    5.948713E-02
    6.922989E-02    7.316769E-02    7.411300E-02    1.134727E-01    1.147319E-01
    2.354040E-01    2.358931E-01    2.366026E-01    2.382857E-01    2.391328E-01
    2.438023E-01    2.438287E-01    2.461520E-01    2.471700E-01    2.474363E-01
    2.479076E-01    2.485433E-01    2.486026E-01    2.487216E-01    2.491410E-01
    2.502551E-01    2.507374E-01    2.510783E-01    2.511300E-01    2.524691E-01
    2.524772E-01    2.554279E-01    2.561102E-01    2.563381E-01    2.591442E-01
    2.591854E-01    2.609226E-01    2.615363E-01    2.619649E-01    2.622131E-01
    2.625883E-01    2.631076E-01    2.632646E-01    2.633261E-01    2.634365E-01
    2.637297E-01    2.638533E-01    2.640096E-01    2.643758E-01    2.644930E-01
    2.645338E-01    2.648466E-01    2.652759E-01    2.655531E-01    2.656939E-01
    2.657640E-01    2.676748E-01    2.677713E-01    2.679166E-01    2.688115E-01
    2.690337E-01    2.711118E-01    2.712141E-01    2.720014E-01    2.721113E-01
    2.724223E-01    2.724984E-01    2.725578E-01    2.726085E-01    2.727219E-01
    2.737570E-01    2.740430E-01    2.746587E-01    2.763855E-01    2.763956E-01
    2.763957E-01    2.764682E-01    2.789238E-01    2.791446E-01    2.808157E-01
    2.808428E-01    2.816082E-01    2.816156E-01    2.816277E-01    2.816445E-01
    2.816660E-01    2.832213E-01    2.832636E-01    2.833497E-01    2.872720E-01
    2.872722E-01    2.872783E-01    2.873017E-01    2.873787E-01    2.874354E-01
    2.875828E-01    2.876419E-01    2.877951E-01    2.879672E-01    2.884374E-01
    2.885530E-01    2.886000E-01    2.886971E-01    2.887362E-01    2.888178E-01
    2.901974E-01    2.902310E-01    2.934227E-01    2.936053E-01    2.936679E-01
    2.948139E-01    2.948751E-01    2.949134E-01    2.954910E-01    2.955387E-01
    2.955818E-01    2.956302E-01    2.974080E-01    2.974265E-01    2.978254E-01
    2.979930E-01    2.980044E-01    2.981863E-01    2.981951E-01    2.982014E-01
    2.986863E-01    2.989406E-01    2.997979E-01    3.013547E-01    3.014398E-01
    3.015665E-01    3.017420E-01    3.025165E-01    3.025355E-01    3.025686E-01
    3.026262E-01    3.032771E-01    3.036433E-01    3.036673E-01    3.036996E-01
    3.037196E-01    3.041292E-01    3.046134E-01    3.046301E-01    3.048276E-01
    3.048611E-01    3.049614E-01    3.051740E-01    3.052844E-01    3.060373E-01
    3.062721E-01    3.065126E-01    3.067251E-01    3.072820E-01    3.083217E-01
    3.083847E-01    3.085481E-01    3.086063E-01    3.093086E-01    3.093690E-01
    3.093750E-01    3.093804E-01    3.094500E-01    3.095030E-01    3.095365E-01
    3.096086E-01    3.096683E-01    3.098305E-01    3.098337E-01    3.100372E-01
    3.110986E-01    3.111053E-01    3.111248E-01    3.111449E-01    3.124031E-01
    3.124222E-01    3.126400E-01    3.132139E-01    3.132929E-01    3.134326E-01
    3.163175E-01    3.165548E-01    3.167011E-01    3.167161E-01    3.173537E-01
    3.174815E-01    3.194473E-01    3.198310E-01    3.206567E-01    3.235572E-01
    3.235827E-01    3.236877E-01    3.236885E-01    3.238034E-01    3.239013E-01
    3.239634E-01    3.240075E-01    3.245628E-01    3.245933E-01    3.263728E-01
    3.264517E-01    3.271738E-01    3.284075E-01    3.287843E-01    3.314323E-01
    3.314556E-01    3.324856E-01    3.325179E-01    3.327131E-01    3.333147E-01
           0           2           0           1
  -27.940514715248785               13
3.84867147E+01  1.192E-01  1.171E-01  5.730E-02  5.118E-02  8.569E-02  1.830E-04
                8.774E-02  1.791E-02  4.870E-04  3.737E-04  9.170E-04  1.499E-02
                2.626E-02  1.685E-03  1.630E-03
5.20947147E+01  6.063E-02  4.896E-02  2.394E-02  2.293E-02  3.249E-02  5.641E-05
                5.225E-02  1.089E-02  2.609E-04  1.316E-04  5.931E-04  9.496E-03
                1.765E-02  8.797E-04  8.256E-04  3.068E-06  1.688E-05  3.694E-05
                1.111E-05  3.009E-05  2.420E-06  1.001E-05  2.041E-05  3.208E-06
                4.479E-06  1.211E-05  1.124E-05  2.026E-05  1.785E-05  4.813E-05
                4.429E-05  2.540E-06  2.143E-04  8.461E-05  1.904E-05  1.488E-05
                2.203E-07  1.844E-05  7.407E-06  1.152E-04  5.468E-05  3.633E-05
                6.705E-05  2.654E-06  7.429E-06  8.319E-06  9.424E-07  1.525E-05
                1.701E-04  1.342E-05  9.644E-06  1.437E-05  2.386E-06  1.067E-05
                4.734E-05  2.863E-05  2.745E-05  1.183E-04  1.347E-04  6.657E-05
                8.087E-06  1.225E-07  2.291E-07  9.837E-08  6.036E-05  2.068E-05
                1.376E-06  4.225E-07  1.634E-05  1.145E-05  2.168E-05  2.440E-05
                2.058E-05  5.691E-06  5.519E-05  3.238E-05  4.778E-05  1.542E-05
                1.246E-05  4.046E-06  4.146E-05  6.459E-06  1.453E-05  3.185E-05
                8.962E-05  4.534E-05  1.221E-06  5.086E-06  6.289E-06  8.820E-06
                1.352E-07  6.218E-06  1.523E-06  1.474E-05  1.003E-05  6.258E-06
                1.413E-05  4.399E-06  3.355E-05  2.040E-04  1.891E-05  6.968E-06
                1.135E-06  1.194E-06  8.368E-06  5.586E-06  4.370E-06  5.101E-06
                1.379E-05  1.173E-06  1.174E-05  4.000E-05  1.139E-04  5.349E-05
                1.309E-06  1.653E-05  4.068E-05  2.043E-05  1.124E-05  3.938E-06
                3.944E-06  3.945E-06  7.800E-05  2.112E-05  2.061E-05  9.001E-06
                1.917E-05  5.612E-05  2.323E-04
6.57027147E+01  3.100E-02  2.492E-02  1.214E-02  1.165E-02  1.653E-02  4.675E-05
                3.495E-02  7.167E-03  1.158E-04  6.880E-05  4.068E-04  6.540E-03
                1.190E-02  4.798E-04  4.569E-04  1.978E-06  8.494E-06  1.868E-05
                7.269E-06  1.568E-05  3.549E-06  7.786E-06  7.863E-06  1.017E-06
                1.608E-06  4.944E-06  6.672E-06  8.993E-06  9.670E-06  2.397E-05
                2.008E-05  2.364E-06  7.757E-05  1.927E-05  8.815E-06  7.213E-06
                1.079E-08  8.257E-06  2.996E-06  4.962E-05  2.574E-05  1.606E-05
                2.467E-05  9.638E-07  1.745E-06  2.799E-06  4.634E-07  2.172E-06
                9.718E-05  1.438E-06  2.892E-06  2.843E-06  7.777E-07  4.199E-06
                2.276E-05  1.386E-05  1.125E-05  3.529E-05  3.031E-05  1.222E-05
                3.791E-06  1.355E-08  3.422E-08  3.115E-09  1.188E-05  6.592E-06
                3.608E-07  3.246E-08  7.366E-06  6.984E-06  9.411E-06  8.041E-06
                1.240E-05  3.832E-06  2.529E-05  4.163E-06  5.963E-06  2.716E-06
                8.358E-06  3.389E-06  1.179E-05  1.945E-07  4.629E-06  7.171E-06
                6.145E-05  2.479E-05  2.162E-09  5.055E-09  8.814E-09  3.482E-09
                2.969E-09  3.510E-06  1.681E-06  8.211E-06  3.240E-06  1.484E-06
                4.983E-06  8.822E-07  2.216E-05  2.678E-05  6.039E-07  8.587E-07
                1.092E-06  2.307E-07  8.911E-07  1.016E-06  1.998E-06  2.062E-06
                1.096E-06  1.759E-07  6.899E-06  1.634E-05  6.810E-05  1.504E-05
                6.135E-07  1.390E-06  8.746E-06  8.979E-06  6.689E-07  9.787E-07
                7.032E-07  1.563E-06  4.552E-05  6.684E-07  4.361E-06  5.240E-06
                1.342E-05  1.570E-05  6.561E-05  1.586E-06  7.618E-06  8.029E-06
                1.117E-05  1.707E-06  1.711E-06  1.210E-06  1.024E-06  3.190E-06
                4.865E-06  5.189E-06  7.457E-09  1.539E-06  3.256E-06  8.294E-06
                1.409E-05  1.214E-06  7.683E-07  9.396E-06  3.434E-06  6.265E-06
                4.374E-06  1.053E-05  7.448E-06  1.163E-05  1.406E-06  1.495E-06
                1.280E-05  2.096E-06  3.136E-06  1.851E-06  4.204E-06  1.815E-06
                4.571E-06  6.402E-06  3.379E-05  9.267E-06  2.274E-06  1.504E-06
                1.300E-06  1.234E-06  3.584E-06  2.402E-06  2.857E-06  1.368E-06
                1.520E-06  3.449E-06  9.882E-06  1.629E-05  3.295E-06  8.778E-07
                7.830E-07  2.576E-06  4.645E-06  4.267E-06  4.022E-06  7.597E-07
                8.045E-06  2.225E-06  6.383E-06  1.413E-06  2.932E-06  1.379E-05
                1.685E-05  1.134E-05  7.627E-06  1.059E-05  1.479E-05  3.483E-06
                4.705E-06  9.100E-06  7.979E-07  3.323E-07  5.930E-07  1.074E-06
                2.438E-06  2.907E-06  3.245E-06  8.364E-06  7.072E-06  2.354E-07
                4.385E-07  5.582E-07  4.742E-07  3.538E-06  9.321E-06
7.93107147E+01  1.758E-02  1.409E-02  6.861E-03  6.585E-03  9.361E-03  2.552E-05
                2.433E-02  4.988E-03  6.872E-05  3.711E-05  2.863E-04  4.678E-03
                8.533E-03  2.858E-04  2.725E-04  1.277E-06  4.792E-06  1.035E-05
                4.658E-06  9.187E-06  2.462E-06  5.390E-06  3.850E-06  4.594E-07
                8.545E-07  2.748E-06  3.934E-06  5.113E-06  5.770E-06  1.394E-05
                1.050E-05  1.627E-06  3.513E-05  1.060E-05  4.723E-06  4.083E-06
                6.759E-09  4.139E-06  1.471E-06  2.469E-05  1.306E-05  8.055E-06
                1.229E-05  4.022E-07  7.384E-07  1.256E-06  2.619E-07  1.188E-06
                5.627E-05  9.420E-07  1.523E-06  1.720E-06  3.253E-07  2.758E-06
                1.164E-05  6.960E-06  5.820E-06  1.762E-05  1.625E-05  5.368E-06
                1.940E-06  9.487E-09  2.188E-08  1.156E-09  4.449E-06  2.573E-06
                3.045E-07  5.610E-08  4.188E-06  4.118E-06  5.443E-06  5.468E-06
                9.319E-06  2.940E-06  1.462E-05  1.688E-06  2.869E-06  1.058E-06
                5.653E-06  2.262E-06  7.851E-06  7.663E-08  2.350E-06  3.203E-06
                3.784E-05  1.535E-05  2.451E-09  3.017E-09  1.600E-09  1.016E-09
                1.221E-09  2.554E-06  1.309E-06  5.480E-06  2.462E-06  1.110E-06
                3.732E-06  4.857E-07  1.374E-05  1.659E-05  3.529E-07  5.525E-07
                7.210E-07  1.046E-07  3.248E-07  5.971E-07  1.188E-06  1.185E-06
                2.070E-07  1.219E-07  4.369E-06  1.058E-05  4.241E-05  9.296E-06
                4.556E-07  1.025E-06  5.651E-06  5.561E-06  4.891E-07  6.949E-07
                5.328E-07  1.219E-06  2.833E-05  4.836E-07  2.937E-06  3.466E-06
                8.699E-06  9.971E-06  4.167E-05  9.079E-07  5.101E-06  5.355E-06
                7.246E-06  8.407E-07  8.454E-07  5.564E-07  4.939E-07  1.423E-06
                2.210E-06  2.392E-06  1.307E-08  1.016E-06  1.825E-06  5.023E-06
                9.094E-06  6.042E-07  4.288E-07  3.440E-06  1.225E-06  4.022E-06
                2.839E-06  5.767E-06  4.039E-06  6.445E-06  8.945E-07  7.909E-07
                8.495E-06  9.536E-07  1.520E-06  9.990E-07  2.233E-06  9.073E-07
                3.029E-06  3.921E-06  2.007E-05  6.879E-06  1.152E-06  7.412E-07
                7.385E-07  7.205E-07  2.188E-06  1.477E-06  1.620E-06  7.976E-07
                7.888E-07  2.275E-06  6.166E-06  9.758E-06  1.458E-06  4.377E-07
                2.668E-07  1.262E-06  1.943E-06  2.029E-06  1.652E-06  3.776E-07
                5.679E-06  1.378E-06  4.361E-06  8.557E-07  1.737E-06  9.954E-06
                1.210E-05  8.109E-06  3.674E-06  4.865E-06  6.570E-06  1.822E-06
                2.340E-06  4.182E-06  1.697E-07  5.033E-08  2.356E-07  4.411E-07
                1.977E-06  1.981E-06  2.624E-06  5.079E-06  4.351E-06  1.444E-07
                1.925E-07  3.790E-07  2.934E-07  2.538E-06  6.804E-06
9.29187147E+01  1.078E-02  8.652E-03  4.212E-03  4.044E-03  5.739E-03  1.578E-05
                1.759E-02  3.606E-03  4.459E-05  2.235E-05  2.080E-04  3.431E-03
                6.268E-03  1.802E-04  1.718E-04  8.193E-07  2.815E-06  5.826E-06
                2.985E-06  5.378E-06  1.633E-06  3.575E-06  2.341E-06  2.782E-07
                5.750E-07  1.847E-06  2.845E-06  3.156E-06  3.582E-06  8.613E-06
                6.066E-06  1.079E-06  1.875E-05  6.462E-06  2.830E-06  2.520E-06
                4.252E-09  2.296E-06  8.075E-07  1.388E-05  7.469E-06  4.555E-06
                6.920E-06  2.019E-07  3.770E-07  6.640E-07  1.857E-07  8.115E-07
                3.503E-05  7.820E-07  8.632E-07  1.342E-06  1.806E-07  2.316E-06
                6.641E-06  3.940E-06  3.320E-06  9.906E-06  1.103E-05  3.170E-06
                1.121E-06  6.882E-09  1.463E-08  8.304E-10  2.170E-06  1.292E-06
                2.414E-07  5.622E-08  2.584E-06  2.536E-06  3.341E-06  3.975E-06
                6.877E-06  2.222E-06  8.984E-06  8.722E-07  1.684E-06  5.178E-07
                3.986E-06  1.591E-06  5.506E-06  4.470E-08  1.378E-06  1.740E-06
                2.487E-05  1.006E-05  1.696E-09  2.028E-09  1.016E-09  6.913E-10
                7.060E-10  1.858E-06  9.512E-07  3.852E-06  1.931E-06  8.554E-07
                2.921E-06  3.002E-07  9.071E-06  1.095E-05  2.588E-07  4.191E-07
                5.471E-07  7.719E-08  2.083E-07  4.265E-07  8.600E-07  8.617E-07
                7.143E-08  9.298E-08  3.071E-06  7.463E-06  2.832E-05  6.193E-06
                3.107E-07  7.425E-07  3.905E-06  3.688E-06  3.744E-07  5.263E-07
                4.148E-07  9.133E-07  1.887E-05  3.650E-07  2.090E-06  2.284E-06
                5.720E-06  6.796E-06  2.836E-05  6.545E-07  3.681E-06  3.873E-06
                5.038E-06  4.525E-07  4.481E-07  2.792E-07  2.762E-07  7.437E-07
                1.155E-06  1.254E-06  1.380E-08  6.706E-07  1.218E-06  3.434E-06
                6.349E-06  3.055E-07  2.656E-07  1.436E-06  5.038E-07  2.649E-06
                1.891E-06  3.941E-06  2.758E-06  4.441E-06  5.811E-07  4.559E-07
                6.031E-06  5.380E-07  8.549E-07  5.924E-07  1.316E-06  5.586E-07
                2.145E-06  2.597E-06  1.297E-05  4.791E-06  6.468E-07  3.975E-07
                4.208E-07  4.081E-07  1.538E-06  9.902E-07  1.077E-06  5.575E-07
                4.711E-07  1.603E-06  4.284E-06  6.667E-06  8.519E-07  3.315E-07
                1.819E-07  7.238E-07  1.021E-06  1.147E-06  8.390E-07  2.227E-07
                4.041E-06  8.629E-07  3.061E-06  5.790E-07  1.178E-06  7.288E-06
                8.825E-06  5.963E-06  2.088E-06  2.592E-06  3.138E-06  1.056E-06
                1.330E-06  2.325E-06  5.689E-08  1.662E-08  1.078E-07  2.467E-07
                1.537E-06  1.535E-06  2.016E-06  3.608E-06  2.925E-06  8.935E-08
                1.001E-07  2.673E-07  2.181E-07  1.881E-06  5.056E-06
1.06526715E+02  6.936E-03  5.558E-03  2.705E-03  2.595E-03  3.696E-03  1.006E-05
                1.311E-02  2.688E-03  3.011E-05  1.369E-05  1.570E-04  2.608E-03
                4.773E-03  1.196E-04  1.141E-04  5.492E-07  1.820E-06  3.536E-06
                1.990E-06  3.348E-06  1.078E-06  2.361E-06  1.581E-06  1.933E-07
                4.712E-07  1.495E-06  2.461E-06  2.027E-06  2.268E-06  5.487E-06
                3.731E-06  7.106E-07  1.082E-05  4.305E-06  1.784E-06  1.613E-06
                2.761E-09  1.354E-06  4.753E-07  8.151E-06  4.507E-06  2.715E-06
                4.126E-06  1.130E-07  2.142E-07  3.874E-07  1.484E-07  5.876E-07
                2.279E-05  6.437E-07  5.206E-07  1.062E-06  9.777E-08  1.922E-06
                3.993E-06  2.335E-06  2.042E-06  6.061E-06  8.034E-06  2.099E-06
                7.035E-07  5.280E-09  1.072E-08  5.901E-10  1.185E-06  7.255E-07
                1.850E-07  4.832E-08  1.722E-06  1.675E-06  2.188E-06  3.113E-06
                5.089E-06  1.673E-06  5.921E-06  4.991E-07  1.068E-06  2.818E-07
                2.774E-06  1.106E-06  3.823E-06  3.394E-08  8.782E-07  1.043E-06
                1.670E-05  6.751E-06  1.226E-09  1.424E-09  6.674E-10  4.823E-10
                4.692E-10  1.306E-06  6.751E-07  2.656E-06  1.522E-06  6.614E-07
                2.304E-06  2.099E-07  6.096E-06  7.375E-06  1.955E-07  3.166E-07
                4.112E-07  5.815E-08  1.523E-07  3.204E-07  6.424E-07  6.484E-07
                4.300E-08  6.650E-08  2.275E-06  5.543E-06  1.968E-05  4.300E-06
                2.172E-07  5.557E-07  2.801E-06  2.559E-06  2.813E-07  3.974E-07
                3.169E-07  6.810E-07  1.263E-05  2.848E-07  1.571E-06  1.558E-06
                3.892E-06  4.816E-06  2.008E-05  4.892E-07  2.730E-06  2.875E-06
                3.449E-06  2.852E-07  2.750E-07  1.598E-07  1.818E-07  4.625E-07
                7.178E-07  7.828E-07  1.272E-08  4.666E-07  8.553E-07  2.455E-06
                4.602E-06  1.653E-07  1.747E-07  8.104E-07  2.822E-07  1.807E-06
                1.298E-06  2.821E-06  1.974E-06  3.192E-06  3.973E-07  2.833E-07
                4.350E-06  3.290E-07  5.231E-07  3.831E-07  8.428E-07  3.971E-07
                1.561E-06  1.832E-06  9.063E-06  3.438E-06  4.309E-07  2.412E-07
                2.673E-07  2.646E-07  1.142E-06  7.002E-07  7.559E-07  4.145E-07
                3.109E-07  1.165E-06  3.089E-06  4.766E-06  5.690E-07  2.642E-07
                1.380E-07  4.556E-07  6.598E-07  7.188E-07  5.357E-07  1.404E-07
                2.964E-06  5.667E-07  2.235E-06  4.202E-07  8.644E-07  5.421E-06
                6.559E-06  4.461E-06  1.315E-06  1.600E-06  1.803E-06  6.616E-07
                8.372E-07  1.450E-06  3.015E-08  9.243E-09  5.865E-08  1.488E-07
                1.179E-06  1.177E-06  1.514E-06  2.657E-06  2.096E-06  6.036E-08
                6.087E-08  1.910E-07  1.630E-07  1.421E-06  3.820E-06
1.20134715E+02  4.740E-03  3.811E-03  1.855E-03  1.784E-03  2.533E-03  6.741E-06
                1.014E-02  2.079E-03  2.147E-05  8.986E-06  1.214E-04  2.027E-03
                3.712E-03  8.453E-05  8.070E-05  3.674E-07  1.237E-06  2.144E-06
                1.356E-06  2.056E-06  7.044E-07  1.539E-06  1.069E-06  1.365E-07
                3.908E-07  1.236E-06  2.084E-06  1.299E-06  1.437E-06  3.505E-06
                2.428E-06  4.642E-07  6.977E-06  2.981E-06  1.177E-06  1.054E-06
                1.741E-09  8.293E-07  2.923E-07  5.322E-06  3.002E-06  1.792E-06
                2.720E-06  7.092E-08  1.424E-07  2.660E-07  1.575E-07  4.641E-07
                1.583E-05  5.571E-07  3.193E-07  8.893E-07  5.776E-08  1.670E-06
                2.616E-06  1.535E-06  1.288E-06  3.778E-06  6.247E-06  1.549E-06
                4.693E-07  3.958E-09  7.088E-09  4.058E-10  7.330E-07  4.598E-07
                1.388E-07  3.961E-08  1.150E-06  1.103E-06  1.440E-06  2.206E-06
                3.847E-06  1.263E-06  3.894E-06  3.131E-07  7.063E-07  1.721E-07
                1.870E-06  7.495E-07  2.583E-06  2.623E-08  5.745E-07  6.669E-07
                1.195E-05  4.825E-06  9.238E-10  1.038E-09  4.491E-10  3.424E-10
                3.166E-10  8.905E-07  4.492E-07  1.831E-06  1.218E-06  5.205E-07
                1.852E-06  1.536E-07  4.393E-06  5.322E-06  1.450E-07  2.351E-07
                3.067E-07  4.165E-08  1.153E-07  2.298E-07  4.577E-07  4.700E-07
                3.780E-08  4.536E-08  1.501E-06  3.660E-06  1.503E-05  3.285E-06
                1.540E-07  4.153E-07  2.136E-06  1.936E-06  2.017E-07  3.021E-07
                2.372E-07  4.741E-07  8.969E-06  2.099E-07  1.149E-06  1.096E-06
                2.748E-06  3.730E-06  1.556E-05  3.664E-07  1.854E-06  1.944E-06
                2.414E-06  1.821E-07  1.728E-07  9.425E-08  1.193E-07  2.926E-07
                4.548E-07  4.983E-07  1.210E-08  3.354E-07  6.351E-07  1.848E-06
                3.499E-06  9.783E-08  1.257E-07  4.538E-07  1.583E-07  1.281E-06
                9.128E-07  2.123E-06  1.485E-06  2.410E-06  2.900E-07  1.935E-07
                3.318E-06  2.159E-07  3.478E-07  2.444E-07  5.278E-07  3.077E-07
                1.182E-06  1.399E-06  6.875E-06  2.269E-06  2.828E-07  1.496E-07
                1.757E-07  1.728E-07  7.823E-07  5.253E-07  5.644E-07  2.851E-07
                2.211E-07  8.876E-07  2.338E-06  3.571E-06  3.684E-07  2.140E-07
                1.064E-07  2.909E-07  4.185E-07  4.496E-07  3.382E-07  9.202E-08
                2.314E-06  3.787E-07  1.722E-06  2.840E-07  6.563E-07  4.247E-06
                5.159E-06  3.521E-06  8.706E-07  1.035E-06  1.027E-06  4.334E-07
                5.615E-07  9.528E-07  2.492E-08  8.990E-09  3.421E-08  9.426E-08
                9.308E-07  9.320E-07  1.186E-06  2.044E-06  1.574E-06  4.199E-08
                3.713E-08  1.407E-07  1.262E-07  1.111E-06  2.995E-06
1.33742715E+02  3.275E-03  2.628E-03  1.279E-03  1.229E-03  1.753E-03  4.632E-06
                7.878E-03  1.616E-03  1.560E-05  5.894E-06  9.567E-05  1.606E-03
                2.944E-03  5.936E-05  5.663E-05  2.630E-07  9.018E-07  1.352E-06
                9.832E-07  1.340E-06  4.815E-07  1.054E-06  8.311E-07  1.145E-07
                3.093E-07  9.447E-07  1.601E-06  8.938E-07  9.465E-07  2.335E-06
                1.640E-06  3.169E-07  4.759E-06  2.093E-06  8.083E-07  7.140E-07
                1.166E-09  5.331E-07  1.887E-07  3.512E-06  2.025E-06  1.192E-06
                1.811E-06  4.616E-08  9.580E-08  1.822E-07  1.356E-07  3.683E-07
                1.112E-05  4.625E-07  2.095E-07  7.263E-07  3.348E-08  1.391E-06
                1.734E-06  1.010E-06  8.498E-07  2.523E-06  4.871E-06  1.152E-06
                3.235E-07  3.233E-09  5.604E-09  2.935E-10  4.620E-07  3.009E-07
                1.011E-07  2.978E-08  8.136E-07  7.771E-07  1.014E-06  1.793E-06
                2.886E-06  9.591E-07  2.745E-06  2.046E-07  5.000E-07  1.066E-07
                1.376E-06  5.515E-07  1.901E-06  2.190E-08  3.991E-07  4.462E-07
                8.528E-06  3.440E-06  7.057E-10  7.795E-10  3.216E-10  2.480E-10
                2.272E-10  6.576E-07  3.305E-07  1.337E-06  9.769E-07  4.110E-07
                1.490E-06  1.217E-07  3.126E-06  3.789E-06  1.125E-07  1.808E-07
                2.352E-07  3.234E-08  9.132E-08  1.782E-07  3.570E-07  3.708E-07
                3.440E-08  3.701E-08  1.201E-06  2.926E-06  1.091E-05  2.386E-06
                1.145E-07  3.155E-07  1.587E-06  1.407E-06  1.523E-07  2.299E-07
                1.818E-07  3.587E-07  6.370E-06  1.695E-07  9.118E-07  7.830E-07
                1.959E-06  2.746E-06  1.145E-05  2.729E-07  1.472E-06  1.549E-06
                1.754E-06  1.303E-07  1.204E-07  6.082E-08  8.813E-08  2.125E-07
                3.300E-07  3.624E-07  8.902E-09  2.429E-07  4.803E-07  1.412E-06
                2.697E-06  5.715E-08  8.935E-08  3.469E-07  1.212E-07  9.155E-07
                6.545E-07  1.628E-06  1.139E-06  1.850E-06  2.161E-07  1.340E-07
                2.519E-06  1.457E-07  2.353E-07  1.716E-07  3.661E-07  2.405E-07
                8.867E-07  1.044E-06  5.153E-06  1.778E-06  2.135E-07  1.009E-07
                1.235E-07  1.248E-07  6.585E-07  4.003E-07  4.265E-07  2.417E-07
                1.620E-07  6.843E-07  1.795E-06  2.733E-06  2.725E-07  1.671E-07
                8.242E-08  2.021E-07  3.194E-07  3.123E-07  2.592E-07  6.320E-08
                1.738E-06  2.671E-07  1.302E-06  2.385E-07  5.210E-07  3.206E-06
                3.892E-06  2.665E-06  6.203E-07  7.540E-07  7.425E-07  2.990E-07
                3.956E-07  6.810E-07  2.190E-08  7.944E-09  2.097E-08  6.109E-08
                7.361E-07  7.379E-07  9.136E-07  1.580E-06  1.204E-06  3.093E-08
                2.675E-08  1.070E-07  9.844E-08  8.730E-07  2.349E-06
1.47350715E+02  2.433E-03  1.961E-03  9.548E-04  9.206E-04  1.305E-03  3.480E-06
                6.342E-03  1.300E-03  1.194E-05  4.257E-06  7.647E-05  1.285E-03
                2.357E-03  4.461E-05  4.259E-05  1.911E-07  7.254E-07  9.305E-07
                7.322E-07  9.009E-07  3.219E-07  7.022E-07  5.761E-07  8.302E-08
                2.771E-07  8.603E-07  1.465E-06  5.824E-07  6.122E-07  1.525E-06
                1.169E-06  2.117E-07  3.460E-06  1.583E-06  5.619E-07  4.816E-07
                7.379E-10  3.446E-07  1.238E-07  2.598E-06  1.523E-06  8.777E-07
                1.335E-06  3.411E-08  7.615E-08  1.484E-07  1.413E-07  3.081E-07
                8.311E-06  4.024E-07  1.388E-07  6.212E-07  2.465E-08  1.209E-06
                1.257E-06  7.432E-07  5.761E-07  1.689E-06  3.995E-06  9.310E-07
                2.368E-07  2.504E-09  3.722E-09  2.045E-10  3.339E-07  2.214E-07
                7.618E-08  2.382E-08  5.763E-07  5.419E-07  7.078E-07  1.252E-06
                2.264E-06  7.407E-07  1.912E-06  1.447E-07  3.574E-07  7.507E-08
                8.973E-07  3.624E-07  1.245E-06  1.774E-08  2.800E-07  3.146E-07
                6.411E-06  2.596E-06  5.576E-10  5.926E-10  2.213E-10  1.832E-10
                1.642E-10  4.305E-07  2.125E-07  9.026E-07  8.021E-07  3.335E-07
                1.226E-06  9.615E-08  2.377E-06  2.879E-06  8.360E-08  1.334E-07
                1.748E-07  2.246E-08  7.096E-08  1.279E-07  2.516E-07  2.677E-07
                3.549E-08  2.378E-08  7.501E-07  1.828E-06  9.075E-06  1.983E-06
                8.362E-08  2.406E-07  1.285E-06  1.155E-06  1.062E-07  1.766E-07
                1.331E-07  2.411E-07  4.641E-06  1.216E-07  6.645E-07  5.860E-07
                1.471E-06  2.305E-06  9.624E-06  2.001E-07  9.493E-07  9.904E-07
                1.210E-06  8.946E-08  8.172E-08  3.856E-08  6.144E-08  1.472E-07
                2.291E-07  2.524E-07  7.781E-09  1.858E-07  3.762E-07  1.115E-06
                2.142E-06  3.675E-08  7.073E-08  2.319E-07  8.214E-08  6.904E-07
                4.888E-07  1.283E-06  8.979E-07  1.461E-06  1.682E-07  1.007E-07
                1.993E-06  1.056E-07  1.736E-07  1.159E-07  2.414E-07  2.021E-07
                7.067E-07  8.666E-07  4.265E-06  1.110E-06  1.476E-07  6.624E-08
                8.639E-08  8.589E-08  4.315E-07  3.166E-07  3.355E-07  1.596E-07
                1.243E-07  5.439E-07  1.420E-06  2.145E-06  1.850E-07  1.368E-07
                6.513E-08  1.370E-07  2.188E-07  2.072E-07  1.783E-07  4.434E-08
                1.447E-06  1.887E-07  1.066E-06  1.554E-07  4.151E-07  2.647E-06
                3.247E-06  2.224E-06  4.430E-07  5.337E-07  4.657E-07  2.102E-07
                2.868E-07  4.846E-07  2.330E-08  8.976E-09  1.469E-08  4.292E-08
                5.937E-07  5.966E-07  7.319E-07  1.252E-06  9.350E-07  2.372E-08
                1.867E-08  8.270E-08  7.872E-08  6.978E-07  1.886E-06
1.60958715E+02  1.733E-03  1.395E-03  6.789E-04  6.552E-04  9.350E-04  2.175E-06
                5.181E-03  1.063E-03  8.981E-06  2.641E-06  6.378E-05  1.078E-03
                1.979E-03  3.362E-05  3.216E-05  1.469E-07  6.005E-07  6.409E-07
                5.739E-07  6.386E-07  2.225E-07  4.868E-07  4.660E-07  7.107E-08
                2.175E-07  6.555E-07  1.106E-06  4.170E-07  4.134E-07  1.040E-06
                8.286E-07  1.458E-07  2.462E-06  1.146E-06  3.949E-07  3.306E-07
                5.121E-10  2.365E-07  8.594E-08  1.782E-06  1.065E-06  6.003E-07
                9.173E-07  2.375E-08  5.492E-08  1.096E-07  1.197E-07  2.521E-07
                5.962E-06  3.406E-07  9.719E-08  5.204E-07  1.779E-08  1.023E-06
                8.617E-07  5.034E-07  3.914E-07  1.175E-06  3.247E-06  7.267E-07
                1.720E-07  2.127E-09  3.153E-09  1.591E-10  2.194E-07  1.530E-07
                5.462E-08  1.735E-08  4.158E-07  3.909E-07  5.096E-07  1.056E-06
                1.714E-06  5.614E-07  1.378E-06  9.733E-08  2.592E-07  4.756E-08
                6.832E-07  2.748E-07  9.474E-07  1.558E-08  1.987E-07  2.162E-07
                4.608E-06  1.865E-06  4.318E-10  4.527E-10  1.626E-10  1.343E-10
                1.221E-10  3.255E-07  1.631E-07  6.690E-07  6.422E-07  2.644E-07
                9.821E-07  7.526E-08  1.699E-06  2.062E-06  6.558E-08  1.025E-07
                1.329E-07  1.800E-08  5.826E-08  1.019E-07  2.010E-07  2.158E-07
                3.514E-08  2.061E-08  6.454E-07  1.572E-06  6.708E-06  1.467E-06
                6.339E-08  1.814E-07  9.633E-07  8.566E-07  8.196E-08  1.343E-07
                1.023E-07  1.888E-07  3.329E-06  1.020E-07  5.471E-07  4.282E-07
                1.072E-06  1.725E-06  7.204E-06  1.512E-07  8.017E-07  8.403E-07
                8.942E-07  6.807E-08  6.078E-08  2.664E-08  4.787E-08  1.150E-07
                1.788E-07  1.971E-07  5.303E-09  1.368E-07  2.906E-07  8.649E-07
                1.672E-06  2.242E-08  5.219E-08  1.989E-07  7.041E-08  5.049E-07
                3.598E-07  9.929E-07  6.959E-07  1.132E-06  1.313E-07  7.383E-08
                1.527E-06  7.480E-08  1.231E-07  8.401E-08  1.740E-07  1.626E-07
                5.355E-07  6.645E-07  3.304E-06  9.113E-07  1.173E-07  4.701E-08
                6.335E-08  6.505E-08  3.889E-07  2.435E-07  2.568E-07  1.448E-07
                9.371E-08  4.234E-07  1.102E-06  1.662E-06  1.428E-07  1.043E-07
                5.045E-08  9.943E-08  1.732E-07  1.524E-07  1.418E-07  3.206E-08
                1.113E-06  1.392E-07  8.260E-07  1.399E-07  3.426E-07  2.036E-06
                2.499E-06  1.716E-06  3.305E-07  4.146E-07  3.784E-07  1.503E-07
                2.101E-07  3.641E-07  1.674E-08  6.266E-09  9.742E-09  2.935E-08
                4.753E-07  4.783E-07  5.719E-07  9.894E-07  7.329E-07  1.729E-08
                1.398E-08  6.495E-08  6.278E-08  5.560E-07  1.505E-06
1.74566715E+02  1.380E-03  1.108E-03  5.396E-04  5.201E-04  7.388E-04  2.089E-06
                4.096E-03  8.400E-04  7.237E-06  2.307E-06  4.991E-05  8.436E-04
                1.549E-03  2.419E-05  2.304E-05  1.165E-07  5.257E-07  4.822E-07
                4.672E-07  4.627E-07  1.592E-07  3.466E-07  3.418E-07  5.630E-08
                1.672E-07  4.985E-07  8.164E-07  2.786E-07  2.718E-07  6.900E-07
                6.263E-07  1.044E-07  2.052E-06  8.387E-07  2.957E-07  2.352E-07
                3.254E-10  1.593E-07  5.810E-08  1.479E-06  8.741E-07  4.924E-07
                7.492E-07  1.976E-08  4.884E-08  9.793E-08  1.178E-07  2.238E-07
                4.822E-06  3.022E-07  6.964E-08  4.585E-07  1.680E-08  9.077E-07
                6.862E-07  4.129E-07  2.869E-07  8.379E-07  2.770E-06  6.214E-07
                1.381E-07  1.695E-09  2.017E-09  1.104E-10  1.723E-07  1.218E-07
                4.225E-08  1.394E-08  3.142E-07  2.916E-07  3.873E-07  7.168E-07
                1.350E-06  4.467E-07  1.032E-06  7.464E-08  2.020E-07  3.632E-08
                4.509E-07  1.846E-07  6.309E-07  1.029E-08  1.501E-07  1.646E-07
                3.750E-06  1.525E-06  3.455E-10  3.563E-10  1.209E-10  1.022E-10
                8.364E-11  2.183E-07  1.035E-07  4.754E-07  5.216E-07  2.129E-07
                8.044E-07  7.352E-08  1.397E-06  1.685E-06  5.092E-08  7.813E-08
                1.030E-07  1.264E-08  4.869E-08  7.631E-08  1.476E-07  1.633E-07
                3.677E-08  1.353E-08  3.825E-07  9.308E-07  5.667E-06  1.239E-06
                4.695E-08  1.483E-07  8.041E-07  7.162E-07  5.763E-08  1.066E-07
                7.578E-08  1.266E-07  2.613E-06  7.260E-08  3.983E-07  3.381E-07
                8.483E-07  1.468E-06  6.136E-06  1.067E-07  4.954E-07  5.135E-07
                6.514E-07  4.425E-08  3.968E-08  1.634E-08  3.116E-08  7.467E-08
                1.163E-07  1.287E-07  4.573E-09  1.121E-07  2.325E-07  6.956E-07
                1.349E-06  1.509E-08  4.091E-08  1.414E-07  5.138E-08  3.993E-07
                2.804E-07  8.009E-07  5.606E-07  9.134E-07  1.037E-07  5.801E-08
                1.246E-06  5.629E-08  9.421E-08  6.112E-08  1.201E-07  1.452E-07
                4.355E-07  5.609E-07  2.798E-06  5.742E-07  7.577E-08  3.020E-08
                4.433E-08  4.305E-08  2.481E-07  1.983E-07  2.086E-07  9.302E-08
                7.437E-08  3.433E-07  8.905E-07  1.335E-06  9.340E-08  8.756E-08
                4.037E-08  6.992E-08  1.274E-07  1.029E-07  1.051E-07  2.290E-08
                9.184E-07  9.992E-08  6.761E-07  9.131E-08  2.701E-07  1.655E-06
                2.050E-06  1.405E-06  2.447E-07  2.993E-07  2.338E-07  1.113E-07
                1.605E-07  2.689E-07  2.478E-08  9.596E-09  8.122E-09  2.243E-08
                3.831E-07  3.863E-07  4.559E-07  7.816E-07  5.681E-07  1.577E-08
                1.185E-08  5.080E-08  5.034E-08  4.440E-07  1.200E-06
1.88174715E+02  1.039E-03  8.431E-04  4.107E-04  3.996E-04  5.643E-04  1.159E-06
                3.705E-03  7.598E-04  5.796E-06  1.318E-06  4.555E-05  7.717E-04
                1.417E-03  2.161E-05  2.075E-05  9.262E-08  4.634E-07  3.886E-07
                3.752E-07  3.671E-07  1.050E-07  2.288E-07  2.492E-07  4.085E-08
                1.871E-07  5.847E-07  9.993E-07  1.941E-07  1.884E-07  4.804E-07
                4.789E-07  6.836E-08  1.330E-06  7.661E-07  1.953E-07  1.532E-07
                2.244E-10  1.120E-07  4.343E-08  1.030E-06  6.527E-07  3.316E-07
                5.095E-07  1.375E-08  3.521E-08  7.344E-08  9.705E-08  1.816E-07
                3.389E-06  2.586E-07  4.966E-08  3.882E-07  1.406E-08  7.738E-07
                4.698E-07  2.792E-07  1.911E-07  5.727E-07  2.318E-06  5.062E-07
                9.855E-08  1.450E-09  1.813E-09  8.903E-11  1.260E-07  9.141E-08
                2.957E-08  1.004E-08  2.169E-07  2.008E-07  2.617E-07  6.374E-07
                1.097E-06  3.438E-07  7.057E-07  5.342E-08  1.449E-07  2.518E-08
                3.162E-07  1.268E-07  4.400E-07  1.303E-08  1.033E-07  1.147E-07
                2.531E-06  1.039E-06  2.781E-10  2.700E-10  7.897E-11  7.597E-11
                7.216E-11  1.472E-07  7.859E-08  3.078E-07  4.428E-07  1.798E-07
                6.744E-07  4.304E-08  9.487E-07  1.147E-06  3.789E-08  5.694E-08
                7.350E-08  9.708E-09  3.828E-08  5.733E-08  1.098E-07  1.224E-07
                3.283E-08  1.094E-08  3.367E-07  8.183E-07  4.594E-06  1.003E-06
                3.844E-08  1.084E-07  6.328E-07  5.792E-07  4.301E-08  7.976E-08
                5.615E-08  9.594E-08  1.699E-06  6.174E-08  3.349E-07  2.496E-07
                6.225E-07  1.199E-06  5.016E-06  8.497E-08  4.279E-07  4.451E-07
                4.219E-07  3.856E-08  3.366E-08  1.298E-08  2.772E-08  6.778E-08
                1.055E-07  1.162E-07  2.918E-09  8.399E-08  1.854E-07  5.549E-07
                1.081E-06  1.061E-08  3.684E-08  1.145E-07  4.071E-08  2.948E-07
                2.116E-07  6.270E-07  4.410E-07  7.175E-07  8.934E-08  4.864E-08
                9.564E-07  4.665E-08  7.913E-08  4.300E-08  8.747E-08  1.157E-07
                3.471E-07  4.644E-07  2.320E-06  4.294E-07  6.794E-08  2.352E-08
                3.521E-08  3.628E-08  2.213E-07  1.542E-07  1.611E-07  8.357E-08
                5.811E-08  2.717E-07  7.029E-07  1.050E-06  7.870E-08  6.617E-08
                3.133E-08  5.215E-08  9.333E-08  8.017E-08  7.617E-08  1.843E-08
                7.803E-07  7.958E-08  5.693E-07  7.722E-08  2.354E-07  1.407E-06
                1.753E-06  1.203E-06  1.875E-07  2.412E-07  2.032E-07  8.161E-08
                1.191E-07  2.064E-07  1.045E-08  3.982E-09  5.202E-09  1.602E-08
                3.188E-07  3.212E-07  3.743E-07  6.449E-07  4.640E-07  1.010E-08
                7.695E-09  4.212E-08  4.178E-08  3.666E-07  1.003E-06
2.01782715E+02  7.474E-04  5.970E-04  2.926E-04  2.806E-04  4.016E-04  8.917E-07
                2.800E-03  5.743E-04  4.427E-06  9.987E-07  3.539E-05  6.034E-04
                1.110E-03  1.378E-05  1.314E-05  8.053E-08  4.196E-07  2.608E-07
                3.403E-07  2.674E-07  8.435E-08  1.839E-07  2.266E-07  4.160E-08
                8.274E-08  2.174E-07  3.108E-07  1.490E-07  1.255E-07  3.228E-07
                3.327E-07  5.506E-08  1.188E-06  3.950E-07  1.566E-07  1.152E-07
                1.575E-10  8.638E-08  3.168E-08  7.595E-07  4.439E-07  2.520E-07
                3.828E-07  1.083E-08  3.039E-08  6.415E-08  9.024E-08  1.730E-07
                2.612E-06  2.441E-07  3.704E-08  3.652E-07  1.337E-08  7.325E-07
                3.467E-07  2.072E-07  1.404E-07  4.157E-07  2.100E-06  4.439E-07
                8.382E-08  1.271E-09  1.232E-09  6.683E-11  7.834E-08  6.117E-08
                2.174E-08  7.408E-09  1.692E-07  1.569E-07  2.128E-07  4.477E-07
                7.698E-07  2.666E-07  5.542E-07  3.525E-08  1.146E-07  1.454E-08
                2.678E-07  1.100E-07  3.758E-07  5.772E-09  7.819E-08  8.084E-08
                2.096E-06  8.510E-07  2.086E-10  2.148E-10  7.194E-11  5.703E-11
                4.054E-11  1.294E-07  5.860E-08  2.806E-07  3.233E-07  1.294E-07
                5.046E-07  6.134E-08  7.714E-07  9.300E-07  3.254E-08  4.650E-08
                6.090E-08  7.784E-09  3.793E-08  4.983E-08  9.303E-08  1.053E-07
                4.020E-08  9.471E-09  2.398E-07  5.823E-07  3.229E-06  7.074E-07
                2.548E-08  9.377E-08  4.769E-07  4.109E-07  3.373E-08  6.366E-08
                4.395E-08  7.490E-08  1.505E-06  5.042E-08  2.561E-07  1.858E-07
                4.643E-07  8.574E-07  3.583E-06  5.935E-08  3.079E-07  3.191E-07
                3.927E-07  2.229E-08  1.982E-08  7.229E-09  1.597E-08  3.874E-08
                6.034E-08  6.708E-08  2.449E-09  6.891E-08  1.404E-07  4.215E-07
                8.225E-07  6.164E-09  2.157E-08  1.081E-07  4.004E-08  2.195E-07
                1.536E-07  4.817E-07  3.370E-07  5.503E-07  6.562E-08  3.403E-08
                7.622E-07  2.894E-08  4.837E-08  3.544E-08  6.559E-08  1.036E-07
                2.555E-07  3.413E-07  1.746E-06  3.514E-07  3.999E-08  1.423E-08
                2.281E-08  2.185E-08  1.697E-07  1.187E-07  1.255E-07  6.415E-08
                4.357E-08  2.088E-07  5.380E-07  8.030E-07  4.739E-08  5.410E-08
                2.507E-08  3.797E-08  8.435E-08  5.655E-08  7.050E-08  1.216E-08
                5.516E-07  5.478E-08  4.107E-07  6.451E-08  1.763E-07  9.805E-07
                1.218E-06  8.361E-07  1.363E-07  1.750E-07  1.386E-07  5.897E-08
                9.022E-08  1.517E-07  2.038E-08  7.739E-09  4.845E-09  1.202E-08
                2.438E-07  2.463E-07  2.780E-07  4.841E-07  3.433E-07  9.992E-09
                7.728E-09  3.129E-08  3.205E-08  2.783E-07  7.508E-07
