          16           7
         215          13           1           1
           0          -4           0          -4           0          -6           0          -2           0          -4           0           6           0           4           0           2           0           4           0           6           0           2           0           4           0           2           0          -4           0          -2           0           2           0           4           0           6           0           2           0           4           0           6           0           4           0          -2           0          -2           0          -4           0          -6           0          -8           0          -2           0          -4           0          -6           0          -4           0           2           0          -4           0          -6           0          -2           0          -4           0          -6           0          -6           0          -8           0          -4           0          -6           0          -2           0          -4           0           4           0           6           0           8           0          10           0           4           0          -4           0           2           0           6           0           4           0           8           0           2           0          -4           0          -2           0           6           0           6           0           4           0           2           0           8           0           4           0           6           0           8           0           4           0           6           0           8           0          10           0           4           0           6           0           8           0           6           0           4           0           2           0           6           0           2           0           4           0           2           0          -4           0          -2           0          -6           0          -8           0           6           0           4           0          -4           0          -6           0          -2           0          -4           0          -6           0          -8           0         -10           0          -2           0          -4           0          -6           0          -4           0          -2           0          -6           0          -8           0          -2           0          -4           0           2           0           4           0           6           0           8           0           4           0           4           0           6           0           8           0           2           0          10           0           8           0           6           0           4           0           2           0           6           0           6           0           4           0           4           0           2           0           4           0           6           0           8           0          -4           0           2           0           4           0          -6           0          -4           0           2           0           4           0           6           0           4           0           6           0          -2           0          -4           0          -6           0          -8           0         -10           0          -6           0          -8           0         -10           0         -12           0           2           0          -2           0          -4           0          -6           0          -8           0          -2           0          -8           0         -10           0          -4           0          -2           0          -6           0          -4           0          -2           0          -4           0          -2           0          -4           0          -6           0          -4           0          -8           0          -6           0           2           0           4           0           2           0           4           0           6           0         -10           0          -8           0          -6           0          -4           0           6           0          -2           0          -4           0           8           0          -6           0          -2           0          -4           0          -6           0          -8           0           4           0           6           0          -4           0          -6           0          -6           0          -8           0          -2           0           2           0          -4           0           4           0           6           0           4           0           4           0           2           0           2           0          -4           0          -6           0          -8           0          -2           0          -4           0          -6           0          -8           0         -10           0          -8           0          -6           0          -4           0          -2           0          -2           0          -4           0          -6           0          -6           0          -8           0          -4           0          -2           0          -6           0          -4
    0.000000E+00    9.645106E-03    9.843162E-03    1.435602E-02    1.458263E-02
    4.247197E-02    4.320385E-02    4.360158E-02    5.944295E-02    5.948713E-02
    6.922989E-02    7.316769E-02    7.411300E-02    1.134727E-01    1.147319E-01
    2.354040E-01    2.358931E-01    2.366026E-01    2.382857E-01    2.391328E-01
    2.438023E-01    2.438287E-01    2.461520E-01    2.471700E-01    2.474363E-01
    2.479076E-01    2.485433E-01    2.486026E-01    2.487216E-01    2.491410E-01
    2.502551E-01    2.507374E-01    2.510783E-01    2.511300E-01    2.524691E-01
    2.524772E-01    2.554279E-01    2.561102E-01    2.563381E-01    2.591442E-01
    2.591854E-01    2.609226E-01    2.615363E-01    2.619649E-01    2.622131E-01
    2.625883E-01    2.631076E-01    2.632646E-01    2.633261E-01    2.634365E-01
    2.637297E-01    2.638533E-01    2.640096E-01    2.643758E-01    2.644930E-01
    2.645338E-01    2.648466E-01    2.652759E-01    2.655531E-01    2.656939E-01
    2.657640E-01    2.676748E-01    2.677713E-01    2.679166E-01    2.688115E-01
    2.690337E-01    2.711118E-01    2.712141E-01    2.720014E-01    2.721113E-01
    2.724223E-01    2.724984E-01    2.725578E-01    2.726085E-01    2.727219E-01
    2.737570E-01    2.740430E-01    2.746587E-01    2.763855E-01    2.763956E-01
    2.763957E-01    2.764682E-01    2.789238E-01    2.791446E-01    2.808157E-01
    2.808428E-01    2.816082E-01    2.816156E-01    2.816277E-01    2.816445E-01
    2.816660E-01    2.832213E-01    2.832636E-01    2.833497E-01    2.872720E-01
    2.872722E-01    2.872783E-01    2.873017E-01    2.873787E-01    2.874354E-01
    2.875828E-01    2.876419E-01    2.877951E-01    2.879672E-01    2.884374E-01
    2.885530E-01    2.886000E-01    2.886971E-01    2.887362E-01    2.888178E-01
    2.901974E-01    2.902310E-01    2.934227E-01    2.936053E-01    2.936679E-01
    2.948139E-01    2.948751E-01    2.949134E-01    2.954910E-01    2.955387E-01
    2.955818E-01    2.956302E-01    2.974080E-01    2.974265E-01    2.978254E-01
    2.979930E-01    2.980044E-01    2.981863E-01    2.981951E-01    2.982014E-01
    2.986863E-01    2.989406E-01    2.997979E-01    3.013547E-01    3.014398E-01
    3.015665E-01    3.017420E-01    3.025165E-01    3.025355E-01    3.025686E-01
    3.026262E-01    3.032771E-01    3.036433E-01    3.036673E-01    3.036996E-01
    3.037196E-01    3.041292E-01    3.046134E-01    3.046301E-01    3.048276E-01
    3.048611E-01    3.049614E-01    3.051740E-01    3.052844E-01    3.060373E-01
    3.062721E-01    3.065126E-01    3.067251E-01    3.072820E-01    3.083217E-01
    3.083847E-01    3.085481E-01    3.086063E-01    3.093086E-01    3.093690E-01
    3.093750E-01    3.093804E-01    3.094500E-01    3.095030E-01    3.095365E-01
    3.096086E-01    3.096683E-01    3.098305E-01    3.098337E-01    3.100372E-01
    3.110986E-01    3.111053E-01    3.111248E-01    3.111449E-01    3.124031E-01
    3.124222E-01    3.126400E-01    3.132139E-01    3.132929E-01    3.134326E-01
    3.163175E-01    3.165548E-01    3.167011E-01    3.167161E-01    3.173537E-01
    3.174815E-01    3.194473E-01    3.198310E-01    3.206567E-01    3.235572E-01
    3.235827E-01    3.236877E-01    3.236885E-01    3.238034E-01    3.239013E-01
    3.239634E-01    3.240075E-01    3.245628E-01    3.245933E-01    3.263728E-01
    3.264517E-01    3.271738E-01    3.284075E-01    3.287843E-01    3.314323E-01
    3.314556E-01    3.324856E-01    3.325179E-01    3.327131E-01    3.333147E-01
           0           2           0           1
  -27.940514715248785               13
3.23631147E+01  2.195E-01  1.799E-01  8.824E-02  8.439E-02  1.193E-01  3.683E-04
                1.154E-01  2.367E-02
4.59711147E+01  7.379E-02  6.956E-02  3.346E-02  3.021E-02  4.218E-02  9.495E-05
                6.689E-02  1.387E-02  2.832E-04  1.498E-04  7.577E-04  1.168E-02
                2.094E-02  1.139E-03  1.079E-03
5.95791147E+01  4.126E-02  3.325E-02  1.620E-02  1.556E-02  2.207E-02  6.142E-05
                4.195E-02  8.602E-03  1.490E-04  9.151E-05  4.856E-04  7.737E-03
                1.406E-02  6.273E-04  5.975E-04  2.388E-06  1.154E-05  2.496E-05
                9.219E-06  2.051E-05  3.714E-06  8.077E-06  1.208E-05  1.790E-06
                2.473E-06  6.919E-06  8.517E-06  1.160E-05  1.324E-05  3.271E-05
                2.873E-05  2.826E-06  1.195E-04  2.801E-05  1.277E-05  9.129E-06
                1.279E-08  1.117E-05  4.045E-06  7.171E-05  3.733E-05  2.300E-05
                3.484E-05  1.384E-06  2.465E-06  3.929E-06  6.009E-07  3.529E-06
                1.274E-04  2.216E-06  4.105E-06  4.946E-06  1.045E-06  6.647E-06
                3.313E-05  2.047E-05  1.546E-05  5.230E-05  4.850E-05  2.172E-05
                5.209E-06  1.897E-08  4.770E-08  1.758E-09  2.149E-05  1.143E-05
                4.253E-07  2.194E-08  8.903E-06  8.901E-06  1.268E-05  1.167E-05
                1.447E-05  4.717E-06  3.276E-05  7.138E-06  9.210E-06  3.602E-06
                9.834E-06  4.017E-06  1.403E-05  3.014E-07  6.154E-06  1.106E-05
                7.774E-05  3.099E-05  4.792E-09  6.101E-09  3.624E-09  2.022E-09
                3.183E-09  4.177E-06  1.668E-06  1.019E-05  3.712E-06  1.590E-06
                5.892E-06  1.374E-06  2.767E-05  3.370E-05  8.645E-07  1.050E-06
                1.253E-06  2.504E-07  1.614E-06  1.444E-06  2.755E-06  2.849E-06
                2.462E-06  1.792E-07  8.924E-06  2.146E-05  8.711E-05  1.933E-05
                8.562E-07  2.054E-06  1.162E-05  1.142E-05  8.365E-07  1.259E-06
                8.984E-07  2.202E-06  5.764E-05  1.060E-06  6.468E-06  6.123E-06
                1.567E-05  1.972E-05  8.223E-05  2.301E-06  9.853E-06  1.042E-05
                1.350E-05  2.505E-06  2.678E-06  1.976E-06  1.320E-06  4.184E-06
                6.458E-06  6.937E-06  6.816E-09  2.144E-06  4.345E-06  1.149E-05
                1.976E-05  2.127E-06  9.635E-07  1.490E-05  5.418E-06  7.313E-06
                4.780E-06  1.332E-05  9.291E-06  1.450E-05  1.948E-06  2.219E-06
                1.674E-05  2.702E-06  4.482E-06  2.606E-06  5.602E-06  3.076E-06
                5.883E-06  8.429E-06  4.648E-05  1.458E-05  3.310E-06  2.443E-06
                2.268E-06  2.173E-06  4.814E-06  3.604E-06  4.098E-06  1.779E-06
                2.529E-06  4.792E-06  1.348E-05  2.207E-05  4.147E-06  9.599E-07
                6.823E-07  3.598E-06  7.220E-06  5.749E-06  6.525E-06  9.892E-07
                9.865E-06  3.032E-06  8.175E-06  2.087E-06  3.945E-06  1.683E-05
                1.977E-05  1.309E-05  1.084E-05  1.607E-05  2.367E-05  5.220E-06
                7.405E-06  1.291E-05  1.401E-06  4.516E-07  8.714E-07  1.122E-06
                2.392E-06  2.496E-06  3.247E-06  1.051E-05  1.001E-05  4.164E-07
                6.930E-07  5.999E-07  4.738E-07  4.398E-06  1.170E-05
7.31871147E+01  2.247E-02  1.804E-02  8.787E-03  8.439E-03  1.197E-02  3.320E-05
                2.850E-02  5.844E-03  8.629E-05  4.887E-05  3.332E-04  5.409E-03
                9.855E-03  3.581E-04  3.412E-04  1.545E-06  6.078E-06  1.323E-05
                5.697E-06  1.151E-05  2.944E-06  6.449E-06  5.226E-06  6.517E-07
                1.075E-06  3.362E-06  4.567E-06  6.574E-06  7.301E-06  1.774E-05
                1.395E-05  1.949E-06  4.977E-05  1.366E-05  6.186E-06  5.227E-06
                8.295E-09  5.580E-06  1.995E-06  3.364E-05  1.766E-05  1.089E-05
                1.664E-05  5.690E-07  1.039E-06  1.735E-06  3.158E-07  1.508E-06
                7.124E-05  1.083E-06  2.022E-06  2.056E-06  4.321E-07  3.147E-06
                1.556E-05  9.405E-06  7.715E-06  2.378E-05  2.080E-05  7.504E-06
                2.564E-06  1.127E-08  2.668E-08  1.307E-09  6.733E-06  3.834E-06
                3.284E-07  4.770E-08  5.304E-06  5.214E-06  6.935E-06  6.433E-06
                1.062E-05  3.321E-06  1.856E-05  2.487E-06  3.933E-06  1.589E-06
                6.832E-06  2.743E-06  9.539E-06  1.133E-07  3.125E-06  4.508E-06
                4.679E-05  1.892E-05  3.029E-09  3.759E-09  2.047E-09  1.246E-09
                1.618E-09  3.030E-06  1.508E-06  6.672E-06  2.827E-06  1.272E-06
                4.321E-06  6.323E-07  1.691E-05  2.040E-05  4.329E-07  6.596E-07
                8.565E-07  1.269E-07  4.621E-07  7.322E-07  1.444E-06  1.446E-06
                4.202E-07  1.475E-07  5.325E-06  1.286E-05  5.183E-05  1.139E-05
                5.547E-07  1.181E-06  6.798E-06  6.812E-06  5.664E-07  8.102E-07
                6.228E-07  1.419E-06  3.501E-05  5.735E-07  3.575E-06  4.186E-06
                1.053E-05  1.204E-05  5.036E-05  1.117E-06  6.141E-06  6.470E-06
                8.833E-06  1.163E-06  1.181E-06  7.970E-07  6.700E-07  1.983E-06
                3.079E-06  3.328E-06  1.042E-08  1.221E-06  2.310E-06  6.289E-06
                1.126E-05  8.503E-07  5.553E-07  5.300E-06  1.896E-06  4.876E-06
                3.411E-06  7.273E-06  5.098E-06  8.079E-06  1.117E-06  1.059E-06
                1.025E-05  1.281E-06  2.046E-06  1.312E-06  2.925E-06  1.208E-06
                3.635E-06  4.835E-06  2.516E-05  8.534E-06  1.582E-06  1.037E-06
                1.007E-06  9.864E-07  2.740E-06  1.886E-06  2.063E-06  1.004E-06
                1.070E-06  2.803E-06  7.663E-06  1.224E-05  1.976E-06  5.105E-07
                3.342E-07  1.700E-06  2.833E-06  2.737E-06  2.449E-06  4.942E-07
                6.657E-06  1.740E-06  5.186E-06  1.100E-06  2.156E-06  1.156E-05
                1.403E-05  9.354E-06  5.007E-06  6.885E-06  9.714E-06  2.440E-06
                3.200E-06  5.776E-06  3.103E-07  9.429E-08  3.327E-07  5.668E-07
                2.226E-06  2.241E-06  2.980E-06  6.165E-06  5.469E-06  1.839E-07
                2.709E-07  4.477E-07  3.391E-07  3.002E-06  7.987E-06
8.67951147E+01  1.332E-02  1.068E-02  5.198E-03  4.987E-03  7.084E-03  1.991E-05
                2.017E-02  4.137E-03  5.407E-05  2.824E-05  2.384E-04  3.915E-03
                7.148E-03  2.180E-04  2.076E-04  1.010E-06  3.573E-06  7.587E-06
                3.669E-06  6.910E-06  1.993E-06  4.367E-06  2.949E-06  3.500E-07
                6.845E-07  2.196E-06  3.292E-06  3.951E-06  4.468E-06  1.075E-05
                7.733E-06  1.317E-06  2.459E-05  8.052E-06  3.550E-06  3.132E-06
                5.279E-09  2.984E-06  1.053E-06  1.779E-05  9.507E-06  5.813E-06
                8.845E-06  2.707E-07  4.971E-07  8.612E-07  1.930E-07  9.489E-07
                4.286E-05  8.412E-07  1.121E-06  1.485E-06  2.322E-07  2.480E-06
                8.453E-06  5.028E-06  4.303E-06  1.291E-05  1.300E-05  3.934E-06
                1.429E-06  8.082E-09  1.814E-08  9.771E-10  2.947E-06  1.734E-06
                2.720E-07  5.737E-08  3.267E-06  3.218E-06  4.241E-06  4.707E-06
                7.911E-06  2.538E-06  1.141E-05  1.164E-06  2.154E-06  7.014E-07
                4.726E-06  1.886E-06  6.537E-06  5.616E-08  1.769E-06  2.286E-06
                2.971E-05  1.203E-05  1.982E-09  2.411E-09  1.248E-09  8.257E-10
                9.060E-10  2.175E-06  1.123E-06  4.544E-06  2.146E-06  9.590E-07
                3.245E-06  3.676E-07  1.081E-05  1.304E-05  2.974E-07  4.764E-07
                6.217E-07  8.881E-08  2.448E-07  4.999E-07  1.002E-06  9.992E-07
                1.013E-07  1.068E-07  3.686E-06  8.950E-06  3.334E-05  7.293E-06
                3.709E-07  8.558E-07  4.548E-06  4.358E-06  4.269E-07  5.955E-07
                4.657E-07  1.057E-06  2.237E-05  4.155E-07  2.431E-06  2.748E-06
                6.876E-06  7.930E-06  3.310E-05  7.527E-07  4.334E-06  4.560E-06
                5.918E-06  6.001E-07  5.962E-07  3.794E-07  3.614E-07  1.004E-06
                1.558E-06  1.689E-06  1.290E-08  8.023E-07  1.440E-06  4.021E-06
                7.373E-06  4.066E-07  3.286E-07  2.174E-06  7.677E-07  3.183E-06
                2.272E-06  4.631E-06  3.242E-06  5.197E-06  6.980E-07  5.751E-07
                6.936E-06  6.904E-07  1.096E-06  7.575E-07  1.691E-06  6.753E-07
                2.488E-06  3.070E-06  1.548E-05  5.724E-06  8.482E-07  5.244E-07
                5.384E-07  5.281E-07  1.825E-06  1.169E-06  1.274E-06  6.624E-07
                5.829E-07  1.856E-06  4.990E-06  7.831E-06  1.100E-06  3.697E-07
                2.139E-07  9.296E-07  1.382E-06  1.488E-06  1.151E-06  2.807E-07
                4.642E-06  1.066E-06  3.543E-06  6.975E-07  1.389E-06  8.276E-06
                1.004E-05  6.758E-06  2.669E-06  3.426E-06  4.437E-06  1.335E-06
                1.688E-06  3.002E-06  8.940E-08  2.536E-08  1.542E-07  3.179E-07
                1.724E-06  1.722E-06  2.259E-06  4.162E-06  3.453E-06  1.110E-07
                1.360E-07  3.132E-07  2.486E-07  2.145E-06  5.749E-06
1.00403115E+02  8.406E-03  6.740E-03  3.280E-03  3.150E-03  4.482E-03  1.185E-05
                1.498E-02  3.073E-03  3.546E-05  1.661E-05  1.787E-04  2.961E-03
                5.415E-03  1.448E-04  1.383E-04  6.556E-07  2.235E-06  4.494E-06
                2.372E-06  4.174E-06  1.283E-06  2.807E-06  1.812E-06  2.144E-07
                5.332E-07  1.723E-06  2.791E-06  2.427E-06  2.754E-06  6.643E-06
                4.588E-06  8.459E-07  1.346E-05  5.172E-06  2.158E-06  1.945E-06
                3.344E-09  1.698E-06  5.970E-07  1.017E-05  5.565E-06  3.374E-06
                5.134E-06  1.455E-07  2.739E-07  4.901E-07  1.672E-07  6.708E-07
                2.747E-05  7.052E-07  6.437E-07  1.178E-06  1.291E-07  2.099E-06
                4.961E-06  2.911E-06  2.506E-06  7.422E-06  9.189E-06  2.486E-06
                8.572E-07  5.863E-09  1.209E-08  6.919E-10  1.515E-06  9.158E-07
                2.110E-07  5.368E-08  2.037E-06  1.984E-06  2.592E-06  3.431E-06
                5.833E-06  1.896E-06  7.010E-06  6.216E-07  1.266E-06  3.616E-07
                3.178E-06  1.268E-06  4.383E-06  3.780E-08  1.052E-06  1.281E-06
                1.982E-05  8.025E-06  1.404E-09  1.647E-09  7.891E-10  5.645E-10
                5.612E-10  1.486E-06  7.713E-07  3.054E-06  1.680E-06  7.382E-07
                2.540E-06  2.422E-07  7.245E-06  8.769E-06  2.187E-07  3.535E-07
                4.595E-07  6.480E-08  1.718E-07  3.603E-07  7.183E-07  7.222E-07
                5.184E-08  7.210E-08  2.526E-06  6.152E-06  2.334E-05  5.100E-06
                2.502E-07  6.320E-07  3.260E-06  3.034E-06  3.161E-07  4.484E-07
                3.532E-07  7.661E-07  1.496E-05  3.139E-07  1.760E-06  1.851E-06
                4.632E-06  5.669E-06  2.365E-05  5.570E-07  3.035E-06  3.186E-06
                3.996E-06  3.458E-07  3.373E-07  2.024E-07  2.163E-07  5.629E-07
                8.743E-07  9.519E-07  1.430E-08  5.511E-07  9.904E-07  2.820E-06
                5.252E-06  2.176E-07  2.076E-07  1.022E-06  3.574E-07  2.149E-06
                1.535E-06  3.227E-06  2.257E-06  3.646E-06  4.662E-07  3.474E-07
                4.999E-06  4.060E-07  6.452E-07  4.585E-07  1.013E-06  4.600E-07
                1.799E-06  2.154E-06  1.068E-05  3.836E-06  5.061E-07  2.971E-07
                3.226E-07  3.156E-07  1.247E-06  8.054E-07  8.747E-07  4.521E-07
                3.687E-07  1.327E-06  3.529E-06  5.463E-06  6.664E-07  2.957E-07
                1.568E-07  5.525E-07  7.757E-07  8.732E-07  6.332E-07  1.710E-07
                3.451E-06  6.769E-07  2.594E-06  4.608E-07  9.870E-07  6.261E-06
                7.592E-06  5.152E-06  1.590E-06  1.941E-06  2.234E-06  8.054E-07
                1.017E-06  1.758E-06  3.678E-08  1.103E-08  7.875E-08  1.889E-07
                1.312E-06  1.310E-06  1.706E-06  3.018E-06  2.404E-06  7.099E-08
                7.421E-08  2.192E-07  1.842E-07  1.591E-06  4.288E-06
1.14011115E+02  5.614E-03  4.507E-03  2.194E-03  2.106E-03  2.993E-03  8.345E-06
                1.126E-02  2.308E-03  2.504E-05  1.111E-05  1.346E-04  2.243E-03
                4.105E-03  9.671E-05  9.217E-05  4.357E-07  1.420E-06  2.584E-06
                1.602E-06  2.498E-06  8.622E-07  1.887E-06  1.299E-06  1.651E-07
                3.960E-07  1.236E-06  2.045E-06  1.600E-06  1.771E-06  4.302E-06
                2.937E-06  5.690E-07  8.624E-06  3.435E-06  1.432E-06  1.285E-06
                2.140E-09  1.034E-06  3.624E-07  6.493E-06  3.610E-06  2.174E-06
                3.295E-06  8.668E-08  1.700E-07  3.121E-07  1.537E-07  5.201E-07
                1.873E-05  5.965E-07  3.941E-07  9.657E-07  7.313E-08  1.787E-06
                3.174E-06  1.865E-06  1.569E-06  4.624E-06  6.958E-06  1.767E-06
                5.584E-07  4.502E-09  8.482E-09  4.738E-10  9.031E-07  5.614E-07
                1.571E-07  4.306E-08  1.363E-06  1.319E-06  1.731E-06  2.572E-06
                4.358E-06  1.440E-06  4.666E-06  3.860E-07  8.552E-07  2.138E-07
                2.286E-06  9.146E-07  3.154E-06  2.820E-08  6.922E-07  8.116E-07
                1.403E-05  5.660E-06  1.051E-09  1.205E-09  5.456E-10  3.986E-10
                3.670E-10  1.089E-06  5.496E-07  2.225E-06  1.349E-06  5.800E-07
                2.051E-06  1.800E-07  5.139E-06  6.213E-06  1.672E-07  2.719E-07
                3.547E-07  4.908E-08  1.332E-07  2.675E-07  5.392E-07  5.498E-07
                3.984E-08  5.707E-08  1.838E-06  4.478E-06  1.677E-05  3.665E-06
                1.816E-07  4.782E-07  2.402E-06  2.171E-06  2.362E-07  3.434E-07
                2.727E-07  5.629E-07  1.062E-05  2.438E-07  1.331E-06  1.279E-06
                3.200E-06  4.133E-06  1.723E-05  4.178E-07  2.251E-06  2.369E-06
                2.904E-06  2.175E-07  2.087E-07  1.177E-07  1.404E-07  3.488E-07
                5.416E-07  5.920E-07  1.227E-08  3.884E-07  7.283E-07  2.108E-06
                3.977E-06  1.233E-07  1.452E-07  5.573E-07  1.937E-07  1.487E-06
                1.064E-06  2.428E-06  1.697E-06  2.751E-06  3.342E-07  2.295E-07
                3.783E-06  2.596E-07  4.161E-07  2.980E-07  6.479E-07  3.406E-07
                1.334E-06  1.556E-06  7.661E-06  2.821E-06  3.342E-07  1.834E-07
                2.107E-07  2.064E-07  9.583E-07  6.011E-07  6.475E-07  3.485E-07
                2.577E-07  1.008E-06  2.662E-06  4.084E-06  4.413E-07  2.351E-07
                1.188E-07  3.540E-07  5.065E-07  5.501E-07  4.090E-07  1.109E-07
                2.544E-06  4.525E-07  1.912E-06  3.509E-07  7.385E-07  4.677E-06
                5.657E-06  3.854E-06  1.044E-06  1.246E-06  1.298E-06  5.243E-07
                6.705E-07  1.146E-06  2.788E-08  9.588E-09  4.157E-08  1.136E-07
                1.040E-06  1.040E-06  1.328E-06  2.302E-06  1.788E-06  4.948E-08
                4.596E-08  1.616E-07  1.421E-07  1.244E-06  3.345E-06
1.27619115E+02  3.845E-03  3.089E-03  1.503E-03  1.446E-03  2.060E-03  5.189E-06
                8.879E-03  1.821E-03  1.779E-05  6.845E-06  1.074E-04  1.799E-03
                3.297E-03  7.057E-05  6.745E-05  3.048E-07  1.055E-06  1.716E-06
                1.127E-06  1.654E-06  5.601E-07  1.225E-06  9.079E-07  1.192E-07
                3.707E-07  1.167E-06  1.997E-06  1.044E-06  1.136E-06  2.788E-06
                1.947E-06  3.685E-07  5.456E-06  2.513E-06  9.382E-07  8.387E-07
                1.400E-09  6.443E-07  2.285E-07  4.145E-06  2.387E-06  1.401E-06
                2.133E-06  5.506E-08  1.113E-07  2.098E-07  1.399E-07  4.007E-07
                1.286E-05  4.979E-07  2.507E-07  7.867E-07  4.147E-08  1.495E-06
                2.054E-06  1.194E-06  1.012E-06  3.000E-06  5.398E-06  1.298E-06
                3.748E-07  3.545E-09  6.324E-09  3.438E-10  5.603E-07  3.580E-07
                1.164E-07  3.402E-08  9.414E-07  8.993E-07  1.166E-06  1.994E-06
                3.280E-06  1.077E-06  3.170E-06  2.431E-07  5.706E-07  1.304E-07
                1.548E-06  6.188E-07  2.136E-06  2.542E-08  4.631E-07  5.257E-07
                9.726E-06  3.933E-06  7.969E-10  8.797E-10  3.650E-10  2.877E-10
                2.715E-10  7.337E-07  3.765E-07  1.493E-06  1.084E-06  4.594E-07
                1.648E-06  1.309E-07  3.572E-06  4.336E-06  1.253E-07  2.021E-07
                2.624E-07  3.601E-08  9.950E-08  1.995E-07  3.960E-07  4.083E-07
                3.524E-08  3.893E-08  1.334E-06  3.253E-06  1.261E-05  2.757E-06
                1.298E-07  3.512E-07  1.806E-06  1.625E-06  1.723E-07  2.583E-07
                2.040E-07  4.061E-07  7.240E-06  1.865E-07  1.011E-06  9.099E-07
                2.277E-06  3.159E-06  1.318E-05  3.135E-07  1.631E-06  1.712E-06
                1.961E-06  1.552E-07  1.444E-07  7.501E-08  1.039E-07  2.526E-07
                3.924E-07  4.304E-07  1.019E-08  2.780E-07  5.434E-07  1.590E-06
                3.026E-06  7.231E-08  1.035E-07  4.104E-07  1.432E-07  1.064E-06
                7.609E-07  1.827E-06  1.279E-06  2.076E-06  2.447E-07  1.564E-07
                2.828E-06  1.730E-07  2.780E-07  2.015E-07  4.339E-07  2.665E-07
                1.010E-06  1.196E-06  5.885E-06  1.950E-06  2.489E-07  1.217E-07
                1.457E-07  1.469E-07  7.032E-07  4.503E-07  4.810E-07  2.574E-07
                1.856E-07  7.666E-07  2.016E-06  3.075E-06  3.187E-07  1.864E-07
                9.266E-08  2.389E-07  3.662E-07  3.718E-07  2.970E-07  7.487E-08
                2.000E-06  3.131E-07  1.488E-06  2.525E-07  5.802E-07  3.683E-06
                4.480E-06  3.066E-06  7.232E-07  8.764E-07  8.784E-07  3.529E-07
                4.622E-07  7.933E-07  2.112E-08  7.486E-09  2.661E-08  7.477E-08
                8.130E-07  8.147E-07  1.022E-06  1.770E-06  1.356E-06  3.502E-08
                3.099E-08  1.206E-07  1.095E-07  9.686E-07  2.612E-06
1.41227115E+02  2.779E-03  2.232E-03  1.087E-03  1.045E-03  1.486E-03  4.163E-06
                6.880E-03  1.411E-03  1.350E-05  5.109E-06  8.321E-05  1.398E-03
                2.563E-03  4.922E-05  4.690E-05  2.192E-07  7.768E-07  1.050E-06
                8.345E-07  1.045E-06  3.926E-07  8.579E-07  6.953E-07  9.984E-08
                2.647E-07  8.001E-07  1.342E-06  7.127E-07  7.455E-07  1.850E-06
                1.355E-06  2.586E-07  4.117E-06  1.723E-06  6.730E-07  5.820E-07
                9.070E-10  4.203E-07  1.489E-07  3.014E-06  1.735E-06  1.023E-06
                1.551E-06  3.941E-08  8.574E-08  1.649E-07  1.428E-07  3.381E-07
                9.590E-06  4.308E-07  1.664E-07  6.699E-07  2.828E-08  1.296E-06
                1.467E-06  8.652E-07  6.861E-07  2.017E-06  4.367E-06  1.026E-06
                2.745E-07  2.799E-09  4.390E-09  2.379E-10  3.830E-07  2.531E-07
                8.680E-08  2.644E-08  6.717E-07  6.367E-07  8.366E-07  1.449E-06
                2.506E-06  8.355E-07  2.251E-06  1.687E-07  4.181E-07  8.743E-08
                1.116E-06  4.504E-07  1.547E-06  1.789E-08  3.285E-07  3.675E-07
                7.442E-06  3.003E-06  6.182E-10  6.751E-10  2.685E-10  2.085E-10
                1.821E-10  5.393E-07  2.633E-07  1.117E-06  8.718E-07  3.640E-07
                1.336E-06  1.127E-07  2.744E-06  3.320E-06  9.653E-08  1.547E-07
                2.029E-07  2.666E-08  8.111E-08  1.494E-07  2.976E-07  3.137E-07
                3.607E-08  3.008E-08  9.245E-07  2.253E-06  9.738E-06  2.129E-06
                9.613E-08  2.766E-07  1.408E-06  1.248E-06  1.256E-07  2.004E-07
                1.544E-07  2.894E-07  5.499E-06  1.415E-07  7.639E-07  6.689E-07
                1.677E-06  2.463E-06  1.027E-05  2.290E-07  1.159E-06  1.215E-06
                1.482E-06  1.020E-07  9.422E-08  4.614E-08  6.932E-08  1.659E-07
                2.580E-07  2.840E-07  8.441E-09  2.110E-07  4.203E-07  1.241E-06
                2.381E-06  4.462E-08  7.735E-08  2.659E-07  9.381E-08  7.849E-07
                5.571E-07  1.435E-06  1.003E-06  1.631E-06  1.875E-07  1.140E-07
                2.237E-06  1.206E-07  1.970E-07  1.379E-07  2.883E-07  2.188E-07
                7.774E-07  9.288E-07  4.578E-06  1.404E-06  1.677E-07  7.845E-08
                9.989E-08  9.890E-08  5.293E-07  3.536E-07  3.762E-07  1.950E-07
                1.401E-07  6.053E-07  1.583E-06  2.399E-06  2.136E-07  1.507E-07
                7.247E-08  1.618E-07  2.570E-07  2.452E-07  2.090E-07  5.141E-08
                1.543E-06  2.184E-07  1.149E-06  1.931E-07  4.552E-07  2.834E-06
                3.453E-06  2.365E-06  5.126E-07  6.149E-07  5.550E-07  2.459E-07
                3.314E-07  5.613E-07  2.541E-08  9.668E-09  1.681E-08  4.967E-08
                6.551E-07  6.579E-07  8.089E-07  1.388E-06  1.044E-06  2.693E-08
                2.182E-08  9.250E-08  8.716E-08  7.717E-07  2.078E-06
1.54835115E+02  2.023E-03  1.632E-03  7.945E-04  7.678E-04  1.091E-03  2.568E-06
                5.757E-03  1.181E-03  1.019E-05  3.181E-06  7.017E-05  1.183E-03
                2.170E-03  3.933E-05  3.765E-05  1.641E-07  6.624E-07  7.888E-07
                6.327E-07  7.611E-07  2.555E-07  5.580E-07  4.934E-07  7.216E-08
                2.717E-07  8.483E-07  1.459E-06  4.748E-07  4.908E-07  1.229E-06
                9.733E-07  1.676E-07  2.765E-06  1.399E-06  4.520E-07  3.845E-07
                6.005E-10  2.764E-07  1.009E-07  2.087E-06  1.255E-06  7.013E-07
                1.072E-06  2.752E-08  6.169E-08  1.215E-07  1.242E-07  2.712E-07
                6.849E-06  3.641E-07  1.124E-07  5.582E-07  1.982E-08  1.093E-06
                1.010E-06  5.919E-07  4.585E-07  1.367E-06  3.540E-06  8.068E-07
                1.930E-07  2.284E-09  3.443E-09  1.790E-10  2.670E-07  1.806E-07
                6.296E-08  1.995E-08  4.745E-07  4.452E-07  5.763E-07  1.154E-06
                1.960E-06  6.328E-07  1.567E-06  1.160E-07  2.938E-07  5.884E-08
                7.439E-07  2.989E-07  1.031E-06  1.829E-08  2.284E-07  2.536E-07
                5.231E-06  2.123E-06  4.880E-10  5.077E-10  1.802E-10  1.557E-10
                1.460E-10  3.524E-07  1.799E-07  7.295E-07  7.190E-07  2.975E-07
                1.096E-06  7.841E-08  1.938E-06  2.353E-06  7.205E-08  1.138E-07
                1.479E-07  1.955E-08  6.221E-08  1.110E-07  2.176E-07  2.323E-07
                3.475E-08  2.098E-08  6.869E-07  1.674E-06  7.814E-06  1.707E-06
                7.218E-08  2.020E-07  1.102E-06  9.940E-07  9.091E-08  1.507E-07
                1.140E-07  2.076E-07  3.739E-06  1.096E-07  5.953E-07  4.930E-07
                1.235E-06  1.998E-06  8.348E-06  1.728E-07  8.575E-07  8.959E-07
                9.755E-07  7.997E-08  7.173E-08  3.228E-08  5.587E-08  1.344E-07
                2.090E-07  2.302E-07  6.230E-09  1.557E-07  3.277E-07  9.734E-07
                1.877E-06  2.821E-08  6.132E-08  2.197E-07  7.756E-08  5.816E-07
                4.139E-07  1.116E-06  7.823E-07  1.272E-06  1.474E-07  8.532E-08
                1.713E-06  8.853E-08  1.455E-07  9.649E-08  2.020E-07  1.780E-07
                6.119E-07  7.607E-07  3.756E-06  9.592E-07  1.352E-07  5.592E-08
                7.406E-08  7.581E-08  3.997E-07  2.744E-07  2.893E-07  1.485E-07
                1.067E-07  4.748E-07  1.239E-06  1.869E-06  1.652E-07  1.175E-07
                5.655E-08  1.152E-07  1.926E-07  1.769E-07  1.572E-07  3.744E-08
                1.285E-06  1.608E-07  9.445E-07  1.416E-07  3.774E-07  2.350E-06
                2.890E-06  1.983E-06  3.793E-07  4.703E-07  4.265E-07  1.752E-07
                2.419E-07  4.165E-07  1.718E-08  6.481E-09  1.188E-08  3.511E-08
                5.266E-07  5.295E-07  6.420E-07  1.106E-06  8.231E-07  1.958E-08
                1.572E-08  7.272E-08  6.963E-08  6.178E-07  1.675E-06
1.68443115E+02  1.496E-03  1.199E-03  5.841E-04  5.621E-04  8.026E-04  2.143E-06
                4.483E-03  9.194E-04  7.921E-06  2.460E-06  5.520E-05  9.339E-04
                1.715E-03  2.712E-05  2.583E-05  1.297E-07  5.482E-07  5.170E-07
                5.163E-07  5.195E-07  1.903E-07  4.158E-07  4.123E-07  6.659E-08
                1.643E-07  4.740E-07  7.665E-07  3.426E-07  3.291E-07  8.337E-07
                6.984E-07  1.249E-07  2.285E-06  8.997E-07  3.430E-07  2.780E-07
                4.057E-10  1.932E-07  6.958E-08  1.584E-06  9.264E-07  5.351E-07
                8.134E-07  2.147E-08  5.161E-08  1.031E-07  1.195E-07  2.394E-07
                5.300E-06  3.217E-07  8.093E-08  4.895E-07  1.716E-08  9.673E-07
                7.526E-07  4.462E-07  3.291E-07  9.753E-07  2.984E-06  6.648E-07
                1.534E-07  1.894E-09  2.494E-09  1.310E-10  1.839E-07  1.312E-07
                4.741E-08  1.533E-08  3.568E-07  3.341E-07  4.424E-07  8.581E-07
                1.478E-06  4.958E-07  1.181E-06  8.193E-08  2.261E-07  3.925E-08
                5.753E-07  2.340E-07  8.017E-07  1.125E-08  1.700E-07  1.834E-07
                4.173E-06  1.687E-06  3.784E-10  3.996E-10  1.439E-10  1.141E-10
                9.440E-11  2.788E-07  1.322E-07  5.885E-07  5.632E-07  2.304E-07
                8.687E-07  7.957E-08  1.540E-06  1.862E-06  5.801E-08  8.962E-08
                1.175E-07  1.518E-08  5.422E-08  8.879E-08  1.740E-07  1.898E-07
                3.721E-08  1.754E-08  5.025E-07  1.223E-06  5.911E-06  1.293E-06
                5.294E-08  1.651E-07  8.573E-07  7.529E-07  6.881E-08  1.188E-07
                8.778E-08  1.555E-07  3.011E-06  8.650E-08  4.630E-07  3.727E-07
                9.348E-07  1.528E-06  6.379E-06  1.244E-07  6.365E-07  6.645E-07
                7.951E-07  5.202E-08  4.671E-08  1.988E-08  3.656E-08  8.741E-08
                1.360E-07  1.504E-07  4.910E-09  1.229E-07  2.552E-07  7.621E-07
                1.476E-06  1.747E-08  4.333E-08  1.665E-07  5.996E-08  4.400E-07
                3.101E-07  8.794E-07  6.152E-07  1.002E-06  1.135E-07  6.290E-08
                1.368E-06  6.150E-08  1.019E-07  7.075E-08  1.414E-07  1.520E-07
                4.692E-07  5.876E-07  2.934E-06  7.486E-07  8.988E-08  3.622E-08
                5.106E-08  5.065E-08  3.192E-07  2.164E-07  2.285E-07  1.192E-07
                8.182E-08  3.754E-07  9.748E-07  1.466E-06  1.107E-07  9.451E-08
                4.464E-08  8.157E-08  1.483E-07  1.217E-07  1.221E-07  2.606E-08
                9.703E-07  1.142E-07  7.211E-07  1.180E-07  2.984E-07  1.761E-06
                2.166E-06  1.486E-06  2.781E-07  3.440E-07  2.893E-07  1.263E-07
                1.802E-07  3.064E-07  2.246E-08  8.592E-09  8.436E-09  2.454E-08
                4.198E-07  4.229E-07  5.001E-07  8.625E-07  6.318E-07  1.618E-08
                1.256E-08  5.616E-08  5.532E-08  4.878E-07  1.317E-06
1.82051115E+02  1.214E-03  9.826E-04  4.789E-04  4.641E-04  6.549E-04  1.634E-06
                3.890E-03  7.976E-04  6.459E-06  1.805E-06  4.711E-05  7.959E-04
                1.461E-03  2.312E-05  2.210E-05  1.020E-07  4.952E-07  4.478E-07
                4.095E-07  4.137E-07  1.241E-07  2.698E-07  2.702E-07  4.412E-08
                2.044E-07  6.426E-07  1.096E-06  2.190E-07  2.203E-07  5.611E-07
                5.538E-07  8.107E-08  1.609E-06  8.625E-07  2.327E-07  1.839E-07
                2.567E-10  1.275E-07  4.873E-08  1.246E-06  7.753E-07  4.047E-07
                6.190E-07  1.646E-08  4.120E-08  8.386E-08  1.054E-07  1.988E-07
                4.027E-06  2.763E-07  5.709E-08  4.166E-07  1.524E-08  8.277E-07
                5.678E-07  3.416E-07  2.303E-07  6.760E-07  2.505E-06  5.591E-07
                1.136E-07  1.524E-09  1.812E-09  9.435E-11  1.534E-07  1.079E-07
                3.498E-08  1.178E-08  2.554E-07  2.359E-07  3.100E-07  6.516E-07
                1.233E-06  3.900E-07  8.325E-07  6.452E-08  1.697E-07  3.154E-08
                3.412E-07  1.384E-07  4.768E-07  1.251E-08  1.231E-07  1.381E-07
                3.034E-06  1.245E-06  3.120E-10  3.063E-10  9.220E-11  8.849E-11
                8.032E-11  1.608E-07  8.269E-08  3.495E-07  4.863E-07  1.980E-07
                7.426E-07  5.287E-08  1.141E-06  1.377E-06  4.253E-08  6.484E-08
                8.472E-08  1.049E-08  4.139E-08  6.316E-08  1.211E-07  1.352E-07
                3.346E-08  1.093E-08  3.269E-07  7.946E-07  5.298E-06  1.157E-06
                4.245E-08  1.241E-07  7.267E-07  6.655E-07  4.745E-08  9.105E-08
                6.320E-08  1.034E-07  2.027E-06  6.333E-08  3.535E-07  2.905E-07
                7.267E-07  1.376E-06  5.758E-06  9.303E-08  4.235E-07  4.380E-07
                4.816E-07  4.161E-08  3.669E-08  1.449E-08  2.964E-08  7.190E-08
                1.120E-07  1.235E-07  3.660E-09  9.657E-08  2.079E-07  6.225E-07
                1.209E-06  1.283E-08  4.027E-08  1.191E-07  4.270E-08  3.433E-07
                2.434E-07  7.079E-07  4.971E-07  8.095E-07  9.630E-08  5.370E-08
                1.086E-06  5.232E-08  8.855E-08  4.998E-08  1.003E-07  1.299E-07
                3.954E-07  5.258E-07  2.616E-06  4.458E-07  7.157E-08  2.642E-08
                3.959E-08  3.948E-08  2.128E-07  1.753E-07  1.831E-07  8.023E-08
                6.585E-08  3.056E-07  7.922E-07  1.183E-06  8.533E-08  7.611E-08
                3.514E-08  5.903E-08  1.032E-07  8.852E-08  8.464E-08  2.059E-08
                8.712E-07  8.887E-08  6.342E-07  7.501E-08  2.512E-07  1.568E-06
                1.955E-06  1.339E-06  2.122E-07  2.638E-07  2.071E-07  9.501E-08
                1.373E-07  2.324E-07  1.673E-08  6.530E-09  6.435E-09  1.907E-08
                3.475E-07  3.500E-07  4.121E-07  7.054E-07  5.098E-07  1.284E-08
                9.474E-09  4.606E-08  4.553E-08  4.005E-07  1.092E-06
1.95659115E+02  8.371E-04  6.765E-04  3.301E-04  3.202E-04  4.559E-04  8.424E-07
                3.250E-03  6.668E-04  4.953E-06  9.690E-07  4.087E-05  6.957E-04
                1.279E-03  1.748E-05  1.676E-05  8.524E-08  4.307E-07  2.962E-07
                3.538E-07  3.015E-07  9.338E-08  2.039E-07  2.464E-07  4.255E-08
                1.174E-07  3.367E-07  5.383E-07  1.743E-07  1.533E-07  3.915E-07
                3.813E-07  6.076E-08  1.190E-06  5.239E-07  1.700E-07  1.298E-07
                1.913E-10  9.931E-08  3.723E-08  8.255E-07  5.024E-07  2.703E-07
                4.142E-07  1.164E-08  3.291E-08  7.102E-08  9.984E-08  1.743E-07
                2.825E-06  2.494E-07  4.290E-08  3.733E-07  1.402E-08  7.472E-07
                3.814E-07  2.245E-07  1.601E-07  4.800E-07  2.186E-06  4.635E-07
                9.251E-08  1.367E-09  1.598E-09  7.930E-11  9.228E-08  7.116E-08
                2.480E-08  8.463E-09  1.878E-07  1.749E-07  2.320E-07  5.606E-07
                9.075E-07  2.972E-07  6.144E-07  4.087E-08  1.247E-07  1.752E-08
                3.089E-07  1.245E-07  4.301E-07  9.136E-09  8.722E-08  9.217E-08
                2.197E-06  8.922E-07  2.349E-10  2.359E-10  7.487E-11  6.344E-11
                5.334E-11  1.461E-07  7.275E-08  3.025E-07  3.722E-07  1.502E-07
                5.717E-07  4.851E-08  8.127E-07  9.840E-07  3.465E-08  5.065E-08
                6.532E-08  8.935E-09  3.783E-08  5.365E-08  1.022E-07  1.142E-07
                3.597E-08  1.109E-08  3.152E-07  7.660E-07  3.680E-06  8.046E-07
                3.118E-08  9.827E-08  5.281E-07  4.678E-07  3.873E-08  6.953E-08
                4.944E-08  8.815E-08  1.556E-06  5.832E-08  3.016E-07  2.067E-07
                5.160E-07  9.691E-07  4.051E-06  7.214E-08  3.979E-07  4.153E-07
                4.173E-07  2.962E-08  2.600E-08  9.787E-09  2.133E-08  5.198E-08
                8.091E-08  8.945E-08  2.524E-09  7.348E-08  1.573E-07  4.710E-07
                9.189E-07  7.781E-09  2.825E-08  1.062E-07  3.833E-08  2.446E-07
                1.748E-07  5.336E-07  3.745E-07  6.104E-07  7.683E-08  4.031E-08
                8.290E-07  3.622E-08  6.112E-08  3.772E-08  7.426E-08  1.050E-07
                2.883E-07  3.828E-07  1.937E-06  4.220E-07  5.315E-08  1.831E-08
                2.794E-08  2.835E-08  2.152E-07  1.305E-07  1.374E-07  8.127E-08
                4.877E-08  2.315E-07  5.970E-07  8.916E-07  6.178E-08  5.768E-08
                2.764E-08  4.361E-08  8.504E-08  6.689E-08  7.013E-08  1.501E-08
                6.357E-07  6.603E-08  4.709E-07  7.828E-08  2.055E-07  1.143E-06
                1.417E-06  9.734E-07  1.554E-07  2.025E-07  1.718E-07  6.677E-08
                9.961E-08  1.720E-07  1.193E-08  4.474E-09  4.152E-09  1.280E-08
                2.759E-07  2.783E-07  3.187E-07  5.524E-07  3.942E-07  8.805E-09
                6.854E-09  3.599E-08  3.630E-08  3.156E-07  8.585E-07
