3.30435147E+01  1.100E-03
3.33837147E+01  9.490E-04
3.37239147E+01  1.389E-02
3.40641147E+01  4.538E-04
3.44043147E+01  3.932E-04
3.47445147E+01  3.228E-04
3.50847147E+01  3.838E-04
3.54249147E+01  8.486E-04
3.57651147E+01  2.108E-04
3.61053147E+01  5.029E-04
3.64455147E+01  3.151E-04
3.67857147E+01  3.559E-04
3.71259147E+01  3.375E-04
3.74661147E+01  3.369E-04
3.78063147E+01  3.287E-04
3.81465147E+01  3.473E-04
3.84867147E+01  3.737E-04
3.88269147E+01  3.328E-04
3.91671147E+01  2.863E-04
3.95073147E+01  2.689E-04
3.98475147E+01  2.717E-04
4.01877147E+01  2.586E-04
4.05279147E+01  2.553E-04
4.08681147E+01  4.958E-04
4.12083147E+01  3.280E-04
4.15485147E+01  2.236E-03
4.18887147E+01  5.870E-04
4.22289147E+01  2.767E-04
4.25691147E+01  4.444E-03
4.29093147E+01  9.131E-04
4.32495147E+01  2.388E-04
4.35897147E+01  4.321E-04
4.39299147E+01  3.299E-04
4.42701147E+01  9.222E-04
4.46103147E+01  2.056E-04
4.49505147E+01  2.378E-04
4.52907147E+01  2.071E-04
4.56309147E+01  1.879E-04
4.59711147E+01  1.498E-04
4.63113147E+01  4.184E-04
4.66515147E+01  4.372E-04
4.69917147E+01  2.007E-04
4.73319147E+01  5.377E-04
4.76721147E+01  1.703E-04
4.80123147E+01  2.217E-04
4.83525147E+01  2.286E-04
4.86927147E+01  2.110E-04
4.90329147E+01  2.279E-04
4.93731147E+01  1.683E-04
4.97133147E+01  2.743E-04
5.00535147E+01  1.851E-04
5.03937147E+01  1.516E-04
5.07339147E+01  3.015E-04
5.10741147E+01  1.773E-04
5.14143147E+01  1.462E-04
5.17545147E+01  1.571E-04
5.20947147E+01  1.316E-04
5.24349147E+01  1.324E-04
5.27751147E+01  1.348E-04
5.31153147E+01  1.256E-04
5.34555147E+01  1.280E-04
5.37957147E+01  1.224E-04
5.41359147E+01  1.205E-04
5.44761147E+01  1.195E-04
5.48163147E+01  1.181E-04
5.51565147E+01  1.159E-04
5.54967147E+01  1.139E-04
5.58369147E+01  1.119E-04
5.61771147E+01  1.099E-04
5.65173147E+01  1.079E-04
5.68575147E+01  1.060E-04
5.71977147E+01  1.040E-04
5.75379147E+01  1.021E-04
5.78781147E+01  1.003E-04
5.82183147E+01  9.841E-05
5.85585147E+01  9.662E-05
5.88987147E+01  9.487E-05
5.92389147E+01  9.314E-05
5.95791147E+01  9.151E-05
5.99193147E+01  9.006E-05
6.02595147E+01  8.852E-05
6.05997147E+01  8.684E-05
6.09399147E+01  8.525E-05
6.12801147E+01  8.437E-05
6.16203147E+01  8.334E-05
6.19605147E+01  8.141E-05
6.23007147E+01  8.018E-05
6.26409147E+01  7.923E-05
6.29811147E+01  7.801E-05
6.33213147E+01  7.695E-05
6.36615147E+01  7.569E-05
6.40017147E+01  7.496E-05
6.43419147E+01  7.330E-05
6.46821147E+01  7.236E-05
6.50223147E+01  7.118E-05
6.53625147E+01  6.992E-05
6.57027147E+01  6.880E-05
6.60429147E+01  6.779E-05
6.63831147E+01  6.682E-05
6.67233147E+01  6.582E-05
6.70635147E+01  6.476E-05
6.74037147E+01  6.376E-05
6.77439147E+01  6.284E-05
6.80841147E+01  6.184E-05
6.84243147E+01  6.085E-05
6.87645147E+01  5.988E-05
6.91047147E+01  5.895E-05
6.94449147E+01  5.802E-05
6.97851147E+01  5.711E-05
7.01253147E+01  5.621E-05
7.04655147E+01  5.535E-05
7.08057147E+01  5.449E-05
7.11459147E+01  5.364E-05
7.14861147E+01  5.281E-05
7.18263147E+01  5.200E-05
7.21665147E+01  5.120E-05
7.25067147E+01  5.041E-05
7.28469147E+01  4.963E-05
7.31871147E+01  4.887E-05
7.35273147E+01  4.812E-05
7.38675147E+01  4.737E-05
7.42077147E+01  4.664E-05
7.45479147E+01  4.592E-05
7.48881147E+01  4.521E-05
7.52283147E+01  4.451E-05
7.55685147E+01  4.382E-05
7.59087147E+01  4.314E-05
7.62489147E+01  4.247E-05
7.65891147E+01  4.182E-05
7.69293147E+01  4.117E-05
7.72695147E+01  4.055E-05
7.76097147E+01  3.993E-05
7.79499147E+01  3.934E-05
7.82901147E+01  3.875E-05
7.86303147E+01  3.819E-05
7.89705147E+01  3.764E-05
7.93107147E+01  3.711E-05
7.96509147E+01  3.659E-05
7.99911147E+01  3.609E-05
8.03313147E+01  3.561E-05
8.06715147E+01  3.514E-05
8.10117147E+01  3.468E-05
8.13519147E+01  3.424E-05
8.16921147E+01  3.382E-05
8.20323147E+01  3.340E-05
8.23725147E+01  3.299E-05
8.27127147E+01  3.260E-05
8.30529147E+01  3.221E-05
8.33931147E+01  3.183E-05
8.37333147E+01  3.145E-05
8.40735147E+01  3.108E-05
8.44137147E+01  3.072E-05
8.47539147E+01  3.036E-05
8.50941147E+01  3.000E-05
8.54343147E+01  2.964E-05
8.57745147E+01  2.929E-05
8.61147147E+01  2.894E-05
8.64549147E+01  2.859E-05
8.67951147E+01  2.824E-05
8.71353147E+01  2.789E-05
8.74755147E+01  2.754E-05
8.78157147E+01  2.720E-05
8.81559147E+01  2.686E-05
8.84961147E+01  2.652E-05
8.88363147E+01  2.618E-05
8.91765147E+01  2.584E-05
8.95167147E+01  2.551E-05
8.98569147E+01  2.518E-05
9.01971147E+01  2.485E-05
9.05373147E+01  2.452E-05
9.08775147E+01  2.420E-05
9.12177147E+01  2.389E-05
9.15579147E+01  2.357E-05
9.18981147E+01  2.326E-05
9.22383147E+01  2.295E-05
9.25785147E+01  2.265E-05
9.29187147E+01  2.235E-05
9.32589147E+01  2.205E-05
9.35991147E+01  2.176E-05
9.39393147E+01  2.147E-05
9.42795147E+01  2.118E-05
9.46197147E+01  2.089E-05
9.49599147E+01  2.061E-05
9.53001147E+01  2.033E-05
9.56403147E+01  2.006E-05
9.59805147E+01  1.979E-05
9.63207147E+01  1.952E-05
9.66609147E+01  1.925E-05
9.70011147E+01  1.899E-05
9.73413147E+01  1.873E-05
9.76815147E+01  1.848E-05
9.80217147E+01  1.823E-05
9.83619147E+01  1.798E-05
9.87021147E+01  1.774E-05
9.90423147E+01  1.750E-05
9.93825147E+01  1.727E-05
9.97227147E+01  1.705E-05
1.00062915E+02  1.683E-05
1.00403115E+02  1.661E-05
1.00743315E+02  1.640E-05
1.01083515E+02  1.620E-05
1.01423715E+02  1.600E-05
1.01763915E+02  1.581E-05
1.02104115E+02  1.563E-05
1.02444315E+02  1.545E-05
1.02784515E+02  1.528E-05
1.03124715E+02  1.511E-05
1.03464915E+02  1.495E-05
1.03805115E+02  1.479E-05
1.04145315E+02  1.464E-05
1.04485515E+02  1.449E-05
1.04825715E+02  1.435E-05
1.05165915E+02  1.421E-05
1.05506115E+02  1.408E-05
1.05846315E+02  1.394E-05
1.06186515E+02  1.382E-05
1.06526715E+02  1.369E-05
1.06866915E+02  1.357E-05
1.07207115E+02  1.345E-05
1.07547315E+02  1.333E-05
1.07887515E+02  1.321E-05
1.08227715E+02  1.309E-05
1.08567915E+02  1.297E-05
1.08908115E+02  1.286E-05
1.09248315E+02  1.274E-05
1.09588515E+02  1.263E-05
1.09928715E+02  1.251E-05
1.10268915E+02  1.240E-05
1.10609115E+02  1.228E-05
1.10949315E+02  1.217E-05
1.11289515E+02  1.205E-05
1.11629715E+02  1.193E-05
1.11969915E+02  1.182E-05
1.12310115E+02  1.170E-05
1.12650315E+02  1.158E-05
1.12990515E+02  1.146E-05
1.13330715E+02  1.135E-05
1.13670915E+02  1.123E-05
1.14011115E+02  1.111E-05
1.14351315E+02  1.099E-05
1.14691515E+02  1.087E-05
1.15031715E+02  1.075E-05
1.15371915E+02  1.063E-05
1.15712115E+02  1.051E-05
1.16052315E+02  1.039E-05
1.16392515E+02  1.027E-05
1.16732715E+02  1.015E-05
1.17072915E+02  1.003E-05
1.17413115E+02  9.916E-06
1.17753315E+02  9.798E-06
1.18093515E+02  9.680E-06
1.18433715E+02  9.563E-06
1.18773915E+02  9.446E-06
1.19114115E+02  9.330E-06
1.19454315E+02  9.215E-06
1.19794515E+02  9.100E-06
1.20134715E+02  8.986E-06
1.20474915E+02  8.873E-06
1.20815115E+02  8.761E-06
1.21155315E+02  8.649E-06
1.21495515E+02  8.539E-06
1.21835715E+02  8.430E-06
1.22175915E+02  8.322E-06
1.22516115E+02  8.216E-06
1.22856315E+02  8.110E-06
1.23196515E+02  8.007E-06
1.23536715E+02  7.905E-06
1.23876915E+02  7.805E-06
1.24217115E+02  7.706E-06
1.24557315E+02  7.610E-06
1.24897515E+02  7.516E-06
1.25237715E+02  7.423E-06
1.25577915E+02  7.334E-06
1.25918115E+02  7.246E-06
1.26258315E+02  7.161E-06
1.26598515E+02  7.078E-06
1.26938715E+02  6.998E-06
1.27278915E+02  6.920E-06
1.27619115E+02  6.845E-06
1.27959315E+02  6.772E-06
1.28299515E+02  6.703E-06
1.28639715E+02  6.635E-06
1.28979915E+02  6.571E-06
1.29320115E+02  6.508E-06
1.29660315E+02  6.449E-06
1.30000515E+02  6.391E-06
1.30340715E+02  6.336E-06
1.30680915E+02  6.284E-06
1.31021115E+02  6.233E-06
1.31361315E+02  6.185E-06
1.31701515E+02  6.138E-06
1.32041715E+02  6.094E-06
1.32381915E+02  6.051E-06
1.32722115E+02  6.010E-06
1.33062315E+02  5.970E-06
1.33402515E+02  5.931E-06
1.33742715E+02  5.894E-06
1.34082915E+02  5.857E-06
1.34423115E+02  5.822E-06
1.34763315E+02  5.787E-06
1.35103515E+02  5.753E-06
1.35443715E+02  5.719E-06
1.35783915E+02  5.685E-06
1.36124115E+02  5.652E-06
1.36464315E+02  5.619E-06
1.36804515E+02  5.585E-06
1.37144715E+02  5.552E-06
1.37484915E+02  5.518E-06
1.37825115E+02  5.484E-06
1.38165315E+02  5.449E-06
1.38505515E+02  5.414E-06
1.38845715E+02  5.378E-06
1.39185915E+02  5.342E-06
1.39526115E+02  5.305E-06
1.39866315E+02  5.267E-06
1.40206515E+02  5.229E-06
1.40546715E+02  5.190E-06
1.40886915E+02  5.149E-06
1.41227115E+02  5.109E-06
1.41567315E+02  5.067E-06
1.41907515E+02  5.024E-06
1.42247715E+02  4.981E-06
1.42587915E+02  4.937E-06
1.42928115E+02  4.892E-06
1.43268315E+02  4.847E-06
1.43608515E+02  4.801E-06
1.43948715E+02  4.754E-06
1.44288915E+02  4.706E-06
1.44629115E+02  4.658E-06
1.44969315E+02  4.610E-06
1.45309515E+02  4.561E-06
1.45649715E+02  4.511E-06
1.45989915E+02  4.461E-06
1.46330115E+02  4.410E-06
1.46670315E+02  4.360E-06
1.47010515E+02  4.308E-06
1.47350715E+02  4.257E-06
1.47690915E+02  4.206E-06
1.48031115E+02  4.154E-06
1.48371315E+02  4.102E-06
1.48711515E+02  4.050E-06
1.49051715E+02  3.999E-06
1.49391915E+02  3.947E-06
1.49732115E+02  3.895E-06
1.50072315E+02  3.844E-06
1.50412515E+02  3.793E-06
1.50752715E+02  3.742E-06
1.51092915E+02  3.692E-06
1.51433115E+02  3.642E-06
1.51773315E+02  3.592E-06
1.52113515E+02  3.544E-06
1.52453715E+02  3.495E-06
1.52793915E+02  3.448E-06
1.53134115E+02  3.401E-06
1.53474315E+02  3.355E-06
1.53814515E+02  3.310E-06
1.54154715E+02  3.266E-06
1.54494915E+02  3.223E-06
1.54835115E+02  3.181E-06
1.55175315E+02  3.140E-06
1.55515515E+02  3.100E-06
1.55855715E+02  3.061E-06
1.56195915E+02  3.024E-06
1.56536115E+02  2.988E-06
1.56876315E+02  2.953E-06
1.57216515E+02  2.919E-06
1.57556715E+02  2.887E-06
1.57896915E+02  2.856E-06
1.58237115E+02  2.827E-06
1.58577315E+02  2.799E-06
1.58917515E+02  2.772E-06
1.59257715E+02  2.747E-06
1.59597915E+02  2.723E-06
1.59938115E+02  2.700E-06
1.60278315E+02  2.679E-06
1.60618515E+02  2.659E-06
1.60958715E+02  2.641E-06
1.61298915E+02  2.623E-06
1.61639115E+02  2.607E-06
1.61979315E+02  2.593E-06
1.62319515E+02  2.579E-06
1.62659715E+02  2.566E-06
1.62999915E+02  2.555E-06
1.63340115E+02  2.545E-06
1.63680315E+02  2.535E-06
1.64020515E+02  2.526E-06
1.64360715E+02  2.518E-06
1.64700915E+02  2.511E-06
1.65041115E+02  2.505E-06
1.65381315E+02  2.499E-06
1.65721515E+02  2.494E-06
1.66061715E+02  2.489E-06
1.66401915E+02  2.484E-06
1.66742115E+02  2.480E-06
1.67082315E+02  2.476E-06
1.67422515E+02  2.472E-06
1.67762715E+02  2.468E-06
1.68102915E+02  2.464E-06
1.68443115E+02  2.460E-06
1.68783315E+02  2.456E-06
1.69123515E+02  2.452E-06
1.69463715E+02  2.447E-06
1.69803915E+02  2.442E-06
1.70144115E+02  2.437E-06
1.70484315E+02  2.431E-06
1.70824515E+02  2.424E-06
1.71164715E+02  2.417E-06
1.71504915E+02  2.410E-06
1.71845115E+02  2.401E-06
1.72185315E+02  2.392E-06
1.72525515E+02  2.382E-06
1.72865715E+02  2.372E-06
1.73205915E+02  2.360E-06
1.73546115E+02  2.348E-06
1.73886315E+02  2.335E-06
1.74226515E+02  2.321E-06
1.74566715E+02  2.307E-06
1.74906915E+02  2.291E-06
1.75247115E+02  2.275E-06
1.75587315E+02  2.258E-06
1.75927515E+02  2.240E-06
1.76267715E+02  2.221E-06
1.76607915E+02  2.201E-06
1.76948115E+02  2.181E-06
1.77288315E+02  2.160E-06
1.77628515E+02  2.138E-06
1.77968715E+02  2.115E-06
1.78308915E+02  2.092E-06
1.78649115E+02  2.068E-06
1.78989315E+02  2.044E-06
1.79329515E+02  2.019E-06
1.79669715E+02  1.994E-06
1.80009915E+02  1.968E-06
1.80350115E+02  1.941E-06
1.80690315E+02  1.915E-06
1.81030515E+02  1.888E-06
1.81370715E+02  1.860E-06
1.81710915E+02  1.833E-06
1.82051115E+02  1.805E-06
1.82391315E+02  1.777E-06
1.82731515E+02  1.749E-06
1.83071715E+02  1.721E-06
1.83411915E+02  1.692E-06
1.83752115E+02  1.664E-06
1.84092315E+02  1.636E-06
1.84432515E+02  1.608E-06
1.84772715E+02  1.580E-06
1.85112915E+02  1.552E-06
1.85453115E+02  1.525E-06
1.85793315E+02  1.498E-06
1.86133515E+02  1.471E-06
1.86473715E+02  1.444E-06
1.86813915E+02  1.418E-06
1.87154115E+02  1.392E-06
1.87494315E+02  1.367E-06
1.87834515E+02  1.342E-06
1.88174715E+02  1.318E-06
1.88514915E+02  1.294E-06
1.88855115E+02  1.271E-06
1.89195315E+02  1.248E-06
1.89535515E+02  1.227E-06
1.89875715E+02  1.205E-06
1.90215915E+02  1.185E-06
1.90556115E+02  1.165E-06
1.90896315E+02  1.146E-06
1.91236515E+02  1.128E-06
1.91576715E+02  1.110E-06
1.91916915E+02  1.094E-06
1.92257115E+02  1.078E-06
1.92597315E+02  1.063E-06
1.92937515E+02  1.049E-06
1.93277715E+02  1.036E-06
1.93617915E+02  1.024E-06
1.93958115E+02  1.012E-06
1.94298315E+02  1.002E-06
1.94638515E+02  9.921E-07
1.94978715E+02  9.835E-07
1.95318915E+02  9.758E-07
1.95659115E+02  9.690E-07
1.95999315E+02  9.632E-07
1.96339515E+02  9.583E-07
1.96679715E+02  9.544E-07
1.97019915E+02  9.514E-07
1.97360115E+02  9.493E-07
1.97700315E+02  9.481E-07
1.98040515E+02  9.479E-07
1.98380715E+02  9.485E-07
1.98720915E+02  9.500E-07
1.99061115E+02  9.524E-07
1.99401315E+02  9.556E-07
1.99741515E+02  9.596E-07
2.00081715E+02  9.644E-07
2.00421915E+02  9.699E-07
2.00762115E+02  9.761E-07
2.01102315E+02  9.830E-07
2.01442515E+02  9.906E-07
2.01782715E+02  9.987E-07
2.02122915E+02  1.007E-06
2.02463115E+02  1.017E-06
2.02803315E+02  1.026E-06
2.03143515E+02  1.036E-06
2.03483715E+02  1.046E-06
2.03823915E+02  1.057E-06
2.04164115E+02  1.068E-06
2.04504315E+02  1.079E-06
