3.37239147E+01  2.078E-03
3.40641147E+01  1.190E-03
3.44043147E+01  1.218E-03
3.47445147E+01  1.382E-03
3.50847147E+01  1.166E-03
3.54249147E+01  1.979E-03
3.57651147E+01  1.203E-03
3.61053147E+01  1.724E-03
3.64455147E+01  1.483E-03
3.67857147E+01  1.173E-03
3.71259147E+01  1.050E-03
3.74661147E+01  1.037E-03
3.78063147E+01  1.026E-03
3.81465147E+01  1.020E-03
3.84867147E+01  9.170E-04
3.88269147E+01  1.031E-03
3.91671147E+01  9.747E-04
3.95073147E+01  9.584E-04
3.98475147E+01  9.442E-04
4.01877147E+01  9.248E-04
4.05279147E+01  9.138E-04
4.08681147E+01  1.165E-03
4.12083147E+01  1.437E-03
4.15485147E+01  6.783E-03
4.18887147E+01  8.387E-04
4.22289147E+01  9.237E-04
4.25691147E+01  1.449E-03
4.29093147E+01  7.966E-04
4.32495147E+01  8.339E-04
4.35897147E+01  2.092E-03
4.39299147E+01  7.871E-04
4.42701147E+01  7.177E-04
4.46103147E+01  7.950E-04
4.49505147E+01  7.748E-04
4.52907147E+01  7.648E-04
4.56309147E+01  7.925E-04
4.59711147E+01  7.577E-04
4.63113147E+01  8.830E-04
4.66515147E+01  1.536E-03
4.69917147E+01  8.366E-04
4.73319147E+01  7.331E-04
4.76721147E+01  7.103E-04
4.80123147E+01  4.541E-04
4.83525147E+01  6.943E-04
4.86927147E+01  7.684E-04
4.90329147E+01  7.032E-04
4.93731147E+01  6.672E-04
4.97133147E+01  6.636E-04
5.00535147E+01  6.380E-04
5.03937147E+01  7.398E-04
5.07339147E+01  9.451E-04
5.10741147E+01  7.097E-04
5.14143147E+01  6.027E-04
5.17545147E+01  6.800E-04
5.20947147E+01  5.931E-04
5.24349147E+01  6.045E-04
5.27751147E+01  6.071E-04
5.31153147E+01  6.021E-04
5.34555147E+01  5.920E-04
5.37957147E+01  5.609E-04
5.41359147E+01  5.708E-04
5.44761147E+01  5.659E-04
5.48163147E+01  5.595E-04
5.51565147E+01  5.539E-04
5.54967147E+01  5.482E-04
5.58369147E+01  5.426E-04
5.61771147E+01  5.371E-04
5.65173147E+01  5.316E-04
5.68575147E+01  5.262E-04
5.71977147E+01  5.209E-04
5.75379147E+01  5.156E-04
5.78781147E+01  5.105E-04
5.82183147E+01  5.054E-04
5.85585147E+01  5.003E-04
5.88987147E+01  4.953E-04
5.92389147E+01  4.904E-04
5.95791147E+01  4.856E-04
5.99193147E+01  4.810E-04
6.02595147E+01  4.775E-04
6.05997147E+01  4.714E-04
6.09399147E+01  4.670E-04
6.12801147E+01  4.619E-04
6.16203147E+01  4.577E-04
6.19605147E+01  4.531E-04
6.23007147E+01  4.486E-04
6.26409147E+01  4.443E-04
6.29811147E+01  4.397E-04
6.33213147E+01  4.361E-04
6.36615147E+01  4.315E-04
6.40017147E+01  4.273E-04
6.43419147E+01  4.233E-04
6.46821147E+01  4.188E-04
6.50223147E+01  4.155E-04
6.53625147E+01  4.108E-04
6.57027147E+01  4.068E-04
6.60429147E+01  4.028E-04
6.63831147E+01  3.991E-04
6.67233147E+01  3.952E-04
6.70635147E+01  3.915E-04
6.74037147E+01  3.878E-04
6.77439147E+01  3.842E-04
6.80841147E+01  3.802E-04
6.84243147E+01  3.771E-04
6.87645147E+01  3.737E-04
6.91047147E+01  3.703E-04
6.94449147E+01  3.669E-04
6.97851147E+01  3.636E-04
7.01253147E+01  3.604E-04
7.04655147E+01  3.572E-04
7.08057147E+01  3.540E-04
7.11459147E+01  3.509E-04
7.14861147E+01  3.479E-04
7.18263147E+01  3.449E-04
7.21665147E+01  3.419E-04
7.25067147E+01  3.390E-04
7.28469147E+01  3.361E-04
7.31871147E+01  3.332E-04
7.35273147E+01  3.304E-04
7.38675147E+01  3.276E-04
7.42077147E+01  3.248E-04
7.45479147E+01  3.221E-04
7.48881147E+01  3.194E-04
7.52283147E+01  3.167E-04
7.55685147E+01  3.140E-04
7.59087147E+01  3.114E-04
7.62489147E+01  3.088E-04
7.65891147E+01  3.062E-04
7.69293147E+01  3.036E-04
7.72695147E+01  3.011E-04
7.76097147E+01  2.986E-04
7.79499147E+01  2.961E-04
7.82901147E+01  2.936E-04
7.86303147E+01  2.912E-04
7.89705147E+01  2.888E-04
7.93107147E+01  2.863E-04
7.96509147E+01  2.840E-04
7.99911147E+01  2.816E-04
8.03313147E+01  2.792E-04
8.06715147E+01  2.769E-04
8.10117147E+01  2.746E-04
8.13519147E+01  2.723E-04
8.16921147E+01  2.700E-04
8.20323147E+01  2.678E-04
8.23725147E+01  2.655E-04
8.27127147E+01  2.633E-04
8.30529147E+01  2.611E-04
8.33931147E+01  2.589E-04
8.37333147E+01  2.568E-04
8.40735147E+01  2.546E-04
8.44137147E+01  2.525E-04
8.47539147E+01  2.504E-04
8.50941147E+01  2.484E-04
8.54343147E+01  2.463E-04
8.57745147E+01  2.443E-04
8.61147147E+01  2.423E-04
8.64549147E+01  2.403E-04
8.67951147E+01  2.384E-04
8.71353147E+01  2.365E-04
8.74755147E+01  2.346E-04
8.78157147E+01  2.327E-04
8.81559147E+01  2.309E-04
8.84961147E+01  2.291E-04
8.88363147E+01  2.273E-04
8.91765147E+01  2.255E-04
8.95167147E+01  2.238E-04
8.98569147E+01  2.221E-04
9.01971147E+01  2.205E-04
9.05373147E+01  2.188E-04
9.08775147E+01  2.172E-04
9.12177147E+01  2.156E-04
9.15579147E+01  2.140E-04
9.18981147E+01  2.125E-04
9.22383147E+01  2.110E-04
9.25785147E+01  2.095E-04
9.29187147E+01  2.080E-04
9.32589147E+01  2.066E-04
9.35991147E+01  2.051E-04
9.39393147E+01  2.037E-04
9.42795147E+01  2.023E-04
9.46197147E+01  2.009E-04
9.49599147E+01  1.995E-04
9.53001147E+01  1.982E-04
9.56403147E+01  1.968E-04
9.59805147E+01  1.955E-04
9.63207147E+01  1.941E-04
9.66609147E+01  1.928E-04
9.70011147E+01  1.915E-04
9.73413147E+01  1.902E-04
9.76815147E+01  1.889E-04
9.80217147E+01  1.876E-04
9.83619147E+01  1.863E-04
9.87021147E+01  1.850E-04
9.90423147E+01  1.837E-04
9.93825147E+01  1.825E-04
9.97227147E+01  1.812E-04
1.00062915E+02  1.799E-04
1.00403115E+02  1.787E-04
1.00743315E+02  1.774E-04
1.01083515E+02  1.762E-04
1.01423715E+02  1.749E-04
1.01763915E+02  1.737E-04
1.02104115E+02  1.724E-04
1.02444315E+02  1.712E-04
1.02784515E+02  1.700E-04
1.03124715E+02  1.688E-04
1.03464915E+02  1.676E-04
1.03805115E+02  1.664E-04
1.04145315E+02  1.652E-04
1.04485515E+02  1.640E-04
1.04825715E+02  1.628E-04
1.05165915E+02  1.616E-04
1.05506115E+02  1.604E-04
1.05846315E+02  1.593E-04
1.06186515E+02  1.581E-04
1.06526715E+02  1.570E-04
1.06866915E+02  1.558E-04
1.07207115E+02  1.547E-04
1.07547315E+02  1.536E-04
1.07887515E+02  1.524E-04
1.08227715E+02  1.513E-04
1.08567915E+02  1.503E-04
1.08908115E+02  1.492E-04
1.09248315E+02  1.481E-04
1.09588515E+02  1.470E-04
1.09928715E+02  1.460E-04
1.10268915E+02  1.450E-04
1.10609115E+02  1.440E-04
1.10949315E+02  1.430E-04
1.11289515E+02  1.420E-04
1.11629715E+02  1.410E-04
1.11969915E+02  1.400E-04
1.12310115E+02  1.391E-04
1.12650315E+02  1.382E-04
1.12990515E+02  1.373E-04
1.13330715E+02  1.364E-04
1.13670915E+02  1.355E-04
1.14011115E+02  1.346E-04
1.14351315E+02  1.338E-04
1.14691515E+02  1.329E-04
1.15031715E+02  1.321E-04
1.15371915E+02  1.313E-04
1.15712115E+02  1.305E-04
1.16052315E+02  1.298E-04
1.16392515E+02  1.290E-04
1.16732715E+02  1.283E-04
1.17072915E+02  1.275E-04
1.17413115E+02  1.268E-04
1.17753315E+02  1.261E-04
1.18093515E+02  1.254E-04
1.18433715E+02  1.247E-04
1.18773915E+02  1.241E-04
1.19114115E+02  1.234E-04
1.19454315E+02  1.227E-04
1.19794515E+02  1.221E-04
1.20134715E+02  1.214E-04
1.20474915E+02  1.208E-04
1.20815115E+02  1.201E-04
1.21155315E+02  1.195E-04
1.21495515E+02  1.189E-04
1.21835715E+02  1.182E-04
1.22175915E+02  1.176E-04
1.22516115E+02  1.170E-04
1.22856315E+02  1.163E-04
1.23196515E+02  1.157E-04
1.23536715E+02  1.151E-04
1.23876915E+02  1.144E-04
1.24217115E+02  1.138E-04
1.24557315E+02  1.132E-04
1.24897515E+02  1.125E-04
1.25237715E+02  1.119E-04
1.25577915E+02  1.113E-04
1.25918115E+02  1.106E-04
1.26258315E+02  1.100E-04
1.26598515E+02  1.093E-04
1.26938715E+02  1.087E-04
1.27278915E+02  1.080E-04
1.27619115E+02  1.074E-04
1.27959315E+02  1.067E-04
1.28299515E+02  1.061E-04
1.28639715E+02  1.054E-04
1.28979915E+02  1.048E-04
1.29320115E+02  1.041E-04
1.29660315E+02  1.035E-04
1.30000515E+02  1.028E-04
1.30340715E+02  1.022E-04
1.30680915E+02  1.015E-04
1.31021115E+02  1.009E-04
1.31361315E+02  1.002E-04
1.31701515E+02  9.954E-05
1.32041715E+02  9.889E-05
1.32381915E+02  9.824E-05
1.32722115E+02  9.760E-05
1.33062315E+02  9.695E-05
1.33402515E+02  9.631E-05
1.33742715E+02  9.567E-05
1.34082915E+02  9.503E-05
1.34423115E+02  9.440E-05
1.34763315E+02  9.377E-05
1.35103515E+02  9.315E-05
1.35443715E+02  9.253E-05
1.35783915E+02  9.192E-05
1.36124115E+02  9.132E-05
1.36464315E+02  9.072E-05
1.36804515E+02  9.012E-05
1.37144715E+02  8.954E-05
1.37484915E+02  8.896E-05
1.37825115E+02  8.839E-05
1.38165315E+02  8.783E-05
1.38505515E+02  8.728E-05
1.38845715E+02  8.673E-05
1.39185915E+02  8.620E-05
1.39526115E+02  8.568E-05
1.39866315E+02  8.516E-05
1.40206515E+02  8.466E-05
1.40546715E+02  8.416E-05
1.40886915E+02  8.368E-05
1.41227115E+02  8.321E-05
1.41567315E+02  8.275E-05
1.41907515E+02  8.230E-05
1.42247715E+02  8.186E-05
1.42587915E+02  8.143E-05
1.42928115E+02  8.102E-05
1.43268315E+02  8.061E-05
1.43608515E+02  8.021E-05
1.43948715E+02  7.983E-05
1.44288915E+02  7.945E-05
1.44629115E+02  7.909E-05
1.44969315E+02  7.873E-05
1.45309515E+02  7.839E-05
1.45649715E+02  7.805E-05
1.45989915E+02  7.772E-05
1.46330115E+02  7.740E-05
1.46670315E+02  7.708E-05
1.47010515E+02  7.678E-05
1.47350715E+02  7.647E-05
1.47690915E+02  7.618E-05
1.48031115E+02  7.589E-05
1.48371315E+02  7.560E-05
1.48711515E+02  7.531E-05
1.49051715E+02  7.503E-05
1.49391915E+02  7.476E-05
1.49732115E+02  7.448E-05
1.50072315E+02  7.420E-05
1.50412515E+02  7.393E-05
1.50752715E+02  7.365E-05
1.51092915E+02  7.338E-05
1.51433115E+02  7.310E-05
1.51773315E+02  7.282E-05
1.52113515E+02  7.254E-05
1.52453715E+02  7.226E-05
1.52793915E+02  7.197E-05
1.53134115E+02  7.168E-05
1.53474315E+02  7.139E-05
1.53814515E+02  7.109E-05
1.54154715E+02  7.079E-05
1.54494915E+02  7.048E-05
1.54835115E+02  7.017E-05
1.55175315E+02  6.986E-05
1.55515515E+02  6.954E-05
1.55855715E+02  6.921E-05
1.56195915E+02  6.888E-05
1.56536115E+02  6.855E-05
1.56876315E+02  6.821E-05
1.57216515E+02  6.786E-05
1.57556715E+02  6.751E-05
1.57896915E+02  6.716E-05
1.58237115E+02  6.680E-05
1.58577315E+02  6.643E-05
1.58917515E+02  6.606E-05
1.59257715E+02  6.569E-05
1.59597915E+02  6.532E-05
1.59938115E+02  6.494E-05
1.60278315E+02  6.455E-05
1.60618515E+02  6.417E-05
1.60958715E+02  6.378E-05
1.61298915E+02  6.339E-05
1.61639115E+02  6.300E-05
1.61979315E+02  6.260E-05
1.62319515E+02  6.220E-05
1.62659715E+02  6.181E-05
1.62999915E+02  6.141E-05
1.63340115E+02  6.101E-05
1.63680315E+02  6.061E-05
1.64020515E+02  6.021E-05
1.64360715E+02  5.981E-05
1.64700915E+02  5.941E-05
1.65041115E+02  5.902E-05
1.65381315E+02  5.862E-05
1.65721515E+02  5.823E-05
1.66061715E+02  5.784E-05
1.66401915E+02  5.745E-05
1.66742115E+02  5.706E-05
1.67082315E+02  5.668E-05
1.67422515E+02  5.631E-05
1.67762715E+02  5.593E-05
1.68102915E+02  5.557E-05
1.68443115E+02  5.520E-05
1.68783315E+02  5.485E-05
1.69123515E+02  5.449E-05
1.69463715E+02  5.415E-05
1.69803915E+02  5.381E-05
1.70144115E+02  5.348E-05
1.70484315E+02  5.315E-05
1.70824515E+02  5.283E-05
1.71164715E+02  5.253E-05
1.71504915E+02  5.222E-05
1.71845115E+02  5.193E-05
1.72185315E+02  5.165E-05
1.72525515E+02  5.137E-05
1.72865715E+02  5.110E-05
1.73205915E+02  5.085E-05
1.73546115E+02  5.060E-05
1.73886315E+02  5.036E-05
1.74226515E+02  5.013E-05
1.74566715E+02  4.991E-05
1.74906915E+02  4.970E-05
1.75247115E+02  4.950E-05
1.75587315E+02  4.930E-05
1.75927515E+02  4.912E-05
1.76267715E+02  4.895E-05
1.76607915E+02  4.878E-05
1.76948115E+02  4.863E-05
1.77288315E+02  4.848E-05
1.77628515E+02  4.834E-05
1.77968715E+02  4.821E-05
1.78308915E+02  4.809E-05
1.78649115E+02  4.797E-05
1.78989315E+02  4.786E-05
1.79329515E+02  4.776E-05
1.79669715E+02  4.766E-05
1.80009915E+02  4.757E-05
1.80350115E+02  4.748E-05
1.80690315E+02  4.740E-05
1.81030515E+02  4.732E-05
1.81370715E+02  4.725E-05
1.81710915E+02  4.718E-05
1.82051115E+02  4.711E-05
1.82391315E+02  4.704E-05
1.82731515E+02  4.697E-05
1.83071715E+02  4.690E-05
1.83411915E+02  4.684E-05
1.83752115E+02  4.677E-05
1.84092315E+02  4.670E-05
1.84432515E+02  4.663E-05
1.84772715E+02  4.655E-05
1.85112915E+02  4.647E-05
1.85453115E+02  4.639E-05
1.85793315E+02  4.631E-05
1.86133515E+02  4.622E-05
1.86473715E+02  4.612E-05
1.86813915E+02  4.602E-05
1.87154115E+02  4.591E-05
1.87494315E+02  4.580E-05
1.87834515E+02  4.568E-05
1.88174715E+02  4.555E-05
1.88514915E+02  4.542E-05
1.88855115E+02  4.527E-05
1.89195315E+02  4.512E-05
1.89535515E+02  4.497E-05
1.89875715E+02  4.480E-05
1.90215915E+02  4.463E-05
1.90556115E+02  4.445E-05
1.90896315E+02  4.426E-05
1.91236515E+02  4.406E-05
1.91576715E+02  4.386E-05
1.91916915E+02  4.365E-05
1.92257115E+02  4.343E-05
1.92597315E+02  4.320E-05
1.92937515E+02  4.297E-05
1.93277715E+02  4.273E-05
1.93617915E+02  4.248E-05
1.93958115E+02  4.223E-05
1.94298315E+02  4.197E-05
1.94638515E+02  4.170E-05
1.94978715E+02  4.143E-05
1.95318915E+02  4.115E-05
1.95659115E+02  4.087E-05
1.95999315E+02  4.058E-05
1.96339515E+02  4.029E-05
1.96679715E+02  4.000E-05
1.97019915E+02  3.970E-05
1.97360115E+02  3.940E-05
1.97700315E+02  3.910E-05
1.98040515E+02  3.879E-05
1.98380715E+02  3.848E-05
1.98720915E+02  3.818E-05
1.99061115E+02  3.786E-05
1.99401315E+02  3.755E-05
1.99741515E+02  3.724E-05
2.00081715E+02  3.693E-05
2.00421915E+02  3.662E-05
2.00762115E+02  3.631E-05
2.01102315E+02  3.600E-05
2.01442515E+02  3.569E-05
2.01782715E+02  3.539E-05
2.02122915E+02  3.508E-05
2.02463115E+02  3.478E-05
2.02803315E+02  3.449E-05
2.03143515E+02  3.419E-05
2.03483715E+02  3.390E-05
2.03823915E+02  3.362E-05
2.04164115E+02  3.334E-05
2.04504315E+02  3.307E-05
