          16           7
         215          13           1           1
           0          -4           0          -4           0          -6           0          -2           0          -4           0           6           0           4           0           2           0           4           0           6           0           2           0           4           0           2           0          -4           0          -2           0           2           0           4           0           6           0           2           0           4           0           6           0           4           0          -2           0          -2           0          -4           0          -6           0          -8           0          -2           0          -4           0          -6           0          -4           0           2           0          -4           0          -6           0          -2           0          -4           0          -6           0          -6           0          -8           0          -4           0          -6           0          -2           0          -4           0           4           0           6           0           8           0          10           0           4           0          -4           0           2           0           6           0           4           0           8           0           2           0          -4           0          -2           0           6           0           6           0           4           0           2           0           8           0           4           0           6           0           8           0           4           0           6           0           8           0          10           0           4           0           6           0           8           0           6           0           4           0           2           0           6           0           2           0           4           0           2           0          -4           0          -2           0          -6           0          -8           0           6           0           4           0          -4           0          -6           0          -2           0          -4           0          -6           0          -8           0         -10           0          -2           0          -4           0          -6           0          -4           0          -2           0          -6           0          -8           0          -2           0          -4           0           2           0           4           0           6           0           8           0           4           0           4           0           6           0           8           0           2           0          10           0           8           0           6           0           4           0           2           0           6           0           6           0           4           0           4           0           2           0           4           0           6           0           8           0          -4           0           2           0           4           0          -6           0          -4           0           2           0           4           0           6           0           4           0           6           0          -2           0          -4           0          -6           0          -8           0         -10           0          -6           0          -8           0         -10           0         -12           0           2           0          -2           0          -4           0          -6           0          -8           0          -2           0          -8           0         -10           0          -4           0          -2           0          -6           0          -4           0          -2           0          -4           0          -2           0          -4           0          -6           0          -4           0          -8           0          -6           0           2           0           4           0           2           0           4           0           6           0         -10           0          -8           0          -6           0          -4           0           6           0          -2           0          -4           0           8           0          -6           0          -2           0          -4           0          -6           0          -8           0           4           0           6           0          -4           0          -6           0          -6           0          -8           0          -2           0           2           0          -4           0           4           0           6           0           4           0           4           0           2           0           2           0          -4           0          -6           0          -8           0          -2           0          -4           0          -6           0          -8           0         -10           0          -8           0          -6           0          -4           0          -2           0          -2           0          -4           0          -6           0          -6           0          -8           0          -4           0          -2           0          -6           0          -4
    0.000000E+00    9.645106E-03    9.843162E-03    1.435602E-02    1.458263E-02
    4.247197E-02    4.320385E-02    4.360158E-02    5.944295E-02    5.948713E-02
    6.922989E-02    7.316769E-02    7.411300E-02    1.134727E-01    1.147319E-01
    2.354040E-01    2.358931E-01    2.366026E-01    2.382857E-01    2.391328E-01
    2.438023E-01    2.438287E-01    2.461520E-01    2.471700E-01    2.474363E-01
    2.479076E-01    2.485433E-01    2.486026E-01    2.487216E-01    2.491410E-01
    2.502551E-01    2.507374E-01    2.510783E-01    2.511300E-01    2.524691E-01
    2.524772E-01    2.554279E-01    2.561102E-01    2.563381E-01    2.591442E-01
    2.591854E-01    2.609226E-01    2.615363E-01    2.619649E-01    2.622131E-01
    2.625883E-01    2.631076E-01    2.632646E-01    2.633261E-01    2.634365E-01
    2.637297E-01    2.638533E-01    2.640096E-01    2.643758E-01    2.644930E-01
    2.645338E-01    2.648466E-01    2.652759E-01    2.655531E-01    2.656939E-01
    2.657640E-01    2.676748E-01    2.677713E-01    2.679166E-01    2.688115E-01
    2.690337E-01    2.711118E-01    2.712141E-01    2.720014E-01    2.721113E-01
    2.724223E-01    2.724984E-01    2.725578E-01    2.726085E-01    2.727219E-01
    2.737570E-01    2.740430E-01    2.746587E-01    2.763855E-01    2.763956E-01
    2.763957E-01    2.764682E-01    2.789238E-01    2.791446E-01    2.808157E-01
    2.808428E-01    2.816082E-01    2.816156E-01    2.816277E-01    2.816445E-01
    2.816660E-01    2.832213E-01    2.832636E-01    2.833497E-01    2.872720E-01
    2.872722E-01    2.872783E-01    2.873017E-01    2.873787E-01    2.874354E-01
    2.875828E-01    2.876419E-01    2.877951E-01    2.879672E-01    2.884374E-01
    2.885530E-01    2.886000E-01    2.886971E-01    2.887362E-01    2.888178E-01
    2.901974E-01    2.902310E-01    2.934227E-01    2.936053E-01    2.936679E-01
    2.948139E-01    2.948751E-01    2.949134E-01    2.954910E-01    2.955387E-01
    2.955818E-01    2.956302E-01    2.974080E-01    2.974265E-01    2.978254E-01
    2.979930E-01    2.980044E-01    2.981863E-01    2.981951E-01    2.982014E-01
    2.986863E-01    2.989406E-01    2.997979E-01    3.013547E-01    3.014398E-01
    3.015665E-01    3.017420E-01    3.025165E-01    3.025355E-01    3.025686E-01
    3.026262E-01    3.032771E-01    3.036433E-01    3.036673E-01    3.036996E-01
    3.037196E-01    3.041292E-01    3.046134E-01    3.046301E-01    3.048276E-01
    3.048611E-01    3.049614E-01    3.051740E-01    3.052844E-01    3.060373E-01
    3.062721E-01    3.065126E-01    3.067251E-01    3.072820E-01    3.083217E-01
    3.083847E-01    3.085481E-01    3.086063E-01    3.093086E-01    3.093690E-01
    3.093750E-01    3.093804E-01    3.094500E-01    3.095030E-01    3.095365E-01
    3.096086E-01    3.096683E-01    3.098305E-01    3.098337E-01    3.100372E-01
    3.110986E-01    3.111053E-01    3.111248E-01    3.111449E-01    3.124031E-01
    3.124222E-01    3.126400E-01    3.132139E-01    3.132929E-01    3.134326E-01
    3.163175E-01    3.165548E-01    3.167011E-01    3.167161E-01    3.173537E-01
    3.174815E-01    3.194473E-01    3.198310E-01    3.206567E-01    3.235572E-01
    3.235827E-01    3.236877E-01    3.236885E-01    3.238034E-01    3.239013E-01
    3.239634E-01    3.240075E-01    3.245628E-01    3.245933E-01    3.263728E-01
    3.264517E-01    3.271738E-01    3.284075E-01    3.287843E-01    3.314323E-01
    3.314556E-01    3.324856E-01    3.325179E-01    3.327131E-01    3.333147E-01
           0           2           0           1
  -27.940514715248785               13
2.89611147E+01  3.017E-01  2.489E-01  1.021E-01
4.25691147E+01  1.240E-01  8.309E-02  4.601E-02  3.886E-02  6.220E-02  4.754E-03
                8.202E-02  1.671E-02  6.369E-03  4.444E-03  1.449E-03  2.798E-02
                2.614E-02  1.818E-03  1.889E-03
5.61771147E+01  4.889E-02  3.946E-02  1.923E-02  1.848E-02  2.618E-02  7.351E-05
                4.663E-02  9.560E-03  1.746E-04  1.099E-04  5.371E-04  8.497E-03
                1.542E-02  7.306E-04  6.952E-04  2.743E-06  1.401E-05  2.993E-05
                1.011E-05  2.328E-05  4.225E-06  9.202E-06  1.540E-05  2.291E-06
                3.072E-06  8.245E-06  9.875E-06  1.459E-05  1.476E-05  3.757E-05
                3.462E-05  2.788E-06  1.526E-04  3.229E-05  1.471E-05  1.141E-05
                1.478E-08  1.477E-05  5.432E-06  8.790E-05  4.532E-05  2.835E-05
                4.367E-05  1.858E-06  3.326E-06  5.161E-06  6.604E-07  4.444E-06
                1.479E-04  3.181E-06  5.110E-06  6.222E-06  1.451E-06  9.231E-06
                3.931E-05  2.432E-05  1.948E-05  6.566E-05  6.368E-05  2.893E-05
                6.744E-06  1.994E-08  4.991E-08  1.614E-09  2.810E-05  1.534E-05
                4.575E-07  6.451E-09  1.143E-05  1.087E-05  1.492E-05  1.339E-05
                1.577E-05  5.097E-06  3.913E-05  9.599E-06  1.222E-05  6.329E-06
                1.114E-05  4.604E-06  1.610E-05  4.243E-07  8.533E-06  1.512E-05
                8.799E-05  3.493E-05  6.141E-09  7.599E-09  4.348E-09  2.240E-09
                3.886E-09  4.519E-06  1.688E-06  1.165E-05  3.768E-06  1.569E-06
                6.187E-06  1.794E-06  3.119E-05  3.792E-05  1.180E-06  1.407E-06
                1.621E-06  3.571E-07  2.478E-06  1.872E-06  3.347E-06  3.545E-06
                3.974E-06  1.812E-07  1.044E-05  2.504E-05  1.024E-04  2.284E-05
                8.933E-07  2.310E-06  1.354E-05  1.369E-05  1.025E-06  1.562E-06
                1.193E-06  2.557E-06  6.530E-05  1.301E-06  7.813E-06  6.509E-06
                1.680E-05  2.301E-05  9.595E-05  3.161E-06  1.140E-05  1.215E-05
                1.471E-05  3.060E-06  3.353E-06  2.582E-06  1.578E-06  4.846E-06
                7.502E-06  8.066E-06  5.204E-09  2.394E-06  5.265E-06  1.380E-05
                2.340E-05  2.755E-06  1.198E-06  1.938E-05  7.067E-06  7.779E-06
                4.989E-06  1.586E-05  1.112E-05  1.711E-05  2.177E-06  2.787E-06
                1.926E-05  3.340E-06  5.467E-06  3.150E-06  6.717E-06  3.826E-06
                7.008E-06  9.924E-06  5.500E-05  1.745E-05  3.916E-06  3.153E-06
                2.865E-06  2.682E-06  5.587E-06  4.439E-06  4.976E-06  2.092E-06
                3.298E-06  5.605E-06  1.591E-05  2.619E-05  4.900E-06  1.194E-06
                8.872E-07  4.375E-06  9.223E-06  6.965E-06  8.349E-06  1.211E-06
                1.088E-05  3.502E-06  9.178E-06  2.426E-06  4.546E-06  1.880E-05
                2.187E-05  1.433E-05  1.339E-05  2.005E-05  2.895E-05  6.552E-06
                9.511E-06  1.603E-05  2.048E-06  6.886E-07  1.112E-06  1.330E-06
                2.312E-06  2.466E-06  3.229E-06  1.297E-05  1.235E-05  5.444E-07
                8.800E-07  6.397E-07  5.485E-07  5.021E-06  1.346E-05
6.97851147E+01  2.593E-02  2.084E-02  1.015E-02  9.746E-03  1.382E-02  3.876E-05
                3.119E-02  6.395E-03  9.840E-05  5.711E-05  3.636E-04  5.879E-03
                1.071E-02  4.059E-04  3.864E-04  1.722E-06  7.052E-06  1.545E-05
                6.403E-06  1.328E-05  3.225E-06  7.077E-06  6.268E-06  8.012E-07
                1.286E-06  3.954E-06  5.274E-06  7.619E-06  8.342E-06  2.039E-05
                1.645E-05  2.140E-06  6.062E-05  1.596E-05  7.238E-06  6.035E-06
                9.362E-09  6.662E-06  2.390E-06  3.992E-05  2.093E-05  1.294E-05
                1.980E-05  7.210E-07  1.291E-06  2.101E-06  3.431E-07  1.753E-06
                8.161E-05  1.210E-06  2.374E-06  2.360E-06  5.153E-07  3.457E-06
                1.838E-05  1.116E-05  9.186E-06  2.862E-05  2.443E-05  9.231E-06
                3.053E-06  1.251E-08  3.036E-08  1.405E-09  8.588E-06  4.824E-06
                3.498E-07  4.108E-08  6.228E-06  6.055E-06  8.079E-06  7.223E-06
                1.153E-05  3.576E-06  2.163E-05  3.104E-06  4.757E-06  2.007E-06
                7.516E-06  3.028E-06  1.053E-05  1.425E-07  3.724E-06  5.549E-06
                5.275E-05  2.134E-05  3.395E-09  4.253E-09  2.366E-09  1.448E-09
                1.919E-09  3.286E-06  1.613E-06  7.376E-06  2.985E-06  1.336E-06
                4.600E-06  7.490E-07  1.899E-05  2.295E-05  5.004E-07  7.351E-07
                9.401E-07  1.447E-07  5.873E-07  8.498E-07  1.637E-06  1.633E-06
                6.297E-07  1.595E-07  5.980E-06  1.436E-05  5.869E-05  1.293E-05
                6.159E-07  1.313E-06  7.628E-06  7.717E-06  6.060E-07  8.868E-07
                6.813E-07  1.562E-06  3.924E-05  6.342E-07  4.020E-06  4.661E-06
                1.176E-05  1.353E-05  5.660E-05  1.282E-06  6.753E-06  7.103E-06
                9.714E-06  1.446E-06  1.469E-06  1.000E-06  8.033E-07  2.432E-06
                3.826E-06  4.156E-06  3.846E-08  1.355E-06  2.632E-06  7.118E-06
                1.264E-05  1.061E-06  6.503E-07  6.977E-06  2.476E-06  5.427E-06
                3.769E-06  8.193E-06  5.792E-06  9.087E-06  1.254E-06  1.255E-06
                1.131E-05  1.553E-06  2.401E-06  1.557E-06  3.427E-06  1.470E-06
                4.053E-06  5.503E-06  2.898E-05  9.536E-06  2.032E-06  1.456E-06
                1.317E-06  1.221E-06  3.060E-06  2.173E-06  2.393E-06  1.127E-06
                1.362E-06  3.177E-06  8.706E-06  1.393E-05  2.255E-06  5.813E-07
                4.045E-07  2.008E-06  3.590E-06  3.291E-06  3.143E-06  5.886E-07
                7.295E-06  2.009E-06  5.734E-06  1.274E-06  2.447E-06  1.255E-05
                1.518E-05  1.008E-05  6.022E-06  8.484E-06  1.226E-05  2.921E-06
                3.843E-06  6.933E-06  4.529E-07  1.619E-07  4.255E-07  6.840E-07
                2.292E-06  2.352E-06  3.165E-06  6.917E-06  6.284E-06  2.849E-07
                4.428E-07  5.109E-07  3.794E-07  3.373E-06  9.019E-06
8.33931147E+01  1.505E-02  1.206E-02  5.873E-03  5.634E-03  8.009E-03  2.226E-05
                2.193E-02  4.497E-03  6.014E-05  3.183E-05  2.589E-04  4.243E-03
                7.743E-03  2.460E-04  2.344E-04  1.129E-06  4.099E-06  8.785E-06
                4.096E-06  7.901E-06  2.199E-06  4.817E-06  3.307E-06  3.916E-07
                7.635E-07  2.460E-06  3.633E-06  4.432E-06  5.013E-06  1.208E-05
                8.862E-06  1.452E-06  2.870E-05  9.129E-06  4.022E-06  3.522E-06
                5.925E-09  3.452E-06  1.222E-06  2.050E-05  1.091E-05  6.696E-06
                1.020E-05  3.231E-07  5.917E-07  1.017E-06  2.160E-07  1.036E-06
                4.831E-05  8.730E-07  1.292E-06  1.567E-06  2.674E-07  2.564E-06
                9.717E-06  5.787E-06  4.941E-06  1.493E-05  1.429E-05  4.498E-06
                1.638E-06  8.704E-09  1.987E-08  1.066E-09  3.543E-06  2.067E-06
                2.878E-07  5.784E-08  3.657E-06  3.597E-06  4.732E-06  5.020E-06
                8.467E-06  2.702E-06  1.274E-05  1.372E-06  2.435E-06  8.444E-07
                5.123E-06  2.045E-06  7.095E-06  6.386E-08  1.999E-06  2.648E-06
                3.303E-05  1.340E-05  2.188E-09  2.666E-09  1.390E-09  9.061E-10
                1.042E-09  2.337E-06  1.213E-06  4.925E-06  2.305E-06  1.033E-06
                3.486E-06  4.159E-07  1.201E-05  1.450E-05  3.204E-07  5.080E-07
                6.622E-07  9.509E-08  2.734E-07  5.431E-07  1.082E-06  1.078E-06
                1.378E-07  1.109E-07  3.970E-06  9.633E-06  3.700E-05  8.101E-06
                4.022E-07  9.217E-07  4.991E-06  4.842E-06  4.540E-07  6.366E-07
                4.926E-07  1.130E-06  2.473E-05  4.420E-07  2.631E-06  3.076E-06
                7.699E-06  8.762E-06  3.659E-05  8.121E-07  4.645E-06  4.880E-06
                6.444E-06  7.013E-07  6.996E-07  4.511E-07  4.184E-07  1.181E-06
                1.834E-06  1.987E-06  1.324E-08  8.901E-07  1.606E-06  4.457E-06
                8.129E-06  4.850E-07  3.670E-07  2.704E-06  9.585E-07  3.563E-06
                2.538E-06  5.120E-06  3.587E-06  5.739E-06  7.751E-07  6.562E-07
                7.585E-06  7.940E-07  1.259E-06  8.594E-07  1.920E-06  7.623E-07
                2.713E-06  3.418E-06  1.734E-05  6.188E-06  9.776E-07  6.118E-07
                6.197E-07  6.078E-07  1.968E-06  1.301E-06  1.419E-06  7.155E-07
                6.674E-07  2.042E-06  5.510E-06  8.672E-06  1.252E-06  3.968E-07
                2.352E-07  1.069E-06  1.616E-06  1.717E-06  1.359E-06  3.199E-07
                5.092E-06  1.199E-06  3.892E-06  7.596E-07  1.534E-06  9.012E-06
                1.095E-05  7.359E-06  3.079E-06  4.012E-06  5.303E-06  1.533E-06
                1.952E-06  3.483E-06  1.200E-07  3.467E-08  1.896E-07  3.734E-07
                1.831E-06  1.831E-06  2.415E-06  4.535E-06  3.812E-06  1.251E-07
                1.596E-07  3.416E-07  2.671E-07  2.302E-06  6.176E-06
9.70011147E+01  9.402E-03  7.542E-03  3.671E-03  3.526E-03  5.009E-03  1.343E-05
                1.612E-02  3.306E-03  3.931E-05  1.899E-05  1.915E-04  3.167E-03
                5.788E-03  1.604E-04  1.531E-04  7.239E-07  2.478E-06  5.051E-06
                2.627E-06  4.671E-06  1.429E-06  3.126E-06  2.010E-06  2.371E-07
                5.478E-07  1.771E-06  2.807E-06  2.719E-06  3.091E-06  7.443E-06
                5.188E-06  9.428E-07  1.559E-05  5.694E-06  2.434E-06  2.182E-06
                3.710E-09  1.940E-06  6.822E-07  1.170E-05  6.349E-06  3.865E-06
                5.878E-06  1.686E-07  3.171E-07  5.649E-07  1.805E-07  7.323E-07
                3.065E-05  7.462E-07  7.351E-07  1.259E-06  1.518E-07  2.216E-06
                5.661E-06  3.340E-06  2.853E-06  8.447E-06  1.002E-05  2.778E-06
                9.723E-07  6.252E-09  1.299E-08  7.511E-10  1.778E-06  1.067E-06
                2.254E-07  5.535E-08  2.273E-06  2.221E-06  2.915E-06  3.625E-06
                6.285E-06  2.037E-06  7.858E-06  7.221E-07  1.437E-06  4.240E-07
                3.495E-06  1.396E-06  4.825E-06  3.984E-08  1.190E-06  1.471E-06
                2.199E-05  8.897E-06  1.516E-09  1.797E-09  8.817E-10  6.177E-10
                6.164E-10  1.633E-06  8.388E-07  3.380E-06  1.776E-06  7.842E-07
                2.685E-06  2.645E-07  8.036E-06  9.717E-06  2.350E-07  3.799E-07
                4.956E-07  6.961E-08  1.868E-07  3.857E-07  7.722E-07  7.756E-07
                6.005E-08  7.993E-08  2.709E-06  6.592E-06  2.556E-05  5.588E-06
                2.752E-07  6.808E-07  3.546E-06  3.325E-06  3.398E-07  4.824E-07
                3.793E-07  8.231E-07  1.667E-05  3.329E-07  1.888E-06  2.030E-06
                5.088E-06  6.173E-06  2.576E-05  5.983E-07  3.262E-06  3.425E-06
                4.439E-06  3.855E-07  3.793E-07  2.321E-07  2.382E-07  6.290E-07
                9.771E-07  1.063E-06  1.457E-08  6.036E-07  1.081E-06  3.062E-06
                5.685E-06  2.545E-07  2.327E-07  1.156E-06  4.049E-07  2.359E-06
                1.682E-06  3.507E-06  2.453E-06  3.958E-06  5.155E-07  3.935E-07
                5.427E-06  4.607E-07  7.335E-07  5.097E-07  1.128E-06  5.050E-07
                1.944E-06  2.348E-06  1.168E-05  4.175E-06  5.558E-07  3.360E-07
                3.609E-07  3.502E-07  1.343E-06  8.781E-07  9.557E-07  4.867E-07
                4.094E-07  1.437E-06  3.827E-06  5.936E-06  7.322E-07  3.118E-07
                1.672E-07  6.181E-07  8.566E-07  9.764E-07  7.012E-07  1.919E-07
                3.711E-06  7.519E-07  2.796E-06  5.013E-07  1.063E-06  6.708E-06
                8.132E-06  5.508E-06  1.783E-06  2.183E-06  2.550E-06  9.046E-07
                1.141E-06  1.976E-06  4.394E-08  1.318E-08  9.065E-08  2.128E-07
                1.411E-06  1.410E-06  1.845E-06  3.272E-06  2.624E-06  7.862E-08
                8.382E-08  2.392E-07  1.988E-07  1.716E-06  4.627E-06
1.10609115E+02  6.167E-03  4.945E-03  2.407E-03  2.309E-03  3.285E-03  9.173E-06
                1.202E-02  2.465E-03  2.725E-05  1.228E-05  1.440E-04  2.396E-03
                4.384E-03  1.058E-04  1.008E-04  4.844E-07  1.577E-06  2.962E-06
                1.770E-06  2.849E-06  9.598E-07  2.102E-06  1.436E-06  1.801E-07
                4.224E-07  1.322E-06  2.179E-06  1.791E-06  1.988E-06  4.820E-06
                3.271E-06  6.334E-07  9.571E-06  3.791E-06  1.586E-06  1.429E-06
                2.410E-09  1.170E-06  4.102E-07  7.182E-06  3.982E-06  2.400E-06
                3.640E-06  9.715E-08  1.872E-07  3.410E-07  1.482E-07  5.508E-07
                2.045E-05  6.180E-07  4.471E-07  1.009E-06  8.312E-08  1.849E-06
                3.515E-06  2.061E-06  1.769E-06  5.226E-06  7.420E-06  1.904E-06
                6.188E-07  4.866E-09  9.547E-09  5.225E-10  1.016E-06  6.277E-07
                1.691E-07  4.516E-08  1.519E-06  1.475E-06  1.935E-06  2.841E-06
                4.684E-06  1.547E-06  5.222E-06  4.336E-07  9.512E-07  2.409E-07
                2.518E-06  1.006E-06  3.473E-06  3.064E-08  7.744E-07  9.103E-07
                1.517E-05  6.125E-06  1.125E-09  1.301E-09  6.018E-10  4.356E-10
                4.089E-10  1.195E-06  6.082E-07  2.431E-06  1.421E-06  6.140E-07
                2.157E-06  1.934E-07  5.544E-06  6.704E-06  1.800E-07  2.922E-07
                3.805E-07  5.345E-08  1.424E-07  2.916E-07  5.882E-07  5.967E-07
                4.034E-08  6.272E-08  2.060E-06  5.018E-06  1.790E-05  3.911E-06
                1.985E-07  5.147E-07  2.567E-06  2.325E-06  2.569E-07  3.670E-07
                2.927E-07  6.184E-07  1.150E-05  2.642E-07  1.445E-06  1.393E-06
                3.482E-06  4.397E-06  1.833E-05  4.494E-07  2.495E-06  2.629E-06
                3.158E-06  2.460E-07  2.365E-07  1.352E-07  1.580E-07  3.964E-07
                6.153E-07  6.718E-07  1.223E-08  4.224E-07  7.810E-07  2.252E-06
                4.238E-06  1.401E-07  1.578E-07  6.622E-07  2.301E-07  1.617E-06
                1.159E-06  2.595E-06  1.814E-06  2.937E-06  3.613E-07  2.525E-07
                4.022E-06  2.892E-07  4.618E-07  3.354E-07  7.334E-07  3.629E-07
                1.429E-06  1.664E-06  8.211E-06  3.139E-06  3.765E-07  2.079E-07
                2.347E-07  2.315E-07  1.058E-06  6.424E-07  6.926E-07  3.845E-07
                2.794E-07  1.073E-06  2.840E-06  4.370E-06  4.980E-07  2.474E-07
                1.270E-07  3.978E-07  5.748E-07  6.224E-07  4.650E-07  1.234E-07
                2.707E-06  5.013E-07  2.041E-06  3.882E-07  7.930E-07  4.969E-06
                6.005E-06  4.087E-06  1.159E-06  1.396E-06  1.518E-06  5.820E-07
                7.395E-07  1.274E-06  2.836E-08  9.225E-09  4.795E-08  1.272E-07
                1.100E-06  1.099E-06  1.405E-06  2.450E-06  1.917E-06  5.414E-08
                5.238E-08  1.742E-07  1.510E-07  1.320E-06  3.545E-06
1.24217115E+02  4.228E-03  3.399E-03  1.654E-03  1.592E-03  2.263E-03  5.784E-06
                9.452E-03  1.938E-03  1.935E-05  7.706E-06  1.138E-04  1.904E-03
                3.488E-03  7.703E-05  7.362E-05  3.314E-07  1.140E-06  1.916E-06
                1.223E-06  1.834E-06  6.183E-07  1.352E-06  9.645E-07  1.243E-07
                3.896E-07  1.235E-06  2.107E-06  1.145E-06  1.259E-06  3.083E-06
                2.150E-06  4.070E-07  6.046E-06  2.736E-06  1.034E-06  9.262E-07
                1.543E-09  7.207E-07  2.552E-07  4.624E-06  2.643E-06  1.561E-06
                2.375E-06  6.171E-08  1.243E-07  2.335E-07  1.484E-07  4.277E-07
                1.411E-05  5.253E-07  2.783E-07  8.330E-07  4.819E-08  1.576E-06
                2.287E-06  1.334E-06  1.125E-06  3.314E-06  5.771E-06  1.406E-06
                4.135E-07  3.714E-09  6.619E-09  3.708E-10  6.311E-07  3.994E-07
                1.264E-07  3.674E-08  1.027E-06  9.821E-07  1.275E-06  2.080E-06
                3.535E-06  1.158E-06  3.463E-06  2.712E-07  6.235E-07  1.475E-07
                1.666E-06  6.667E-07  2.300E-06  2.613E-08  5.084E-07  5.831E-07
                1.065E-05  4.307E-06  8.518E-10  9.456E-10  3.978E-10  3.119E-10
                2.925E-10  7.900E-07  4.034E-07  1.618E-06  1.143E-06  4.862E-07
                1.736E-06  1.394E-07  3.916E-06  4.752E-06  1.332E-07  2.152E-07
                2.800E-07  3.814E-08  1.057E-07  2.116E-07  4.193E-07  4.315E-07
                3.620E-08  4.062E-08  1.390E-06  3.389E-06  1.375E-05  3.004E-06
                1.396E-07  3.783E-07  1.955E-06  1.769E-06  1.840E-07  2.768E-07
                2.173E-07  4.325E-07  7.943E-06  1.955E-07  1.065E-06  9.902E-07
                2.481E-06  3.429E-06  1.431E-05  3.368E-07  1.707E-06  1.790E-06
                2.131E-06  1.670E-07  1.566E-07  8.312E-08  1.108E-07  2.704E-07
                4.201E-07  4.606E-07  1.118E-08  3.032E-07  5.822E-07  1.699E-06
                3.226E-06  8.302E-08  1.132E-07  4.299E-07  1.501E-07  1.159E-06
                8.261E-07  1.950E-06  1.365E-06  2.215E-06  2.637E-07  1.723E-07
                3.035E-06  1.913E-07  3.078E-07  2.191E-07  4.725E-07  2.842E-07
                1.088E-06  1.291E-06  6.342E-06  2.052E-06  2.637E-07  1.334E-07
                1.583E-07  1.579E-07  7.247E-07  4.817E-07  5.160E-07  2.648E-07
                2.004E-07  8.173E-07  2.151E-06  3.283E-06  3.397E-07  1.992E-07
                9.892E-08  2.606E-07  3.871E-07  4.042E-07  3.136E-07  8.209E-08
                2.154E-06  3.405E-07  1.600E-06  2.606E-07  6.138E-07  3.958E-06
                4.817E-06  3.293E-06  7.843E-07  9.416E-07  9.367E-07  3.864E-07
                5.036E-07  8.591E-07  2.224E-08  7.957E-09  3.007E-08  8.328E-08
                8.616E-07  8.631E-07  1.091E-06  1.885E-06  1.447E-06  3.780E-08
                3.335E-08  1.289E-07  1.165E-07  1.027E-06  2.772E-06
1.37825115E+02  2.985E-03  2.395E-03  1.166E-03  1.120E-03  1.596E-03  4.411E-06
                7.287E-03  1.494E-03  1.442E-05  5.484E-06  8.839E-05  1.484E-03
                2.722E-03  5.314E-05  5.063E-05  2.380E-07  8.222E-07  1.160E-06
                8.994E-07  1.161E-06  4.339E-07  9.493E-07  7.639E-07  1.082E-07
                2.762E-07  8.321E-07  1.397E-06  7.947E-07  8.326E-07  2.061E-06
                1.474E-06  2.858E-07  4.420E-06  1.861E-06  7.346E-07  6.410E-07
                1.020E-09  4.693E-07  1.659E-07  3.222E-06  1.852E-06  1.095E-06
                1.661E-06  4.220E-08  8.988E-08  1.718E-07  1.391E-07  3.525E-07
                1.026E-05  4.454E-07  1.846E-07  6.958E-07  3.029E-08  1.340E-06
                1.580E-06  9.261E-07  7.550E-07  2.230E-06  4.586E-06  1.079E-06
                2.955E-07  2.997E-09  4.940E-09  2.615E-10  4.136E-07  2.722E-07
                9.287E-08  2.780E-08  7.322E-07  6.973E-07  9.152E-07  1.607E-06
                2.667E-06  8.913E-07  2.466E-06  1.835E-07  4.546E-07  9.496E-08
                1.243E-06  5.003E-07  1.721E-06  1.930E-08  3.591E-07  4.006E-07
                7.941E-06  3.201E-06  6.553E-10  7.222E-10  2.941E-10  2.252E-10
                1.995E-10  5.988E-07  2.950E-07  1.228E-06  9.155E-07  3.835E-07
                1.401E-06  1.179E-07  2.917E-06  3.531E-06  1.039E-07  1.667E-07
                2.180E-07  2.934E-08  8.624E-08  1.626E-07  3.258E-07  3.410E-07
                3.530E-08  3.387E-08  1.057E-06  2.574E-06  1.017E-05  2.223E-06
                1.043E-07  2.952E-07  1.481E-06  1.308E-06  1.378E-07  2.135E-07
                1.668E-07  3.213E-07  5.916E-06  1.549E-07  8.322E-07  7.169E-07
                1.796E-06  2.566E-06  1.070E-05  2.479E-07  1.310E-06  1.376E-06
                1.619E-06  1.135E-07  1.049E-07  5.216E-08  7.692E-08  1.845E-07
                2.867E-07  3.153E-07  8.585E-09  2.251E-07  4.460E-07  1.315E-06
                2.517E-06  4.970E-08  8.202E-08  2.986E-07  1.048E-07  8.395E-07
                5.976E-07  1.519E-06  1.062E-06  1.727E-06  1.997E-07  1.223E-07
                2.362E-06  1.309E-07  2.127E-07  1.525E-07  3.216E-07  2.273E-07
                8.221E-07  9.718E-07  4.794E-06  1.592E-06  1.866E-07  8.781E-08
                1.098E-07  1.097E-07  5.960E-07  3.737E-07  3.981E-07  2.192E-07
                1.493E-07  6.395E-07  1.674E-06  2.543E-06  2.383E-07  1.578E-07
                7.676E-08  1.790E-07  2.841E-07  2.735E-07  2.308E-07  5.635E-08
                1.615E-06  2.390E-07  1.208E-06  2.172E-07  4.838E-07  2.974E-06
                3.614E-06  2.475E-06  5.587E-07  6.740E-07  6.347E-07  2.685E-07
                3.588E-07  6.125E-07  2.400E-08  8.969E-09  1.829E-08  5.414E-08
                6.902E-07  6.926E-07  8.530E-07  1.469E-06  1.112E-06  2.862E-08
                2.389E-08  9.867E-08  9.201E-08  8.151E-07  2.193E-06
1.51433115E+02  2.206E-03  1.780E-03  8.666E-04  8.369E-04  1.187E-03  2.951E-06
                6.036E-03  1.238E-03  1.097E-05  3.642E-06  7.310E-05  1.230E-03
                2.256E-03  4.196E-05  4.013E-05  1.756E-07  6.937E-07  8.604E-07
                6.743E-07  8.258E-07  2.822E-07  6.157E-07  5.209E-07  7.532E-08
                2.837E-07  8.895E-07  1.529E-06  5.163E-07  5.410E-07  1.352E-06
                1.060E-06  1.853E-07  3.040E-06  1.502E-06  4.963E-07  4.240E-07
                6.558E-10  3.042E-07  1.105E-07  2.305E-06  1.375E-06  7.763E-07
                1.184E-06  3.038E-08  6.793E-08  1.332E-07  1.319E-07  2.871E-07
                7.475E-06  3.815E-07  1.232E-07  5.864E-07  2.186E-08  1.146E-06
                1.115E-06  6.567E-07  5.076E-07  1.500E-06  3.742E-06  8.626E-07
                2.110E-07  2.371E-09  3.536E-09  1.892E-10  2.975E-07  1.988E-07
                6.877E-08  2.173E-08  5.170E-07  4.850E-07  6.296E-07  1.190E-06
                2.104E-06  6.806E-07  1.709E-06  1.286E-07  3.201E-07  6.616E-08
                7.961E-07  3.207E-07  1.105E-06  1.840E-08  2.501E-07  2.799E-07
                5.725E-06  2.323E-06  5.200E-10  5.440E-10  1.958E-10  1.682E-10
                1.555E-10  3.786E-07  1.910E-07  7.908E-07  7.582E-07  3.144E-07
                1.157E-06  8.481E-08  2.124E-06  2.577E-06  7.659E-08  1.217E-07
                1.587E-07  2.058E-08  6.552E-08  1.173E-07  2.298E-07  2.452E-07
                3.488E-08  2.160E-08  7.020E-07  1.711E-06  8.456E-06  1.847E-06
                7.706E-08  2.181E-07  1.189E-06  1.074E-06  9.674E-08  1.617E-07
                1.216E-07  2.197E-07  4.102E-06  1.138E-07  6.216E-07  5.337E-07
                1.339E-06  2.155E-06  9.003E-06  1.846E-07  8.830E-07  9.209E-07
                1.060E-06  8.451E-08  7.636E-08  3.506E-08  5.862E-08  1.408E-07
                2.191E-07  2.413E-07  6.958E-09  1.690E-07  3.493E-07  1.037E-06
                1.995E-06  3.194E-08  6.594E-08  2.243E-07  7.931E-08  6.297E-07
                4.466E-07  1.189E-06  8.333E-07  1.356E-06  1.566E-07  9.224E-08
                1.835E-06  9.632E-08  1.584E-07  1.045E-07  2.183E-07  1.887E-07
                6.568E-07  8.142E-07  4.009E-06  1.001E-06  1.410E-07  6.043E-08
                7.955E-08  8.038E-08  4.047E-07  2.931E-07  3.096E-07  1.501E-07
                1.144E-07  5.054E-07  1.319E-06  1.991E-06  1.740E-07  1.263E-07
                6.038E-08  1.244E-07  2.026E-07  1.896E-07  1.652E-07  4.047E-08
                1.371E-06  1.729E-07  1.006E-06  1.439E-07  3.946E-07  2.505E-06
                3.082E-06  2.113E-06  4.066E-07  4.971E-07  4.410E-07  1.902E-07
                2.612E-07  4.454E-07  1.959E-08  7.492E-09  1.316E-08  3.859E-08
                5.559E-07  5.586E-07  6.820E-07  1.170E-06  8.720E-07  2.134E-08
                1.690E-08  7.704E-08  7.357E-08  6.526E-07  1.768E-06
1.65041115E+02  1.586E-03  1.273E-03  6.200E-04  5.971E-04  8.533E-04  2.124E-06
                4.784E-03  9.811E-04  8.355E-06  2.505E-06  5.902E-05  9.982E-04
                1.833E-03  2.981E-05  2.844E-05  1.373E-07  5.671E-07  5.600E-07
                5.422E-07  5.665E-07  2.056E-07  4.496E-07  4.425E-07  6.980E-08
                1.823E-07  5.325E-07  8.760E-07  3.781E-07  3.661E-07  9.247E-07
                7.504E-07  1.348E-07  2.359E-06  9.917E-07  3.661E-07  3.013E-07
                4.540E-10  2.129E-07  7.685E-08  1.651E-06  9.740E-07  5.584E-07
                8.506E-07  2.230E-08  5.285E-08  1.057E-07  1.198E-07  2.452E-07
                5.557E-06  3.303E-07  8.804E-08  5.035E-07  1.734E-08  9.931E-07
                7.933E-07  4.662E-07  3.554E-07  1.061E-06  3.099E-06  6.898E-07
                1.617E-07  2.005E-09  2.814E-09  1.438E-10  1.964E-07  1.393E-07
                5.041E-08  1.614E-08  3.822E-07  3.591E-07  4.727E-07  9.540E-07
                1.576E-06  5.242E-07  1.268E-06  8.784E-08  2.405E-07  4.217E-08
                6.332E-07  2.561E-07  8.800E-07  1.299E-08  1.823E-07  1.966E-07
                4.354E-06  1.758E-06  4.004E-10  4.230E-10  1.534E-10  1.223E-10
                1.055E-10  3.046E-07  1.479E-07  6.328E-07  5.954E-07  2.443E-07
                9.148E-07  7.773E-08  1.604E-06  1.943E-06  6.155E-08  9.554E-08
                1.245E-07  1.659E-08  5.625E-08  9.518E-08  1.876E-07  2.030E-07
                3.620E-08  1.941E-08  5.771E-07  1.405E-06  6.189E-06  1.354E-06
                5.744E-08  1.723E-07  8.974E-07  7.902E-07  7.512E-08  1.255E-07
                9.444E-08  1.720E-07  3.161E-06  9.437E-08  5.038E-07  3.947E-07
                9.889E-07  1.596E-06  6.664E-06  1.363E-07  7.224E-07  7.564E-07
                8.494E-07  5.883E-08  5.267E-08  2.275E-08  4.138E-08  9.911E-08
                1.541E-07  1.702E-07  5.030E-09  1.285E-07  2.698E-07  8.044E-07
                1.556E-06  1.941E-08  4.668E-08  1.805E-07  6.440E-08  4.656E-07
                3.300E-07  9.262E-07  6.484E-07  1.056E-06  1.211E-07  6.725E-08
                1.434E-06  6.671E-08  1.101E-07  7.649E-08  1.556E-07  1.558E-07
                4.953E-07  6.155E-07  3.070E-06  8.391E-07  1.018E-07  4.084E-08
                5.624E-08  5.684E-08  3.584E-07  2.273E-07  2.400E-07  1.336E-07
                8.663E-08  3.951E-07  1.027E-06  1.547E-06  1.247E-07  9.832E-08
                4.712E-08  8.926E-08  1.592E-07  1.350E-07  1.308E-07  2.860E-08
                1.023E-06  1.249E-07  7.614E-07  1.311E-07  3.182E-07  1.865E-06
                2.289E-06  1.571E-06  3.002E-07  3.745E-07  3.298E-07  1.362E-07
                1.925E-07  3.308E-07  1.936E-08  7.334E-09  8.765E-09  2.631E-08
                4.435E-07  4.464E-07  5.299E-07  9.160E-07  6.747E-07  1.644E-08
                1.304E-08  5.990E-08  5.850E-08  5.167E-07  1.396E-06
1.78649115E+02  1.298E-03  1.047E-03  5.099E-04  4.929E-04  6.972E-04  1.888E-06
                3.962E-03  8.125E-04  6.810E-06  2.068E-06  4.797E-05  8.103E-04
                1.487E-03  2.347E-05  2.239E-05  1.083E-07  5.104E-07  4.668E-07
                4.344E-07  4.355E-07  1.389E-07  3.019E-07  2.974E-07  4.886E-08
                1.891E-07  5.843E-07  9.820E-07  2.422E-07  2.414E-07  6.137E-07
                5.870E-07  9.090E-08  1.814E-06  8.547E-07  2.604E-07  2.061E-07
                2.831E-10  1.401E-07  5.237E-08  1.365E-06  8.287E-07  4.482E-07
                6.838E-07  1.808E-08  4.525E-08  9.146E-08  1.127E-07  2.104E-07
                4.408E-06  2.879E-07  6.258E-08  4.355E-07  1.611E-08  8.636E-07
                6.259E-07  3.776E-07  2.567E-07  7.481E-07  2.624E-06  5.889E-07
                1.254E-07  1.588E-09  1.854E-09  1.000E-10  1.641E-07  1.152E-07
                3.838E-08  1.282E-08  2.827E-07  2.613E-07  3.457E-07  6.680E-07
                1.289E-06  4.158E-07  9.238E-07  6.972E-08  1.850E-07  3.417E-08
                3.801E-07  1.552E-07  5.320E-07  1.128E-08  1.358E-07  1.512E-07
                3.368E-06  1.378E-06  3.273E-10  3.282E-10  1.041E-10  9.495E-11
                8.164E-11  1.817E-07  8.946E-08  3.985E-07  5.025E-07  2.048E-07
                7.708E-07  6.250E-08  1.262E-06  1.523E-06  4.610E-08  7.051E-08
                9.266E-08  1.130E-08  4.440E-08  6.848E-08  1.316E-07  1.466E-07
                3.489E-08  1.167E-08  3.389E-07  8.242E-07  5.524E-06  1.207E-06
                4.431E-08  1.350E-07  7.671E-07  6.950E-07  5.141E-08  9.802E-08
                6.841E-08  1.118E-07  2.285E-06  6.623E-08  3.694E-07  3.130E-07
                7.844E-07  1.433E-06  5.993E-06  9.832E-08  4.412E-07  4.561E-07
                5.492E-07  4.232E-08  3.763E-08  1.513E-08  2.996E-08  7.222E-08
                1.125E-07  1.243E-07  4.124E-09  1.038E-07  2.190E-07  6.556E-07
                1.272E-06  1.388E-08  4.073E-08  1.264E-07  4.570E-08  3.698E-07
                2.607E-07  7.500E-07  5.258E-07  8.566E-07  9.949E-08  5.579E-08
                1.159E-06  5.429E-08  9.151E-08  5.485E-08  1.086E-07  1.378E-07
                4.157E-07  5.462E-07  2.720E-06  4.882E-07  7.232E-08  2.784E-08
                4.152E-08  4.064E-08  2.204E-07  1.859E-07  1.948E-07  8.289E-08
                6.973E-08  3.228E-07  8.371E-07  1.251E-06  8.791E-08  8.169E-08
                3.749E-08  6.353E-08  1.129E-07  9.406E-08  9.287E-08  2.158E-08
                8.972E-07  9.354E-08  6.558E-07  7.933E-08  2.585E-07  1.614E-06
                2.009E-06  1.376E-06  2.260E-07  2.774E-07  2.136E-07  1.023E-07
                1.477E-07  2.477E-07  2.141E-08  8.344E-09  7.328E-09  2.077E-08
                3.626E-07  3.654E-07  4.312E-07  7.373E-07  5.342E-07  1.450E-08
                1.073E-08  4.806E-08  4.756E-08  4.190E-07  1.138E-06
1.92257115E+02  9.216E-04  7.472E-04  3.639E-04  3.543E-04  5.023E-04  9.395E-07
                3.485E-03  7.148E-04  5.328E-06  1.078E-06  4.343E-05  7.377E-04
                1.356E-03  1.958E-05  1.881E-05  8.810E-08  4.431E-07  3.359E-07
                3.613E-07  3.303E-07  9.772E-08  2.132E-07  2.480E-07  4.159E-08
                1.488E-07  4.486E-07  7.485E-07  1.839E-07  1.691E-07  4.311E-07
                4.224E-07  6.353E-08  1.228E-06  6.330E-07  1.795E-07  1.391E-07
                2.070E-10  1.050E-07  4.008E-08  9.072E-07  5.655E-07  2.936E-07
                4.513E-07  1.241E-08  3.368E-08  7.199E-08  9.902E-08  1.757E-07
                3.044E-06  2.519E-07  4.601E-08  3.775E-07  1.400E-08  7.542E-07
                4.168E-07  2.458E-07  1.730E-07  5.205E-07  2.234E-06  4.791E-07
                9.501E-08  1.408E-09  1.741E-09  8.482E-11  1.064E-07  7.982E-08
                2.679E-08  9.118E-09  2.001E-07  1.859E-07  2.437E-07  6.074E-07
                9.929E-07  3.166E-07  6.523E-07  4.610E-08  1.327E-07  2.069E-08
                3.146E-07  1.261E-07  4.374E-07  1.129E-08  9.379E-08  1.015E-07
                2.311E-06  9.432E-07  2.533E-10  2.496E-10  7.573E-11  6.844E-11
                6.225E-11  1.473E-07  7.667E-08  3.034E-07  4.044E-07  1.638E-07
                6.176E-07  4.364E-08  8.603E-07  1.042E-06  3.592E-08  5.318E-08
                6.840E-08  9.360E-09  3.772E-08  5.526E-08  1.058E-07  1.178E-07
                3.399E-08  1.120E-08  3.358E-07  8.162E-07  4.061E-06  8.870E-07
                3.473E-08  1.018E-07  5.707E-07  5.146E-07  4.087E-08  7.366E-08
                5.243E-08  9.269E-08  1.594E-06  6.065E-08  3.202E-07  2.244E-07
                5.597E-07  1.065E-06  4.453E-06  7.862E-08  4.235E-07  4.419E-07
                4.164E-07  3.411E-08  2.980E-08  1.135E-08  2.458E-08  6.007E-08
                9.349E-08  1.031E-07  2.633E-09  7.738E-08  1.693E-07  5.067E-07
                9.883E-07  9.019E-09  3.252E-08  1.097E-07  3.916E-08  2.652E-07
                1.907E-07  5.726E-07  4.025E-07  6.551E-07  8.303E-08  4.430E-08
                8.797E-07  4.123E-08  6.981E-08  3.972E-08  7.998E-08  1.086E-07
                3.131E-07  4.173E-07  2.098E-06  4.335E-07  6.089E-08  2.081E-08
                3.132E-08  3.230E-08  2.245E-07  1.401E-07  1.471E-07  8.479E-08
                5.272E-08  2.484E-07  6.415E-07  9.583E-07  7.033E-08  6.087E-08
                2.920E-08  4.750E-08  8.832E-08  7.336E-08  7.232E-08  1.665E-08
                6.994E-07  7.241E-08  5.144E-07  7.978E-08  2.205E-07  1.260E-06
                1.566E-06  1.076E-06  1.696E-07  2.210E-07  1.903E-07  7.297E-08
                1.077E-07  1.874E-07  9.952E-09  3.725E-09  4.556E-09  1.414E-08
                2.958E-07  2.983E-07  3.443E-07  5.955E-07  4.267E-07  9.085E-09
                7.074E-09  3.887E-08  3.885E-08  3.394E-07  9.265E-07
