          16           7
         215          13           1           1
           0          -4           0          -4           0          -6           0          -2           0          -4           0           6           0           4           0           2           0           4           0           6           0           2           0           4           0           2           0          -4           0          -2           0           2           0           4           0           6           0           2           0           4           0           6           0           4           0          -2           0          -2           0          -4           0          -6           0          -8           0          -2           0          -4           0          -6           0          -4           0           2           0          -4           0          -6           0          -2           0          -4           0          -6           0          -6           0          -8           0          -4           0          -6           0          -2           0          -4           0           4           0           6           0           8           0          10           0           4           0          -4           0           2           0           6           0           4           0           8           0           2           0          -4           0          -2           0           6           0           6           0           4           0           2           0           8           0           4           0           6           0           8           0           4           0           6           0           8           0          10           0           4           0           6           0           8           0           6           0           4           0           2           0           6           0           2           0           4           0           2           0          -4           0          -2           0          -6           0          -8           0           6           0           4           0          -4           0          -6           0          -2           0          -4           0          -6           0          -8           0         -10           0          -2           0          -4           0          -6           0          -4           0          -2           0          -6           0          -8           0          -2           0          -4           0           2           0           4           0           6           0           8           0           4           0           4           0           6           0           8           0           2           0          10           0           8           0           6           0           4           0           2           0           6           0           6           0           4           0           4           0           2           0           4           0           6           0           8           0          -4           0           2           0           4           0          -6           0          -4           0           2           0           4           0           6           0           4           0           6           0          -2           0          -4           0          -6           0          -8           0         -10           0          -6           0          -8           0         -10           0         -12           0           2           0          -2           0          -4           0          -6           0          -8           0          -2           0          -8           0         -10           0          -4           0          -2           0          -6           0          -4           0          -2           0          -4           0          -2           0          -4           0          -6           0          -4           0          -8           0          -6           0           2           0           4           0           2           0           4           0           6           0         -10           0          -8           0          -6           0          -4           0           6           0          -2           0          -4           0           8           0          -6           0          -2           0          -4           0          -6           0          -8           0           4           0           6           0          -4           0          -6           0          -6           0          -8           0          -2           0           2           0          -4           0           4           0           6           0           4           0           4           0           2           0           2           0          -4           0          -6           0          -8           0          -2           0          -4           0          -6           0          -8           0         -10           0          -8           0          -6           0          -4           0          -2           0          -2           0          -4           0          -6           0          -6           0          -8           0          -4           0          -2           0          -6           0          -4
    0.000000E+00    9.645106E-03    9.843162E-03    1.435602E-02    1.458263E-02
    4.247197E-02    4.320385E-02    4.360158E-02    5.944295E-02    5.948713E-02
    6.922989E-02    7.316769E-02    7.411300E-02    1.134727E-01    1.147319E-01
    2.354040E-01    2.358931E-01    2.366026E-01    2.382857E-01    2.391328E-01
    2.438023E-01    2.438287E-01    2.461520E-01    2.471700E-01    2.474363E-01
    2.479076E-01    2.485433E-01    2.486026E-01    2.487216E-01    2.491410E-01
    2.502551E-01    2.507374E-01    2.510783E-01    2.511300E-01    2.524691E-01
    2.524772E-01    2.554279E-01    2.561102E-01    2.563381E-01    2.591442E-01
    2.591854E-01    2.609226E-01    2.615363E-01    2.619649E-01    2.622131E-01
    2.625883E-01    2.631076E-01    2.632646E-01    2.633261E-01    2.634365E-01
    2.637297E-01    2.638533E-01    2.640096E-01    2.643758E-01    2.644930E-01
    2.645338E-01    2.648466E-01    2.652759E-01    2.655531E-01    2.656939E-01
    2.657640E-01    2.676748E-01    2.677713E-01    2.679166E-01    2.688115E-01
    2.690337E-01    2.711118E-01    2.712141E-01    2.720014E-01    2.721113E-01
    2.724223E-01    2.724984E-01    2.725578E-01    2.726085E-01    2.727219E-01
    2.737570E-01    2.740430E-01    2.746587E-01    2.763855E-01    2.763956E-01
    2.763957E-01    2.764682E-01    2.789238E-01    2.791446E-01    2.808157E-01
    2.808428E-01    2.816082E-01    2.816156E-01    2.816277E-01    2.816445E-01
    2.816660E-01    2.832213E-01    2.832636E-01    2.833497E-01    2.872720E-01
    2.872722E-01    2.872783E-01    2.873017E-01    2.873787E-01    2.874354E-01
    2.875828E-01    2.876419E-01    2.877951E-01    2.879672E-01    2.884374E-01
    2.885530E-01    2.886000E-01    2.886971E-01    2.887362E-01    2.888178E-01
    2.901974E-01    2.902310E-01    2.934227E-01    2.936053E-01    2.936679E-01
    2.948139E-01    2.948751E-01    2.949134E-01    2.954910E-01    2.955387E-01
    2.955818E-01    2.956302E-01    2.974080E-01    2.974265E-01    2.978254E-01
    2.979930E-01    2.980044E-01    2.981863E-01    2.981951E-01    2.982014E-01
    2.986863E-01    2.989406E-01    2.997979E-01    3.013547E-01    3.014398E-01
    3.015665E-01    3.017420E-01    3.025165E-01    3.025355E-01    3.025686E-01
    3.026262E-01    3.032771E-01    3.036433E-01    3.036673E-01    3.036996E-01
    3.037196E-01    3.041292E-01    3.046134E-01    3.046301E-01    3.048276E-01
    3.048611E-01    3.049614E-01    3.051740E-01    3.052844E-01    3.060373E-01
    3.062721E-01    3.065126E-01    3.067251E-01    3.072820E-01    3.083217E-01
    3.083847E-01    3.085481E-01    3.086063E-01    3.093086E-01    3.093690E-01
    3.093750E-01    3.093804E-01    3.094500E-01    3.095030E-01    3.095365E-01
    3.096086E-01    3.096683E-01    3.098305E-01    3.098337E-01    3.100372E-01
    3.110986E-01    3.111053E-01    3.111248E-01    3.111449E-01    3.124031E-01
    3.124222E-01    3.126400E-01    3.132139E-01    3.132929E-01    3.134326E-01
    3.163175E-01    3.165548E-01    3.167011E-01    3.167161E-01    3.173537E-01
    3.174815E-01    3.194473E-01    3.198310E-01    3.206567E-01    3.235572E-01
    3.235827E-01    3.236877E-01    3.236885E-01    3.238034E-01    3.239013E-01
    3.239634E-01    3.240075E-01    3.245628E-01    3.245933E-01    3.263728E-01
    3.264517E-01    3.271738E-01    3.284075E-01    3.287843E-01    3.314323E-01
    3.314556E-01    3.324856E-01    3.325179E-01    3.327131E-01    3.333147E-01
           0           2           0           1
  -27.940514715248785               13
3.16827147E+01  2.285E-01  1.886E-01  9.230E-02  8.932E-02  1.250E-01  3.513E-04
                1.173E-01  2.407E-02
4.52907147E+01  9.175E-02  7.575E-02  3.652E-02  3.480E-02  4.937E-02  1.504E-04
                6.841E-02  1.413E-02  3.050E-04  2.071E-04  7.648E-04  1.167E-02
                2.088E-02  1.265E-03  1.210E-03
5.88987147E+01  4.266E-02  3.439E-02  1.675E-02  1.610E-02  2.283E-02  6.357E-05
                4.284E-02  8.783E-03  1.537E-04  9.487E-05  4.953E-04  7.883E-03
                1.432E-02  6.470E-04  6.162E-04  2.464E-06  1.207E-05  2.630E-05
                9.298E-06  2.102E-05  4.182E-06  9.207E-06  1.254E-05  1.816E-06
                2.514E-06  7.075E-06  8.569E-06  1.271E-05  1.326E-05  3.370E-05
                3.006E-05  2.741E-06  1.252E-04  2.819E-05  1.239E-05  9.917E-06
                1.353E-08  1.259E-05  4.602E-06  7.459E-05  3.858E-05  2.417E-05
                3.698E-05  1.555E-06  2.669E-06  4.366E-06  6.224E-07  3.733E-06
                1.313E-04  2.402E-06  4.245E-06  4.952E-06  1.159E-06  7.178E-06
                3.376E-05  2.072E-05  1.629E-05  5.395E-05  5.064E-05  2.300E-05
                5.587E-06  1.800E-08  4.482E-08  1.528E-09  2.204E-05  1.211E-05
                4.184E-07  9.197E-09  9.852E-06  9.381E-06  1.281E-05  1.176E-05
                1.468E-05  4.747E-06  3.374E-05  7.355E-06  1.001E-05  4.872E-06
                1.045E-05  4.272E-06  1.496E-05  3.521E-07  6.985E-06  1.217E-05
                7.974E-05  3.185E-05  5.375E-09  6.925E-09  4.034E-09  1.984E-09
                3.395E-09  4.297E-06  1.768E-06  1.064E-05  3.730E-06  1.598E-06
                5.980E-06  1.459E-06  2.832E-05  3.431E-05  9.386E-07  1.143E-06
                1.349E-06  2.889E-07  1.820E-06  1.530E-06  2.842E-06  2.916E-06
                2.849E-06  1.884E-07  9.220E-06  2.211E-05  8.955E-05  1.993E-05
                8.787E-07  2.065E-06  1.184E-05  1.211E-05  8.879E-07  1.318E-06
                9.967E-07  2.252E-06  5.923E-05  1.106E-06  6.814E-06  6.152E-06
                1.580E-05  2.033E-05  8.496E-05  2.462E-06  1.011E-05  1.082E-05
                1.367E-05  2.633E-06  2.825E-06  2.108E-06  1.404E-06  4.308E-06
                6.672E-06  7.188E-06  5.939E-09  2.190E-06  4.505E-06  1.188E-05
                2.040E-05  2.220E-06  1.093E-06  1.576E-05  5.727E-06  7.327E-06
                4.814E-06  1.367E-05  9.596E-06  1.485E-05  1.966E-06  2.360E-06
                1.709E-05  2.820E-06  4.614E-06  2.710E-06  5.837E-06  3.102E-06
                6.124E-06  8.778E-06  4.829E-05  1.508E-05  3.445E-06  2.607E-06
                2.384E-06  2.270E-06  4.960E-06  3.751E-06  4.166E-06  1.839E-06
                2.681E-06  4.923E-06  1.387E-05  2.273E-05  4.213E-06  9.733E-07
                7.152E-07  3.744E-06  7.636E-06  6.011E-06  6.845E-06  1.037E-06
                1.001E-05  3.128E-06  8.284E-06  2.098E-06  3.974E-06  1.726E-05
                2.038E-05  1.343E-05  1.130E-05  1.684E-05  2.471E-05  5.462E-06
                7.790E-06  1.347E-05  1.489E-06  4.935E-07  9.116E-07  1.152E-06
                2.338E-06  2.446E-06  3.248E-06  1.091E-05  1.043E-05  4.355E-07
                7.193E-07  6.005E-07  4.893E-07  4.477E-06  1.191E-05
7.25067147E+01  2.312E-02  1.856E-02  9.040E-03  8.682E-03  1.231E-02  3.423E-05
                2.901E-02  5.949E-03  8.856E-05  5.041E-05  3.390E-04  5.498E-03
                1.002E-02  3.670E-04  3.496E-04  1.577E-06  6.249E-06  1.361E-05
                5.827E-06  1.183E-05  2.998E-06  6.569E-06  5.423E-06  6.797E-07
                1.113E-06  3.471E-06  4.699E-06  6.772E-06  7.502E-06  1.825E-05
                1.442E-05  1.986E-06  5.175E-05  1.409E-05  6.382E-06  5.378E-06
                8.502E-09  5.778E-06  2.067E-06  3.481E-05  1.826E-05  1.127E-05
                1.721E-05  5.929E-07  1.081E-06  1.800E-06  3.206E-07  1.552E-06
                7.320E-05  1.100E-06  2.085E-06  2.098E-06  4.475E-07  3.194E-06
                1.608E-05  9.727E-06  7.957E-06  2.456E-05  2.138E-05  7.795E-06
                2.645E-06  1.151E-08  2.738E-08  1.324E-09  7.052E-06  4.009E-06
                3.310E-07  4.656E-08  5.448E-06  5.352E-06  7.121E-06  6.587E-06
                1.081E-05  3.371E-06  1.906E-05  2.597E-06  4.071E-06  1.662E-06
                6.972E-06  2.800E-06  9.741E-06  1.188E-07  3.229E-06  4.686E-06
                4.791E-05  1.937E-05  3.109E-09  3.861E-09  2.104E-09  1.272E-09
                1.678E-09  3.084E-06  1.532E-06  6.811E-06  2.865E-06  1.288E-06
                4.384E-06  6.539E-07  1.731E-05  2.088E-05  4.437E-07  6.734E-07
                8.730E-07  1.301E-07  4.815E-07  7.513E-07  1.479E-06  1.481E-06
                4.507E-07  1.495E-07  5.459E-06  1.318E-05  5.311E-05  1.168E-05
                5.675E-07  1.203E-06  6.954E-06  6.982E-06  5.759E-07  8.248E-07
                6.339E-07  1.445E-06  3.581E-05  5.860E-07  3.662E-06  4.276E-06
                1.076E-05  1.233E-05  5.154E-05  1.149E-06  6.277E-06  6.614E-06
                9.013E-06  1.209E-06  1.229E-06  8.320E-07  6.958E-07  2.064E-06
                3.205E-06  3.464E-06  1.016E-08  1.248E-06  2.370E-06  6.443E-06
                1.152E-05  8.846E-07  5.721E-07  5.600E-06  2.005E-06  4.982E-06
                3.482E-06  7.460E-06  5.228E-06  8.279E-06  1.143E-06  1.095E-06
                1.046E-05  1.325E-06  2.118E-06  1.355E-06  3.020E-06  1.251E-06
                3.716E-06  4.960E-06  2.586E-05  8.742E-06  1.646E-06  1.080E-06
                1.045E-06  1.025E-06  2.809E-06  1.936E-06  2.120E-06  1.030E-06
                1.108E-06  2.862E-06  7.837E-06  1.254E-05  2.050E-06  5.230E-07
                3.456E-07  1.759E-06  2.968E-06  2.834E-06  2.569E-06  5.097E-07
                6.782E-06  1.784E-06  5.294E-06  1.132E-06  2.213E-06  1.175E-05
                1.427E-05  9.508E-06  5.188E-06  7.173E-06  1.018E-05  2.523E-06
                3.318E-06  5.996E-06  3.342E-07  1.020E-07  3.495E-07  5.849E-07
                2.249E-06  2.266E-06  3.008E-06  6.308E-06  5.619E-06  1.904E-07
                2.833E-07  4.551E-07  3.450E-07  3.060E-06  8.137E-06
8.61147147E+01  1.365E-02  1.094E-02  5.324E-03  5.107E-03  7.256E-03  2.038E-05
                2.051E-02  4.205E-03  5.524E-05  2.894E-05  2.423E-04  3.977E-03
                7.262E-03  2.232E-04  2.126E-04  1.034E-06  3.675E-06  7.822E-06
                3.753E-06  7.105E-06  2.034E-06  4.458E-06  3.018E-06  3.580E-07
                6.999E-07  2.247E-06  3.361E-06  4.044E-06  4.573E-06  1.101E-05
                7.946E-06  1.344E-06  2.535E-05  8.257E-06  3.639E-06  3.206E-06
                5.403E-09  3.072E-06  1.085E-06  1.829E-05  9.768E-06  5.976E-06
                9.097E-06  2.804E-07  5.142E-07  8.896E-07  1.964E-07  9.650E-07
                4.386E-05  8.477E-07  1.155E-06  1.502E-06  2.387E-07  2.497E-06
                8.688E-06  5.169E-06  4.433E-06  1.332E-05  1.326E-05  4.041E-06
                1.471E-06  8.211E-09  1.851E-08  9.957E-10  3.058E-06  1.796E-06
                2.755E-07  5.749E-08  3.352E-06  3.301E-06  4.349E-06  4.774E-06
                8.016E-06  2.570E-06  1.170E-05  1.204E-06  2.211E-06  7.278E-07
                4.805E-06  1.918E-06  6.648E-06  5.758E-08  1.817E-06  2.357E-06
                3.033E-05  1.229E-05  2.018E-09  2.458E-09  1.275E-09  8.415E-10
                9.321E-10  2.207E-06  1.141E-06  4.619E-06  2.175E-06  9.727E-07
                3.289E-06  3.763E-07  1.103E-05  1.331E-05  3.020E-07  4.828E-07
                6.300E-07  9.003E-08  2.498E-07  5.085E-07  1.018E-06  1.014E-06
                1.076E-07  1.076E-07  3.742E-06  9.086E-06  3.400E-05  7.439E-06
                3.769E-07  8.681E-07  4.629E-06  4.446E-06  4.324E-07  6.037E-07
                4.712E-07  1.072E-06  2.281E-05  4.203E-07  2.469E-06  2.810E-06
                7.032E-06  8.080E-06  3.373E-05  7.638E-07  4.393E-06  4.622E-06
                6.019E-06  6.195E-07  6.159E-07  3.929E-07  3.725E-07  1.038E-06
                1.611E-06  1.746E-06  1.294E-08  8.188E-07  1.470E-06  4.100E-06
                7.512E-06  4.209E-07  3.361E-07  2.275E-06  8.038E-07  3.256E-06
                2.324E-06  4.721E-06  3.305E-06  5.297E-06  7.125E-07  5.900E-07
                7.052E-06  7.098E-07  1.127E-06  7.775E-07  1.736E-06  6.919E-07
                2.530E-06  3.134E-06  1.582E-05  5.815E-06  8.735E-07  5.409E-07
                5.537E-07  5.434E-07  1.852E-06  1.194E-06  1.300E-06  6.722E-07
                5.985E-07  1.891E-06  5.087E-06  7.987E-06  1.130E-06  3.745E-07
                2.178E-07  9.559E-07  1.427E-06  1.532E-06  1.191E-06  2.881E-07
                4.723E-06  1.092E-06  3.607E-06  7.095E-07  1.416E-06  8.408E-06
                1.020E-05  6.867E-06  2.745E-06  3.536E-06  4.602E-06  1.372E-06
                1.736E-06  3.092E-06  9.477E-08  2.695E-08  1.610E-07  3.283E-07
                1.747E-06  1.745E-06  2.290E-06  4.234E-06  3.522E-06  1.138E-07
                1.406E-07  3.188E-07  2.522E-07  2.176E-06  5.835E-06
9.97227147E+01  8.595E-03  6.892E-03  3.354E-03  3.221E-03  4.582E-03  1.213E-05
                1.521E-02  3.118E-03  3.618E-05  1.705E-05  1.812E-04  3.002E-03
                5.489E-03  1.479E-04  1.412E-04  6.686E-07  2.282E-06  4.604E-06
                2.420E-06  4.271E-06  1.310E-06  2.867E-06  1.846E-06  2.181E-07
                5.369E-07  1.736E-06  2.802E-06  2.481E-06  2.817E-06  6.792E-06
                4.700E-06  8.640E-07  1.385E-05  5.272E-06  2.210E-06  1.989E-06
                3.413E-09  1.743E-06  6.129E-07  1.045E-05  5.710E-06  3.465E-06
                5.273E-06  1.498E-07  2.820E-07  5.042E-07  1.702E-07  6.826E-07
                2.808E-05  7.139E-07  6.603E-07  1.194E-06  1.334E-07  2.124E-06
                5.092E-06  2.991E-06  2.570E-06  7.607E-06  9.350E-06  2.540E-06
                8.787E-07  5.934E-09  1.224E-08  7.032E-10  1.562E-06  9.428E-07
                2.139E-07  5.413E-08  2.081E-06  2.028E-06  2.652E-06  3.467E-06
                5.924E-06  1.923E-06  7.167E-06  6.395E-07  1.296E-06  3.727E-07
                3.234E-06  1.290E-06  4.461E-06  3.815E-08  1.078E-06  1.315E-06
                2.023E-05  8.192E-06  1.425E-09  1.674E-09  8.061E-10  5.747E-10
                5.715E-10  1.512E-06  7.831E-07  3.112E-06  1.697E-06  7.466E-07
                2.566E-06  2.463E-07  7.396E-06  8.951E-06  2.216E-07  3.581E-07
                4.659E-07  6.565E-08  1.745E-07  3.649E-07  7.278E-07  7.316E-07
                5.324E-08  7.332E-08  2.557E-06  6.226E-06  2.378E-05  5.198E-06
                2.548E-07  6.418E-07  3.317E-06  3.092E-06  3.204E-07  4.548E-07
                3.580E-07  7.764E-07  1.528E-05  3.174E-07  1.784E-06  1.885E-06
                4.719E-06  5.771E-06  2.408E-05  5.651E-07  3.074E-06  3.226E-06
                4.077E-06  3.530E-07  3.449E-07  2.078E-07  2.203E-07  5.748E-07
                8.928E-07  9.719E-07  1.443E-08  5.616E-07  1.007E-06  2.864E-06
                5.330E-06  2.245E-07  2.124E-07  1.045E-06  3.657E-07  2.189E-06
                1.563E-06  3.277E-06  2.292E-06  3.702E-06  4.756E-07  3.562E-07
                5.080E-06  4.163E-07  6.620E-07  4.678E-07  1.034E-06  4.686E-07
                1.827E-06  2.193E-06  1.088E-05  3.892E-06  5.148E-07  3.041E-07
                3.296E-07  3.218E-07  1.262E-06  8.184E-07  8.895E-07  4.575E-07
                3.761E-07  1.346E-06  3.583E-06  5.547E-06  6.779E-07  2.991E-07
                1.589E-07  5.644E-07  7.893E-07  8.919E-07  6.447E-07  1.749E-07
                3.504E-06  6.907E-07  2.634E-06  4.671E-07  1.001E-06  6.351E-06
                7.703E-06  5.225E-06  1.625E-06  1.984E-06  2.288E-06  8.235E-07
                1.039E-06  1.797E-06  3.794E-08  1.138E-08  8.109E-08  1.935E-07
                1.330E-06  1.329E-06  1.732E-06  3.065E-06  2.444E-06  7.239E-08
                7.591E-08  2.229E-07  1.870E-07  1.614E-06  4.351E-06
1.13330715E+02  5.720E-03  4.591E-03  2.235E-03  2.145E-03  3.049E-03  8.518E-06
                1.140E-02  2.338E-03  2.547E-05  1.135E-05  1.364E-04  2.271E-03
                4.157E-03  9.835E-05  9.372E-05  4.448E-07  1.447E-06  2.651E-06
                1.634E-06  2.562E-06  8.814E-07  1.929E-06  1.327E-06  1.683E-07
                3.998E-07  1.248E-06  2.062E-06  1.637E-06  1.813E-06  4.402E-06
                3.000E-06  5.818E-07  8.812E-06  3.500E-06  1.462E-06  1.313E-06
                2.192E-09  1.060E-06  3.715E-07  6.626E-06  3.681E-06  2.218E-06
                3.362E-06  8.863E-08  1.732E-07  3.174E-07  1.525E-07  5.264E-07
                1.907E-05  6.008E-07  4.038E-07  9.744E-07  7.500E-08  1.799E-06
                3.239E-06  1.903E-06  1.606E-06  4.735E-06  7.046E-06  1.793E-06
                5.695E-07  4.574E-09  8.689E-09  4.829E-10  9.239E-07  5.737E-07
                1.593E-07  4.345E-08  1.392E-06  1.348E-06  1.769E-06  2.626E-06
                4.422E-06  1.462E-06  4.769E-06  3.950E-07  8.737E-07  2.188E-07
                2.334E-06  9.334E-07  3.220E-06  2.863E-08  7.076E-07  8.300E-07
                1.425E-05  5.752E-06  1.066E-09  1.225E-09  5.569E-10  4.058E-10
                3.745E-10  1.111E-06  5.615E-07  2.268E-06  1.363E-06  5.867E-07
                2.073E-06  1.828E-07  5.219E-06  6.310E-06  1.697E-07  2.760E-07
                3.599E-07  4.998E-08  1.352E-07  2.723E-07  5.491E-07  5.593E-07
                3.992E-08  5.835E-08  1.884E-06  4.589E-06  1.698E-05  3.710E-06
                1.850E-07  4.856E-07  2.434E-06  2.200E-06  2.403E-07  3.481E-07
                2.767E-07  5.740E-07  1.079E-05  2.480E-07  1.354E-06  1.300E-06
                3.254E-06  4.181E-06  1.743E-05  4.240E-07  2.302E-06  2.423E-06
                2.957E-06  2.228E-07  2.139E-07  1.210E-07  1.436E-07  3.574E-07
                5.550E-07  6.065E-07  1.225E-08  3.950E-07  7.387E-07  2.136E-06
                4.029E-06  1.265E-07  1.476E-07  5.759E-07  2.001E-07  1.512E-06
                1.082E-06  2.461E-06  1.721E-06  2.788E-06  3.394E-07  2.339E-07
                3.831E-06  2.652E-07  4.248E-07  3.052E-07  6.642E-07  3.446E-07
                1.352E-06  1.576E-06  7.761E-06  2.888E-06  3.421E-07  1.880E-07
                2.152E-07  2.111E-07  9.800E-07  6.094E-07  6.565E-07  3.564E-07
                2.619E-07  1.021E-06  2.697E-06  4.141E-06  4.520E-07  2.375E-07
                1.204E-07  3.624E-07  5.195E-07  5.638E-07  4.195E-07  1.133E-07
                2.574E-06  4.619E-07  1.936E-06  3.590E-07  7.491E-07  4.731E-06
                5.720E-06  3.897E-06  1.066E-06  1.275E-06  1.339E-06  5.354E-07
                6.838E-07  1.170E-06  2.798E-08  9.526E-09  4.266E-08  1.161E-07
                1.052E-06  1.052E-06  1.343E-06  2.330E-06  1.813E-06  5.037E-08
                4.717E-08  1.640E-07  1.438E-07  1.259E-06  3.383E-06
1.26938715E+02  3.918E-03  3.148E-03  1.532E-03  1.474E-03  2.099E-03  5.290E-06
                8.994E-03  1.844E-03  1.809E-05  6.998E-06  1.087E-04  1.821E-03
                3.336E-03  7.187E-05  6.870E-05  3.099E-07  1.072E-06  1.757E-06
                1.145E-06  1.690E-06  5.707E-07  1.248E-06  9.175E-07  1.199E-07
                3.759E-07  1.185E-06  2.029E-06  1.062E-06  1.159E-06  2.843E-06
                1.986E-06  3.755E-07  5.560E-06  2.559E-06  9.557E-07  8.549E-07
                1.428E-09  6.586E-07  2.336E-07  4.233E-06  2.435E-06  1.430E-06
                2.178E-06  5.630E-08  1.137E-07  2.140E-07  1.414E-07  4.057E-07
                1.310E-05  5.031E-07  2.558E-07  7.954E-07  4.268E-08  1.510E-06
                2.097E-06  1.220E-06  1.033E-06  3.058E-06  5.468E-06  1.318E-06
                3.818E-07  3.578E-09  6.384E-09  3.492E-10  5.734E-07  3.656E-07
                1.183E-07  3.457E-08  9.571E-07  9.145E-07  1.185E-06  2.012E-06
                3.329E-06  1.092E-06  3.223E-06  2.482E-07  5.800E-07  1.336E-07
                1.568E-06  6.272E-07  2.165E-06  2.564E-08  4.713E-07  5.361E-07
                9.896E-06  4.002E-06  8.078E-10  8.923E-10  3.709E-10  2.925E-10
                2.759E-10  7.434E-07  3.815E-07  1.515E-06  1.096E-06  4.648E-07
                1.666E-06  1.324E-07  3.636E-06  4.413E-06  1.268E-07  2.046E-07
                2.656E-07  3.640E-08  1.006E-07  2.018E-07  4.003E-07  4.125E-07
                3.542E-08  3.915E-08  1.345E-06  3.279E-06  1.284E-05  2.806E-06
                1.317E-07  3.563E-07  1.835E-06  1.653E-06  1.745E-07  2.618E-07
                2.065E-07  4.110E-07  7.367E-06  1.882E-07  1.021E-06  9.255E-07
                2.316E-06  3.213E-06  1.340E-05  3.181E-07  1.645E-06  1.727E-06
                1.990E-06  1.576E-07  1.469E-07  7.660E-08  1.054E-07  2.564E-07
                3.983E-07  4.368E-07  1.038E-08  2.828E-07  5.509E-07  1.612E-06
                3.065E-06  7.432E-08  1.054E-07  4.151E-07  1.449E-07  1.083E-06
                7.736E-07  1.851E-06  1.296E-06  2.103E-06  2.483E-07  1.594E-07
                2.867E-06  1.764E-07  2.836E-07  2.049E-07  4.414E-07  2.698E-07
                1.025E-06  1.215E-06  5.975E-06  1.967E-06  2.521E-07  1.240E-07
                1.482E-07  1.491E-07  7.067E-07  4.564E-07  4.877E-07  2.586E-07
                1.885E-07  7.764E-07  2.042E-06  3.115E-06  3.231E-07  1.890E-07
                9.390E-08  2.432E-07  3.705E-07  3.782E-07  3.004E-07  7.626E-08
                2.032E-06  3.184E-07  1.511E-06  2.537E-07  5.869E-07  3.739E-06
                4.550E-06  3.113E-06  7.351E-07  8.893E-07  8.904E-07  3.594E-07
                4.702E-07  8.061E-07  2.125E-08  7.539E-09  2.730E-08  7.644E-08
                8.222E-07  8.239E-07  1.036E-06  1.792E-06  1.374E-06  3.553E-08
                3.144E-08  1.222E-07  1.108E-07  9.798E-07  2.642E-06
1.40546715E+02  2.818E-03  2.263E-03  1.102E-03  1.059E-03  1.507E-03  4.221E-06
                6.954E-03  1.426E-03  1.368E-05  5.190E-06  8.416E-05  1.414E-03
                2.592E-03  4.991E-05  4.755E-05  2.227E-07  7.845E-07  1.069E-06
                8.470E-07  1.066E-06  4.009E-07  8.763E-07  7.095E-07  1.017E-07
                2.657E-07  8.016E-07  1.344E-06  7.288E-07  7.623E-07  1.891E-06
                1.377E-06  2.641E-07  4.182E-06  1.746E-06  6.854E-07  5.937E-07
                9.288E-10  4.297E-07  1.521E-07  3.056E-06  1.757E-06  1.038E-06
                1.573E-06  3.996E-08  8.659E-08  1.663E-07  1.422E-07  3.411E-07
                9.725E-06  4.338E-07  1.699E-07  6.752E-07  2.866E-08  1.305E-06
                1.489E-06  8.774E-07  6.992E-07  2.057E-06  4.410E-06  1.036E-06
                2.786E-07  2.838E-09  4.494E-09  2.424E-10  3.886E-07  2.567E-07
                8.797E-08  2.671E-08  6.832E-07  6.483E-07  8.518E-07  1.479E-06
                2.537E-06  8.466E-07  2.292E-06  1.715E-07  4.252E-07  8.883E-08
                1.142E-06  4.607E-07  1.583E-06  1.809E-08  3.343E-07  3.738E-07
                7.546E-06  3.044E-06  6.254E-10  6.846E-10  2.738E-10  2.117E-10
                1.851E-10  5.518E-07  2.697E-07  1.141E-06  8.801E-07  3.678E-07
                1.349E-06  1.140E-07  2.780E-06  3.364E-06  9.801E-08  1.571E-07
                2.060E-07  2.720E-08  8.221E-08  1.520E-07  3.033E-07  3.192E-07
                3.597E-08  3.088E-08  9.502E-07  2.315E-06  9.814E-06  2.146E-06
                9.772E-08  2.805E-07  1.422E-06  1.259E-06  1.280E-07  2.030E-07
                1.569E-07  2.957E-07  5.587E-06  1.442E-07  7.772E-07  6.783E-07
                1.701E-06  2.481E-06  1.035E-05  2.326E-07  1.189E-06  1.247E-06
                1.511E-06  1.040E-07  9.614E-08  4.724E-08  7.065E-08  1.692E-07
                2.630E-07  2.895E-07  8.474E-09  2.138E-07  4.254E-07  1.256E-06
                2.408E-06  4.558E-08  7.819E-08  2.717E-07  9.576E-08  7.955E-07
                5.649E-07  1.452E-06  1.015E-06  1.650E-06  1.898E-07  1.156E-07
                2.263E-06  1.225E-07  1.999E-07  1.407E-07  2.946E-07  2.204E-07
                7.858E-07  9.364E-07  4.616E-06  1.442E-06  1.711E-07  8.018E-08
                1.017E-07  1.009E-07  5.429E-07  3.576E-07  3.806E-07  1.999E-07
                1.419E-07  6.121E-07  1.601E-06  2.428E-06  2.181E-07  1.521E-07
                7.331E-08  1.651E-07  2.621E-07  2.504E-07  2.132E-07  5.233E-08
                1.555E-06  2.222E-07  1.160E-06  1.981E-07  4.606E-07  2.859E-06
                3.481E-06  2.384E-06  5.215E-07  6.260E-07  5.695E-07  2.503E-07
                3.368E-07  5.711E-07  2.523E-08  9.572E-09  1.707E-08  5.049E-08
                6.620E-07  6.648E-07  8.175E-07  1.404E-06  1.057E-06  2.726E-08
                2.221E-08  9.369E-08  8.811E-08  7.802E-07  2.100E-06
1.54154715E+02  2.059E-03  1.661E-03  8.087E-04  7.814E-04  1.110E-03  2.637E-06
                5.815E-03  1.193E-03  1.034E-05  3.266E-06  7.079E-05  1.193E-03
                2.189E-03  3.990E-05  3.819E-05  1.663E-07  6.691E-07  8.042E-07
                6.405E-07  7.744E-07  2.603E-07  5.684E-07  4.977E-07  7.258E-08
                2.755E-07  8.618E-07  1.483E-06  4.823E-07  5.003E-07  1.253E-06
                9.905E-07  1.708E-07  2.813E-06  1.423E-06  4.600E-07  3.918E-07
                6.110E-10  2.816E-07  1.028E-07  2.128E-06  1.278E-06  7.153E-07
                1.093E-06  2.806E-08  6.282E-08  1.236E-07  1.255E-07  2.741E-07
                6.968E-06  3.674E-07  1.144E-07  5.636E-07  2.019E-08  1.103E-06
                1.030E-06  6.041E-07  4.676E-07  1.392E-06  3.579E-06  8.175E-07
                1.962E-07  2.301E-09  3.462E-09  1.810E-10  2.729E-07  1.841E-07
                6.406E-08  2.030E-08  4.824E-07  4.524E-07  5.858E-07  1.161E-06
                1.989E-06  6.420E-07  1.593E-06  1.184E-07  2.986E-07  6.027E-08
                7.525E-07  3.025E-07  1.043E-06  1.840E-08  2.324E-07  2.586E-07
                5.322E-06  2.161E-06  4.944E-10  5.147E-10  1.829E-10  1.582E-10
                1.481E-10  3.566E-07  1.818E-07  7.396E-07  7.272E-07  3.010E-07
                1.109E-06  7.942E-08  1.972E-06  2.394E-06  7.287E-08  1.153E-07
                1.499E-07  1.973E-08  6.279E-08  1.121E-07  2.197E-07  2.345E-07
                3.476E-08  2.104E-08  6.893E-07  1.679E-06  7.947E-06  1.736E-06
                7.314E-08  2.050E-07  1.119E-06  1.010E-06  9.197E-08  1.528E-07
                1.154E-07  2.098E-07  3.804E-06  1.104E-07  6.002E-07  5.009E-07
                1.255E-06  2.031E-06  8.484E-06  1.751E-07  8.617E-07  8.998E-07
                9.895E-07  8.098E-08  7.273E-08  3.285E-08  5.650E-08  1.359E-07
                2.114E-07  2.328E-07  6.370E-09  1.582E-07  3.320E-07  9.860E-07
                1.900E-06  2.893E-08  6.228E-08  2.209E-07  7.799E-08  5.910E-07
                4.203E-07  1.130E-06  7.924E-07  1.289E-06  1.492E-07  8.668E-08
                1.737E-06  9.008E-08  1.481E-07  9.800E-08  2.051E-07  1.801E-07
                6.209E-07  7.718E-07  3.808E-06  9.650E-07  1.366E-07  5.683E-08
                7.518E-08  7.679E-08  4.001E-07  2.781E-07  2.933E-07  1.486E-07
                1.082E-07  4.808E-07  1.255E-06  1.893E-06  1.671E-07  1.192E-07
                5.730E-08  1.170E-07  1.946E-07  1.794E-07  1.587E-07  3.804E-08
                1.303E-06  1.632E-07  9.576E-07  1.417E-07  3.809E-07  2.383E-06
                2.932E-06  2.012E-06  3.847E-07  4.757E-07  4.296E-07  1.781E-07
                2.457E-07  4.222E-07  1.756E-08  6.641E-09  1.213E-08  3.579E-08
                5.324E-07  5.352E-07  6.500E-07  1.118E-06  8.328E-07  1.991E-08
                1.593E-08  7.357E-08  7.040E-08  6.247E-07  1.694E-06
1.67762715E+02  1.512E-03  1.212E-03  5.904E-04  5.682E-04  8.115E-04  2.138E-06
                4.539E-03  9.309E-04  8.003E-06  2.468E-06  5.593E-05  9.463E-04
                1.738E-03  2.761E-05  2.630E-05  1.312E-07  5.514E-07  5.238E-07
                5.215E-07  5.278E-07  1.935E-07  4.229E-07  4.191E-07  6.741E-08
                1.668E-07  4.818E-07  7.810E-07  3.499E-07  3.363E-07  8.515E-07
                7.079E-07  1.270E-07  2.301E-06  9.149E-07  3.477E-07  2.827E-07
                4.153E-10  1.971E-07  7.100E-08  1.595E-06  9.341E-07  5.393E-07
                8.200E-07  2.162E-08  5.185E-08  1.036E-07  1.196E-07  2.407E-07
                5.348E-06  3.235E-07  8.230E-08  4.925E-07  1.719E-08  9.729E-07
                7.599E-07  4.497E-07  3.341E-07  9.918E-07  3.007E-06  6.696E-07
                1.550E-07  1.917E-09  2.557E-09  1.335E-10  1.860E-07  1.326E-07
                4.799E-08  1.548E-08  3.617E-07  3.390E-07  4.484E-07  8.771E-07
                1.496E-06  5.014E-07  1.198E-06  8.296E-08  2.289E-07  3.972E-08
                5.880E-07  2.389E-07  8.189E-07  1.155E-08  1.724E-07  1.858E-07
                4.210E-06  1.701E-06  3.825E-10  4.043E-10  1.460E-10  1.156E-10
                9.635E-11  2.846E-07  1.355E-07  5.987E-07  5.691E-07  2.330E-07
                8.772E-07  7.938E-08  1.553E-06  1.878E-06  5.874E-08  9.083E-08
                1.189E-07  1.547E-08  5.468E-08  9.012E-08  1.769E-07  1.926E-07
                3.704E-08  1.796E-08  5.179E-07  1.260E-06  5.956E-06  1.303E-06
                5.379E-08  1.666E-07  8.645E-07  7.591E-07  7.009E-08  1.201E-07
                8.912E-08  1.588E-07  3.044E-06  8.813E-08  4.712E-07  3.768E-07
                9.449E-07  1.539E-06  6.425E-06  1.267E-07  6.542E-07  6.835E-07
                8.077E-07  5.326E-08  4.781E-08  2.041E-08  3.744E-08  8.954E-08
                1.393E-07  1.540E-07  4.932E-09  1.240E-07  2.580E-07  7.701E-07
                1.491E-06  1.781E-08  4.388E-08  1.692E-07  6.083E-08  4.447E-07
                3.138E-07  8.883E-07  6.215E-07  1.012E-06  1.149E-07  6.367E-08
                1.381E-06  6.241E-08  1.033E-07  7.187E-08  1.442E-07  1.527E-07
                4.739E-07  5.922E-07  2.957E-06  7.682E-07  9.209E-08  3.708E-08
                5.203E-08  5.180E-08  3.276E-07  2.185E-07  2.307E-07  1.223E-07
                8.272E-08  3.792E-07  9.848E-07  1.482E-06  1.133E-07  9.523E-08
                4.513E-08  8.304E-08  1.504E-07  1.242E-07  1.238E-07  2.653E-08
                9.792E-07  1.163E-07  7.282E-07  1.209E-07  3.022E-07  1.779E-06
                2.187E-06  1.501E-06  2.823E-07  3.498E-07  2.970E-07  1.282E-07
                1.826E-07  3.110E-07  2.185E-08  8.344E-09  8.472E-09  2.484E-08
                4.244E-07  4.274E-07  5.057E-07  8.726E-07  6.399E-07  1.621E-08
                1.264E-08  5.686E-08  5.593E-08  4.933E-07  1.332E-06
1.81370715E+02  1.232E-03  9.964E-04  4.856E-04  4.703E-04  6.640E-04  1.688E-06
                3.904E-03  8.004E-04  6.529E-06  1.860E-06  4.725E-05  7.982E-04
                1.465E-03  2.319E-05  2.217E-05  1.032E-07  4.984E-07  4.523E-07
                4.142E-07  4.182E-07  1.269E-07  2.757E-07  2.747E-07  4.491E-08
                2.023E-07  6.346E-07  1.080E-06  2.231E-07  2.242E-07  5.710E-07
                5.607E-07  8.290E-08  1.648E-06  8.633E-07  2.380E-07  1.881E-07
                2.613E-10  1.297E-07  4.939E-08  1.270E-06  7.871E-07  4.135E-07
                6.322E-07  1.679E-08  4.204E-08  8.543E-08  1.069E-07  2.011E-07
                4.103E-06  2.786E-07  5.813E-08  4.203E-07  1.542E-08  8.347E-07
                5.796E-07  3.489E-07  2.355E-07  6.898E-07  2.528E-06  5.652E-07
                1.160E-07  1.535E-09  1.815E-09  9.527E-11  1.558E-07  1.095E-07
                3.565E-08  1.199E-08  2.607E-07  2.408E-07  3.169E-07  6.536E-07
                1.245E-06  3.952E-07  8.502E-07  6.564E-08  1.728E-07  3.213E-08
                3.473E-07  1.411E-07  4.856E-07  1.228E-08  1.256E-07  1.408E-07
                3.100E-06  1.271E-06  3.152E-10  3.106E-10  9.436E-11  8.983E-11
                8.069E-11  1.642E-07  8.370E-08  3.578E-07  4.898E-07  1.995E-07
                7.486E-07  5.465E-08  1.165E-06  1.406E-06  4.319E-08  6.591E-08
                8.622E-08  1.063E-08  4.192E-08  6.411E-08  1.230E-07  1.372E-07
                3.369E-08  1.102E-08  3.278E-07  7.968E-07  5.354E-06  1.169E-06
                4.282E-08  1.262E-07  7.357E-07  6.725E-07  4.815E-08  9.242E-08
                6.416E-08  1.048E-07  2.076E-06  6.374E-08  3.562E-07  2.951E-07
                7.385E-07  1.390E-06  5.816E-06  9.400E-08  4.253E-07  4.398E-07
                4.932E-07  4.175E-08  3.687E-08  1.461E-08  2.970E-08  7.196E-08
                1.121E-07  1.236E-07  3.755E-09  9.803E-08  2.102E-07  6.293E-07
                1.222E-06  1.305E-08  4.043E-08  1.201E-07  4.314E-08  3.487E-07
                2.469E-07  7.164E-07  5.029E-07  8.191E-07  9.695E-08  5.415E-08
                1.100E-06  5.276E-08  8.925E-08  5.091E-08  1.019E-07  1.316E-07
                3.999E-07  5.307E-07  2.641E-06  4.521E-07  7.168E-08  2.669E-08
                3.998E-08  3.970E-08  2.133E-07  1.775E-07  1.855E-07  8.039E-08
                6.664E-08  3.091E-07  8.014E-07  1.197E-06  8.580E-08  7.725E-08
                3.560E-08  5.987E-08  1.049E-07  8.952E-08  8.606E-08  2.079E-08
                8.776E-07  8.981E-08  6.392E-07  7.547E-08  2.526E-07  1.579E-06
                1.969E-06  1.349E-06  2.149E-07  2.663E-07  2.078E-07  9.647E-08
                1.394E-07  2.353E-07  1.769E-08  6.908E-09  6.611E-09  1.942E-08
                3.505E-07  3.530E-07  4.160E-07  7.116E-07  5.146E-07  1.319E-08
                9.728E-09  4.645E-08  4.592E-08  4.041E-07  1.101E-06
1.94978715E+02  8.525E-04  6.895E-04  3.363E-04  3.266E-04  4.646E-04  8.550E-07
                3.300E-03  6.769E-04  5.025E-06  9.835E-07  4.143E-05  7.049E-04
                1.296E-03  1.791E-05  1.719E-05  8.577E-08  4.327E-07  3.033E-07
                3.551E-07  3.069E-07  9.421E-08  2.057E-07  2.471E-07  4.240E-08
                1.231E-07  3.570E-07  5.767E-07  1.765E-07  1.565E-07  3.993E-07
                3.887E-07  6.128E-08  1.195E-06  5.441E-07  1.717E-07  1.315E-07
                1.946E-10  1.005E-07  3.781E-08  8.397E-07  5.138E-07  2.742E-07
                4.207E-07  1.177E-08  3.309E-08  7.136E-08  1.000E-07  1.744E-07
                2.863E-06  2.498E-07  4.355E-08  3.739E-07  1.403E-08  7.482E-07
                3.877E-07  2.282E-07  1.626E-07  4.879E-07  2.194E-06  4.661E-07
                9.313E-08  1.376E-09  1.632E-09  8.054E-11  9.481E-08  7.276E-08
                2.518E-08  8.589E-09  1.902E-07  1.771E-07  2.342E-07  5.714E-07
                9.243E-07  3.009E-07  6.218E-07  4.182E-08  1.261E-07  1.809E-08
                3.108E-07  1.251E-07  4.325E-07  9.579E-09  8.846E-08  9.390E-08
                2.215E-06  9.005E-07  2.384E-10  2.385E-10  7.499E-11  6.434E-11
                5.508E-11  1.467E-07  7.376E-08  3.029E-07  3.785E-07  1.529E-07
                5.805E-07  4.725E-08  8.205E-07  9.936E-07  3.489E-08  5.112E-08
                6.587E-08  9.034E-09  3.778E-08  5.399E-08  1.030E-07  1.150E-07
                3.551E-08  1.115E-08  3.209E-07  7.799E-07  3.750E-06  8.196E-07
                3.190E-08  9.886E-08  5.358E-07  4.764E-07  3.920E-08  7.029E-08
                5.004E-08  8.925E-08  1.561E-06  5.891E-08  3.058E-07  2.099E-07
                5.240E-07  9.865E-07  4.124E-06  7.351E-08  4.048E-07  4.226E-07
                4.174E-07  3.053E-08  2.677E-08  1.010E-08  2.200E-08  5.363E-08
                8.347E-08  9.223E-08  2.539E-09  7.415E-08  1.595E-07  4.776E-07
                9.319E-07  8.016E-09  2.911E-08  1.066E-07  3.838E-08  2.483E-07
                1.778E-07  5.408E-07  3.797E-07  6.186E-07  7.811E-08  4.111E-08
                8.381E-07  3.722E-08  6.286E-08  3.806E-08  7.536E-08  1.055E-07
                2.929E-07  3.891E-07  1.967E-06  4.260E-07  5.475E-08  1.881E-08
                2.860E-08  2.915E-08  2.181E-07  1.322E-07  1.392E-07  8.237E-08
                4.949E-08  2.346E-07  6.052E-07  9.039E-07  6.353E-08  5.823E-08
                2.794E-08  4.436E-08  8.553E-08  6.818E-08  7.042E-08  1.535E-08
                6.477E-07  6.733E-08  4.792E-07  7.895E-08  2.087E-07  1.165E-06
                1.445E-06  9.928E-07  1.581E-07  2.061E-07  1.758E-07  6.791E-08
                1.011E-07  1.749E-07  1.135E-08  4.253E-09  4.205E-09  1.303E-08
                2.798E-07  2.822E-07  3.237E-07  5.609E-07  4.006E-07  8.813E-09
                6.868E-09  3.656E-08  3.681E-08  3.203E-07  8.720E-07
