3.16827147E+01  2.407E-02
3.20229147E+01  2.389E-02
3.23631147E+01  2.367E-02
3.27033147E+01  2.390E-02
3.30435147E+01  2.267E-02
3.33837147E+01  2.124E-02
3.37239147E+01  1.861E-02
3.40641147E+01  2.186E-02
3.44043147E+01  2.158E-02
3.47445147E+01  2.145E-02
3.50847147E+01  2.099E-02
3.54249147E+01  2.093E-02
3.57651147E+01  2.049E-02
3.61053147E+01  2.016E-02
3.64455147E+01  1.998E-02
3.67857147E+01  1.966E-02
3.71259147E+01  1.941E-02
3.74661147E+01  1.909E-02
3.78063147E+01  1.883E-02
3.81465147E+01  1.875E-02
3.84867147E+01  1.791E-02
3.88269147E+01  1.811E-02
3.91671147E+01  1.767E-02
3.95073147E+01  1.740E-02
3.98475147E+01  1.729E-02
4.01877147E+01  1.738E-02
4.05279147E+01  1.703E-02
4.08681147E+01  1.638E-02
4.12083147E+01  1.513E-02
4.15485147E+01  1.365E-02
4.18887147E+01  1.482E-02
4.22289147E+01  1.524E-02
4.25691147E+01  1.671E-02
4.29093147E+01  1.553E-02
4.32495147E+01  1.508E-02
4.35897147E+01  1.505E-02
4.39299147E+01  1.438E-02
4.42701147E+01  1.459E-02
4.46103147E+01  1.395E-02
4.49505147E+01  1.482E-02
4.52907147E+01  1.413E-02
4.56309147E+01  1.400E-02
4.59711147E+01  1.387E-02
4.63113147E+01  1.280E-02
4.66515147E+01  1.212E-02
4.69917147E+01  1.323E-02
4.73319147E+01  1.321E-02
4.76721147E+01  1.306E-02
4.80123147E+01  1.328E-02
4.83525147E+01  1.238E-02
4.86927147E+01  1.234E-02
4.90329147E+01  1.231E-02
4.93731147E+01  1.224E-02
4.97133147E+01  1.174E-02
5.00535147E+01  1.165E-02
5.03937147E+01  1.134E-02
5.07339147E+01  1.025E-02
5.10741147E+01  1.118E-02
5.14143147E+01  1.129E-02
5.17545147E+01  1.125E-02
5.20947147E+01  1.089E-02
5.24349147E+01  1.070E-02
5.27751147E+01  1.066E-02
5.31153147E+01  1.055E-02
5.34555147E+01  1.042E-02
5.37957147E+01  1.030E-02
5.41359147E+01  1.018E-02
5.44761147E+01  1.009E-02
5.48163147E+01  9.981E-03
5.51565147E+01  9.874E-03
5.54967147E+01  9.767E-03
5.58369147E+01  9.663E-03
5.61771147E+01  9.560E-03
5.65173147E+01  9.458E-03
5.68575147E+01  9.358E-03
5.71977147E+01  9.259E-03
5.75379147E+01  9.161E-03
5.78781147E+01  9.065E-03
5.82183147E+01  8.969E-03
5.85585147E+01  8.876E-03
5.88987147E+01  8.783E-03
5.92389147E+01  8.693E-03
5.95791147E+01  8.602E-03
5.99193147E+01  8.513E-03
6.02595147E+01  8.423E-03
6.05997147E+01  8.337E-03
6.09399147E+01  8.251E-03
6.12801147E+01  8.173E-03
6.16203147E+01  8.093E-03
6.19605147E+01  8.005E-03
6.23007147E+01  7.929E-03
6.26409147E+01  7.846E-03
6.29811147E+01  7.767E-03
6.33213147E+01  7.689E-03
6.36615147E+01  7.613E-03
6.40017147E+01  7.539E-03
6.43419147E+01  7.457E-03
6.46821147E+01  7.383E-03
6.50223147E+01  7.311E-03
6.53625147E+01  7.239E-03
6.57027147E+01  7.167E-03
6.60429147E+01  7.096E-03
6.63831147E+01  7.028E-03
6.67233147E+01  6.958E-03
6.70635147E+01  6.891E-03
6.74037147E+01  6.827E-03
6.77439147E+01  6.762E-03
6.80841147E+01  6.699E-03
6.84243147E+01  6.636E-03
6.87645147E+01  6.574E-03
6.91047147E+01  6.514E-03
6.94449147E+01  6.454E-03
6.97851147E+01  6.395E-03
7.01253147E+01  6.337E-03
7.04655147E+01  6.279E-03
7.08057147E+01  6.222E-03
7.11459147E+01  6.166E-03
7.14861147E+01  6.111E-03
7.18263147E+01  6.056E-03
7.21665147E+01  6.002E-03
7.25067147E+01  5.949E-03
7.28469147E+01  5.896E-03
7.31871147E+01  5.844E-03
7.35273147E+01  5.792E-03
7.38675147E+01  5.741E-03
7.42077147E+01  5.690E-03
7.45479147E+01  5.640E-03
7.48881147E+01  5.590E-03
7.52283147E+01  5.541E-03
7.55685147E+01  5.492E-03
7.59087147E+01  5.444E-03
7.62489147E+01  5.396E-03
7.65891147E+01  5.349E-03
7.69293147E+01  5.302E-03
7.72695147E+01  5.256E-03
7.76097147E+01  5.210E-03
7.79499147E+01  5.165E-03
7.82901147E+01  5.120E-03
7.86303147E+01  5.076E-03
7.89705147E+01  5.032E-03
7.93107147E+01  4.988E-03
7.96509147E+01  4.945E-03
7.99911147E+01  4.903E-03
8.03313147E+01  4.860E-03
8.06715147E+01  4.818E-03
8.10117147E+01  4.777E-03
8.13519147E+01  4.736E-03
8.16921147E+01  4.695E-03
8.20323147E+01  4.655E-03
8.23725147E+01  4.615E-03
8.27127147E+01  4.575E-03
8.30529147E+01  4.536E-03
8.33931147E+01  4.497E-03
8.37333147E+01  4.459E-03
8.40735147E+01  4.421E-03
8.44137147E+01  4.384E-03
8.47539147E+01  4.347E-03
8.50941147E+01  4.311E-03
8.54343147E+01  4.275E-03
8.57745147E+01  4.240E-03
8.61147147E+01  4.205E-03
8.64549147E+01  4.170E-03
8.67951147E+01  4.137E-03
8.71353147E+01  4.103E-03
8.74755147E+01  4.070E-03
8.78157147E+01  4.038E-03
8.81559147E+01  4.006E-03
8.84961147E+01  3.975E-03
8.88363147E+01  3.944E-03
8.91765147E+01  3.914E-03
8.95167147E+01  3.884E-03
8.98569147E+01  3.854E-03
9.01971147E+01  3.825E-03
9.05373147E+01  3.797E-03
9.08775147E+01  3.768E-03
9.12177147E+01  3.740E-03
9.15579147E+01  3.713E-03
9.18981147E+01  3.686E-03
9.22383147E+01  3.659E-03
9.25785147E+01  3.632E-03
9.29187147E+01  3.606E-03
9.32589147E+01  3.580E-03
9.35991147E+01  3.554E-03
9.39393147E+01  3.529E-03
9.42795147E+01  3.503E-03
9.46197147E+01  3.478E-03
9.49599147E+01  3.453E-03
9.53001147E+01  3.428E-03
9.56403147E+01  3.403E-03
9.59805147E+01  3.379E-03
9.63207147E+01  3.355E-03
9.66609147E+01  3.330E-03
9.70011147E+01  3.306E-03
9.73413147E+01  3.282E-03
9.76815147E+01  3.258E-03
9.80217147E+01  3.235E-03
9.83619147E+01  3.211E-03
9.87021147E+01  3.188E-03
9.90423147E+01  3.164E-03
9.93825147E+01  3.141E-03
9.97227147E+01  3.118E-03
1.00062915E+02  3.095E-03
1.00403115E+02  3.073E-03
1.00743315E+02  3.050E-03
1.01083515E+02  3.028E-03
1.01423715E+02  3.005E-03
1.01763915E+02  2.983E-03
1.02104115E+02  2.961E-03
1.02444315E+02  2.939E-03
1.02784515E+02  2.917E-03
1.03124715E+02  2.896E-03
1.03464915E+02  2.874E-03
1.03805115E+02  2.853E-03
1.04145315E+02  2.832E-03
1.04485515E+02  2.811E-03
1.04825715E+02  2.790E-03
1.05165915E+02  2.769E-03
1.05506115E+02  2.749E-03
1.05846315E+02  2.728E-03
1.06186515E+02  2.708E-03
1.06526715E+02  2.688E-03
1.06866915E+02  2.668E-03
1.07207115E+02  2.649E-03
1.07547315E+02  2.629E-03
1.07887515E+02  2.610E-03
1.08227715E+02  2.591E-03
1.08567915E+02  2.572E-03
1.08908115E+02  2.554E-03
1.09248315E+02  2.536E-03
1.09588515E+02  2.518E-03
1.09928715E+02  2.500E-03
1.10268915E+02  2.483E-03
1.10609115E+02  2.465E-03
1.10949315E+02  2.448E-03
1.11289515E+02  2.432E-03
1.11629715E+02  2.415E-03
1.11969915E+02  2.399E-03
1.12310115E+02  2.383E-03
1.12650315E+02  2.368E-03
1.12990515E+02  2.353E-03
1.13330715E+02  2.338E-03
1.13670915E+02  2.323E-03
1.14011115E+02  2.308E-03
1.14351315E+02  2.294E-03
1.14691515E+02  2.280E-03
1.15031715E+02  2.266E-03
1.15371915E+02  2.253E-03
1.15712115E+02  2.240E-03
1.16052315E+02  2.226E-03
1.16392515E+02  2.213E-03
1.16732715E+02  2.201E-03
1.17072915E+02  2.188E-03
1.17413115E+02  2.175E-03
1.17753315E+02  2.163E-03
1.18093515E+02  2.151E-03
1.18433715E+02  2.139E-03
1.18773915E+02  2.127E-03
1.19114115E+02  2.115E-03
1.19454315E+02  2.103E-03
1.19794515E+02  2.091E-03
1.20134715E+02  2.079E-03
1.20474915E+02  2.067E-03
1.20815115E+02  2.055E-03
1.21155315E+02  2.044E-03
1.21495515E+02  2.032E-03
1.21835715E+02  2.020E-03
1.22175915E+02  2.009E-03
1.22516115E+02  1.997E-03
1.22856315E+02  1.985E-03
1.23196515E+02  1.974E-03
1.23536715E+02  1.962E-03
1.23876915E+02  1.950E-03
1.24217115E+02  1.938E-03
1.24557315E+02  1.927E-03
1.24897515E+02  1.915E-03
1.25237715E+02  1.903E-03
1.25577915E+02  1.891E-03
1.25918115E+02  1.880E-03
1.26258315E+02  1.868E-03
1.26598515E+02  1.856E-03
1.26938715E+02  1.844E-03
1.27278915E+02  1.833E-03
1.27619115E+02  1.821E-03
1.27959315E+02  1.809E-03
1.28299515E+02  1.798E-03
1.28639715E+02  1.786E-03
1.28979915E+02  1.774E-03
1.29320115E+02  1.763E-03
1.29660315E+02  1.751E-03
1.30000515E+02  1.739E-03
1.30340715E+02  1.728E-03
1.30680915E+02  1.716E-03
1.31021115E+02  1.705E-03
1.31361315E+02  1.694E-03
1.31701515E+02  1.682E-03
1.32041715E+02  1.671E-03
1.32381915E+02  1.660E-03
1.32722115E+02  1.649E-03
1.33062315E+02  1.638E-03
1.33402515E+02  1.627E-03
1.33742715E+02  1.616E-03
1.34082915E+02  1.605E-03
1.34423115E+02  1.594E-03
1.34763315E+02  1.584E-03
1.35103515E+02  1.573E-03
1.35443715E+02  1.563E-03
1.35783915E+02  1.553E-03
1.36124115E+02  1.543E-03
1.36464315E+02  1.533E-03
1.36804515E+02  1.523E-03
1.37144715E+02  1.513E-03
1.37484915E+02  1.504E-03
1.37825115E+02  1.494E-03
1.38165315E+02  1.485E-03
1.38505515E+02  1.476E-03
1.38845715E+02  1.467E-03
1.39185915E+02  1.459E-03
1.39526115E+02  1.450E-03
1.39866315E+02  1.442E-03
1.40206515E+02  1.434E-03
1.40546715E+02  1.426E-03
1.40886915E+02  1.418E-03
1.41227115E+02  1.411E-03
1.41567315E+02  1.403E-03
1.41907515E+02  1.396E-03
1.42247715E+02  1.389E-03
1.42587915E+02  1.382E-03
1.42928115E+02  1.376E-03
1.43268315E+02  1.369E-03
1.43608515E+02  1.363E-03
1.43948715E+02  1.357E-03
1.44288915E+02  1.351E-03
1.44629115E+02  1.345E-03
1.44969315E+02  1.339E-03
1.45309515E+02  1.333E-03
1.45649715E+02  1.327E-03
1.45989915E+02  1.322E-03
1.46330115E+02  1.316E-03
1.46670315E+02  1.311E-03
1.47010515E+02  1.306E-03
1.47350715E+02  1.300E-03
1.47690915E+02  1.295E-03
1.48031115E+02  1.290E-03
1.48371315E+02  1.285E-03
1.48711515E+02  1.280E-03
1.49051715E+02  1.275E-03
1.49391915E+02  1.269E-03
1.49732115E+02  1.264E-03
1.50072315E+02  1.259E-03
1.50412515E+02  1.254E-03
1.50752715E+02  1.248E-03
1.51092915E+02  1.243E-03
1.51433115E+02  1.238E-03
1.51773315E+02  1.232E-03
1.52113515E+02  1.227E-03
1.52453715E+02  1.221E-03
1.52793915E+02  1.216E-03
1.53134115E+02  1.210E-03
1.53474315E+02  1.204E-03
1.53814515E+02  1.198E-03
1.54154715E+02  1.193E-03
1.54494915E+02  1.187E-03
1.54835115E+02  1.181E-03
1.55175315E+02  1.175E-03
1.55515515E+02  1.168E-03
1.55855715E+02  1.162E-03
1.56195915E+02  1.156E-03
1.56536115E+02  1.149E-03
1.56876315E+02  1.143E-03
1.57216515E+02  1.137E-03
1.57556715E+02  1.130E-03
1.57896915E+02  1.123E-03
1.58237115E+02  1.117E-03
1.58577315E+02  1.110E-03
1.58917515E+02  1.103E-03
1.59257715E+02  1.097E-03
1.59597915E+02  1.090E-03
1.59938115E+02  1.083E-03
1.60278315E+02  1.076E-03
1.60618515E+02  1.069E-03
1.60958715E+02  1.063E-03
1.61298915E+02  1.056E-03
1.61639115E+02  1.049E-03
1.61979315E+02  1.042E-03
1.62319515E+02  1.035E-03
1.62659715E+02  1.028E-03
1.62999915E+02  1.021E-03
1.63340115E+02  1.015E-03
1.63680315E+02  1.008E-03
1.64020515E+02  1.001E-03
1.64360715E+02  9.944E-04
1.64700915E+02  9.877E-04
1.65041115E+02  9.811E-04
1.65381315E+02  9.746E-04
1.65721515E+02  9.681E-04
1.66061715E+02  9.617E-04
1.66401915E+02  9.553E-04
1.66742115E+02  9.491E-04
1.67082315E+02  9.430E-04
1.67422515E+02  9.369E-04
1.67762715E+02  9.309E-04
1.68102915E+02  9.251E-04
1.68443115E+02  9.194E-04
1.68783315E+02  9.138E-04
1.69123515E+02  9.083E-04
1.69463715E+02  9.029E-04
1.69803915E+02  8.977E-04
1.70144115E+02  8.926E-04
1.70484315E+02  8.876E-04
1.70824515E+02  8.828E-04
1.71164715E+02  8.782E-04
1.71504915E+02  8.737E-04
1.71845115E+02  8.693E-04
1.72185315E+02  8.651E-04
1.72525515E+02  8.610E-04
1.72865715E+02  8.571E-04
1.73205915E+02  8.534E-04
1.73546115E+02  8.498E-04
1.73886315E+02  8.464E-04
1.74226515E+02  8.431E-04
1.74566715E+02  8.400E-04
1.74906915E+02  8.370E-04
1.75247115E+02  8.342E-04
1.75587315E+02  8.315E-04
1.75927515E+02  8.289E-04
1.76267715E+02  8.265E-04
1.76607915E+02  8.241E-04
1.76948115E+02  8.219E-04
1.77288315E+02  8.199E-04
1.77628515E+02  8.179E-04
1.77968715E+02  8.160E-04
1.78308915E+02  8.142E-04
1.78649115E+02  8.125E-04
1.78989315E+02  8.108E-04
1.79329515E+02  8.092E-04
1.79669715E+02  8.077E-04
1.80009915E+02  8.062E-04
1.80350115E+02  8.047E-04
1.80690315E+02  8.033E-04
1.81030515E+02  8.019E-04
1.81370715E+02  8.004E-04
1.81710915E+02  7.990E-04
1.82051115E+02  7.976E-04
1.82391315E+02  7.961E-04
1.82731515E+02  7.946E-04
1.83071715E+02  7.930E-04
1.83411915E+02  7.914E-04
1.83752115E+02  7.898E-04
1.84092315E+02  7.881E-04
1.84432515E+02  7.863E-04
1.84772715E+02  7.844E-04
1.85112915E+02  7.824E-04
1.85453115E+02  7.803E-04
1.85793315E+02  7.781E-04
1.86133515E+02  7.759E-04
1.86473715E+02  7.735E-04
1.86813915E+02  7.710E-04
1.87154115E+02  7.684E-04
1.87494315E+02  7.656E-04
1.87834515E+02  7.628E-04
1.88174715E+02  7.598E-04
1.88514915E+02  7.567E-04
1.88855115E+02  7.535E-04
1.89195315E+02  7.501E-04
1.89535515E+02  7.467E-04
1.89875715E+02  7.431E-04
1.90215915E+02  7.394E-04
1.90556115E+02  7.355E-04
1.90896315E+02  7.316E-04
1.91236515E+02  7.276E-04
1.91576715E+02  7.234E-04
1.91916915E+02  7.191E-04
1.92257115E+02  7.148E-04
1.92597315E+02  7.103E-04
1.92937515E+02  7.058E-04
1.93277715E+02  7.011E-04
1.93617915E+02  6.964E-04
1.93958115E+02  6.916E-04
1.94298315E+02  6.868E-04
1.94638515E+02  6.819E-04
1.94978715E+02  6.769E-04
1.95318915E+02  6.718E-04
1.95659115E+02  6.668E-04
1.95999315E+02  6.616E-04
1.96339515E+02  6.565E-04
1.96679715E+02  6.513E-04
1.97019915E+02  6.461E-04
1.97360115E+02  6.408E-04
1.97700315E+02  6.356E-04
1.98040515E+02  6.303E-04
1.98380715E+02  6.251E-04
1.98720915E+02  6.199E-04
1.99061115E+02  6.146E-04
1.99401315E+02  6.094E-04
1.99741515E+02  6.043E-04
2.00081715E+02  5.991E-04
2.00421915E+02  5.941E-04
2.00762115E+02  5.890E-04
2.01102315E+02  5.840E-04
2.01442515E+02  5.791E-04
2.01782715E+02  5.743E-04
2.02122915E+02  5.695E-04
2.02463115E+02  5.648E-04
2.02803315E+02  5.603E-04
2.03143515E+02  5.558E-04
2.03483715E+02  5.514E-04
2.03823915E+02  5.471E-04
2.04164115E+02  5.430E-04
2.04504315E+02  5.389E-04
