          16           7
         215          13           1           1
           0          -4           0          -4           0          -6           0          -2           0          -4           0           6           0           4           0           2           0           4           0           6           0           2           0           4           0           2           0          -4           0          -2           0           2           0           4           0           6           0           2           0           4           0           6           0           4           0          -2           0          -2           0          -4           0          -6           0          -8           0          -2           0          -4           0          -6           0          -4           0           2           0          -4           0          -6           0          -2           0          -4           0          -6           0          -6           0          -8           0          -4           0          -6           0          -2           0          -4           0           4           0           6           0           8           0          10           0           4           0          -4           0           2           0           6           0           4           0           8           0           2           0          -4           0          -2           0           6           0           6           0           4           0           2           0           8           0           4           0           6           0           8           0           4           0           6           0           8           0          10           0           4           0           6           0           8           0           6           0           4           0           2           0           6           0           2           0           4           0           2           0          -4           0          -2           0          -6           0          -8           0           6           0           4           0          -4           0          -6           0          -2           0          -4           0          -6           0          -8           0         -10           0          -2           0          -4           0          -6           0          -4           0          -2           0          -6           0          -8           0          -2           0          -4           0           2           0           4           0           6           0           8           0           4           0           4           0           6           0           8           0           2           0          10           0           8           0           6           0           4           0           2           0           6           0           6           0           4           0           4           0           2           0           4           0           6           0           8           0          -4           0           2           0           4           0          -6           0          -4           0           2           0           4           0           6           0           4           0           6           0          -2           0          -4           0          -6           0          -8           0         -10           0          -6           0          -8           0         -10           0         -12           0           2           0          -2           0          -4           0          -6           0          -8           0          -2           0          -8           0         -10           0          -4           0          -2           0          -6           0          -4           0          -2           0          -4           0          -2           0          -4           0          -6           0          -4           0          -8           0          -6           0           2           0           4           0           2           0           4           0           6           0         -10           0          -8           0          -6           0          -4           0           6           0          -2           0          -4           0           8           0          -6           0          -2           0          -4           0          -6           0          -8           0           4           0           6           0          -4           0          -6           0          -6           0          -8           0          -2           0           2           0          -4           0           4           0           6           0           4           0           4           0           2           0           2           0          -4           0          -6           0          -8           0          -2           0          -4           0          -6           0          -8           0         -10           0          -8           0          -6           0          -4           0          -2           0          -2           0          -4           0          -6           0          -6           0          -8           0          -4           0          -2           0          -6           0          -4
    0.000000E+00    9.645106E-03    9.843162E-03    1.435602E-02    1.458263E-02
    4.247197E-02    4.320385E-02    4.360158E-02    5.944295E-02    5.948713E-02
    6.922989E-02    7.316769E-02    7.411300E-02    1.134727E-01    1.147319E-01
    2.354040E-01    2.358931E-01    2.366026E-01    2.382857E-01    2.391328E-01
    2.438023E-01    2.438287E-01    2.461520E-01    2.471700E-01    2.474363E-01
    2.479076E-01    2.485433E-01    2.486026E-01    2.487216E-01    2.491410E-01
    2.502551E-01    2.507374E-01    2.510783E-01    2.511300E-01    2.524691E-01
    2.524772E-01    2.554279E-01    2.561102E-01    2.563381E-01    2.591442E-01
    2.591854E-01    2.609226E-01    2.615363E-01    2.619649E-01    2.622131E-01
    2.625883E-01    2.631076E-01    2.632646E-01    2.633261E-01    2.634365E-01
    2.637297E-01    2.638533E-01    2.640096E-01    2.643758E-01    2.644930E-01
    2.645338E-01    2.648466E-01    2.652759E-01    2.655531E-01    2.656939E-01
    2.657640E-01    2.676748E-01    2.677713E-01    2.679166E-01    2.688115E-01
    2.690337E-01    2.711118E-01    2.712141E-01    2.720014E-01    2.721113E-01
    2.724223E-01    2.724984E-01    2.725578E-01    2.726085E-01    2.727219E-01
    2.737570E-01    2.740430E-01    2.746587E-01    2.763855E-01    2.763956E-01
    2.763957E-01    2.764682E-01    2.789238E-01    2.791446E-01    2.808157E-01
    2.808428E-01    2.816082E-01    2.816156E-01    2.816277E-01    2.816445E-01
    2.816660E-01    2.832213E-01    2.832636E-01    2.833497E-01    2.872720E-01
    2.872722E-01    2.872783E-01    2.873017E-01    2.873787E-01    2.874354E-01
    2.875828E-01    2.876419E-01    2.877951E-01    2.879672E-01    2.884374E-01
    2.885530E-01    2.886000E-01    2.886971E-01    2.887362E-01    2.888178E-01
    2.901974E-01    2.902310E-01    2.934227E-01    2.936053E-01    2.936679E-01
    2.948139E-01    2.948751E-01    2.949134E-01    2.954910E-01    2.955387E-01
    2.955818E-01    2.956302E-01    2.974080E-01    2.974265E-01    2.978254E-01
    2.979930E-01    2.980044E-01    2.981863E-01    2.981951E-01    2.982014E-01
    2.986863E-01    2.989406E-01    2.997979E-01    3.013547E-01    3.014398E-01
    3.015665E-01    3.017420E-01    3.025165E-01    3.025355E-01    3.025686E-01
    3.026262E-01    3.032771E-01    3.036433E-01    3.036673E-01    3.036996E-01
    3.037196E-01    3.041292E-01    3.046134E-01    3.046301E-01    3.048276E-01
    3.048611E-01    3.049614E-01    3.051740E-01    3.052844E-01    3.060373E-01
    3.062721E-01    3.065126E-01    3.067251E-01    3.072820E-01    3.083217E-01
    3.083847E-01    3.085481E-01    3.086063E-01    3.093086E-01    3.093690E-01
    3.093750E-01    3.093804E-01    3.094500E-01    3.095030E-01    3.095365E-01
    3.096086E-01    3.096683E-01    3.098305E-01    3.098337E-01    3.100372E-01
    3.110986E-01    3.111053E-01    3.111248E-01    3.111449E-01    3.124031E-01
    3.124222E-01    3.126400E-01    3.132139E-01    3.132929E-01    3.134326E-01
    3.163175E-01    3.165548E-01    3.167011E-01    3.167161E-01    3.173537E-01
    3.174815E-01    3.194473E-01    3.198310E-01    3.206567E-01    3.235572E-01
    3.235827E-01    3.236877E-01    3.236885E-01    3.238034E-01    3.239013E-01
    3.239634E-01    3.240075E-01    3.245628E-01    3.245933E-01    3.263728E-01
    3.264517E-01    3.271738E-01    3.284075E-01    3.287843E-01    3.314323E-01
    3.314556E-01    3.324856E-01    3.325179E-01    3.327131E-01    3.333147E-01
           0           2           0           1
  -27.940514715248785               13
3.47445147E+01  1.833E-01  1.514E-01  7.396E-02  7.119E-02  1.007E-01  3.664E-04
                1.045E-01  2.145E-02  4.633E-04  3.228E-04  1.382E-03  1.858E-02
                3.285E-02
4.83525147E+01  7.362E-02  6.389E-02  3.349E-02  2.833E-02  3.902E-02  1.311E-04
                6.058E-02  1.238E-02  2.371E-04  2.286E-04  6.943E-04  1.039E-02
                1.945E-02  1.205E-03  1.192E-03  6.032E-05  2.728E-04  2.148E-04
                3.387E-03  4.883E-03  5.119E-04  4.999E-04  2.456E-04  2.957E-05
                1.021E-04  3.488E-04  4.266E-04  6.825E-05  9.173E-05  4.479E-04
                6.638E-04  6.037E-04  8.053E-04  9.602E-04
6.19605147E+01  3.681E-02  2.962E-02  1.443E-02  1.386E-02  1.966E-02  5.499E-05
                3.904E-02  8.005E-03  1.345E-04  8.141E-05  4.531E-04  7.247E-03
                1.317E-02  5.639E-04  5.371E-04  2.191E-06  1.010E-05  2.196E-05
                8.190E-06  1.785E-05  3.883E-06  8.460E-06  9.874E-06  1.278E-06
                1.896E-06  5.519E-06  6.895E-06  1.048E-05  1.123E-05  2.794E-05
                2.470E-05  2.531E-06  9.919E-05  2.351E-05  1.037E-05  7.983E-06
                1.153E-08  9.922E-06  3.593E-06  6.097E-05  3.110E-05  2.088E-05
                3.185E-05  1.209E-06  2.142E-06  3.563E-06  5.595E-07  2.701E-06
                1.134E-04  1.731E-06  3.686E-06  3.484E-06  9.040E-07  5.080E-06
                2.780E-05  1.694E-05  1.459E-05  4.616E-05  3.930E-05  1.666E-05
                4.795E-06  2.042E-08  4.536E-08  2.096E-09  1.604E-05  8.958E-06
                3.818E-07  2.539E-08  9.126E-06  8.629E-06  1.146E-05  9.668E-06
                1.366E-05  4.180E-06  3.013E-05  5.101E-06  7.326E-06  3.402E-06
                8.942E-06  3.517E-06  1.287E-05  2.443E-07  5.697E-06  9.570E-06
                6.954E-05  2.790E-05  4.793E-09  6.121E-09  3.049E-09  1.493E-09
                3.184E-09  4.218E-06  1.779E-06  9.708E-06  3.680E-06  1.609E-06
                5.866E-06  1.226E-06  2.483E-05  3.019E-05  7.884E-07  9.627E-07
                9.784E-07  2.352E-07  1.345E-06  1.321E-06  2.340E-06  2.433E-06
                1.872E-06  1.777E-07  8.875E-06  2.040E-05  7.950E-05  1.772E-05
                7.202E-07  1.868E-06  1.068E-05  1.063E-05  8.554E-07  1.252E-06
                1.011E-06  2.144E-06  5.274E-05  9.684E-07  6.017E-06  5.420E-06
                1.391E-05  1.807E-05  7.527E-05  1.943E-06  9.400E-06  9.953E-06
                1.239E-05  2.200E-06  2.298E-06  1.706E-06  1.232E-06  3.564E-06
                5.511E-06  5.963E-06  7.386E-09  1.928E-06  3.508E-06  9.185E-06
                1.580E-05  1.771E-06  9.541E-07  1.189E-05  4.278E-06  6.902E-06
                4.527E-06  1.057E-05  7.437E-06  1.158E-05  1.654E-06  1.965E-06
                1.485E-05  2.366E-06  3.794E-06  2.298E-06  5.084E-06  2.277E-06
                5.350E-06  7.511E-06  4.074E-05  1.279E-05  2.832E-06  2.069E-06
                1.919E-06  1.851E-06  4.203E-06  3.066E-06  3.401E-06  1.484E-06
                2.116E-06  4.282E-06  1.221E-05  2.003E-05  3.608E-06  8.383E-07
                5.493E-07  3.128E-06  5.949E-06  4.925E-06  5.287E-06  8.743E-07
                9.194E-06  2.725E-06  7.315E-06  1.803E-06  3.417E-06  1.545E-05
                1.848E-05  1.220E-05  9.285E-06  1.364E-05  1.993E-05  4.481E-06
                6.265E-06  1.101E-05  1.009E-06  3.340E-07  7.702E-07  9.879E-07
                2.635E-06  2.717E-06  3.302E-06  9.735E-06  9.093E-06  3.417E-07
                5.632E-07  5.671E-07  4.419E-07  4.040E-06  1.078E-05
7.55685147E+01  2.040E-02  1.636E-02  7.967E-03  7.650E-03  1.086E-02  2.984E-05
                2.678E-02  5.492E-03  7.883E-05  4.382E-05  3.140E-04  5.111E-03
                9.317E-03  3.284E-04  3.131E-04  1.436E-06  5.538E-06  1.202E-05
                5.268E-06  1.053E-05  2.753E-06  6.029E-06  4.593E-06  5.622E-07
                9.618E-07  3.048E-06  4.206E-06  5.930E-06  6.639E-06  1.609E-05
                1.245E-05  1.822E-06  4.337E-05  1.229E-05  5.555E-06  4.735E-06
                7.625E-09  4.951E-06  1.766E-06  2.981E-05  1.568E-05  9.676E-06
                1.478E-05  4.956E-07  9.076E-07  1.531E-06  3.004E-07  1.372E-06
                6.484E-05  1.032E-06  1.817E-06  1.925E-06  3.865E-07  3.009E-06
                1.388E-05  8.362E-06  6.952E-06  2.122E-05  1.895E-05  6.576E-06
                2.314E-06  1.048E-08  2.445E-08  1.248E-09  5.713E-06  3.272E-06
                3.205E-07  5.129E-08  4.873E-06  4.795E-06  6.371E-06  5.982E-06
                1.005E-05  3.163E-06  1.706E-05  2.135E-06  3.489E-06  1.352E-06
                6.333E-06  2.540E-06  8.826E-06  9.603E-08  2.808E-06  3.953E-06
                4.309E-05  1.744E-05  2.753E-09  3.418E-09  1.857E-09  1.151E-09
                1.433E-09  2.832E-06  1.418E-06  6.183E-06  2.663E-06  1.200E-06
                4.055E-06  5.643E-07  1.560E-05  1.883E-05  3.984E-07  6.139E-07
                8.015E-07  1.169E-07  4.019E-07  6.705E-07  1.328E-06  1.328E-06
                3.273E-07  1.386E-07  4.877E-06  1.179E-05  4.780E-05  1.050E-05
                5.127E-07  1.116E-06  6.311E-06  6.279E-06  5.336E-07  7.630E-07
                5.858E-07  1.330E-06  3.232E-05  5.319E-07  3.292E-06  3.879E-06
                9.756E-06  1.115E-05  4.662E-05  1.022E-06  5.667E-06  5.963E-06
                8.198E-06  1.016E-06  1.029E-06  6.893E-07  5.891E-07  1.727E-06
                2.682E-06  2.900E-06  1.147E-08  1.135E-06  2.101E-06  5.740E-06
                1.033E-05  7.444E-07  5.035E-07  4.402E-06  1.572E-06  4.517E-06
                3.169E-06  6.612E-06  4.634E-06  7.364E-06  1.028E-06  9.461E-07
                9.504E-06  1.141E-06  1.821E-06  1.175E-06  2.623E-06  1.082E-06
                3.369E-06  4.440E-06  2.298E-05  7.811E-06  1.383E-06  9.045E-07
                8.877E-07  8.659E-07  2.493E-06  1.708E-06  1.870E-06  9.115E-07
                9.452E-07  2.582E-06  7.028E-06  1.118E-05  1.738E-06  4.755E-07
                3.015E-07  1.505E-06  2.409E-06  2.419E-06  2.070E-06  4.445E-07
                6.234E-06  1.592E-06  4.829E-06  9.928E-07  1.970E-06  1.086E-05
                1.319E-05  8.812E-06  4.422E-06  5.974E-06  8.263E-06  2.173E-06
                2.822E-06  5.071E-06  2.411E-07  7.252E-08  2.860E-07  5.108E-07
                2.145E-06  2.155E-06  2.866E-06  5.720E-06  5.003E-06  1.660E-07
                2.341E-07  4.215E-07  3.203E-07  2.821E-06  7.529E-06
8.91765147E+01  1.226E-02  9.831E-03  4.786E-03  4.593E-03  6.520E-03  1.825E-05
                1.909E-02  3.914E-03  5.014E-05  2.584E-05  2.255E-04  3.711E-03
                6.777E-03  2.015E-04  1.919E-04  9.290E-07  3.238E-06  6.809E-06
                3.384E-06  6.252E-06  1.847E-06  4.048E-06  2.708E-06  3.223E-07
                6.338E-07  2.030E-06  3.071E-06  3.630E-06  4.108E-06  9.879E-06
                7.035E-06  1.221E-06  2.213E-05  7.376E-06  3.253E-06  2.881E-06
                4.859E-09  2.695E-06  9.496E-07  1.615E-05  8.653E-06  5.283E-06
                8.031E-06  2.403E-07  4.440E-07  7.730E-07  1.863E-07  8.939E-07
                3.961E-05  8.169E-07  1.007E-06  1.426E-06  2.107E-07  2.414E-06
                7.690E-06  4.571E-06  3.864E-06  1.157E-05  1.213E-05  3.594E-06
                1.291E-06  7.609E-09  1.675E-08  9.146E-10  2.602E-06  1.538E-06
                2.591E-07  5.695E-08  2.966E-06  2.920E-06  3.851E-06  4.437E-06
                7.523E-06  2.418E-06  1.036E-05  1.037E-06  1.955E-06  6.198E-07
                4.447E-06  1.774E-06  6.147E-06  5.143E-08  1.601E-06  2.048E-06
                2.771E-05  1.122E-05  1.869E-09  2.260E-09  1.155E-09  7.712E-10
                8.198E-10  2.058E-06  1.059E-06  4.280E-06  2.060E-06  9.175E-07
                3.116E-06  3.399E-07  1.008E-05  1.217E-05  2.818E-07  4.542E-07
                5.927E-07  8.451E-08  2.293E-07  4.704E-07  9.480E-07  9.465E-07
                8.456E-08  1.030E-07  3.470E-06  8.429E-06  3.122E-05  6.826E-06
                3.485E-07  8.117E-07  4.281E-06  4.074E-06  4.069E-07  5.676E-07
                4.461E-07  1.003E-06  2.094E-05  3.982E-07  2.302E-06  2.549E-06
                6.379E-06  7.451E-06  3.110E-05  7.142E-07  4.110E-06  4.328E-06
                5.574E-06  5.366E-07  5.322E-07  3.357E-07  3.249E-07  8.916E-07
                1.384E-06  1.501E-06  1.301E-08  7.474E-07  1.347E-06  3.778E-06
                6.952E-06  3.618E-07  3.022E-07  1.849E-06  6.510E-07  2.952E-06
                2.108E-06  4.349E-06  3.043E-06  4.888E-06  6.495E-07  5.255E-07
                6.574E-06  6.262E-07  9.945E-07  6.893E-07  1.536E-06  6.215E-07
                2.350E-06  2.867E-06  1.439E-05  5.394E-06  7.633E-07  4.701E-07
                4.884E-07  4.773E-07  1.729E-06  1.095E-06  1.192E-06  6.269E-07
                5.345E-07  1.751E-06  4.696E-06  7.348E-06  9.978E-07  3.540E-07
                2.004E-07  8.436E-07  1.231E-06  1.346E-06  1.020E-06  2.565E-07
                4.387E-06  9.808E-07  3.341E-06  6.547E-07  1.302E-06  7.866E-06
                9.531E-06  6.424E-06  2.423E-06  3.070E-06  3.888E-06  1.218E-06
                1.534E-06  2.715E-06  7.377E-08  2.093E-08  1.326E-07  2.858E-07
                1.647E-06  1.645E-06  2.156E-06  3.926E-06  3.227E-06  1.016E-07
                1.206E-07  2.943E-07  2.364E-07  2.035E-06  5.456E-06
1.02784515E+02  7.785E-03  6.241E-03  3.037E-03  2.915E-03  4.152E-03  1.101E-05
                1.423E-02  2.917E-03  3.315E-05  1.528E-05  1.700E-04  2.821E-03
                5.160E-03  1.345E-04  1.284E-04  6.122E-07  2.070E-06  4.115E-06
                2.213E-06  3.844E-06  1.195E-06  2.617E-06  1.710E-06  2.043E-07
                5.147E-07  1.655E-06  2.707E-06  2.257E-06  2.550E-06  6.159E-06
                4.225E-06  7.879E-07  1.228E-05  4.827E-06  1.996E-06  1.803E-06
                3.109E-09  1.551E-06  5.453E-07  9.280E-06  5.105E-06  3.085E-06
                4.693E-06  1.316E-07  2.477E-07  4.449E-07  1.577E-07  6.327E-07
                2.547E-05  6.766E-07  5.916E-07  1.125E-06  1.152E-07  2.017E-06
                4.541E-06  2.658E-06  2.307E-06  6.849E-06  8.680E-06  2.316E-06
                7.900E-07  5.631E-09  1.157E-08  6.529E-10  1.371E-06  8.327E-07
                2.006E-07  5.175E-08  1.902E-06  1.850E-06  2.413E-06  3.309E-06
                5.521E-06  1.802E-06  6.533E-06  5.675E-07  1.176E-06  3.270E-07
                3.007E-06  1.199E-06  4.145E-06  3.653E-08  9.754E-07  1.175E-06
                1.847E-05  7.478E-06  1.334E-09  1.555E-09  7.357E-10  5.303E-10
                5.259E-10  1.409E-06  7.334E-07  2.878E-06  1.622E-06  7.092E-07
                2.452E-06  2.286E-07  6.750E-06  8.170E-06  2.093E-07  3.386E-07
                4.395E-07  6.210E-08  1.631E-07  3.450E-07  6.880E-07  6.925E-07
                4.777E-08  6.905E-08  2.429E-06  5.917E-06  2.181E-05  4.766E-06
                2.355E-07  5.989E-07  3.068E-06  2.835E-06  3.022E-07  4.274E-07
                3.384E-07  7.328E-07  1.393E-05  3.023E-07  1.683E-06  1.734E-06
                4.335E-06  5.317E-06  2.218E-05  5.294E-07  2.912E-06  3.061E-06
                3.751E-06  3.219E-07  3.123E-07  1.849E-07  2.031E-07  5.235E-07
                8.129E-07  8.856E-07  1.370E-08  5.153E-07  9.361E-07  2.674E-06
                4.993E-06  1.951E-07  1.928E-07  9.425E-07  3.292E-07  2.012E-06
                1.442E-06  3.063E-06  2.143E-06  3.463E-06  4.363E-07  3.189E-07
                4.731E-06  3.726E-07  5.913E-07  4.280E-07  9.445E-07  4.328E-07
                1.702E-06  2.022E-06  1.001E-05  3.669E-06  4.772E-07  2.742E-07
                3.000E-07  2.953E-07  1.202E-06  7.629E-07  8.262E-07  4.362E-07
                3.450E-07  1.262E-06  3.354E-06  5.184E-06  6.289E-07  2.831E-07
                1.493E-07  5.131E-07  7.314E-07  8.116E-07  5.959E-07  1.582E-07
                3.259E-06  6.319E-07  2.450E-06  4.431E-07  9.378E-07  5.932E-06
                7.190E-06  4.885E-06  1.477E-06  1.802E-06  2.060E-06  7.462E-07
                9.426E-07  1.631E-06  3.357E-08  1.007E-08  7.062E-08  1.729E-07
                1.255E-06  1.254E-06  1.625E-06  2.869E-06  2.276E-06  6.652E-08
                6.880E-08  2.076E-07  1.754E-07  1.519E-06  4.091E-06
1.16392515E+02  5.259E-03  4.225E-03  2.057E-03  1.976E-03  2.806E-03  7.723E-06
                1.079E-02  2.213E-03  2.359E-05  1.027E-05  1.290E-04  2.151E-03
                3.938E-03  9.156E-05  8.731E-05  4.063E-07  1.337E-06  2.384E-06
                1.498E-06  2.300E-06  7.971E-07  1.743E-06  1.202E-06  1.533E-07
                3.888E-07  1.219E-06  2.029E-06  1.474E-06  1.631E-06  3.969E-06
                2.725E-06  5.258E-07  7.970E-06  3.233E-06  1.328E-06  1.190E-06
                1.970E-09  9.477E-07  3.327E-07  6.031E-06  3.367E-06  2.024E-06
                3.067E-06  8.025E-08  1.592E-07  2.945E-07  1.575E-07  4.981E-07
                1.758E-05  5.815E-07  3.627E-07  9.360E-07  6.696E-08  1.742E-06
                2.950E-06  1.735E-06  1.452E-06  4.270E-06  6.672E-06  1.681E-06
                5.224E-07  4.264E-09  7.828E-09  4.447E-10  8.346E-07  5.206E-07
                1.497E-07  4.174E-08  1.273E-06  1.227E-06  1.609E-06  2.401E-06
                4.146E-06  1.368E-06  4.338E-06  3.564E-07  7.939E-07  1.970E-07
                2.117E-06  8.479E-07  2.923E-06  2.700E-08  6.427E-07  7.518E-07
                1.322E-05  5.334E-06  1.000E-09  1.138E-09  5.062E-10  3.748E-10
                3.440E-10  1.010E-06  5.080E-07  2.070E-06  1.298E-06  5.564E-07
                1.974E-06  1.697E-07  4.852E-06  5.869E-06  1.583E-07  2.573E-07
                3.359E-07  4.599E-08  1.261E-07  2.516E-07  5.051E-07  5.168E-07
                3.936E-08  5.229E-08  1.686E-06  4.108E-06  1.609E-05  3.516E-06
                1.701E-07  4.525E-07  2.297E-06  2.078E-06  2.220E-07  3.272E-07
                2.587E-07  5.254E-07  9.982E-06  2.291E-07  1.253E-06  1.205E-06
                3.018E-06  3.974E-06  1.657E-05  3.967E-07  2.076E-06  2.183E-06
                2.715E-06  2.013E-07  1.926E-07  1.074E-07  1.305E-07  3.224E-07
                5.008E-07  5.479E-07  1.234E-08  3.665E-07  6.915E-07  2.006E-06
                3.790E-06  1.129E-07  1.373E-07  5.035E-07  1.752E-07  1.404E-06
                1.003E-06  2.308E-06  1.614E-06  2.617E-06  3.164E-07  2.147E-07
                3.605E-06  2.413E-07  3.876E-07  2.747E-07  5.952E-07  3.279E-07
                1.272E-06  1.492E-06  7.342E-06  2.586E-06  3.100E-07  1.686E-07
                1.957E-07  1.914E-07  8.815E-07  5.716E-07  6.153E-07  3.208E-07
                2.432E-07  9.618E-07  2.536E-06  3.882E-06  4.078E-07  2.269E-07
                1.137E-07  3.267E-07  4.656E-07  5.058E-07  3.759E-07  1.030E-07
                2.449E-06  4.215E-07  1.834E-06  3.223E-07  7.034E-07  4.501E-06
                5.452E-06  3.717E-06  9.711E-07  1.154E-06  1.170E-06  4.866E-07
                6.257E-07  1.064E-06  2.719E-08  9.625E-09  3.830E-08  1.056E-07
                9.987E-07  9.995E-07  1.275E-06  2.202E-06  1.703E-06  4.645E-08
                4.207E-08  1.532E-07  1.360E-07  1.193E-06  3.211E-06
1.30000515E+02  3.603E-03  2.894E-03  1.408E-03  1.354E-03  1.931E-03  4.906E-06
                8.482E-03  1.739E-03  1.685E-05  6.391E-06  1.028E-04  1.724E-03
                3.160E-03  6.607E-05  6.312E-05  2.877E-07  9.935E-07  1.570E-06
                1.067E-06  1.528E-06  5.266E-07  1.153E-06  8.780E-07  1.173E-07
                3.485E-07  1.086E-06  1.855E-06  9.834E-07  1.059E-06  2.603E-06
                1.819E-06  3.464E-07  5.139E-06  2.347E-06  8.826E-07  7.865E-07
                1.307E-09  5.978E-07  2.120E-07  3.866E-06  2.231E-06  1.308E-06
                1.991E-06  5.111E-08  1.040E-07  1.968E-07  1.364E-07  3.857E-07
                1.210E-05  4.817E-07  2.340E-07  7.595E-07  3.777E-08  1.447E-06
                1.915E-06  1.112E-06  9.450E-07  2.808E-06  5.171E-06  1.234E-06
                3.528E-07  3.429E-09  6.089E-09  3.245E-10  5.183E-07  3.336E-07
                1.100E-07  3.220E-08  8.900E-07  8.503E-07  1.104E-06  1.927E-06
                3.115E-06  1.027E-06  2.999E-06  2.268E-07  5.414E-07  1.203E-07
                1.480E-06  5.920E-07  2.043E-06  2.432E-08  4.368E-07  4.924E-07
                9.191E-06  3.713E-06  7.597E-10  8.380E-10  3.465E-10  2.715E-10
                2.550E-10  7.031E-07  3.593E-07  1.427E-06  1.042E-06  4.403E-07
                1.585E-06  1.264E-07  3.372E-06  4.091E-06  1.203E-07  1.937E-07
                2.514E-07  3.466E-08  9.598E-08  1.915E-07  3.815E-07  3.941E-07
                3.467E-08  3.832E-08  1.293E-06  3.152E-06  1.187E-05  2.596E-06
                1.237E-07  3.355E-07  1.712E-06  1.531E-06  1.647E-07  2.466E-07
                1.954E-07  3.887E-07  6.849E-06  1.803E-07  9.747E-07  8.571E-07
                2.143E-06  2.980E-06  1.243E-05  2.974E-07  1.579E-06  1.660E-06
                1.871E-06  1.460E-07  1.353E-07  6.945E-08  9.831E-08  2.382E-07
                3.700E-07  4.060E-07  9.567E-09  2.626E-07  5.175E-07  1.517E-06
                2.892E-06  6.579E-08  9.757E-08  3.896E-07  1.360E-07  1.002E-06
                7.173E-07  1.745E-06  1.222E-06  1.983E-06  2.329E-07  1.468E-07
                2.696E-06  1.615E-07  2.599E-07  1.897E-07  4.077E-07  2.556E-07
                9.588E-07  1.132E-06  5.579E-06  1.892E-06  2.367E-07  1.136E-07
                1.370E-07  1.387E-07  6.905E-07  4.297E-07  4.583E-07  2.531E-07
                1.759E-07  7.330E-07  1.926E-06  2.936E-06  3.023E-07  1.781E-07
                8.843E-08  2.244E-07  3.497E-07  3.491E-07  2.837E-07  7.015E-08
                1.890E-06  2.948E-07  1.411E-06  2.485E-07  5.568E-07  3.485E-06
                4.236E-06  2.900E-06  6.822E-07  8.299E-07  8.320E-07  3.309E-07
                4.350E-07  7.489E-07  2.102E-08  7.466E-09  2.427E-08  6.911E-08
                7.820E-07  7.839E-07  9.780E-07  1.694E-06  1.296E-06  3.334E-08
                2.940E-08  1.152E-07  1.050E-07  9.307E-07  2.507E-06
1.43608515E+02  2.643E-03  2.126E-03  1.035E-03  9.961E-04  1.415E-03  3.930E-06
                6.647E-03  1.363E-03  1.288E-05  4.801E-06  8.021E-05  1.348E-03
                2.471E-03  4.715E-05  4.495E-05  2.074E-07  7.540E-07  9.956E-07
                7.924E-07  9.805E-07  3.640E-07  7.947E-07  6.458E-07  9.306E-08
                2.659E-07  8.115E-07  1.367E-06  6.584E-07  6.899E-07  1.714E-06
                1.279E-06  2.397E-07  3.874E-06  1.656E-06  6.293E-07  5.417E-07
                8.348E-10  3.887E-07  1.383E-07  2.862E-06  1.655E-06  9.696E-07
                1.471E-06  3.743E-08  8.252E-08  1.596E-07  1.442E-07  3.268E-07
                9.103E-06  4.201E-07  1.551E-07  6.514E-07  2.695E-08  1.263E-06
                1.387E-06  8.205E-07  6.422E-07  1.883E-06  4.221E-06  9.896E-07
                2.602E-07  2.671E-09  4.069E-09  2.234E-10  3.642E-07  2.410E-07
                8.272E-08  2.549E-08  6.335E-07  5.984E-07  7.851E-07  1.356E-06
                2.407E-06  7.976E-07  2.114E-06  1.593E-07  3.939E-07  8.270E-08
                1.026E-06  4.143E-07  1.423E-06  1.749E-08  3.090E-07  3.466E-07
                7.057E-06  2.851E-06  5.937E-10  6.421E-10  2.496E-10  1.980E-10
                1.735E-10  4.950E-07  2.417E-07  1.032E-06  8.436E-07  3.516E-07
                1.292E-06  1.072E-07  2.609E-06  3.157E-06  9.133E-08  1.462E-07
                1.918E-07  2.487E-08  7.711E-08  1.404E-07  2.784E-07  2.947E-07
                3.610E-08  2.734E-08  8.426E-07  2.053E-06  9.491E-06  2.075E-06
                9.085E-08  2.627E-07  1.361E-06  1.212E-06  1.175E-07  1.911E-07
                1.458E-07  2.686E-07  5.174E-06  1.327E-07  7.203E-07  6.364E-07
                1.597E-06  2.404E-06  1.003E-05  2.169E-07  1.063E-06  1.112E-06
                1.376E-06  9.598E-08  8.840E-08  4.273E-08  6.541E-08  1.566E-07
                2.435E-07  2.682E-07  8.275E-09  2.012E-07  4.028E-07  1.191E-06
                2.286E-06  4.143E-08  7.467E-08  2.488E-07  8.802E-08  7.479E-07
                5.301E-07  1.375E-06  9.616E-07  1.564E-06  1.797E-07  1.087E-07
                2.144E-06  1.144E-07  1.874E-07  1.287E-07  2.680E-07  2.129E-07
                7.493E-07  9.045E-07  4.455E-06  1.275E-06  1.577E-07  7.302E-08
                9.401E-08  9.288E-08  4.845E-07  3.392E-07  3.605E-07  1.787E-07
                1.339E-07  5.813E-07  1.519E-06  2.299E-06  2.000E-07  1.456E-07
                6.957E-08  1.512E-07  2.403E-07  2.284E-07  1.956E-07  4.841E-08
                1.503E-06  2.057E-07  1.115E-06  1.762E-07  4.377E-07  2.756E-06
                3.368E-06  2.306E-06  4.833E-07  5.792E-07  5.113E-07  2.312E-07
                3.134E-07  5.289E-07  2.540E-08  9.738E-09  1.599E-08  4.696E-08
                6.309E-07  6.339E-07  7.790E-07  1.334E-06  9.996E-07  2.576E-08
                2.053E-08  8.851E-08  8.384E-08  7.425E-07  2.002E-06
1.57216515E+02  1.903E-03  1.534E-03  7.467E-04  7.214E-04  1.027E-03  2.365E-06
                5.542E-03  1.137E-03  9.684E-06  2.919E-06  6.786E-05  1.145E-03
                2.102E-03  3.721E-05  3.563E-05  1.569E-07  6.382E-07  7.317E-07
                6.075E-07  7.134E-07  2.407E-07  5.261E-07  4.812E-07  7.136E-08
                2.535E-07  7.838E-07  1.343E-06  4.511E-07  4.593E-07  1.152E-06
                9.143E-07  1.578E-07  2.619E-06  1.306E-06  4.268E-07  3.614E-07
                5.654E-10  2.597E-07  9.481E-08  1.955E-06  1.176E-06  6.565E-07
                1.004E-06  2.581E-08  5.834E-08  1.155E-07  1.211E-07  2.621E-07
                6.464E-06  3.534E-07  1.061E-07  5.411E-07  1.877E-08  1.062E-06
                9.460E-07  5.530E-07  4.297E-07  1.288E-06  3.413E-06  7.718E-07
                1.833E-07  2.225E-09  3.361E-09  1.718E-10  2.470E-07  1.689E-07
                5.937E-08  1.882E-08  4.496E-07  4.221E-07  5.470E-07  1.124E-06
                1.860E-06  6.023E-07  1.486E-06  1.081E-07  2.787E-07  5.409E-08
                7.186E-07  2.885E-07  9.959E-07  1.758E-08  2.157E-07  2.377E-07
                4.947E-06  2.007E-06  4.654E-10  4.846E-10  1.721E-10  1.471E-10
                1.375E-10  3.405E-07  1.737E-07  7.010E-07  6.895E-07  2.848E-07
                1.052E-06  7.593E-08  1.829E-06  2.221E-06  6.937E-08  1.091E-07
                1.415E-07  1.897E-08  6.043E-08  1.074E-07  2.110E-07  2.256E-07
                3.478E-08  2.087E-08  6.773E-07  1.650E-06  7.353E-06  1.607E-06
                6.882E-08  1.927E-07  1.043E-06  9.369E-07  8.744E-08  1.438E-07
                1.093E-07  2.007E-07  3.545E-06  1.070E-07  5.781E-07  4.662E-07
                1.167E-06  1.885E-06  7.873E-06  1.646E-07  8.421E-07  8.812E-07
                9.363E-07  7.590E-08  6.786E-08  3.019E-08  5.322E-08  1.281E-07
                1.991E-07  2.193E-07  5.793E-09  1.473E-07  3.127E-07  9.298E-07
                1.795E-06  2.580E-08  5.782E-08  2.137E-07  7.544E-08  5.498E-07
                3.920E-07  1.066E-06  7.474E-07  1.215E-06  1.411E-07  8.068E-08
                1.635E-06  8.310E-08  1.366E-07  9.144E-08  1.911E-07  1.714E-07
                5.805E-07  7.215E-07  3.572E-06  9.431E-07  1.295E-07  5.259E-08
                7.002E-08  7.204E-08  3.984E-07  2.617E-07  2.759E-07  1.482E-07
                1.014E-07  4.540E-07  1.183E-06  1.786E-06  1.576E-07  1.118E-07
                5.403E-08  1.091E-07  1.856E-07  1.678E-07  1.516E-07  3.535E-08
                1.217E-06  1.524E-07  8.974E-07  1.416E-07  3.643E-07  2.226E-06
                2.736E-06  1.879E-06  3.603E-07  4.501E-07  4.124E-07  1.651E-07
                2.290E-07  3.963E-07  1.637E-08  6.125E-09  1.101E-08  3.277E-08
                5.066E-07  5.095E-07  6.144E-07  1.061E-06  7.885E-07  1.856E-08
                1.501E-08  6.972E-08  6.694E-08  5.939E-07  1.610E-06
1.70824515E+02  1.447E-03  1.160E-03  5.650E-04  5.437E-04  7.751E-04  2.149E-06
                4.305E-03  8.828E-04  7.646E-06  2.424E-06  5.283E-05  8.937E-04
                1.641E-03  2.567E-05  2.444E-05  1.245E-07  5.385E-07  4.989E-07
                4.976E-07  4.938E-07  1.786E-07  3.896E-07  3.862E-07  6.310E-08
                1.598E-07  4.633E-07  7.476E-07  3.172E-07  3.053E-07  7.741E-07
                6.677E-07  1.172E-07  2.215E-06  8.600E-07  3.257E-07  2.617E-07
                3.728E-10  1.795E-07  6.478E-08  1.547E-06  9.043E-07  5.206E-07
                7.912E-07  2.089E-08  5.074E-08  1.013E-07  1.191E-07  2.342E-07
                5.129E-06  3.146E-07  7.636E-08  4.783E-07  1.706E-08  9.460E-07
                7.283E-07  4.347E-07  3.124E-07  9.202E-07  2.902E-06  6.482E-07
                1.476E-07  1.814E-09  2.282E-09  1.225E-10  1.784E-07  1.271E-07
                4.543E-08  1.480E-08  3.402E-07  3.175E-07  4.215E-07  7.952E-07
                1.421E-06  4.763E-07  1.123E-06  7.877E-08  2.166E-07  3.791E-08
                5.278E-07  2.154E-07  7.369E-07  1.051E-08  1.622E-07  1.756E-07
                4.031E-06  1.632E-06  3.646E-10  3.829E-10  1.358E-10  1.091E-10
                8.878E-11  2.564E-07  1.206E-07  5.483E-07  5.446E-07  2.225E-07
                8.411E-07  7.901E-08  1.492E-06  1.802E-06  5.536E-08  8.527E-08
                1.121E-07  1.415E-08  5.236E-08  8.400E-08  1.637E-07  1.796E-07
                3.749E-08  1.594E-08  4.504E-07  1.096E-06  5.788E-06  1.266E-06
                5.027E-08  1.592E-07  8.350E-07  7.352E-07  6.432E-08  1.142E-07
                8.308E-08  1.437E-07  2.877E-06  8.077E-08  4.354E-07  3.592E-07
                9.013E-07  1.498E-06  6.255E-06  1.168E-07  5.758E-07  5.995E-07
                7.449E-07  4.823E-08  4.335E-08  1.824E-08  3.390E-08  8.104E-08
                1.262E-07  1.396E-07  4.819E-09  1.189E-07  2.460E-07  7.351E-07
                1.425E-06  1.640E-08  4.188E-08  1.570E-07  5.683E-08  4.240E-07
                2.981E-07  8.486E-07  5.936E-07  9.671E-07  1.091E-07  6.059E-08
                1.323E-06  5.891E-08  9.796E-08  6.695E-08  1.325E-07  1.497E-07
                4.545E-07  5.745E-07  2.869E-06  6.782E-07  8.309E-08  3.349E-08
                4.803E-08  4.708E-08  2.893E-07  2.094E-07  2.209E-07  1.082E-07
                7.882E-08  3.627E-07  9.412E-07  1.414E-06  1.026E-07  9.198E-08
                4.298E-08  7.673E-08  1.406E-07  1.136E-07  1.159E-07  2.461E-08
                9.446E-07  1.078E-07  6.999E-07  1.072E-07  2.859E-07  1.709E-06
                2.107E-06  1.445E-06  2.643E-07  3.251E-07  2.645E-07  1.201E-07
                1.724E-07  2.910E-07  2.424E-08  9.321E-09  8.364E-09  2.365E-08
                4.047E-07  4.079E-07  4.817E-07  8.289E-07  6.051E-07  1.612E-08
                1.234E-08  5.387E-08  5.327E-08  4.698E-07  1.268E-06
1.84432515E+02  1.148E-03  9.310E-04  4.537E-04  4.404E-04  6.212E-04  1.439E-06
                3.834E-03  7.863E-04  6.209E-06  1.608E-06  4.663E-05  7.883E-04
                1.447E-03  2.274E-05  2.178E-05  9.799E-08  4.833E-07  4.289E-07
                3.943E-07  3.971E-07  1.155E-07  2.511E-07  2.580E-07  4.204E-08
                2.055E-07  6.487E-07  1.112E-06  2.070E-07  2.072E-07  5.283E-07
                5.274E-07  7.530E-08  1.483E-06  8.449E-07  2.160E-07  1.704E-07
                2.423E-10  1.204E-07  4.656E-08  1.159E-06  7.307E-07  3.745E-07
                5.739E-07  1.534E-08  3.841E-08  7.869E-08  1.005E-07  1.913E-07
                3.766E-06  2.686E-07  5.378E-08  4.043E-07  1.464E-08  8.042E-07
                5.275E-07  3.160E-07  2.132E-07  6.311E-07  2.426E-06  5.376E-07
                1.063E-07  1.491E-09  1.813E-09  9.186E-11  1.436E-07  1.019E-07
                3.270E-08  1.106E-08  2.382E-07  2.201E-07  2.878E-07  6.469E-07
                1.185E-06  3.718E-07  7.755E-07  6.035E-08  1.593E-07  2.925E-08
                3.257E-07  1.314E-07  4.543E-07  1.312E-08  1.146E-07  1.287E-07
                2.817E-06  1.157E-06  2.999E-10  2.916E-10  8.571E-11  8.366E-11
                7.828E-11  1.524E-07  8.027E-08  3.264E-07  4.720E-07  1.920E-07
                7.195E-07  4.759E-08  1.059E-06  1.279E-06  4.045E-08  6.140E-08
                7.984E-08  1.010E-08  3.981E-08  6.034E-08  1.156E-07  1.290E-07
                3.288E-08  1.079E-08  3.283E-07  7.979E-07  5.061E-06  1.105E-06
                4.107E-08  1.172E-07  6.924E-07  6.361E-07  4.537E-08  8.641E-08
                6.014E-08  9.953E-08  1.875E-06  6.236E-08  3.455E-07  2.744E-07
                6.856E-07  1.317E-06  5.509E-06  8.986E-08  4.224E-07  4.376E-07
                4.489E-07  4.090E-08  3.588E-08  1.402E-08  2.926E-08  7.127E-08
                1.109E-07  1.223E-07  3.339E-09  9.148E-08  1.997E-07  5.977E-07
                1.162E-06  1.201E-08  3.940E-08  1.169E-07  4.168E-08  3.243E-07
                2.311E-07  6.775E-07  4.762E-07  7.751E-07  9.388E-08  5.195E-08
                1.035E-06  5.048E-08  8.558E-08  4.695E-08  9.499E-08  1.241E-07
                3.781E-07  5.051E-07  2.514E-06  4.317E-07  7.096E-08  2.543E-08
                3.811E-08  3.858E-08  2.141E-07  1.674E-07  1.747E-07  8.082E-08
                6.298E-08  2.929E-07  7.590E-07  1.133E-06  8.344E-08  7.210E-08
                3.357E-08  5.626E-08  9.853E-08  8.527E-08  8.057E-08  1.982E-08
                8.427E-07  8.547E-08  6.130E-07  7.477E-08  2.458E-07  1.518E-06
                1.894E-06  1.298E-06  2.029E-07  2.555E-07  2.060E-07  8.985E-08
                1.302E-07  2.224E-07  1.362E-08  5.293E-09  5.878E-09  1.785E-08
                3.371E-07  3.394E-07  3.984E-07  6.834E-07  4.931E-07  1.164E-08
                8.652E-09  4.464E-08  4.414E-08  3.880E-07  1.060E-06
1.98040515E+02  7.910E-04  6.368E-04  3.113E-04  3.007E-04  4.293E-04  8.266E-07
                3.073E-03  6.303E-04  4.720E-06  9.479E-07  3.879E-05  6.610E-04
                1.216E-03  1.596E-05  1.527E-05  8.348E-08  4.251E-07  2.760E-07
                3.493E-07  2.851E-07  9.035E-08  1.973E-07  2.418E-07  4.275E-08
                1.003E-07  2.765E-07  4.240E-07  1.657E-07  1.423E-07  3.644E-07
                3.585E-07  5.886E-08  1.183E-06  4.622E-07  1.646E-07  1.239E-07
                1.789E-10  9.478E-08  3.515E-08  7.858E-07  4.697E-07  2.595E-07
                3.962E-07  1.125E-08  3.209E-08  6.900E-08  9.754E-08  1.741E-07
                2.714E-06  2.481E-07  4.058E-08  3.712E-07  1.386E-08  7.438E-07
                3.630E-07  2.143E-07  1.517E-07  4.530E-07  2.156E-06  4.553E-07
                8.962E-08  1.334E-09  1.463E-09  7.461E-11  8.488E-08  6.625E-08
                2.352E-08  8.034E-09  1.799E-07  1.674E-07  2.241E-07  5.186E-07
                8.504E-07  2.850E-07  5.893E-07  3.801E-08  1.201E-07  1.590E-08
                2.982E-07  1.210E-07  4.162E-07  7.647E-09  8.321E-08  8.676E-08
                2.147E-06  8.702E-07  2.238E-10  2.277E-10  7.432E-11  6.064E-11
                4.766E-11  1.423E-07  6.823E-08  2.983E-07  3.515E-07  1.414E-07
                5.431E-07  5.363E-08  7.915E-07  9.574E-07  3.385E-08  4.904E-08
                6.357E-08  8.531E-09  3.801E-08  5.233E-08  9.904E-08  1.111E-07
                3.772E-08  1.068E-08  2.897E-07  7.039E-07  3.466E-06  7.584E-07
                2.874E-08  9.648E-08  5.045E-07  4.412E-07  3.692E-08  6.708E-08
                4.731E-08  8.359E-08  1.541E-06  5.573E-08  2.850E-07  1.968E-07
                4.916E-07  9.158E-07  3.827E-06  6.716E-08  3.675E-07  3.829E-07
                4.138E-07  2.653E-08  2.340E-08  8.715E-09  1.907E-08  4.637E-08
                7.220E-08  7.997E-08  2.491E-09  7.148E-08  1.501E-07  4.497E-07
                8.775E-07  7.033E-09  2.532E-08  1.061E-07  3.867E-08  2.329E-07
                1.653E-07  5.112E-07  3.582E-07  5.845E-07  7.228E-08  3.757E-08
                8.008E-07  3.290E-08  5.534E-08  3.668E-08  7.062E-08  1.038E-07
                2.735E-07  3.632E-07  1.846E-06  4.010E-07  4.765E-08  1.661E-08
                2.574E-08  2.562E-08  2.010E-07  1.252E-07  1.321E-07  7.591E-08
                4.648E-08  2.216E-07  5.713E-07  8.529E-07  5.576E-08  5.604E-08
                2.662E-08  4.116E-08  8.412E-08  6.252E-08  6.978E-08  1.384E-08
                5.978E-07  6.150E-08  4.443E-07  7.443E-08  1.942E-07  1.071E-06
                1.327E-06  9.118E-07  1.469E-07  1.905E-07  1.579E-07  6.321E-08
                9.521E-08  1.628E-07  1.463E-08  5.516E-09  4.154E-09  1.219E-08
                2.627E-07  2.651E-07  3.019E-07  5.240E-07  3.729E-07  8.997E-09
                6.972E-09  3.404E-08  3.459E-08  2.999E-07  8.134E-07
