3.40641147E+01  1.675E-02
3.44043147E+01  1.730E-02
3.47445147E+01  1.858E-02
3.50847147E+01  1.650E-02
3.54249147E+01  2.134E-02
3.57651147E+01  1.690E-02
3.61053147E+01  1.993E-02
3.64455147E+01  1.827E-02
3.67857147E+01  1.561E-02
3.71259147E+01  1.542E-02
3.74661147E+01  1.527E-02
3.78063147E+01  1.512E-02
3.81465147E+01  1.479E-02
3.84867147E+01  1.499E-02
3.88269147E+01  1.458E-02
3.91671147E+01  1.428E-02
3.95073147E+01  1.429E-02
3.98475147E+01  1.410E-02
4.01877147E+01  1.383E-02
4.05279147E+01  1.394E-02
4.08681147E+01  1.443E-02
4.12083147E+01  1.391E-02
4.15485147E+01  1.520E-02
4.18887147E+01  1.158E-02
4.22289147E+01  1.300E-02
4.25691147E+01  2.798E-02
4.29093147E+01  1.239E-02
4.32495147E+01  1.262E-02
4.35897147E+01  1.277E-02
4.39299147E+01  1.145E-02
4.42701147E+01  1.258E-02
4.46103147E+01  1.223E-02
4.49505147E+01  1.181E-02
4.52907147E+01  1.167E-02
4.56309147E+01  1.188E-02
4.59711147E+01  1.168E-02
4.63113147E+01  1.258E-02
4.66515147E+01  1.213E-02
4.69917147E+01  1.148E-02
4.73319147E+01  1.111E-02
4.76721147E+01  1.194E-02
4.80123147E+01  1.170E-02
4.83525147E+01  1.039E-02
4.86927147E+01  1.082E-02
4.90329147E+01  1.097E-02
4.93731147E+01  1.077E-02
4.97133147E+01  1.058E-02
5.00535147E+01  1.033E-02
5.03937147E+01  1.021E-02
5.07339147E+01  9.821E-03
5.10741147E+01  9.892E-03
5.14143147E+01  9.733E-03
5.17545147E+01  9.741E-03
5.20947147E+01  9.496E-03
5.24349147E+01  9.691E-03
5.27751147E+01  9.350E-03
5.31153147E+01  8.775E-03
5.34555147E+01  9.199E-03
5.37957147E+01  9.065E-03
5.41359147E+01  8.976E-03
5.44761147E+01  8.928E-03
5.48163147E+01  8.834E-03
5.51565147E+01  8.746E-03
5.54967147E+01  8.662E-03
5.58369147E+01  8.579E-03
5.61771147E+01  8.497E-03
5.65173147E+01  8.417E-03
5.68575147E+01  8.338E-03
5.71977147E+01  8.260E-03
5.75379147E+01  8.183E-03
5.78781147E+01  8.107E-03
5.82183147E+01  8.031E-03
5.85585147E+01  7.957E-03
5.88987147E+01  7.883E-03
5.92389147E+01  7.810E-03
5.95791147E+01  7.737E-03
5.99193147E+01  7.665E-03
6.02595147E+01  7.602E-03
6.05997147E+01  7.523E-03
6.09399147E+01  7.453E-03
6.12801147E+01  7.383E-03
6.16203147E+01  7.314E-03
6.19605147E+01  7.247E-03
6.23007147E+01  7.182E-03
6.26409147E+01  7.111E-03
6.29811147E+01  7.044E-03
6.33213147E+01  6.981E-03
6.36615147E+01  6.916E-03
6.40017147E+01  6.843E-03
6.43419147E+01  6.791E-03
6.46821147E+01  6.723E-03
6.50223147E+01  6.662E-03
6.53625147E+01  6.600E-03
6.57027147E+01  6.540E-03
6.60429147E+01  6.481E-03
6.63831147E+01  6.422E-03
6.67233147E+01  6.364E-03
6.70635147E+01  6.306E-03
6.74037147E+01  6.250E-03
6.77439147E+01  6.196E-03
6.80841147E+01  6.141E-03
6.84243147E+01  6.087E-03
6.87645147E+01  6.034E-03
6.91047147E+01  5.982E-03
6.94449147E+01  5.930E-03
6.97851147E+01  5.879E-03
7.01253147E+01  5.829E-03
7.04655147E+01  5.780E-03
7.08057147E+01  5.732E-03
7.11459147E+01  5.684E-03
7.14861147E+01  5.636E-03
7.18263147E+01  5.590E-03
7.21665147E+01  5.544E-03
7.25067147E+01  5.498E-03
7.28469147E+01  5.453E-03
7.31871147E+01  5.409E-03
7.35273147E+01  5.365E-03
7.38675147E+01  5.321E-03
7.42077147E+01  5.278E-03
7.45479147E+01  5.236E-03
7.48881147E+01  5.194E-03
7.52283147E+01  5.152E-03
7.55685147E+01  5.111E-03
7.59087147E+01  5.070E-03
7.62489147E+01  5.029E-03
7.65891147E+01  4.989E-03
7.69293147E+01  4.949E-03
7.72695147E+01  4.910E-03
7.76097147E+01  4.870E-03
7.79499147E+01  4.831E-03
7.82901147E+01  4.792E-03
7.86303147E+01  4.754E-03
7.89705147E+01  4.716E-03
7.93107147E+01  4.678E-03
7.96509147E+01  4.640E-03
7.99911147E+01  4.603E-03
8.03313147E+01  4.565E-03
8.06715147E+01  4.528E-03
8.10117147E+01  4.492E-03
8.13519147E+01  4.455E-03
8.16921147E+01  4.419E-03
8.20323147E+01  4.383E-03
8.23725147E+01  4.348E-03
8.27127147E+01  4.312E-03
8.30529147E+01  4.277E-03
8.33931147E+01  4.243E-03
8.37333147E+01  4.208E-03
8.40735147E+01  4.174E-03
8.44137147E+01  4.140E-03
8.47539147E+01  4.107E-03
8.50941147E+01  4.074E-03
8.54343147E+01  4.041E-03
8.57745147E+01  4.009E-03
8.61147147E+01  3.977E-03
8.64549147E+01  3.946E-03
8.67951147E+01  3.915E-03
8.71353147E+01  3.885E-03
8.74755147E+01  3.854E-03
8.78157147E+01  3.825E-03
8.81559147E+01  3.796E-03
8.84961147E+01  3.767E-03
8.88363147E+01  3.738E-03
8.91765147E+01  3.711E-03
8.95167147E+01  3.683E-03
8.98569147E+01  3.656E-03
9.01971147E+01  3.629E-03
9.05373147E+01  3.603E-03
9.08775147E+01  3.577E-03
9.12177147E+01  3.552E-03
9.15579147E+01  3.527E-03
9.18981147E+01  3.502E-03
9.22383147E+01  3.478E-03
9.25785147E+01  3.454E-03
9.29187147E+01  3.431E-03
9.32589147E+01  3.407E-03
9.35991147E+01  3.384E-03
9.39393147E+01  3.362E-03
9.42795147E+01  3.339E-03
9.46197147E+01  3.317E-03
9.49599147E+01  3.295E-03
9.53001147E+01  3.273E-03
9.56403147E+01  3.251E-03
9.59805147E+01  3.230E-03
9.63207147E+01  3.209E-03
9.66609147E+01  3.188E-03
9.70011147E+01  3.167E-03
9.73413147E+01  3.146E-03
9.76815147E+01  3.125E-03
9.80217147E+01  3.104E-03
9.83619147E+01  3.083E-03
9.87021147E+01  3.063E-03
9.90423147E+01  3.042E-03
9.93825147E+01  3.022E-03
9.97227147E+01  3.002E-03
1.00062915E+02  2.981E-03
1.00403115E+02  2.961E-03
1.00743315E+02  2.941E-03
1.01083515E+02  2.921E-03
1.01423715E+02  2.901E-03
1.01763915E+02  2.881E-03
1.02104115E+02  2.861E-03
1.02444315E+02  2.841E-03
1.02784515E+02  2.821E-03
1.03124715E+02  2.801E-03
1.03464915E+02  2.781E-03
1.03805115E+02  2.762E-03
1.04145315E+02  2.742E-03
1.04485515E+02  2.723E-03
1.04825715E+02  2.703E-03
1.05165915E+02  2.684E-03
1.05506115E+02  2.665E-03
1.05846315E+02  2.646E-03
1.06186515E+02  2.627E-03
1.06526715E+02  2.608E-03
1.06866915E+02  2.590E-03
1.07207115E+02  2.571E-03
1.07547315E+02  2.553E-03
1.07887515E+02  2.535E-03
1.08227715E+02  2.517E-03
1.08567915E+02  2.499E-03
1.08908115E+02  2.481E-03
1.09248315E+02  2.463E-03
1.09588515E+02  2.446E-03
1.09928715E+02  2.429E-03
1.10268915E+02  2.412E-03
1.10609115E+02  2.396E-03
1.10949315E+02  2.379E-03
1.11289515E+02  2.363E-03
1.11629715E+02  2.347E-03
1.11969915E+02  2.331E-03
1.12310115E+02  2.316E-03
1.12650315E+02  2.301E-03
1.12990515E+02  2.286E-03
1.13330715E+02  2.271E-03
1.13670915E+02  2.257E-03
1.14011115E+02  2.243E-03
1.14351315E+02  2.229E-03
1.14691515E+02  2.215E-03
1.15031715E+02  2.202E-03
1.15371915E+02  2.189E-03
1.15712115E+02  2.176E-03
1.16052315E+02  2.163E-03
1.16392515E+02  2.151E-03
1.16732715E+02  2.139E-03
1.17072915E+02  2.127E-03
1.17413115E+02  2.115E-03
1.17753315E+02  2.104E-03
1.18093515E+02  2.092E-03
1.18433715E+02  2.081E-03
1.18773915E+02  2.070E-03
1.19114115E+02  2.059E-03
1.19454315E+02  2.048E-03
1.19794515E+02  2.038E-03
1.20134715E+02  2.027E-03
1.20474915E+02  2.017E-03
1.20815115E+02  2.006E-03
1.21155315E+02  1.996E-03
1.21495515E+02  1.986E-03
1.21835715E+02  1.975E-03
1.22175915E+02  1.965E-03
1.22516115E+02  1.955E-03
1.22856315E+02  1.945E-03
1.23196515E+02  1.935E-03
1.23536715E+02  1.924E-03
1.23876915E+02  1.914E-03
1.24217115E+02  1.904E-03
1.24557315E+02  1.894E-03
1.24897515E+02  1.883E-03
1.25237715E+02  1.873E-03
1.25577915E+02  1.863E-03
1.25918115E+02  1.852E-03
1.26258315E+02  1.842E-03
1.26598515E+02  1.831E-03
1.26938715E+02  1.821E-03
1.27278915E+02  1.810E-03
1.27619115E+02  1.799E-03
1.27959315E+02  1.789E-03
1.28299515E+02  1.778E-03
1.28639715E+02  1.767E-03
1.28979915E+02  1.757E-03
1.29320115E+02  1.746E-03
1.29660315E+02  1.735E-03
1.30000515E+02  1.724E-03
1.30340715E+02  1.713E-03
1.30680915E+02  1.703E-03
1.31021115E+02  1.692E-03
1.31361315E+02  1.681E-03
1.31701515E+02  1.670E-03
1.32041715E+02  1.659E-03
1.32381915E+02  1.649E-03
1.32722115E+02  1.638E-03
1.33062315E+02  1.627E-03
1.33402515E+02  1.616E-03
1.33742715E+02  1.606E-03
1.34082915E+02  1.595E-03
1.34423115E+02  1.585E-03
1.34763315E+02  1.574E-03
1.35103515E+02  1.564E-03
1.35443715E+02  1.554E-03
1.35783915E+02  1.543E-03
1.36124115E+02  1.533E-03
1.36464315E+02  1.523E-03
1.36804515E+02  1.513E-03
1.37144715E+02  1.504E-03
1.37484915E+02  1.494E-03
1.37825115E+02  1.484E-03
1.38165315E+02  1.475E-03
1.38505515E+02  1.466E-03
1.38845715E+02  1.457E-03
1.39185915E+02  1.448E-03
1.39526115E+02  1.439E-03
1.39866315E+02  1.430E-03
1.40206515E+02  1.422E-03
1.40546715E+02  1.414E-03
1.40886915E+02  1.406E-03
1.41227115E+02  1.398E-03
1.41567315E+02  1.390E-03
1.41907515E+02  1.383E-03
1.42247715E+02  1.375E-03
1.42587915E+02  1.368E-03
1.42928115E+02  1.361E-03
1.43268315E+02  1.354E-03
1.43608515E+02  1.348E-03
1.43948715E+02  1.341E-03
1.44288915E+02  1.335E-03
1.44629115E+02  1.329E-03
1.44969315E+02  1.323E-03
1.45309515E+02  1.317E-03
1.45649715E+02  1.312E-03
1.45989915E+02  1.306E-03
1.46330115E+02  1.301E-03
1.46670315E+02  1.296E-03
1.47010515E+02  1.290E-03
1.47350715E+02  1.285E-03
1.47690915E+02  1.281E-03
1.48031115E+02  1.276E-03
1.48371315E+02  1.271E-03
1.48711515E+02  1.266E-03
1.49051715E+02  1.262E-03
1.49391915E+02  1.257E-03
1.49732115E+02  1.253E-03
1.50072315E+02  1.248E-03
1.50412515E+02  1.244E-03
1.50752715E+02  1.239E-03
1.51092915E+02  1.235E-03
1.51433115E+02  1.230E-03
1.51773315E+02  1.226E-03
1.52113515E+02  1.221E-03
1.52453715E+02  1.217E-03
1.52793915E+02  1.212E-03
1.53134115E+02  1.207E-03
1.53474315E+02  1.203E-03
1.53814515E+02  1.198E-03
1.54154715E+02  1.193E-03
1.54494915E+02  1.188E-03
1.54835115E+02  1.183E-03
1.55175315E+02  1.178E-03
1.55515515E+02  1.173E-03
1.55855715E+02  1.167E-03
1.56195915E+02  1.162E-03
1.56536115E+02  1.156E-03
1.56876315E+02  1.151E-03
1.57216515E+02  1.145E-03
1.57556715E+02  1.140E-03
1.57896915E+02  1.134E-03
1.58237115E+02  1.128E-03
1.58577315E+02  1.122E-03
1.58917515E+02  1.116E-03
1.59257715E+02  1.110E-03
1.59597915E+02  1.103E-03
1.59938115E+02  1.097E-03
1.60278315E+02  1.091E-03
1.60618515E+02  1.084E-03
1.60958715E+02  1.078E-03
1.61298915E+02  1.071E-03
1.61639115E+02  1.065E-03
1.61979315E+02  1.058E-03
1.62319515E+02  1.052E-03
1.62659715E+02  1.045E-03
1.62999915E+02  1.038E-03
1.63340115E+02  1.032E-03
1.63680315E+02  1.025E-03
1.64020515E+02  1.018E-03
1.64360715E+02  1.012E-03
1.64700915E+02  1.005E-03
1.65041115E+02  9.982E-04
1.65381315E+02  9.916E-04
1.65721515E+02  9.850E-04
1.66061715E+02  9.784E-04
1.66401915E+02  9.719E-04
1.66742115E+02  9.654E-04
1.67082315E+02  9.589E-04
1.67422515E+02  9.526E-04
1.67762715E+02  9.463E-04
1.68102915E+02  9.400E-04
1.68443115E+02  9.339E-04
1.68783315E+02  9.278E-04
1.69123515E+02  9.219E-04
1.69463715E+02  9.160E-04
1.69803915E+02  9.102E-04
1.70144115E+02  9.046E-04
1.70484315E+02  8.991E-04
1.70824515E+02  8.937E-04
1.71164715E+02  8.884E-04
1.71504915E+02  8.832E-04
1.71845115E+02  8.782E-04
1.72185315E+02  8.734E-04
1.72525515E+02  8.687E-04
1.72865715E+02  8.641E-04
1.73205915E+02  8.597E-04
1.73546115E+02  8.554E-04
1.73886315E+02  8.513E-04
1.74226515E+02  8.474E-04
1.74566715E+02  8.436E-04
1.74906915E+02  8.400E-04
1.75247115E+02  8.365E-04
1.75587315E+02  8.332E-04
1.75927515E+02  8.301E-04
1.76267715E+02  8.271E-04
1.76607915E+02  8.242E-04
1.76948115E+02  8.216E-04
1.77288315E+02  8.190E-04
1.77628515E+02  8.167E-04
1.77968715E+02  8.144E-04
1.78308915E+02  8.123E-04
1.78649115E+02  8.103E-04
1.78989315E+02  8.084E-04
1.79329515E+02  8.067E-04
1.79669715E+02  8.051E-04
1.80009915E+02  8.035E-04
1.80350115E+02  8.021E-04
1.80690315E+02  8.007E-04
1.81030515E+02  7.994E-04
1.81370715E+02  7.982E-04
1.81710915E+02  7.970E-04
1.82051115E+02  7.959E-04
1.82391315E+02  7.948E-04
1.82731515E+02  7.937E-04
1.83071715E+02  7.926E-04
1.83411915E+02  7.916E-04
1.83752115E+02  7.905E-04
1.84092315E+02  7.894E-04
1.84432515E+02  7.883E-04
1.84772715E+02  7.872E-04
1.85112915E+02  7.860E-04
1.85453115E+02  7.847E-04
1.85793315E+02  7.834E-04
1.86133515E+02  7.820E-04
1.86473715E+02  7.805E-04
1.86813915E+02  7.790E-04
1.87154115E+02  7.773E-04
1.87494315E+02  7.755E-04
1.87834515E+02  7.737E-04
1.88174715E+02  7.717E-04
1.88514915E+02  7.696E-04
1.88855115E+02  7.673E-04
1.89195315E+02  7.650E-04
1.89535515E+02  7.625E-04
1.89875715E+02  7.599E-04
1.90215915E+02  7.571E-04
1.90556115E+02  7.542E-04
1.90896315E+02  7.512E-04
1.91236515E+02  7.480E-04
1.91576715E+02  7.447E-04
1.91916915E+02  7.413E-04
1.92257115E+02  7.377E-04
1.92597315E+02  7.340E-04
1.92937515E+02  7.302E-04
1.93277715E+02  7.263E-04
1.93617915E+02  7.222E-04
1.93958115E+02  7.181E-04
1.94298315E+02  7.138E-04
1.94638515E+02  7.094E-04
1.94978715E+02  7.049E-04
1.95318915E+02  7.003E-04
1.95659115E+02  6.957E-04
1.95999315E+02  6.909E-04
1.96339515E+02  6.861E-04
1.96679715E+02  6.812E-04
1.97019915E+02  6.762E-04
1.97360115E+02  6.712E-04
1.97700315E+02  6.661E-04
1.98040515E+02  6.610E-04
1.98380715E+02  6.558E-04
1.98720915E+02  6.506E-04
1.99061115E+02  6.454E-04
1.99401315E+02  6.401E-04
1.99741515E+02  6.348E-04
2.00081715E+02  6.296E-04
2.00421915E+02  6.243E-04
2.00762115E+02  6.190E-04
2.01102315E+02  6.138E-04
2.01442515E+02  6.086E-04
2.01782715E+02  6.034E-04
2.02122915E+02  5.982E-04
2.02463115E+02  5.931E-04
2.02803315E+02  5.881E-04
2.03143515E+02  5.831E-04
2.03483715E+02  5.781E-04
2.03823915E+02  5.733E-04
2.04164115E+02  5.685E-04
2.04504315E+02  5.638E-04
