          16           7
         215          13           1           1
           0          -4           0          -4           0          -6           0          -2           0          -4           0           6           0           4           0           2           0           4           0           6           0           2           0           4           0           2           0          -4           0          -2           0           2           0           4           0           6           0           2           0           4           0           6           0           4           0          -2           0          -2           0          -4           0          -6           0          -8           0          -2           0          -4           0          -6           0          -4           0           2           0          -4           0          -6           0          -2           0          -4           0          -6           0          -6           0          -8           0          -4           0          -6           0          -2           0          -4           0           4           0           6           0           8           0          10           0           4           0          -4           0           2           0           6           0           4           0           8           0           2           0          -4           0          -2           0           6           0           6           0           4           0           2           0           8           0           4           0           6           0           8           0           4           0           6           0           8           0          10           0           4           0           6           0           8           0           6           0           4           0           2           0           6           0           2           0           4           0           2           0          -4           0          -2           0          -6           0          -8           0           6           0           4           0          -4           0          -6           0          -2           0          -4           0          -6           0          -8           0         -10           0          -2           0          -4           0          -6           0          -4           0          -2           0          -6           0          -8           0          -2           0          -4           0           2           0           4           0           6           0           8           0           4           0           4           0           6           0           8           0           2           0          10           0           8           0           6           0           4           0           2           0           6           0           6           0           4           0           4           0           2           0           4           0           6           0           8           0          -4           0           2           0           4           0          -6           0          -4           0           2           0           4           0           6           0           4           0           6           0          -2           0          -4           0          -6           0          -8           0         -10           0          -6           0          -8           0         -10           0         -12           0           2           0          -2           0          -4           0          -6           0          -8           0          -2           0          -8           0         -10           0          -4           0          -2           0          -6           0          -4           0          -2           0          -4           0          -2           0          -4           0          -6           0          -4           0          -8           0          -6           0           2           0           4           0           2           0           4           0           6           0         -10           0          -8           0          -6           0          -4           0           6           0          -2           0          -4           0           8           0          -6           0          -2           0          -4           0          -6           0          -8           0           4           0           6           0          -4           0          -6           0          -6           0          -8           0          -2           0           2           0          -4           0           4           0           6           0           4           0           4           0           2           0           2           0          -4           0          -6           0          -8           0          -2           0          -4           0          -6           0          -8           0         -10           0          -8           0          -6           0          -4           0          -2           0          -2           0          -4           0          -6           0          -6           0          -8           0          -4           0          -2           0          -6           0          -4
    0.000000E+00    9.645106E-03    9.843162E-03    1.435602E-02    1.458263E-02
    4.247197E-02    4.320385E-02    4.360158E-02    5.944295E-02    5.948713E-02
    6.922989E-02    7.316769E-02    7.411300E-02    1.134727E-01    1.147319E-01
    2.354040E-01    2.358931E-01    2.366026E-01    2.382857E-01    2.391328E-01
    2.438023E-01    2.438287E-01    2.461520E-01    2.471700E-01    2.474363E-01
    2.479076E-01    2.485433E-01    2.486026E-01    2.487216E-01    2.491410E-01
    2.502551E-01    2.507374E-01    2.510783E-01    2.511300E-01    2.524691E-01
    2.524772E-01    2.554279E-01    2.561102E-01    2.563381E-01    2.591442E-01
    2.591854E-01    2.609226E-01    2.615363E-01    2.619649E-01    2.622131E-01
    2.625883E-01    2.631076E-01    2.632646E-01    2.633261E-01    2.634365E-01
    2.637297E-01    2.638533E-01    2.640096E-01    2.643758E-01    2.644930E-01
    2.645338E-01    2.648466E-01    2.652759E-01    2.655531E-01    2.656939E-01
    2.657640E-01    2.676748E-01    2.677713E-01    2.679166E-01    2.688115E-01
    2.690337E-01    2.711118E-01    2.712141E-01    2.720014E-01    2.721113E-01
    2.724223E-01    2.724984E-01    2.725578E-01    2.726085E-01    2.727219E-01
    2.737570E-01    2.740430E-01    2.746587E-01    2.763855E-01    2.763956E-01
    2.763957E-01    2.764682E-01    2.789238E-01    2.791446E-01    2.808157E-01
    2.808428E-01    2.816082E-01    2.816156E-01    2.816277E-01    2.816445E-01
    2.816660E-01    2.832213E-01    2.832636E-01    2.833497E-01    2.872720E-01
    2.872722E-01    2.872783E-01    2.873017E-01    2.873787E-01    2.874354E-01
    2.875828E-01    2.876419E-01    2.877951E-01    2.879672E-01    2.884374E-01
    2.885530E-01    2.886000E-01    2.886971E-01    2.887362E-01    2.888178E-01
    2.901974E-01    2.902310E-01    2.934227E-01    2.936053E-01    2.936679E-01
    2.948139E-01    2.948751E-01    2.949134E-01    2.954910E-01    2.955387E-01
    2.955818E-01    2.956302E-01    2.974080E-01    2.974265E-01    2.978254E-01
    2.979930E-01    2.980044E-01    2.981863E-01    2.981951E-01    2.982014E-01
    2.986863E-01    2.989406E-01    2.997979E-01    3.013547E-01    3.014398E-01
    3.015665E-01    3.017420E-01    3.025165E-01    3.025355E-01    3.025686E-01
    3.026262E-01    3.032771E-01    3.036433E-01    3.036673E-01    3.036996E-01
    3.037196E-01    3.041292E-01    3.046134E-01    3.046301E-01    3.048276E-01
    3.048611E-01    3.049614E-01    3.051740E-01    3.052844E-01    3.060373E-01
    3.062721E-01    3.065126E-01    3.067251E-01    3.072820E-01    3.083217E-01
    3.083847E-01    3.085481E-01    3.086063E-01    3.093086E-01    3.093690E-01
    3.093750E-01    3.093804E-01    3.094500E-01    3.095030E-01    3.095365E-01
    3.096086E-01    3.096683E-01    3.098305E-01    3.098337E-01    3.100372E-01
    3.110986E-01    3.111053E-01    3.111248E-01    3.111449E-01    3.124031E-01
    3.124222E-01    3.126400E-01    3.132139E-01    3.132929E-01    3.134326E-01
    3.163175E-01    3.165548E-01    3.167011E-01    3.167161E-01    3.173537E-01
    3.174815E-01    3.194473E-01    3.198310E-01    3.206567E-01    3.235572E-01
    3.235827E-01    3.236877E-01    3.236885E-01    3.238034E-01    3.239013E-01
    3.239634E-01    3.240075E-01    3.245628E-01    3.245933E-01    3.263728E-01
    3.264517E-01    3.271738E-01    3.284075E-01    3.287843E-01    3.314323E-01
    3.314556E-01    3.324856E-01    3.325179E-01    3.327131E-01    3.333147E-01
           0           2           0           1
  -27.940514715248785               13
3.30435147E+01  2.079E-01  1.725E-01  8.190E-02  8.155E-02  1.130E-01  3.829E-04
                1.105E-01  2.267E-02  9.368E-04  1.100E-03
4.66515147E+01  8.672E-02  6.464E-02  3.220E-02  3.356E-02  4.070E-02  2.209E-04
                5.977E-02  1.212E-02  7.881E-04  4.372E-04  1.536E-03  1.213E-02
                1.987E-02  8.221E-04  1.232E-03
6.02595147E+01  4.001E-02  3.216E-02  1.566E-02  1.506E-02  2.138E-02  5.930E-05
                4.108E-02  8.423E-03  1.451E-04  8.852E-05  4.775E-04  7.602E-03
                1.382E-02  6.086E-04  5.798E-04  1.855E-06  7.812E-06  1.845E-05
                7.735E-06  2.005E-05  4.561E-06  7.709E-06  8.809E-06  3.416E-06
                3.847E-06  8.030E-06  7.867E-06  1.293E-05  1.362E-05  3.560E-05
                3.276E-05  2.614E-06  6.139E-05  3.066E-05  1.068E-05  9.798E-06
                2.709E-07  1.557E-05  5.214E-06  7.054E-05  3.728E-05  1.663E-05
                2.354E-05  1.492E-06  3.824E-06  5.886E-06  5.827E-07  7.120E-06
                1.146E-04  3.965E-06  1.153E-05  1.280E-05  1.889E-06  5.438E-06
                1.907E-05  1.347E-05  1.393E-05  4.321E-05  3.858E-05  1.747E-05
                4.438E-06  2.203E-07  1.859E-07  4.616E-08  9.157E-06  8.340E-06
                6.512E-07  1.889E-08  8.688E-06  8.152E-06  1.109E-05  1.284E-05
                1.779E-05  5.545E-06  2.792E-05  1.106E-05  1.086E-05  4.778E-06
                8.461E-06  3.949E-06  1.209E-05  3.161E-07  5.180E-06  4.409E-06
                8.232E-05  3.364E-05  4.747E-09  1.537E-08  3.555E-08  5.335E-09
                1.433E-09  4.913E-06  2.188E-06  1.129E-05  3.235E-06  1.249E-06
                5.039E-06  1.336E-06  2.652E-05  3.428E-05  1.633E-06  2.208E-06
                2.600E-06  6.011E-07  5.417E-06  3.610E-06  4.685E-06  4.909E-06
                7.280E-06  1.344E-07  6.507E-06  1.451E-05  7.713E-05  1.731E-05
                1.272E-06  2.421E-06  1.058E-05  1.008E-05  1.427E-06  1.478E-06
                1.683E-06  3.234E-06  5.875E-05  2.188E-06  8.837E-06  5.890E-06
                1.506E-05  2.414E-05  9.834E-05  1.684E-06  1.209E-05  1.299E-05
                1.254E-05  2.550E-06  2.518E-06  1.931E-06  1.308E-06  4.389E-06
                6.752E-06  7.377E-06  2.503E-08  1.898E-06  4.248E-06  1.089E-05
                2.067E-05  1.713E-06  1.150E-06  1.556E-05  5.249E-06  6.756E-06
                4.176E-06  1.366E-05  9.188E-06  1.437E-05  2.517E-06  3.171E-06
                1.472E-05  1.566E-06  1.975E-06  2.499E-06  5.755E-06  3.005E-06
                8.488E-06  7.932E-06  3.589E-05  1.430E-05  3.589E-06  3.132E-06
                2.703E-06  2.797E-06  5.640E-06  3.566E-06  4.004E-06  1.924E-06
                2.771E-06  4.650E-06  1.322E-05  2.156E-05  3.832E-06  1.741E-06
                1.106E-06  3.330E-06  7.262E-06  5.457E-06  6.375E-06  1.016E-06
                7.348E-06  3.167E-06  6.527E-06  2.219E-06  3.215E-06  1.528E-05
                1.728E-05  1.164E-05  9.370E-06  1.423E-05  2.151E-05  4.184E-06
                5.957E-06  1.112E-05  1.342E-06  3.700E-07  7.769E-07  1.053E-06
                2.466E-06  2.349E-06  3.546E-06  9.995E-06  9.994E-06  4.640E-07
                7.243E-07  5.639E-07  5.319E-07  4.051E-06  1.158E-05
7.38675147E+01  2.186E-02  1.754E-02  8.542E-03  8.204E-03  1.164E-02  3.220E-05
                2.800E-02  5.741E-03  8.409E-05  4.737E-05  3.276E-04  5.321E-03
                9.697E-03  3.494E-04  3.330E-04  1.513E-06  5.915E-06  1.286E-05
                5.571E-06  1.121E-05  2.890E-06  6.330E-06  5.034E-06  6.246E-07
                1.039E-06  3.261E-06  4.447E-06  6.382E-06  7.104E-06  1.725E-05
                1.350E-05  1.913E-06  4.786E-05  1.324E-05  5.998E-06  5.080E-06
                8.094E-09  5.391E-06  1.926E-06  3.251E-05  1.707E-05  1.053E-05
                1.608E-05  5.465E-07  9.986E-07  1.674E-06  3.115E-07  1.467E-06
                6.933E-05  1.068E-06  1.962E-06  2.017E-06  4.179E-07  3.106E-06
                1.506E-05  9.094E-06  7.490E-06  2.303E-05  2.026E-05  7.227E-06
                2.489E-06  1.103E-08  2.600E-08  1.291E-09  6.427E-06  3.665E-06
                3.262E-07  4.878E-08  5.174E-06  5.089E-06  6.767E-06  6.289E-06
                1.044E-05  3.272E-06  1.811E-05  2.382E-06  3.802E-06  1.518E-06
                6.690E-06  2.685E-06  9.335E-06  1.080E-07  3.029E-06  4.341E-06
                4.570E-05  1.849E-05  2.948E-09  3.657E-09  1.992E-09  1.219E-09
                1.561E-09  2.974E-06  1.483E-06  6.532E-06  2.784E-06  1.253E-06
                4.251E-06  6.115E-07  1.653E-05  1.994E-05  4.226E-07  6.462E-07
                8.405E-07  1.239E-07  4.440E-07  7.137E-07  1.410E-06  1.410E-06
                3.924E-07  1.453E-07  5.191E-06  1.254E-05  5.060E-05  1.112E-05
                5.420E-07  1.161E-06  6.650E-06  6.650E-06  5.569E-07  7.962E-07
                6.119E-07  1.393E-06  3.423E-05  5.611E-07  3.490E-06  4.097E-06
                1.031E-05  1.177E-05  4.922E-05  1.087E-06  6.003E-06  6.322E-06
                8.653E-06  1.118E-06  1.135E-06  7.640E-07  6.454E-07  1.905E-06
                2.958E-06  3.197E-06  1.069E-08  1.195E-06  2.250E-06  6.133E-06
                1.100E-05  8.181E-07  5.397E-07  5.019E-06  1.794E-06  4.772E-06
                3.342E-06  7.084E-06  4.966E-06  7.876E-06  1.091E-06  1.025E-06
                1.003E-05  1.239E-06  1.978E-06  1.271E-06  2.835E-06  1.168E-06
                3.555E-06  4.716E-06  2.450E-05  8.325E-06  1.521E-06  9.964E-07
                9.708E-07  9.497E-07  2.669E-06  1.835E-06  2.007E-06  9.775E-07
                1.033E-06  2.742E-06  7.486E-06  1.194E-05  1.904E-06  4.991E-07
                3.237E-07  1.642E-06  2.704E-06  2.642E-06  2.333E-06  4.793E-07
                6.533E-06  1.697E-06  5.080E-06  1.069E-06  2.101E-06  1.135E-05
                1.378E-05  9.197E-06  4.832E-06  6.610E-06  9.271E-06  2.360E-06
                3.086E-06  5.565E-06  2.883E-07  8.729E-08  3.175E-07  5.497E-07
                2.204E-06  2.218E-06  2.951E-06  6.031E-06  5.328E-06  1.781E-07
                2.593E-07  4.404E-07  3.334E-07  2.948E-06  7.849E-06
8.74755147E+01  1.301E-02  1.043E-02  5.076E-03  4.870E-03  6.916E-03  1.943E-05
                1.985E-02  4.070E-03  5.292E-05  2.754E-05  2.346E-04  3.854E-03
                7.038E-03  2.130E-04  2.029E-04  9.863E-07  3.473E-06  7.356E-06
                3.586E-06  6.717E-06  1.951E-06  4.276E-06  2.880E-06  3.421E-07
                6.693E-07  2.146E-06  3.226E-06  3.858E-06  4.364E-06  1.050E-05
                7.527E-06  1.290E-06  2.386E-05  7.852E-06  3.463E-06  3.059E-06
                5.156E-09  2.899E-06  1.023E-06  1.730E-05  9.253E-06  5.655E-06
                8.603E-06  2.615E-07  4.809E-07  8.343E-07  1.903E-07  9.331E-07
                4.189E-05  8.345E-07  1.087E-06  1.469E-06  2.259E-07  2.462E-06
                8.227E-06  4.892E-06  4.173E-06  1.251E-05  1.275E-05  3.832E-06
                1.388E-06  7.949E-09  1.775E-08  9.587E-10  2.842E-06  1.674E-06
                2.684E-07  5.725E-08  3.180E-06  3.133E-06  4.130E-06  4.636E-06
                7.804E-06  2.504E-06  1.111E-05  1.126E-06  2.096E-06  6.764E-07
                4.647E-06  1.854E-06  6.426E-06  5.477E-08  1.721E-06  2.216E-06
                2.912E-05  1.179E-05  1.948E-09  2.367E-09  1.221E-09  8.100E-10
                8.804E-10  2.142E-06  1.105E-06  4.469E-06  2.119E-06  9.462E-07
                3.205E-06  3.594E-07  1.059E-05  1.278E-05  2.928E-07  4.700E-07
                6.134E-07  8.760E-08  2.400E-07  4.914E-07  9.869E-07  9.840E-07
                9.562E-08  1.059E-07  3.628E-06  8.810E-06  3.270E-05  7.153E-06
                3.648E-07  8.434E-07  4.469E-06  4.273E-06  4.212E-07  5.874E-07
                4.601E-07  1.042E-06  2.195E-05  4.108E-07  2.395E-06  2.688E-06
                6.725E-06  7.786E-06  3.250E-05  7.417E-07  4.273E-06  4.498E-06
                5.818E-06  5.812E-07  5.771E-07  3.663E-07  3.506E-07  9.705E-07
                1.507E-06  1.634E-06  1.290E-08  7.863E-07  1.412E-06  3.946E-06
                7.244E-06  3.929E-07  3.210E-07  2.077E-06  7.328E-07  3.113E-06
                2.223E-06  4.546E-06  3.181E-06  5.103E-06  6.838E-07  5.606E-07
                6.826E-06  6.715E-07  1.066E-06  7.376E-07  1.646E-06  6.591E-07
                2.447E-06  3.009E-06  1.515E-05  5.633E-06  8.234E-07  5.083E-07
                5.235E-07  5.131E-07  1.799E-06  1.147E-06  1.249E-06  6.527E-07
                5.681E-07  1.824E-06  4.900E-06  7.683E-06  1.070E-06  3.651E-07
                2.099E-07  9.041E-07  1.338E-06  1.446E-06  1.112E-06  2.736E-07
                4.565E-06  1.041E-06  3.482E-06  6.855E-07  1.363E-06  8.152E-06
                9.885E-06  6.657E-06  2.595E-06  3.320E-06  4.276E-06  1.300E-06
                1.641E-06  2.916E-06  8.445E-08  2.392E-08  1.476E-07  3.081E-07
                1.702E-06  1.700E-06  2.228E-06  4.091E-06  3.386E-06  1.082E-07
                1.314E-07  3.076E-07  2.451E-07  2.113E-06  5.663E-06
1.01083515E+02  8.223E-03  6.593E-03  3.208E-03  3.080E-03  4.385E-03  1.159E-05
                1.476E-02  3.028E-03  3.477E-05  1.620E-05  1.762E-04  2.921E-03
                5.342E-03  1.418E-04  1.354E-04  6.428E-07  2.187E-06  4.385E-06
                2.325E-06  4.079E-06  1.256E-06  2.750E-06  1.780E-06  2.111E-07
                5.289E-07  1.707E-06  2.774E-06  2.376E-06  2.693E-06  6.499E-06
                4.480E-06  8.285E-07  1.310E-05  5.072E-06  2.109E-06  1.902E-06
                3.276E-09  1.654E-06  5.816E-07  9.900E-06  5.426E-06  3.287E-06
                5.001E-06  1.413E-07  2.661E-07  4.765E-07  1.644E-07  6.593E-07
                2.688E-05  6.966E-07  6.278E-07  1.162E-06  1.249E-07  2.075E-06
                4.835E-06  2.834E-06  2.445E-06  7.247E-06  9.035E-06  2.434E-06
                8.367E-07  5.794E-09  1.193E-08  6.807E-10  1.471E-06  8.904E-07
                2.080E-07  5.318E-08  1.996E-06  1.943E-06  2.536E-06  3.396E-06
                5.742E-06  1.868E-06  6.862E-06  6.049E-07  1.238E-06  3.510E-07
                3.126E-06  1.246E-06  4.311E-06  3.746E-08  1.029E-06  1.248E-06
                1.941E-05  7.863E-06  1.384E-09  1.620E-09  7.729E-10  5.545E-10
                5.511E-10  1.462E-06  7.601E-07  3.000E-06  1.664E-06  7.299E-07
                2.515E-06  2.382E-07  7.098E-06  8.592E-06  2.159E-07  3.490E-07
                4.534E-07  6.399E-08  1.692E-07  3.559E-07  7.092E-07  7.133E-07
                5.056E-08  7.104E-08  2.497E-06  6.082E-06  2.290E-05  5.004E-06
                2.457E-07  6.222E-07  3.204E-06  2.976E-06  3.120E-07  4.422E-07
                3.488E-07  7.563E-07  1.465E-05  3.105E-07  1.738E-06  1.817E-06
                4.546E-06  5.568E-06  2.323E-05  5.490E-07  2.998E-06  3.148E-06
                3.921E-06  3.388E-07  3.299E-07  1.972E-07  2.125E-07  5.514E-07
                8.564E-07  9.325E-07  1.415E-08  5.407E-07  9.745E-07  2.777E-06
                5.176E-06  2.109E-07  2.031E-07  9.990E-07  3.493E-07  2.109E-06
                1.508E-06  3.178E-06  2.224E-06  3.592E-06  4.572E-07  3.388E-07
                4.921E-06  3.960E-07  6.290E-07  4.495E-07  9.928E-07  4.517E-07
                1.771E-06  2.116E-06  1.048E-05  3.784E-06  4.976E-07  2.903E-07
                3.159E-07  3.096E-07  1.233E-06  7.929E-07  8.605E-07  4.471E-07
                3.617E-07  1.308E-06  3.478E-06  5.381E-06  6.553E-07  2.921E-07
                1.547E-07  5.409E-07  7.626E-07  8.552E-07  6.223E-07  1.672E-07
                3.397E-06  6.636E-07  2.553E-06  4.551E-07  9.728E-07  6.169E-06
                7.480E-06  5.078E-06  1.556E-06  1.900E-06  2.182E-06  7.879E-07
                9.947E-07  1.720E-06  3.575E-08  1.071E-08  7.641E-08  1.843E-07
                1.295E-06  1.293E-06  1.682E-06  2.973E-06  2.366E-06  6.964E-08
                7.259E-08  2.157E-07  1.816E-07  1.569E-06  4.229E-06
1.14691515E+02  5.511E-03  4.425E-03  2.154E-03  2.068E-03  2.938E-03  8.170E-06
                1.112E-02  2.280E-03  2.462E-05  1.087E-05  1.329E-04  2.215E-03
                4.055E-03  9.516E-05  9.069E-05  4.269E-07  1.394E-06  2.522E-06
                1.571E-06  2.437E-06  8.432E-07  1.845E-06  1.271E-06  1.617E-07
                3.930E-07  1.228E-06  2.034E-06  1.563E-06  1.730E-06  4.204E-06
                2.874E-06  5.564E-07  8.437E-06  3.373E-06  1.402E-06  1.258E-06
                2.090E-09  1.008E-06  3.536E-07  6.360E-06  3.540E-06  2.131E-06
                3.229E-06  8.479E-08  1.669E-07  3.070E-07  1.550E-07  5.139E-07
                1.840E-05  5.922E-07  3.847E-07  9.571E-07  7.132E-08  1.774E-06
                3.109E-06  1.828E-06  1.534E-06  4.518E-06  6.874E-06  1.742E-06
                5.477E-07  4.432E-09  8.283E-09  4.651E-10  8.830E-07  5.494E-07
                1.549E-07  4.267E-08  1.336E-06  1.291E-06  1.694E-06  2.520E-06
                4.296E-06  1.419E-06  4.567E-06  3.773E-07  8.372E-07  2.089E-07
                2.238E-06  8.956E-07  3.088E-06  2.780E-08  6.774E-07  7.938E-07
                1.380E-05  5.567E-06  1.037E-09  1.186E-09  5.342E-10  3.915E-10
                3.599E-10  1.067E-06  5.376E-07  2.181E-06  1.334E-06  5.733E-07
                2.030E-06  1.771E-07  5.057E-06  6.115E-06  1.646E-07  2.677E-07
                3.494E-07  4.819E-08  1.312E-07  2.629E-07  5.293E-07  5.402E-07
                3.975E-08  5.573E-08  1.793E-06  4.369E-06  1.657E-05  3.621E-06
                1.782E-07  4.707E-07  2.372E-06  2.144E-06  2.321E-07  3.388E-07
                2.687E-07  5.520E-07  1.044E-05  2.395E-07  1.308E-06  1.257E-06
                3.147E-06  4.086E-06  1.704E-05  4.117E-07  2.200E-06  2.315E-06
                2.851E-06  2.125E-07  2.038E-07  1.146E-07  1.373E-07  3.406E-07
                5.289E-07  5.784E-07  1.230E-08  3.820E-07  7.178E-07  2.079E-06
                3.925E-06  1.203E-07  1.429E-07  5.401E-07  1.878E-07  1.463E-06
                1.046E-06  2.394E-06  1.674E-06  2.713E-06  3.290E-07  2.251E-07
                3.733E-06  2.542E-07  4.077E-07  2.911E-07  6.321E-07  3.369E-07
                1.316E-06  1.537E-06  7.566E-06  2.753E-06  3.268E-07  1.790E-07
                2.062E-07  2.019E-07  9.362E-07  5.928E-07  6.385E-07  3.405E-07
                2.535E-07  9.954E-07  2.626E-06  4.027E-06  4.311E-07  2.328E-07
                1.173E-07  3.459E-07  4.941E-07  5.368E-07  3.989E-07  1.086E-07
                2.516E-06  4.434E-07  1.889E-06  3.427E-07  7.282E-07  4.625E-06
                5.596E-06  3.813E-06  1.023E-06  1.218E-06  1.259E-06  5.133E-07
                6.575E-07  1.121E-06  2.774E-08  9.631E-09  4.055E-08  1.112E-07
                1.029E-06  1.029E-06  1.313E-06  2.273E-06  1.764E-06  4.860E-08
                4.479E-08  1.592E-07  1.403E-07  1.229E-06  3.307E-06
1.28299515E+02  3.773E-03  3.031E-03  1.475E-03  1.419E-03  2.022E-03  5.097E-06
                8.765E-03  1.798E-03  1.751E-05  6.703E-06  1.061E-04  1.778E-03
                3.259E-03  6.928E-05  6.621E-05  2.998E-07  1.037E-06  1.674E-06
                1.109E-06  1.618E-06  5.500E-07  1.203E-06  8.988E-07  1.186E-07
                3.650E-07  1.145E-06  1.960E-06  1.026E-06  1.113E-06  2.733E-06
                1.909E-06  3.618E-07  5.358E-06  2.466E-06  9.214E-07  8.231E-07
                1.373E-09  6.305E-07  2.236E-07  4.061E-06  2.341E-06  1.373E-06
                2.091E-06  5.387E-08  1.091E-07  2.057E-07  1.387E-07  3.961E-07
                1.263E-05  4.930E-07  2.458E-07  7.784E-07  4.033E-08  1.480E-06
                2.012E-06  1.169E-06  9.921E-07  2.944E-06  5.330E-06  1.279E-06
                3.681E-07  3.512E-09  6.261E-09  3.384E-10  5.478E-07  3.507E-07
                1.145E-07  3.348E-08  9.262E-07  8.848E-07  1.147E-06  1.976E-06
                3.231E-06  1.062E-06  3.119E-06  2.382E-07  5.618E-07  1.274E-07
                1.528E-06  6.108E-07  2.108E-06  2.516E-08  4.552E-07  5.157E-07
                9.563E-06  3.866E-06  7.862E-10  8.674E-10  3.594E-10  2.830E-10
                2.669E-10  7.245E-07  3.716E-07  1.473E-06  1.072E-06  4.540E-07
                1.630E-06  1.295E-07  3.511E-06  4.261E-06  1.239E-07  1.996E-07
                2.592E-07  3.562E-08  9.843E-08  1.972E-07  3.918E-07  4.042E-07
                3.506E-08  3.873E-08  1.323E-06  3.226E-06  1.240E-05  2.709E-06
                1.280E-07  3.465E-07  1.778E-06  1.597E-06  1.701E-07  2.548E-07
                2.015E-07  4.011E-07  7.120E-06  1.847E-07  1.001E-06  8.944E-07
                2.238E-06  3.106E-06  1.296E-05  3.088E-07  1.617E-06  1.698E-06
                1.933E-06  1.526E-07  1.418E-07  7.342E-08  1.024E-07  2.487E-07
                3.863E-07  4.238E-07  9.998E-09  2.734E-07  5.359E-07  1.569E-06
                2.988E-06  7.036E-08  1.018E-07  4.051E-07  1.414E-07  1.046E-06
                7.482E-07  1.803E-06  1.262E-06  2.049E-06  2.412E-07  1.536E-07
                2.789E-06  1.696E-07  2.726E-07  1.981E-07  4.264E-07  2.632E-07
                9.952E-07  1.177E-06  5.795E-06  1.933E-06  2.456E-07  1.194E-07
                1.432E-07  1.446E-07  6.998E-07  4.443E-07  4.744E-07  2.562E-07
                1.828E-07  7.569E-07  1.990E-06  3.035E-06  3.143E-07  1.840E-07
                9.143E-08  2.348E-07  3.617E-07  3.653E-07  2.934E-07  7.349E-08
                1.968E-06  3.078E-07  1.466E-06  2.513E-07  5.735E-07  3.625E-06
                4.410E-06  3.018E-06  7.114E-07  8.633E-07  8.659E-07  3.465E-07
                4.543E-07  7.805E-07  2.104E-08  7.454E-09  2.593E-08  7.312E-08
                8.039E-07  8.058E-07  1.009E-06  1.748E-06  1.339E-06  3.453E-08
                3.054E-08  1.191E-07  1.082E-07  9.576E-07  2.582E-06
1.41907515E+02  2.740E-03  2.201E-03  1.072E-03  1.031E-03  1.465E-03  4.102E-06
                6.809E-03  1.396E-03  1.332E-05  5.024E-06  8.230E-05  1.383E-03
                2.535E-03  4.858E-05  4.629E-05  2.157E-07  7.697E-07  1.033E-06
                8.221E-07  1.025E-06  3.844E-07  8.396E-07  6.810E-07  9.793E-08
                2.643E-07  8.008E-07  1.344E-06  6.968E-07  7.291E-07  1.810E-06
                1.332E-06  2.532E-07  4.050E-06  1.701E-06  6.606E-07  5.704E-07
                8.856E-10  4.110E-07  1.457E-07  2.972E-06  1.712E-06  1.008E-06
                1.529E-06  3.885E-08  8.487E-08  1.635E-07  1.434E-07  3.349E-07
                9.453E-06  4.278E-07  1.631E-07  6.647E-07  2.790E-08  1.287E-06
                1.444E-06  8.528E-07  6.733E-07  1.977E-06  4.325E-06  1.015E-06
                2.704E-07  2.761E-09  4.291E-09  2.336E-10  3.775E-07  2.496E-07
                8.563E-08  2.617E-08  6.605E-07  6.255E-07  8.216E-07  1.421E-06
                2.477E-06  8.246E-07  2.211E-06  1.660E-07  4.111E-07  8.606E-08
                1.090E-06  4.401E-07  1.511E-06  1.772E-08  3.228E-07  3.614E-07
                7.335E-06  2.961E-06  6.110E-10  6.657E-10  2.631E-10  2.054E-10
                1.794E-10  5.267E-07  2.570E-07  1.093E-06  8.635E-07  3.604E-07
                1.323E-06  1.113E-07  2.706E-06  3.275E-06  9.504E-08  1.523E-07
                1.997E-07  2.614E-08  7.999E-08  1.468E-07  2.920E-07  3.082E-07
                3.612E-08  2.928E-08  8.997E-07  2.192E-06  9.665E-06  2.113E-06
                9.457E-08  2.727E-07  1.395E-06  1.237E-06  1.233E-07  1.977E-07
                1.519E-07  2.833E-07  5.409E-06  1.389E-07  7.509E-07  6.596E-07
                1.654E-06  2.445E-06  1.020E-05  2.254E-07  1.131E-06  1.184E-06
                1.453E-06  1.001E-07  9.242E-08  4.510E-08  6.808E-08  1.629E-07
                2.534E-07  2.790E-07  8.403E-09  2.082E-07  4.153E-07  1.227E-06
                2.354E-06  4.369E-08  7.655E-08  2.605E-07  9.200E-08  7.743E-07
                5.493E-07  1.418E-06  9.912E-07  1.612E-06  1.852E-07  1.124E-07
                2.211E-06  1.188E-07  1.941E-07  1.352E-07  2.822E-07  2.171E-07
                7.691E-07  9.216E-07  4.541E-06  1.366E-06  1.646E-07  7.681E-08
                9.812E-08  9.704E-08  5.160E-07  3.495E-07  3.717E-07  1.901E-07
                1.383E-07  5.985E-07  1.564E-06  2.370E-06  2.094E-07  1.493E-07
                7.163E-08  1.586E-07  2.520E-07  2.401E-07  2.050E-07  5.051E-08
                1.531E-06  2.146E-07  1.139E-06  1.881E-07  4.499E-07  2.810E-06
                3.427E-06  2.347E-06  5.040E-07  6.042E-07  5.413E-07  2.416E-07
                3.262E-07  5.517E-07  2.551E-08  9.732E-09  1.657E-08  4.887E-08
                6.482E-07  6.511E-07  8.004E-07  1.372E-06  1.031E-06  2.660E-08
                2.144E-08  9.134E-08  8.620E-08  7.633E-07  2.056E-06
1.55515515E+02  1.988E-03  1.604E-03  7.806E-04  7.543E-04  1.072E-03  2.504E-06
                5.697E-03  1.168E-03  1.004E-05  3.100E-06  6.954E-05  1.173E-03
                2.152E-03  3.875E-05  3.710E-05  1.620E-07  6.556E-07  7.729E-07
                6.252E-07  7.476E-07  2.510E-07  5.482E-07  4.894E-07  7.184E-08
                2.672E-07  8.324E-07  1.431E-06  4.677E-07  4.816E-07  1.207E-06
                9.563E-07  1.646E-07  2.719E-06  1.374E-06  4.443E-07  3.776E-07
                5.903E-10  2.714E-07  9.913E-08  2.048E-06  1.232E-06  6.878E-07
                1.051E-06  2.701E-08  6.063E-08  1.196E-07  1.231E-07  2.684E-07
                6.734E-06  3.609E-07  1.106E-07  5.531E-07  1.949E-08  1.084E-06
                9.911E-07  5.802E-07  4.498E-07  1.344E-06  3.502E-06  7.963E-07
                1.900E-07  2.267E-09  3.422E-09  1.770E-10  2.611E-07  1.771E-07
                6.188E-08  1.962E-08  4.670E-07  4.382E-07  5.673E-07  1.146E-06
                1.931E-06  6.237E-07  1.543E-06  1.137E-07  2.893E-07  5.745E-08
                7.361E-07  2.957E-07  1.020E-06  1.814E-08  2.246E-07  2.489E-07
                5.144E-06  2.088E-06  4.815E-10  5.009E-10  1.777E-10  1.532E-10
                1.437E-10  3.486E-07  1.781E-07  7.203E-07  7.107E-07  2.939E-07
                1.084E-06  7.753E-08  1.905E-06  2.313E-06  7.125E-08  1.125E-07
                1.460E-07  1.938E-08  6.166E-08  1.099E-07  2.156E-07  2.303E-07
                3.475E-08  2.093E-08  6.846E-07  1.668E-06  7.681E-06  1.678E-06
                7.122E-08  1.991E-07  1.085E-06  9.775E-07  8.989E-08  1.486E-07
                1.126E-07  2.056E-07  3.679E-06  1.089E-07  5.904E-07  4.852E-07
                1.215E-06  1.966E-06  8.211E-06  1.705E-07  8.534E-07  8.920E-07
                9.628E-07  7.889E-08  7.068E-08  3.170E-08  5.518E-08  1.328E-07
                2.065E-07  2.274E-07  6.097E-09  1.532E-07  3.234E-07  9.609E-07
                1.853E-06  2.750E-08  6.033E-08  2.183E-07  7.705E-08  5.723E-07
                4.075E-07  1.101E-06  7.722E-07  1.256E-06  1.456E-07  8.397E-08
                1.690E-06  8.697E-08  1.429E-07  9.501E-08  1.988E-07  1.760E-07
                6.028E-07  7.495E-07  3.703E-06  9.541E-07  1.337E-07  5.499E-08
                7.293E-08  7.479E-08  3.994E-07  2.707E-07  2.854E-07  1.484E-07
                1.052E-07  4.688E-07  1.223E-06  1.845E-06  1.632E-07  1.158E-07
                5.582E-08  1.135E-07  1.907E-07  1.744E-07  1.557E-07  3.684E-08
                1.265E-06  1.584E-07  9.312E-07  1.416E-07  3.737E-07  2.315E-06
                2.847E-06  1.954E-06  3.739E-07  4.647E-07  4.230E-07  1.723E-07
                2.382E-07  4.107E-07  1.687E-08  6.346E-09  1.163E-08  3.443E-08
                5.209E-07  5.238E-07  6.341E-07  1.093E-06  8.133E-07  1.927E-08
                1.551E-08  7.186E-08  6.886E-08  6.110E-07  1.657E-06
1.69123515E+02  1.482E-03  1.187E-03  5.782E-04  5.564E-04  7.942E-04  2.146E-06
                4.429E-03  9.083E-04  7.841E-06  2.452E-06  5.449E-05  9.219E-04
                1.693E-03  2.667E-05  2.539E-05  1.282E-07  5.452E-07  5.110E-07
                5.110E-07  5.116E-07  1.871E-07  4.085E-07  4.052E-07  6.569E-08
                1.623E-07  4.683E-07  7.560E-07  3.354E-07  3.221E-07  8.163E-07
                6.892E-07  1.228E-07  2.267E-06  8.862E-07  3.382E-07  2.734E-07
                3.962E-10  1.893E-07  6.817E-08  1.573E-06  9.194E-07  5.310E-07
                8.071E-07  2.131E-08  5.137E-08  1.026E-07  1.194E-07  2.380E-07
                5.252E-06  3.198E-07  7.959E-08  4.865E-07  1.713E-08  9.615E-07
                7.455E-07  4.429E-07  3.242E-07  9.592E-07  2.961E-06  6.600E-07
                1.517E-07  1.871E-09  2.431E-09  1.285E-10  1.822E-07  1.299E-07
                4.684E-08  1.518E-08  3.520E-07  3.293E-07  4.364E-07  8.394E-07
                1.460E-06  4.902E-07  1.165E-06  8.096E-08  2.233E-07  3.882E-08
                5.622E-07  2.289E-07  7.838E-07  1.100E-08  1.677E-07  1.810E-07
                4.134E-06  1.672E-06  3.743E-10  3.949E-10  1.417E-10  1.126E-10
                9.260E-11  2.727E-07  1.289E-07  5.778E-07  5.576E-07  2.280E-07
                8.604E-07  7.962E-08  1.527E-06  1.846E-06  5.727E-08  8.840E-08
                1.160E-07  1.488E-08  5.373E-08  8.745E-08  1.711E-07  1.869E-07
                3.734E-08  1.709E-08  4.873E-07  1.186E-06  5.871E-06  1.285E-06
                5.214E-08  1.635E-07  8.506E-07  7.472E-07  6.752E-08  1.175E-07
                8.644E-08  1.521E-07  2.976E-06  8.485E-08  4.549E-07  3.687E-07
                9.251E-07  1.518E-06  6.338E-06  1.222E-07  6.188E-07  6.456E-07
                7.818E-07  5.084E-08  4.568E-08  1.938E-08  3.573E-08  8.542E-08
                1.329E-07  1.470E-07  4.887E-09  1.218E-07  2.525E-07  7.542E-07
                1.461E-06  1.714E-08  4.284E-08  1.638E-07  5.908E-08  4.353E-07
                3.065E-07  8.705E-07  6.089E-07  9.920E-07  1.122E-07  6.218E-08
                1.356E-06  6.068E-08  1.006E-07  6.965E-08  1.388E-07  1.513E-07
                4.647E-07  5.833E-07  2.913E-06  7.287E-07  8.779E-08  3.539E-08
                5.014E-08  4.956E-08  3.106E-07  2.144E-07  2.263E-07  1.160E-07
                8.094E-08  3.717E-07  9.651E-07  1.451E-06  1.082E-07  9.379E-08
                4.417E-08  8.014E-08  1.461E-07  1.193E-07  1.204E-07  2.562E-08
                9.621E-07  1.123E-07  7.145E-07  1.149E-07  2.947E-07  1.745E-06
                2.147E-06  1.473E-06  2.741E-07  3.384E-07  2.818E-07  1.245E-07
                1.780E-07  3.018E-07  2.304E-08  8.828E-09  8.410E-09  2.426E-08
                4.154E-07  4.185E-07  4.946E-07  8.526E-07  6.239E-07  1.616E-08
                1.249E-08  5.547E-08  5.472E-08  4.825E-07  1.303E-06
1.82731515E+02  1.196E-03  9.684E-04  4.720E-04  4.576E-04  6.456E-04  1.578E-06
                3.875E-03  7.946E-04  6.388E-06  1.749E-06  4.697E-05  7.937E-04
                1.457E-03  2.303E-05  2.203E-05  1.008E-07  4.919E-07  4.430E-07
                4.050E-07  4.091E-07  1.215E-07  2.641E-07  2.661E-07  4.342E-08
                2.057E-07  6.480E-07  1.108E-06  2.152E-07  2.164E-07  5.514E-07
                5.466E-07  7.932E-08  1.571E-06  8.599E-07  2.277E-07  1.798E-07
                2.523E-10  1.253E-07  4.809E-08  1.221E-06  7.631E-07  3.959E-07
                6.060E-07  1.614E-08  4.037E-08  8.230E-08  1.039E-07  1.966E-07
                3.951E-06  2.740E-07  5.609E-08  4.130E-07  1.506E-08  8.207E-07
                5.561E-07  3.342E-07  2.252E-07  6.626E-07  2.482E-06  5.529E-07
                1.114E-07  1.514E-09  1.810E-09  9.354E-11  1.507E-07  1.063E-07
                3.431E-08  1.157E-08  2.502E-07  2.311E-07  3.033E-07  6.500E-07
                1.220E-06  3.848E-07  8.154E-07  6.336E-08  1.667E-07  3.092E-08
                3.358E-07  1.360E-07  4.691E-07  1.272E-08  1.206E-07  1.354E-07
                2.970E-06  1.219E-06  3.087E-10  3.020E-10  9.017E-11  8.713E-11
                7.987E-11  1.579E-07  8.183E-08  3.419E-07  4.825E-07  1.964E-07
                7.364E-07  5.120E-08  1.117E-06  1.348E-06  4.190E-08  6.381E-08
                8.326E-08  1.037E-08  4.089E-08  6.228E-08  1.193E-07  1.333E-07
                3.325E-08  1.086E-08  3.267E-07  7.940E-07  5.237E-06  1.143E-06
                4.207E-08  1.220E-07  7.174E-07  6.578E-07  4.680E-08  8.970E-08
                6.228E-08  1.021E-07  1.981E-06  6.298E-08  3.510E-07  2.859E-07
                7.150E-07  1.361E-06  5.694E-06  9.210E-08  4.225E-07  4.371E-07
                4.709E-07  4.145E-08  3.649E-08  1.436E-08  2.956E-08  7.181E-08
                1.118E-07  1.233E-07  3.566E-09  9.510E-08  2.056E-07  6.157E-07
                1.196E-06  1.260E-08  4.008E-08  1.183E-07  4.234E-08  3.379E-07
                2.399E-07  6.994E-07  4.912E-07  7.999E-07  9.564E-08  5.323E-08
                1.071E-06  5.183E-08  8.779E-08  4.907E-08  9.871E-08  1.283E-07
                3.907E-07  5.204E-07  2.589E-06  4.405E-07  7.145E-08  2.615E-08
                3.919E-08  3.925E-08  2.127E-07  1.731E-07  1.807E-07  8.023E-08
                6.505E-08  3.020E-07  7.829E-07  1.169E-06  8.483E-08  7.496E-08
                3.468E-08  5.821E-08  1.017E-07  8.756E-08  8.334E-08  2.038E-08
                8.640E-07  8.792E-08  6.287E-07  7.474E-08  2.497E-07  1.556E-06
                1.940E-06  1.329E-06  2.095E-07  2.614E-07  2.066E-07  9.354E-08
                1.353E-07  2.295E-07  1.579E-08  6.158E-09  6.265E-09  1.872E-08
                3.446E-07  3.470E-07  4.083E-07  6.991E-07  5.051E-07  1.249E-08
                9.227E-09  4.566E-08  4.513E-08  3.970E-07  1.083E-06
1.96339515E+02  8.226E-04  6.642E-04  3.242E-04  3.142E-04  4.477E-04  8.333E-07
                3.200E-03  6.565E-04  4.884E-06  9.583E-07  4.029E-05  6.861E-04
                1.262E-03  1.704E-05  1.633E-05  8.473E-08  4.288E-07  2.896E-07
                3.525E-07  2.964E-07  9.255E-08  2.021E-07  2.454E-07  4.266E-08
                1.120E-07  3.177E-07  5.023E-07  1.720E-07  1.501E-07  3.837E-07
                3.742E-07  6.024E-08  1.187E-06  5.048E-07  1.684E-07  1.280E-07
                1.879E-10  9.807E-08  3.665E-08  8.124E-07  4.919E-07  2.667E-07
                4.083E-07  1.152E-08  3.271E-08  7.057E-08  9.945E-08  1.742E-07
                2.789E-06  2.490E-07  4.225E-08  3.727E-07  1.399E-08  7.463E-07
                3.756E-07  2.212E-07  1.577E-07  4.721E-07  2.177E-06  4.609E-07
                9.179E-08  1.358E-09  1.562E-09  7.801E-11  8.993E-08  6.964E-08
                2.442E-08  8.339E-09  1.855E-07  1.727E-07  2.297E-07  5.492E-07
                8.909E-07  2.937E-07  6.071E-07  3.997E-08  1.233E-07  1.700E-08
                3.065E-07  1.237E-07  4.270E-07  8.696E-09  8.602E-08  9.051E-08
                2.180E-06  8.849E-07  2.316E-10  2.335E-10  7.475E-11  6.259E-11
                5.165E-11  1.454E-07  7.161E-08  3.017E-07  3.661E-07  1.476E-07
                5.632E-07  4.988E-08  8.058E-07  9.754E-07  3.442E-08  5.018E-08
                6.480E-08  8.828E-09  3.788E-08  5.329E-08  1.014E-07  1.134E-07
                3.645E-08  1.101E-08  3.087E-07  7.502E-07  3.614E-06  7.903E-07
                3.047E-08  9.772E-08  5.209E-07  4.596E-07  3.824E-08  6.880E-08
                4.883E-08  8.696E-08  1.552E-06  5.765E-08  2.971E-07  2.036E-07
                5.085E-07  9.526E-07  3.982E-06  7.074E-08  3.902E-07  4.070E-07
                4.169E-07  2.872E-08  2.524E-08  9.475E-09  2.068E-08  5.034E-08
                7.837E-08  8.668E-08  2.512E-09  7.286E-08  1.551E-07  4.646E-07
                9.065E-07  7.555E-09  2.739E-08  1.059E-07  3.834E-08  2.410E-07
                1.720E-07  5.268E-07  3.696E-07  6.026E-07  7.553E-08  3.951E-08
                8.204E-07  3.524E-08  5.941E-08  3.739E-08  7.319E-08  1.045E-07
                2.838E-07  3.767E-07  1.909E-06  4.171E-07  5.155E-08  1.781E-08
                2.729E-08  2.755E-08  2.117E-07  1.288E-07  1.358E-07  7.997E-08
                4.807E-08  2.285E-07  5.892E-07  8.799E-07  6.003E-08  5.717E-08
                2.734E-08  4.288E-08  8.464E-08  6.560E-08  6.992E-08  1.468E-08
                6.243E-07  6.474E-08  4.629E-07  7.742E-08  2.023E-07  1.121E-06
                1.390E-06  9.548E-07  1.528E-07  1.989E-07  1.678E-07  6.568E-08
                9.824E-08  1.692E-07  1.259E-08  4.730E-09  4.120E-09  1.259E-08
                2.720E-07  2.744E-07  3.138E-07  5.441E-07  3.879E-07  8.823E-09
                6.860E-09  3.542E-08  3.581E-08  3.110E-07  8.453E-07
