          16           7
         215          13           1           1
           0          -4           0          -4           0          -6           0          -2           0          -4           0           6           0           4           0           2           0           4           0           6           0           2           0           4           0           2           0          -4           0          -2           0           2           0           4           0           6           0           2           0           4           0           6           0           4           0          -2           0          -2           0          -4           0          -6           0          -8           0          -2           0          -4           0          -6           0          -4           0           2           0          -4           0          -6           0          -2           0          -4           0          -6           0          -6           0          -8           0          -4           0          -6           0          -2           0          -4           0           4           0           6           0           8           0          10           0           4           0          -4           0           2           0           6           0           4           0           8           0           2           0          -4           0          -2           0           6           0           6           0           4           0           2           0           8           0           4           0           6           0           8           0           4           0           6           0           8           0          10           0           4           0           6           0           8           0           6           0           4           0           2           0           6           0           2           0           4           0           2           0          -4           0          -2           0          -6           0          -8           0           6           0           4           0          -4           0          -6           0          -2           0          -4           0          -6           0          -8           0         -10           0          -2           0          -4           0          -6           0          -4           0          -2           0          -6           0          -8           0          -2           0          -4           0           2           0           4           0           6           0           8           0           4           0           4           0           6           0           8           0           2           0          10           0           8           0           6           0           4           0           2           0           6           0           6           0           4           0           4           0           2           0           4           0           6           0           8           0          -4           0           2           0           4           0          -6           0          -4           0           2           0           4           0           6           0           4           0           6           0          -2           0          -4           0          -6           0          -8           0         -10           0          -6           0          -8           0         -10           0         -12           0           2           0          -2           0          -4           0          -6           0          -8           0          -2           0          -8           0         -10           0          -4           0          -2           0          -6           0          -4           0          -2           0          -4           0          -2           0          -4           0          -6           0          -4           0          -8           0          -6           0           2           0           4           0           2           0           4           0           6           0         -10           0          -8           0          -6           0          -4           0           6           0          -2           0          -4           0           8           0          -6           0          -2           0          -4           0          -6           0          -8           0           4           0           6           0          -4           0          -6           0          -6           0          -8           0          -2           0           2           0          -4           0           4           0           6           0           4           0           4           0           2           0           2           0          -4           0          -6           0          -8           0          -2           0          -4           0          -6           0          -8           0         -10           0          -8           0          -6           0          -4           0          -2           0          -2           0          -4           0          -6           0          -6           0          -8           0          -4           0          -2           0          -6           0          -4
    0.000000E+00    9.645106E-03    9.843162E-03    1.435602E-02    1.458263E-02
    4.247197E-02    4.320385E-02    4.360158E-02    5.944295E-02    5.948713E-02
    6.922989E-02    7.316769E-02    7.411300E-02    1.134727E-01    1.147319E-01
    2.354040E-01    2.358931E-01    2.366026E-01    2.382857E-01    2.391328E-01
    2.438023E-01    2.438287E-01    2.461520E-01    2.471700E-01    2.474363E-01
    2.479076E-01    2.485433E-01    2.486026E-01    2.487216E-01    2.491410E-01
    2.502551E-01    2.507374E-01    2.510783E-01    2.511300E-01    2.524691E-01
    2.524772E-01    2.554279E-01    2.561102E-01    2.563381E-01    2.591442E-01
    2.591854E-01    2.609226E-01    2.615363E-01    2.619649E-01    2.622131E-01
    2.625883E-01    2.631076E-01    2.632646E-01    2.633261E-01    2.634365E-01
    2.637297E-01    2.638533E-01    2.640096E-01    2.643758E-01    2.644930E-01
    2.645338E-01    2.648466E-01    2.652759E-01    2.655531E-01    2.656939E-01
    2.657640E-01    2.676748E-01    2.677713E-01    2.679166E-01    2.688115E-01
    2.690337E-01    2.711118E-01    2.712141E-01    2.720014E-01    2.721113E-01
    2.724223E-01    2.724984E-01    2.725578E-01    2.726085E-01    2.727219E-01
    2.737570E-01    2.740430E-01    2.746587E-01    2.763855E-01    2.763956E-01
    2.763957E-01    2.764682E-01    2.789238E-01    2.791446E-01    2.808157E-01
    2.808428E-01    2.816082E-01    2.816156E-01    2.816277E-01    2.816445E-01
    2.816660E-01    2.832213E-01    2.832636E-01    2.833497E-01    2.872720E-01
    2.872722E-01    2.872783E-01    2.873017E-01    2.873787E-01    2.874354E-01
    2.875828E-01    2.876419E-01    2.877951E-01    2.879672E-01    2.884374E-01
    2.885530E-01    2.886000E-01    2.886971E-01    2.887362E-01    2.888178E-01
    2.901974E-01    2.902310E-01    2.934227E-01    2.936053E-01    2.936679E-01
    2.948139E-01    2.948751E-01    2.949134E-01    2.954910E-01    2.955387E-01
    2.955818E-01    2.956302E-01    2.974080E-01    2.974265E-01    2.978254E-01
    2.979930E-01    2.980044E-01    2.981863E-01    2.981951E-01    2.982014E-01
    2.986863E-01    2.989406E-01    2.997979E-01    3.013547E-01    3.014398E-01
    3.015665E-01    3.017420E-01    3.025165E-01    3.025355E-01    3.025686E-01
    3.026262E-01    3.032771E-01    3.036433E-01    3.036673E-01    3.036996E-01
    3.037196E-01    3.041292E-01    3.046134E-01    3.046301E-01    3.048276E-01
    3.048611E-01    3.049614E-01    3.051740E-01    3.052844E-01    3.060373E-01
    3.062721E-01    3.065126E-01    3.067251E-01    3.072820E-01    3.083217E-01
    3.083847E-01    3.085481E-01    3.086063E-01    3.093086E-01    3.093690E-01
    3.093750E-01    3.093804E-01    3.094500E-01    3.095030E-01    3.095365E-01
    3.096086E-01    3.096683E-01    3.098305E-01    3.098337E-01    3.100372E-01
    3.110986E-01    3.111053E-01    3.111248E-01    3.111449E-01    3.124031E-01
    3.124222E-01    3.126400E-01    3.132139E-01    3.132929E-01    3.134326E-01
    3.163175E-01    3.165548E-01    3.167011E-01    3.167161E-01    3.173537E-01
    3.174815E-01    3.194473E-01    3.198310E-01    3.206567E-01    3.235572E-01
    3.235827E-01    3.236877E-01    3.236885E-01    3.238034E-01    3.239013E-01
    3.239634E-01    3.240075E-01    3.245628E-01    3.245933E-01    3.263728E-01
    3.264517E-01    3.271738E-01    3.284075E-01    3.287843E-01    3.314323E-01
    3.314556E-01    3.324856E-01    3.325179E-01    3.327131E-01    3.333147E-01
           0           2           0           1
  -27.940514715248785               13
2.93013147E+01  2.732E-01  2.284E-01  1.119E-01  1.081E-01  1.515E-01
4.29093147E+01  9.577E-02  8.634E-02  4.279E-02  3.931E-02  5.606E-02  9.973E-04
                7.567E-02  1.553E-02  8.530E-04  9.131E-04  7.966E-04  1.239E-02
                2.245E-02  1.385E-03  1.311E-03
5.65173147E+01  4.805E-02  3.878E-02  1.889E-02  1.816E-02  2.573E-02  7.219E-05
                4.613E-02  9.458E-03  1.719E-04  1.079E-04  5.316E-04  8.417E-03
                1.528E-02  7.198E-04  6.850E-04  2.777E-06  1.376E-05  2.953E-05
                1.005E-05  2.289E-05  4.211E-06  9.172E-06  1.487E-05  2.225E-06
                3.003E-06  8.079E-06  9.698E-06  1.431E-05  1.456E-05  3.698E-05
                3.391E-05  2.789E-06  1.488E-04  3.163E-05  1.441E-05  1.121E-05
                1.454E-08  1.446E-05  5.315E-06  8.603E-05  4.438E-05  2.776E-05
                4.276E-05  1.808E-06  3.238E-06  5.032E-06  6.511E-07  4.308E-06
                1.458E-04  3.071E-06  4.995E-06  6.008E-06  1.405E-06  8.903E-06
                3.854E-05  2.383E-05  1.901E-05  6.395E-05  6.176E-05  2.799E-05
                6.574E-06  1.974E-08  4.935E-08  1.620E-09  2.721E-05  1.487E-05
                4.480E-07  6.939E-09  1.117E-05  1.062E-05  1.454E-05  1.315E-05
                1.562E-05  5.044E-06  3.818E-05  9.290E-06  1.184E-05  6.148E-06
                1.104E-05  4.557E-06  1.593E-05  4.136E-07  8.308E-06  1.470E-05
                8.687E-05  3.451E-05  6.054E-09  7.498E-09  4.284E-09  2.216E-09
                3.823E-09  4.497E-06  1.702E-06  1.153E-05  3.768E-06  1.576E-06
                6.168E-06  1.750E-06  3.082E-05  3.746E-05  1.144E-06  1.373E-06
                1.588E-06  3.454E-07  2.384E-06  1.817E-06  3.271E-06  3.460E-06
                3.805E-06  1.812E-07  1.028E-05  2.466E-05  1.008E-04  2.247E-05
                8.936E-07  2.276E-06  1.331E-05  1.349E-05  1.007E-06  1.533E-06
                1.176E-06  2.511E-06  6.443E-05  1.284E-06  7.690E-06  6.471E-06
                1.669E-05  2.267E-05  9.456E-05  3.063E-06  1.123E-05  1.196E-05
                1.459E-05  3.009E-06  3.287E-06  2.521E-06  1.559E-06  4.787E-06
                7.412E-06  7.971E-06  5.317E-09  2.361E-06  5.147E-06  1.349E-05
                2.290E-05  2.684E-06  1.186E-06  1.891E-05  6.893E-06  7.732E-06
                4.974E-06  1.551E-05  1.087E-05  1.674E-05  2.147E-06  2.728E-06
                1.890E-05  3.273E-06  5.353E-06  3.091E-06  6.604E-06  3.729E-06
                6.898E-06  9.775E-06  5.412E-05  1.714E-05  3.858E-06  3.081E-06
                2.800E-06  2.629E-06  5.504E-06  4.335E-06  4.856E-06  2.060E-06
                3.209E-06  5.485E-06  1.556E-05  2.562E-05  4.813E-06  1.163E-06
                8.649E-07  4.290E-06  9.004E-06  6.840E-06  8.143E-06  1.187E-06
                1.080E-05  3.451E-06  9.068E-06  2.373E-06  4.469E-06  1.858E-05
                2.169E-05  1.422E-05  1.311E-05  1.962E-05  2.841E-05  6.395E-06
                9.265E-06  1.568E-05  1.973E-06  6.620E-07  1.090E-06  1.312E-06
                2.309E-06  2.458E-06  3.215E-06  1.272E-05  1.211E-05  5.320E-07
                8.619E-07  6.348E-07  5.430E-07  4.962E-06  1.330E-05
7.01253147E+01  2.556E-02  2.053E-02  1.000E-02  9.604E-03  1.362E-02  3.813E-05
                3.090E-02  6.337E-03  9.710E-05  5.621E-05  3.604E-04  5.829E-03
                1.062E-02  4.005E-04  3.813E-04  1.701E-06  6.945E-06  1.520E-05
                6.324E-06  1.310E-05  3.190E-06  7.004E-06  6.160E-06  7.870E-07
                1.268E-06  3.911E-06  5.261E-06  7.474E-06  8.205E-06  2.003E-05
                1.619E-05  2.119E-06  5.947E-05  1.572E-05  7.142E-06  5.957E-06
                9.253E-09  6.532E-06  2.332E-06  3.925E-05  2.055E-05  1.273E-05
                1.945E-05  6.905E-07  1.254E-06  2.047E-06  3.587E-07  1.736E-06
                8.064E-05  1.179E-06  2.331E-06  2.284E-06  5.201E-07  3.424E-06
                1.810E-05  1.098E-05  8.960E-06  2.731E-05  2.378E-05  8.969E-06
                3.022E-06  1.229E-08  2.951E-08  1.438E-09  8.352E-06  4.725E-06
                3.397E-07  4.224E-08  6.028E-06  5.855E-06  7.825E-06  7.130E-06
                1.142E-05  3.539E-06  2.118E-05  3.012E-06  4.561E-06  1.956E-06
                7.416E-06  2.985E-06  1.039E-05  1.395E-07  3.583E-06  5.401E-06
                5.212E-05  2.108E-05  3.397E-09  4.303E-09  2.375E-09  1.229E-09
                1.809E-09  3.243E-06  1.590E-06  7.290E-06  2.986E-06  1.336E-06
                4.598E-06  7.355E-07  1.883E-05  2.274E-05  4.866E-07  7.218E-07
                9.314E-07  1.417E-07  5.715E-07  8.220E-07  1.602E-06  1.608E-06
                6.021E-07  1.577E-07  5.861E-06  1.418E-05  5.778E-05  1.273E-05
                6.142E-07  1.273E-06  7.575E-06  7.647E-06  6.209E-07  8.906E-07
                6.953E-07  1.591E-06  3.861E-05  6.243E-07  3.949E-06  4.592E-06
                1.164E-05  1.345E-05  5.631E-05  1.282E-06  6.632E-06  6.980E-06
                9.605E-06  1.408E-06  1.431E-06  9.792E-07  7.767E-07  2.433E-06
                3.776E-06  4.053E-06  7.166E-09  1.351E-06  2.607E-06  7.065E-06
                1.253E-05  1.027E-06  6.414E-07  6.809E-06  2.441E-06  5.372E-06
                3.755E-06  8.170E-06  5.701E-06  9.016E-06  1.245E-06  1.232E-06
                1.116E-05  1.497E-06  2.450E-06  1.532E-06  3.389E-06  1.435E-06
                4.018E-06  5.428E-06  2.851E-05  9.347E-06  2.560E-06  1.402E-06
                1.278E-06  1.285E-06  3.020E-06  2.062E-06  2.232E-06  1.103E-06
                1.291E-06  2.923E-06  8.158E-06  1.341E-05  3.064E-06  5.667E-07
                3.921E-07  2.116E-06  3.322E-06  3.267E-06  3.031E-06  5.719E-07
                7.207E-06  1.956E-06  5.645E-06  1.215E-06  2.384E-06  1.251E-05
                1.510E-05  9.995E-06  5.928E-06  8.275E-06  1.200E-05  2.848E-06
                3.808E-06  7.002E-06  4.579E-07  1.422E-07  4.164E-07  6.933E-07
                2.322E-06  2.371E-06  3.100E-06  7.147E-06  6.433E-06  2.607E-07
                4.910E-07  4.482E-07  3.305E-07  2.978E-06  8.433E-06
8.37333147E+01  1.487E-02  1.191E-02  5.800E-03  5.564E-03  7.909E-03  2.203E-05
                2.175E-02  4.459E-03  5.951E-05  3.145E-05  2.568E-04  4.208E-03
                7.681E-03  2.430E-04  2.316E-04  1.117E-06  4.045E-06  8.663E-06
                4.052E-06  7.801E-06  2.178E-06  4.772E-06  3.269E-06  3.871E-07
                7.555E-07  2.433E-06  3.600E-06  4.382E-06  4.956E-06  1.194E-05
                8.741E-06  1.439E-06  2.825E-05  9.016E-06  3.971E-06  3.480E-06
                5.857E-09  3.401E-06  1.204E-06  2.020E-05  1.076E-05  6.599E-06
                1.005E-05  3.174E-07  5.812E-07  9.997E-07  2.130E-07  1.026E-06
                4.772E-05  8.695E-07  1.275E-06  1.558E-06  2.634E-07  2.555E-06
                9.580E-06  5.704E-06  4.879E-06  1.473E-05  1.416E-05  4.438E-06
                1.617E-06  8.644E-09  1.971E-08  1.058E-09  3.479E-06  2.032E-06
                2.864E-07  5.783E-08  3.621E-06  3.562E-06  4.687E-06  4.989E-06
                8.405E-06  2.685E-06  1.262E-05  1.350E-06  2.407E-06  8.290E-07
                5.083E-06  2.029E-06  7.039E-06  6.301E-08  1.976E-06  2.611E-06
                3.267E-05  1.325E-05  2.165E-09  2.638E-09  1.374E-09  8.979E-10
                1.028E-09  2.320E-06  1.204E-06  4.886E-06  2.289E-06  1.026E-06
                3.461E-06  4.105E-07  1.188E-05  1.434E-05  3.181E-07  5.049E-07
                6.582E-07  9.442E-08  2.701E-07  5.388E-07  1.074E-06  1.070E-06
                1.337E-07  1.104E-07  3.940E-06  9.562E-06  3.659E-05  8.011E-06
                3.987E-07  9.143E-07  4.942E-06  4.788E-06  4.514E-07  6.324E-07
                4.899E-07  1.123E-06  2.447E-05  4.389E-07  2.609E-06  3.042E-06
                7.614E-06  8.669E-06  3.620E-05  8.055E-07  4.612E-06  4.846E-06
                6.388E-06  6.908E-07  6.887E-07  4.435E-07  4.125E-07  1.163E-06
                1.805E-06  1.956E-06  1.320E-08  8.806E-07  1.588E-06  4.410E-06
                8.049E-06  4.764E-07  3.629E-07  2.648E-06  9.383E-07  3.525E-06
                2.512E-06  5.068E-06  3.550E-06  5.681E-06  7.667E-07  6.471E-07
                7.514E-06  7.827E-07  1.241E-06  8.490E-07  1.897E-06  7.529E-07
                2.689E-06  3.380E-06  1.713E-05  6.139E-06  9.643E-07  6.025E-07
                6.111E-07  5.994E-07  1.952E-06  1.287E-06  1.403E-06  7.096E-07
                6.583E-07  2.023E-06  5.456E-06  8.584E-06  1.236E-06  3.937E-07
                2.329E-07  1.055E-06  1.592E-06  1.693E-06  1.337E-06  3.157E-07
                5.043E-06  1.185E-06  3.854E-06  7.530E-07  1.518E-06  8.932E-06
                1.085E-05  7.294E-06  3.035E-06  3.950E-06  5.212E-06  1.512E-06
                1.923E-06  3.431E-06  1.165E-07  3.359E-08  1.860E-07  3.676E-07
                1.820E-06  1.820E-06  2.399E-06  4.496E-06  3.774E-06  1.237E-07
                1.572E-07  3.387E-07  2.651E-07  2.286E-06  6.133E-06
9.73413147E+01  9.297E-03  7.457E-03  3.630E-03  3.486E-03  4.953E-03  1.326E-05
                1.601E-02  3.282E-03  3.890E-05  1.873E-05  1.902E-04  3.146E-03
                5.750E-03  1.588E-04  1.516E-04  7.167E-07  2.453E-06  4.994E-06
                2.600E-06  4.619E-06  1.413E-06  3.092E-06  1.987E-06  2.343E-07
                5.465E-07  1.767E-06  2.808E-06  2.687E-06  3.055E-06  7.357E-06
                5.123E-06  9.324E-07  1.536E-05  5.639E-06  2.405E-06  2.156E-06
                3.671E-09  1.914E-06  6.730E-07  1.154E-05  6.264E-06  3.813E-06
                5.798E-06  1.661E-07  3.125E-07  5.571E-07  1.794E-07  7.259E-07
                3.032E-05  7.426E-07  7.252E-07  1.251E-06  1.494E-07  2.206E-06
                5.586E-06  3.294E-06  2.816E-06  8.335E-06  9.939E-06  2.747E-06
                9.602E-07  6.208E-09  1.288E-08  7.448E-10  1.748E-06  1.050E-06
                2.240E-07  5.524E-08  2.248E-06  2.196E-06  2.880E-06  3.604E-06
                6.240E-06  2.023E-06  7.768E-06  7.109E-07  1.418E-06  4.170E-07
                3.459E-06  1.381E-06  4.775E-06  3.958E-08  1.175E-06  1.450E-06
                2.176E-05  8.806E-06  1.504E-09  1.780E-09  8.716E-10  6.121E-10
                6.103E-10  1.617E-06  8.309E-07  3.343E-06  1.765E-06  7.790E-07
                2.669E-06  2.620E-07  7.953E-06  9.618E-06  2.332E-07  3.769E-07
                4.915E-07  6.906E-08  1.852E-07  3.828E-07  7.660E-07  7.695E-07
                5.911E-08  7.897E-08  2.687E-06  6.538E-06  2.534E-05  5.539E-06
                2.725E-07  6.760E-07  3.517E-06  3.296E-06  3.371E-07  4.788E-07
                3.764E-07  8.167E-07  1.649E-05  3.307E-07  1.874E-06  2.011E-06
                5.039E-06  6.123E-06  2.555E-05  5.940E-07  3.235E-06  3.396E-06
                4.391E-06  3.810E-07  3.745E-07  2.288E-07  2.357E-07  6.214E-07
                9.654E-07  1.050E-06  1.458E-08  5.984E-07  1.071E-06  3.035E-06
                5.636E-06  2.506E-07  2.301E-07  1.140E-06  3.992E-07  2.336E-06
                1.666E-06  3.475E-06  2.431E-06  3.923E-06  5.104E-07  3.887E-07
                5.381E-06  4.549E-07  7.242E-07  5.040E-07  1.115E-06  5.004E-07
                1.929E-06  2.328E-06  1.158E-05  4.134E-06  5.500E-07  3.316E-07
                3.566E-07  3.463E-07  1.331E-06  8.698E-07  9.467E-07  4.823E-07
                4.048E-07  1.424E-06  3.793E-06  5.882E-06  7.245E-07  3.103E-07
                1.662E-07  6.108E-07  8.467E-07  9.647E-07  6.929E-07  1.896E-07
                3.686E-06  7.437E-07  2.776E-06  4.962E-07  1.055E-06  6.663E-06
                8.078E-06  5.473E-06  1.762E-06  2.156E-06  2.512E-06  8.936E-07
                1.127E-06  1.951E-06  4.307E-08  1.293E-08  8.942E-08  2.103E-07
                1.401E-06  1.399E-06  1.831E-06  3.245E-06  2.600E-06  7.779E-08
                8.271E-08  2.370E-07  1.973E-07  1.703E-06  4.591E-06
1.10949315E+02  6.109E-03  4.898E-03  2.384E-03  2.288E-03  3.254E-03  9.095E-06
                1.194E-02  2.448E-03  2.703E-05  1.217E-05  1.430E-04  2.379E-03
                4.354E-03  1.048E-04  9.984E-05  4.792E-07  1.559E-06  2.919E-06
                1.752E-06  2.811E-06  9.500E-07  2.080E-06  1.423E-06  1.788E-07
                4.190E-07  1.310E-06  2.160E-06  1.772E-06  1.966E-06  4.767E-06
                3.236E-06  6.269E-07  9.475E-06  3.752E-06  1.571E-06  1.414E-06
                2.382E-09  1.156E-06  4.052E-07  7.110E-06  3.942E-06  2.376E-06
                3.604E-06  9.601E-08  1.853E-07  3.378E-07  1.486E-07  5.478E-07
                2.027E-05  6.159E-07  4.413E-07  1.005E-06  8.204E-08  1.843E-06
                3.479E-06  2.040E-06  1.747E-06  5.161E-06  7.371E-06  1.890E-06
                6.122E-07  4.829E-09  9.440E-09  5.173E-10  1.004E-06  6.205E-07
                1.678E-07  4.493E-08  1.502E-06  1.459E-06  1.913E-06  2.815E-06
                4.651E-06  1.537E-06  5.163E-06  4.285E-07  9.413E-07  2.380E-07
                2.496E-06  9.971E-07  3.442E-06  3.037E-08  7.657E-07  8.997E-07
                1.506E-05  6.078E-06  1.117E-09  1.292E-09  5.962E-10  4.318E-10
                4.042E-10  1.185E-06  6.024E-07  2.411E-06  1.413E-06  6.104E-07
                2.147E-06  1.921E-07  5.503E-06  6.653E-06  1.787E-07  2.902E-07
                3.779E-07  5.303E-08  1.416E-07  2.891E-07  5.834E-07  5.921E-07
                4.025E-08  6.225E-08  2.039E-06  4.967E-06  1.777E-05  3.884E-06
                1.968E-07  5.112E-07  2.549E-06  2.308E-06  2.549E-07  3.646E-07
                2.907E-07  6.129E-07  1.141E-05  2.623E-07  1.434E-06  1.381E-06
                3.452E-06  4.368E-06  1.821E-05  4.462E-07  2.472E-06  2.605E-06
                3.133E-06  2.430E-07  2.335E-07  1.333E-07  1.561E-07  3.912E-07
                6.073E-07  6.631E-07  1.222E-08  4.189E-07  7.755E-07  2.237E-06
                4.211E-06  1.383E-07  1.565E-07  6.505E-07  2.260E-07  1.603E-06
                1.149E-06  2.578E-06  1.802E-06  2.918E-06  3.585E-07  2.501E-07
                3.998E-06  2.860E-07  4.570E-07  3.315E-07  7.245E-07  3.604E-07
                1.419E-06  1.652E-06  8.150E-06  3.110E-06  3.720E-07  2.052E-07
                2.321E-07  2.288E-07  1.049E-06  6.382E-07  6.880E-07  3.814E-07
                2.771E-07  1.067E-06  2.822E-06  4.341E-06  4.920E-07  2.461E-07
                1.261E-07  3.932E-07  5.677E-07  6.148E-07  4.591E-07  1.221E-07
                2.689E-06  4.962E-07  2.027E-06  3.849E-07  7.874E-07  4.937E-06
                5.966E-06  4.061E-06  1.147E-06  1.380E-06  1.495E-06  5.760E-07
                7.322E-07  1.261E-06  2.830E-08  9.258E-09  4.720E-08  1.257E-07
                1.094E-06  1.093E-06  1.397E-06  2.434E-06  1.904E-06  5.365E-08
                5.170E-08  1.729E-07  1.500E-07  1.312E-06  3.524E-06
1.24557315E+02  4.188E-03  3.367E-03  1.638E-03  1.577E-03  2.242E-03  5.715E-06
                9.395E-03  1.927E-03  1.918E-05  7.610E-06  1.132E-04  1.894E-03
                3.469E-03  7.639E-05  7.301E-05  3.286E-07  1.132E-06  1.897E-06
                1.213E-06  1.816E-06  6.119E-07  1.338E-06  9.577E-07  1.236E-07
                3.885E-07  1.231E-06  2.102E-06  1.134E-06  1.246E-06  3.051E-06
                2.129E-06  4.028E-07  5.979E-06  2.714E-06  1.024E-06  9.166E-07
                1.528E-09  7.125E-07  2.523E-07  4.571E-06  2.615E-06  1.544E-06
                2.349E-06  6.099E-08  1.229E-07  2.309E-07  1.475E-07  4.248E-07
                1.398E-05  5.225E-07  2.753E-07  8.281E-07  4.745E-08  1.567E-06
                2.262E-06  1.319E-06  1.113E-06  3.279E-06  5.732E-06  1.394E-06
                4.093E-07  3.696E-09  6.589E-09  3.680E-10  6.234E-07  3.949E-07
                1.254E-07  3.647E-08  1.018E-06  9.730E-07  1.263E-06  2.071E-06
                3.509E-06  1.149E-06  3.430E-06  2.681E-07  6.175E-07  1.456E-07
                1.652E-06  6.611E-07  2.281E-06  2.610E-08  5.034E-07  5.767E-07
                1.055E-05  4.266E-06  8.462E-10  9.387E-10  3.942E-10  3.095E-10
                2.905E-10  7.834E-07  4.004E-07  1.603E-06  1.137E-06  4.835E-07
                1.728E-06  1.384E-07  3.879E-06  4.708E-06  1.323E-07  2.138E-07
                2.781E-07  3.790E-08  1.050E-07  2.103E-07  4.167E-07  4.289E-07
                3.610E-08  4.037E-08  1.383E-06  3.373E-06  1.364E-05  2.980E-06
                1.386E-07  3.754E-07  1.940E-06  1.755E-06  1.827E-07  2.748E-07
                2.159E-07  4.296E-07  7.865E-06  1.945E-07  1.060E-06  9.819E-07
                2.460E-06  3.403E-06  1.419E-05  3.345E-07  1.699E-06  1.781E-06
                2.111E-06  1.658E-07  1.554E-07  8.228E-08  1.102E-07  2.687E-07
                4.175E-07  4.578E-07  1.109E-08  3.006E-07  5.781E-07  1.688E-06
                3.205E-06  8.188E-08  1.122E-07  4.283E-07  1.496E-07  1.149E-06
                8.194E-07  1.937E-06  1.356E-06  2.201E-06  2.617E-07  1.706E-07
                3.013E-06  1.893E-07  3.046E-07  2.172E-07  4.685E-07  2.823E-07
                1.080E-06  1.282E-06  6.296E-06  2.039E-06  2.622E-07  1.322E-07
                1.570E-07  1.568E-07  7.219E-07  4.784E-07  5.123E-07  2.638E-07
                1.989E-07  8.120E-07  2.137E-06  3.261E-06  3.376E-07  1.979E-07
                9.830E-08  2.584E-07  3.850E-07  4.008E-07  3.119E-07  8.133E-08
                2.140E-06  3.376E-07  1.589E-06  2.595E-07  6.104E-07  3.932E-06
                4.785E-06  3.271E-06  7.780E-07  9.349E-07  9.308E-07  3.828E-07
                4.993E-07  8.523E-07  2.207E-08  7.888E-09  2.973E-08  8.240E-08
                8.564E-07  8.580E-07  1.084E-06  1.873E-06  1.438E-06  3.749E-08
                3.309E-08  1.280E-07  1.157E-07  1.021E-06  2.755E-06
1.38165315E+02  2.963E-03  2.377E-03  1.157E-03  1.112E-03  1.584E-03  4.390E-06
                7.242E-03  1.485E-03  1.432E-05  5.449E-06  8.783E-05  1.475E-03
                2.705E-03  5.269E-05  5.020E-05  2.360E-07  8.168E-07  1.147E-06
                8.926E-07  1.148E-06  4.298E-07  9.403E-07  7.574E-07  1.075E-07
                2.744E-07  8.262E-07  1.386E-06  7.863E-07  8.236E-07  2.039E-06
                1.461E-06  2.831E-07  4.392E-06  1.845E-06  7.285E-07  6.350E-07
                1.009E-09  4.642E-07  1.641E-07  3.201E-06  1.839E-06  1.088E-06
                1.650E-06  4.191E-08  8.946E-08  1.711E-07  1.395E-07  3.512E-07
                1.019E-05  4.440E-07  1.826E-07  6.932E-07  3.007E-08  1.336E-06
                1.568E-06  9.199E-07  7.477E-07  2.207E-06  4.564E-06  1.073E-06
                2.933E-07  2.977E-09  4.882E-09  2.590E-10  4.102E-07  2.701E-07
                9.224E-08  2.766E-08  7.258E-07  6.910E-07  9.070E-07  1.591E-06
                2.650E-06  8.857E-07  2.443E-06  1.820E-07  4.509E-07  9.413E-08
                1.231E-06  4.955E-07  1.704E-06  1.912E-08  3.559E-07  3.971E-07
                7.893E-06  3.182E-06  6.515E-10  7.176E-10  2.917E-10  2.235E-10
                1.975E-10  5.933E-07  2.919E-07  1.218E-06  9.109E-07  3.815E-07
                1.394E-06  1.175E-07  2.900E-06  3.511E-06  1.032E-07  1.655E-07
                2.165E-07  2.908E-08  8.577E-08  1.613E-07  3.230E-07  3.383E-07
                3.540E-08  3.353E-08  1.043E-06  2.542E-06  1.012E-05  2.212E-06
                1.035E-07  2.935E-07  1.473E-06  1.301E-06  1.366E-07  2.122E-07
                1.656E-07  3.181E-07  5.877E-06  1.536E-07  8.252E-07  7.119E-07
                1.783E-06  2.554E-06  1.065E-05  2.459E-07  1.295E-06  1.360E-06
                1.606E-06  1.122E-07  1.037E-07  5.150E-08  7.607E-08  1.824E-07
                2.835E-07  3.118E-07  8.571E-09  2.237E-07  4.434E-07  1.307E-06
                2.503E-06  4.916E-08  8.150E-08  2.949E-07  1.036E-07  8.338E-07
                5.934E-07  1.511E-06  1.056E-06  1.717E-06  1.984E-07  1.215E-07
                2.350E-06  1.298E-07  2.110E-07  1.510E-07  3.181E-07  2.264E-07
                8.173E-07  9.669E-07  4.769E-06  1.574E-06  1.845E-07  8.680E-08
                1.087E-07  1.085E-07  5.897E-07  3.717E-07  3.959E-07  2.169E-07
                1.484E-07  6.360E-07  1.665E-06  2.529E-06  2.356E-07  1.571E-07
                7.631E-08  1.772E-07  2.813E-07  2.704E-07  2.286E-07  5.582E-08
                1.607E-06  2.368E-07  1.202E-06  2.149E-07  4.808E-07  2.958E-06
                3.596E-06  2.462E-06  5.539E-07  6.677E-07  6.260E-07  2.662E-07
                3.559E-07  6.072E-07  2.418E-08  9.057E-09  1.812E-08  5.364E-08
                6.866E-07  6.890E-07  8.484E-07  1.461E-06  1.105E-06  2.844E-08
                2.367E-08  9.803E-08  9.151E-08  8.106E-07  2.181E-06
1.51773315E+02  2.188E-03  1.765E-03  8.593E-04  8.299E-04  1.177E-03  2.909E-06
                6.009E-03  1.232E-03  1.089E-05  3.592E-06  7.282E-05  1.226E-03
                2.248E-03  4.172E-05  3.991E-05  1.744E-07  6.908E-07  8.539E-07
                6.699E-07  8.195E-07  2.792E-07  6.093E-07  5.175E-07  7.487E-08
                2.833E-07  8.884E-07  1.528E-06  5.117E-07  5.356E-07  1.339E-06
                1.052E-06  1.833E-07  3.009E-06  1.494E-06  4.914E-07  4.197E-07
                6.498E-10  3.012E-07  1.095E-07  2.282E-06  1.363E-06  7.683E-07
                1.172E-06  3.007E-08  6.725E-08  1.319E-07  1.311E-07  2.854E-07
                7.409E-06  3.797E-07  1.220E-07  5.835E-07  2.164E-08  1.140E-06
                1.104E-06  6.498E-07  5.023E-07  1.485E-06  3.721E-06  8.568E-07
                2.090E-07  2.362E-09  3.526E-09  1.881E-10  2.944E-07  1.969E-07
                6.816E-08  2.155E-08  5.124E-07  4.806E-07  6.236E-07  1.186E-06
                2.089E-06  6.757E-07  1.693E-06  1.273E-07  3.173E-07  6.541E-08
                7.897E-07  3.180E-07  1.096E-06  1.843E-08  2.477E-07  2.771E-07
                5.671E-06  2.302E-06  5.168E-10  5.402E-10  1.940E-10  1.669E-10
                1.547E-10  3.754E-07  1.896E-07  7.834E-07  7.545E-07  3.128E-07
                1.151E-06  8.402E-08  2.104E-06  2.553E-06  7.608E-08  1.208E-07
                1.576E-07  2.046E-08  6.514E-08  1.166E-07  2.284E-07  2.436E-07
                3.486E-08  2.150E-08  6.999E-07  1.705E-06  8.395E-06  1.834E-06
                7.656E-08  2.164E-07  1.180E-06  1.067E-06  9.608E-08  1.605E-07
                1.208E-07  2.183E-07  4.061E-06  1.133E-07  6.187E-07  5.295E-07
                1.328E-06  2.141E-06  8.941E-06  1.834E-07  8.797E-07  9.176E-07
                1.050E-06  8.411E-08  7.593E-08  3.479E-08  5.838E-08  1.403E-07
                2.182E-07  2.404E-07  6.884E-09  1.677E-07  3.471E-07  1.030E-06
                1.983E-06  3.155E-08  6.550E-08  2.239E-07  7.916E-08  6.248E-07
                4.433E-07  1.182E-06  8.281E-07  1.347E-06  1.556E-07  9.153E-08
                1.822E-06  9.554E-08  1.571E-07  1.036E-07  2.166E-07  1.876E-07
                6.524E-07  8.092E-07  3.985E-06  9.949E-07  1.405E-07  5.998E-08
                7.901E-08  7.995E-08  4.037E-07  2.912E-07  3.075E-07  1.498E-07
                1.137E-07  5.023E-07  1.311E-06  1.978E-06  1.732E-07  1.254E-07
                5.999E-08  1.234E-07  2.016E-07  1.883E-07  1.644E-07  4.016E-08
                1.363E-06  1.717E-07  1.001E-06  1.434E-07  3.930E-07  2.491E-06
                3.065E-06  2.101E-06  4.039E-07  4.944E-07  4.396E-07  1.887E-07
                2.592E-07  4.424E-07  1.930E-08  7.371E-09  1.303E-08  3.824E-08
                5.529E-07  5.557E-07  6.780E-07  1.163E-06  8.671E-07  2.115E-08
                1.677E-08  7.660E-08  7.316E-08  6.490E-07  1.759E-06
1.65381315E+02  1.576E-03  1.265E-03  6.159E-04  5.931E-04  8.475E-04  2.124E-06
                4.752E-03  9.746E-04  8.309E-06  2.499E-06  5.862E-05  9.916E-04
                1.821E-03  2.951E-05  2.815E-05  1.365E-07  5.649E-07  5.546E-07
                5.396E-07  5.612E-07  2.041E-07  4.464E-07  4.399E-07  6.958E-08
                1.799E-07  5.246E-07  8.611E-07  3.746E-07  3.623E-07  9.154E-07
                7.447E-07  1.339E-07  2.352E-06  9.807E-07  3.638E-07  2.989E-07
                4.492E-10  2.109E-07  7.611E-08  1.643E-06  9.681E-07  5.557E-07
                8.463E-07  2.221E-08  5.271E-08  1.055E-07  1.198E-07  2.446E-07
                5.529E-06  3.295E-07  8.730E-08  5.022E-07  1.732E-08  9.907E-07
                7.887E-07  4.638E-07  3.526E-07  1.052E-06  3.088E-06  6.871E-07
                1.608E-07  1.995E-09  2.783E-09  1.425E-10  1.948E-07  1.383E-07
                5.010E-08  1.605E-08  3.796E-07  3.565E-07  4.696E-07  9.445E-07
                1.565E-06  5.213E-07  1.259E-06  8.716E-08  2.390E-07  4.181E-08
                6.280E-07  2.542E-07  8.731E-07  1.279E-08  1.810E-07  1.951E-07
                4.335E-06  1.751E-06  3.981E-10  4.206E-10  1.525E-10  1.214E-10
                1.043E-10  3.024E-07  1.464E-07  6.290E-07  5.919E-07  2.428E-07
                9.098E-07  7.798E-08  1.597E-06  1.934E-06  6.121E-08  9.496E-08
                1.238E-07  1.646E-08  5.607E-08  9.457E-08  1.864E-07  2.018E-07
                3.631E-08  1.926E-08  5.701E-07  1.388E-06  6.155E-06  1.347E-06
                5.696E-08  1.716E-07  8.928E-07  7.857E-07  7.451E-08  1.248E-07
                9.377E-08  1.704E-07  3.148E-06  9.363E-08  4.998E-07  3.923E-07
                9.830E-07  1.588E-06  6.629E-06  1.351E-07  7.143E-07  7.478E-07
                8.449E-07  5.809E-08  5.203E-08  2.244E-08  4.086E-08  9.783E-08
                1.522E-07  1.680E-07  5.016E-09  1.279E-07  2.682E-07  7.999E-07
                1.548E-06  1.919E-08  4.628E-08  1.790E-07  6.394E-08  4.628E-07
                3.279E-07  9.212E-07  6.448E-07  1.050E-06  1.203E-07  6.677E-08
                1.427E-06  6.611E-08  1.092E-07  7.590E-08  1.541E-07  1.554E-07
                4.924E-07  6.122E-07  3.054E-06  8.311E-07  1.005E-07  4.035E-08
                5.569E-08  5.618E-08  3.549E-07  2.261E-07  2.388E-07  1.323E-07
                8.611E-08  3.930E-07  1.022E-06  1.538E-06  1.232E-07  9.790E-08
                4.686E-08  8.845E-08  1.581E-07  1.336E-07  1.299E-07  2.832E-08
                1.017E-06  1.238E-07  7.568E-07  1.300E-07  3.161E-07  1.853E-06
                2.274E-06  1.561E-06  2.979E-07  3.713E-07  3.256E-07  1.351E-07
                1.912E-07  3.282E-07  1.965E-08  7.455E-09  8.713E-09  2.610E-08
                4.410E-07  4.440E-07  5.267E-07  9.103E-07  6.701E-07  1.640E-08
                1.298E-08  5.950E-08  5.817E-08  5.136E-07  1.388E-06
1.78989315E+02  1.290E-03  1.041E-03  5.071E-04  4.903E-04  6.933E-04  1.866E-06
                3.954E-03  8.108E-04  6.775E-06  2.044E-06  4.786E-05  8.084E-04
                1.484E-03  2.343E-05  2.236E-05  1.076E-07  5.090E-07  4.652E-07
                4.318E-07  4.333E-07  1.373E-07  2.985E-07  2.942E-07  4.830E-08
                1.911E-07  5.917E-07  9.963E-07  2.396E-07  2.391E-07  6.080E-07
                5.838E-07  8.985E-08  1.793E-06  8.564E-07  2.575E-07  2.038E-07
                2.801E-10  1.387E-07  5.197E-08  1.354E-06  8.240E-07  4.440E-07
                6.776E-07  1.792E-08  4.487E-08  9.076E-08  1.121E-07  2.092E-07
                4.370E-06  2.867E-07  6.200E-08  4.336E-07  1.604E-08  8.600E-07
                6.203E-07  3.742E-07  2.540E-07  7.406E-07  2.612E-06  5.860E-07
                1.243E-07  1.581E-09  1.846E-09  9.934E-11  1.632E-07  1.146E-07
                3.805E-08  1.272E-08  2.799E-07  2.587E-07  3.421E-07  6.655E-07
                1.284E-06  4.132E-07  9.145E-07  6.925E-08  1.835E-07  3.395E-08
                3.753E-07  1.531E-07  5.252E-07  1.140E-08  1.346E-07  1.499E-07
                3.335E-06  1.364E-06  3.258E-10  3.260E-10  1.028E-10  9.433E-11
                8.154E-11  1.791E-07  8.858E-08  3.928E-07  5.010E-07  2.042E-07
                7.681E-07  6.149E-08  1.250E-06  1.508E-06  4.571E-08  6.991E-08
                9.182E-08  1.120E-08  4.406E-08  6.789E-08  1.305E-07  1.454E-07
                3.472E-08  1.156E-08  3.368E-07  8.190E-07  5.507E-06  1.203E-06
                4.412E-08  1.338E-07  7.636E-07  6.926E-07  5.096E-08  9.731E-08
                6.785E-08  1.108E-07  2.258E-06  6.584E-08  3.675E-07  3.108E-07
                7.788E-07  1.429E-06  5.976E-06  9.773E-08  4.384E-07  4.531E-07
                5.414E-07  4.223E-08  3.753E-08  1.506E-08  2.992E-08  7.216E-08
                1.124E-07  1.241E-07  4.080E-09  1.031E-07  2.179E-07  6.524E-07
                1.266E-06  1.378E-08  4.072E-08  1.254E-07  4.531E-08  3.672E-07
                2.590E-07  7.458E-07  5.229E-07  8.519E-07  9.917E-08  5.560E-08
                1.151E-06  5.412E-08  9.127E-08  5.434E-08  1.077E-07  1.370E-07
                4.139E-07  5.446E-07  2.712E-06  4.828E-07  7.220E-08  2.768E-08
                4.133E-08  4.051E-08  2.190E-07  1.849E-07  1.937E-07  8.240E-08
                6.935E-08  3.211E-07  8.326E-07  1.245E-06  8.761E-08  8.115E-08
                3.725E-08  6.305E-08  1.118E-07  9.343E-08  9.193E-08  2.149E-08
                8.952E-07  9.307E-08  6.540E-07  7.866E-08  2.577E-07  1.611E-06
                2.005E-06  1.373E-06  2.245E-07  2.759E-07  2.126E-07  1.016E-07
                1.467E-07  2.461E-07  2.098E-08  8.180E-09  7.241E-09  2.061E-08
                3.611E-07  3.638E-07  4.293E-07  7.340E-07  5.317E-07  1.435E-08
                1.061E-08  4.786E-08  4.734E-08  4.171E-07  1.133E-06
1.92597315E+02  9.124E-04  7.396E-04  3.603E-04  3.507E-04  4.973E-04  9.261E-07
                3.463E-03  7.103E-04  5.289E-06  1.063E-06  4.320E-05  7.340E-04
                1.349E-03  1.938E-05  1.862E-05  8.778E-08  4.417E-07  3.316E-07
                3.604E-07  3.273E-07  9.724E-08  2.122E-07  2.480E-07  4.170E-08
                1.454E-07  4.366E-07  7.260E-07  1.831E-07  1.676E-07  4.271E-07
                4.179E-07  6.322E-08  1.223E-06  6.214E-07  1.785E-07  1.381E-07
                2.055E-10  1.044E-07  3.980E-08  8.979E-07  5.586E-07  2.909E-07
                4.471E-07  1.232E-08  3.361E-08  7.195E-08  9.924E-08  1.755E-07
                3.019E-06  2.516E-07  4.571E-08  3.769E-07  1.401E-08  7.532E-07
                4.129E-07  2.434E-07  1.717E-07  5.164E-07  2.228E-06  4.773E-07
                9.481E-08  1.405E-09  1.730E-09  8.435E-11  1.048E-07  7.890E-08
                2.658E-08  9.049E-09  1.988E-07  1.848E-07  2.425E-07  6.036E-07
                9.842E-07  3.145E-07  6.484E-07  4.553E-08  1.318E-07  2.034E-08
                3.144E-07  1.261E-07  4.371E-07  1.109E-08  9.309E-08  1.005E-07
                2.297E-06  9.370E-07  2.514E-10  2.481E-10  7.559E-11  6.788E-11
                6.135E-11  1.473E-07  7.640E-08  3.034E-07  4.011E-07  1.624E-07
                6.128E-07  4.396E-08  8.546E-07  1.035E-06  3.578E-08  5.291E-08
                6.805E-08  9.325E-09  3.771E-08  5.511E-08  1.055E-07  1.175E-07
                3.415E-08  1.121E-08  3.346E-07  8.134E-07  4.019E-06  8.780E-07
                3.438E-08  1.013E-07  5.660E-07  5.095E-07  4.067E-08  7.321E-08
                5.213E-08  9.234E-08  1.588E-06  6.049E-08  3.186E-07  2.225E-07
                5.549E-07  1.054E-06  4.409E-06  7.802E-08  4.219E-07  4.403E-07
                4.166E-07  3.368E-08  2.943E-08  1.120E-08  2.427E-08  5.930E-08
                9.228E-08  1.018E-07  2.618E-09  7.692E-08  1.681E-07  5.029E-07
                9.809E-07  8.889E-09  3.210E-08  1.092E-07  3.903E-08  2.630E-07
                1.890E-07  5.684E-07  3.994E-07  6.503E-07  8.244E-08  4.391E-08
                8.740E-07  4.074E-08  6.896E-08  3.949E-08  7.939E-08  1.081E-07
                3.105E-07  4.135E-07  2.081E-06  4.332E-07  6.016E-08  2.056E-08
                3.097E-08  3.192E-08  2.242E-07  1.391E-07  1.460E-07  8.466E-08
                5.229E-08  2.465E-07  6.366E-07  9.511E-07  6.952E-08  6.050E-08
                2.904E-08  4.710E-08  8.792E-08  7.272E-08  7.204E-08  1.649E-08
                6.927E-07  7.179E-08  5.099E-07  7.982E-08  2.191E-07  1.248E-06
                1.550E-06  1.065E-06  1.681E-07  2.192E-07  1.886E-07  7.230E-08
                1.068E-07  1.858E-07  1.005E-08  3.760E-09  4.505E-09  1.399E-08
                2.938E-07  2.963E-07  3.417E-07  5.911E-07  4.234E-07  9.032E-09
                7.037E-09  3.858E-08  3.859E-08  3.370E-07  9.197E-07
