          16           7
         215          13           1           1
           0          -4           0          -4           0          -6           0          -2           0          -4           0           6           0           4           0           2           0           4           0           6           0           2           0           4           0           2           0          -4           0          -2           0           2           0           4           0           6           0           2           0           4           0           6           0           4           0          -2           0          -2           0          -4           0          -6           0          -8           0          -2           0          -4           0          -6           0          -4           0           2           0          -4           0          -6           0          -2           0          -4           0          -6           0          -6           0          -8           0          -4           0          -6           0          -2           0          -4           0           4           0           6           0           8           0          10           0           4           0          -4           0           2           0           6           0           4           0           8           0           2           0          -4           0          -2           0           6           0           6           0           4           0           2           0           8           0           4           0           6           0           8           0           4           0           6           0           8           0          10           0           4           0           6           0           8           0           6           0           4           0           2           0           6           0           2           0           4           0           2           0          -4           0          -2           0          -6           0          -8           0           6           0           4           0          -4           0          -6           0          -2           0          -4           0          -6           0          -8           0         -10           0          -2           0          -4           0          -6           0          -4           0          -2           0          -6           0          -8           0          -2           0          -4           0           2           0           4           0           6           0           8           0           4           0           4           0           6           0           8           0           2           0          10           0           8           0           6           0           4           0           2           0           6           0           6           0           4           0           4           0           2           0           4           0           6           0           8           0          -4           0           2           0           4           0          -6           0          -4           0           2           0           4           0           6           0           4           0           6           0          -2           0          -4           0          -6           0          -8           0         -10           0          -6           0          -8           0         -10           0         -12           0           2           0          -2           0          -4           0          -6           0          -8           0          -2           0          -8           0         -10           0          -4           0          -2           0          -6           0          -4           0          -2           0          -4           0          -2           0          -4           0          -6           0          -4           0          -8           0          -6           0           2           0           4           0           2           0           4           0           6           0         -10           0          -8           0          -6           0          -4           0           6           0          -2           0          -4           0           8           0          -6           0          -2           0          -4           0          -6           0          -8           0           4           0           6           0          -4           0          -6           0          -6           0          -8           0          -2           0           2           0          -4           0           4           0           6           0           4           0           4           0           2           0           2           0          -4           0          -6           0          -8           0          -2           0          -4           0          -6           0          -8           0         -10           0          -8           0          -6           0          -4           0          -2           0          -2           0          -4           0          -6           0          -6           0          -8           0          -4           0          -2           0          -6           0          -4
    0.000000E+00    9.645106E-03    9.843162E-03    1.435602E-02    1.458263E-02
    4.247197E-02    4.320385E-02    4.360158E-02    5.944295E-02    5.948713E-02
    6.922989E-02    7.316769E-02    7.411300E-02    1.134727E-01    1.147319E-01
    2.354040E-01    2.358931E-01    2.366026E-01    2.382857E-01    2.391328E-01
    2.438023E-01    2.438287E-01    2.461520E-01    2.471700E-01    2.474363E-01
    2.479076E-01    2.485433E-01    2.486026E-01    2.487216E-01    2.491410E-01
    2.502551E-01    2.507374E-01    2.510783E-01    2.511300E-01    2.524691E-01
    2.524772E-01    2.554279E-01    2.561102E-01    2.563381E-01    2.591442E-01
    2.591854E-01    2.609226E-01    2.615363E-01    2.619649E-01    2.622131E-01
    2.625883E-01    2.631076E-01    2.632646E-01    2.633261E-01    2.634365E-01
    2.637297E-01    2.638533E-01    2.640096E-01    2.643758E-01    2.644930E-01
    2.645338E-01    2.648466E-01    2.652759E-01    2.655531E-01    2.656939E-01
    2.657640E-01    2.676748E-01    2.677713E-01    2.679166E-01    2.688115E-01
    2.690337E-01    2.711118E-01    2.712141E-01    2.720014E-01    2.721113E-01
    2.724223E-01    2.724984E-01    2.725578E-01    2.726085E-01    2.727219E-01
    2.737570E-01    2.740430E-01    2.746587E-01    2.763855E-01    2.763956E-01
    2.763957E-01    2.764682E-01    2.789238E-01    2.791446E-01    2.808157E-01
    2.808428E-01    2.816082E-01    2.816156E-01    2.816277E-01    2.816445E-01
    2.816660E-01    2.832213E-01    2.832636E-01    2.833497E-01    2.872720E-01
    2.872722E-01    2.872783E-01    2.873017E-01    2.873787E-01    2.874354E-01
    2.875828E-01    2.876419E-01    2.877951E-01    2.879672E-01    2.884374E-01
    2.885530E-01    2.886000E-01    2.886971E-01    2.887362E-01    2.888178E-01
    2.901974E-01    2.902310E-01    2.934227E-01    2.936053E-01    2.936679E-01
    2.948139E-01    2.948751E-01    2.949134E-01    2.954910E-01    2.955387E-01
    2.955818E-01    2.956302E-01    2.974080E-01    2.974265E-01    2.978254E-01
    2.979930E-01    2.980044E-01    2.981863E-01    2.981951E-01    2.982014E-01
    2.986863E-01    2.989406E-01    2.997979E-01    3.013547E-01    3.014398E-01
    3.015665E-01    3.017420E-01    3.025165E-01    3.025355E-01    3.025686E-01
    3.026262E-01    3.032771E-01    3.036433E-01    3.036673E-01    3.036996E-01
    3.037196E-01    3.041292E-01    3.046134E-01    3.046301E-01    3.048276E-01
    3.048611E-01    3.049614E-01    3.051740E-01    3.052844E-01    3.060373E-01
    3.062721E-01    3.065126E-01    3.067251E-01    3.072820E-01    3.083217E-01
    3.083847E-01    3.085481E-01    3.086063E-01    3.093086E-01    3.093690E-01
    3.093750E-01    3.093804E-01    3.094500E-01    3.095030E-01    3.095365E-01
    3.096086E-01    3.096683E-01    3.098305E-01    3.098337E-01    3.100372E-01
    3.110986E-01    3.111053E-01    3.111248E-01    3.111449E-01    3.124031E-01
    3.124222E-01    3.126400E-01    3.132139E-01    3.132929E-01    3.134326E-01
    3.163175E-01    3.165548E-01    3.167011E-01    3.167161E-01    3.173537E-01
    3.174815E-01    3.194473E-01    3.198310E-01    3.206567E-01    3.235572E-01
    3.235827E-01    3.236877E-01    3.236885E-01    3.238034E-01    3.239013E-01
    3.239634E-01    3.240075E-01    3.245628E-01    3.245933E-01    3.263728E-01
    3.264517E-01    3.271738E-01    3.284075E-01    3.287843E-01    3.314323E-01
    3.314556E-01    3.324856E-01    3.325179E-01    3.327131E-01    3.333147E-01
           0           2           0           1
  -27.940514715248785               13
3.10023147E+01  2.527E-01  1.997E-01  9.874E-02  9.439E-02  1.306E-01
4.46103147E+01  9.410E-02  7.613E-02  3.684E-02  3.506E-02  5.041E-02  1.579E-04
                6.798E-02  1.395E-02  2.511E-04  2.056E-04  7.950E-04  1.223E-02
                2.170E-02  1.304E-03  2.323E-03
5.82183147E+01  4.413E-02  3.558E-02  1.733E-02  1.665E-02  2.362E-02  6.590E-05
                4.375E-02  8.969E-03  1.586E-04  9.841E-05  5.054E-04  8.031E-03
                1.458E-02  6.672E-04  6.354E-04  2.669E-06  1.383E-05  2.762E-05
                9.081E-06  2.086E-05  4.041E-06  8.836E-06  1.313E-05  1.880E-06
                2.607E-06  7.209E-06  8.856E-06  1.312E-05  1.365E-05  3.427E-05
                3.115E-05  2.964E-06  1.307E-04  2.917E-05  1.282E-05  1.008E-05
                1.607E-08  1.306E-05  4.785E-06  7.808E-05  4.032E-05  2.488E-05
                3.840E-05  1.559E-06  2.795E-06  4.378E-06  6.141E-07  3.709E-06
                1.345E-04  2.620E-06  4.485E-06  5.130E-06  1.204E-06  7.642E-06
                3.490E-05  2.153E-05  1.687E-05  5.670E-05  5.370E-05  2.387E-05
                5.822E-06  1.942E-08  4.238E-08  2.989E-09  2.321E-05  1.276E-05
                4.153E-07  1.052E-08  1.016E-05  9.641E-06  1.312E-05  1.212E-05
                1.503E-05  4.850E-06  3.457E-05  7.988E-06  1.034E-05  5.225E-06
                1.028E-05  4.236E-06  1.477E-05  3.598E-07  7.338E-06  1.278E-05
                8.074E-05  3.226E-05  5.669E-09  7.066E-09  4.091E-09  2.300E-09
                3.775E-09  4.601E-06  1.919E-06  1.105E-05  3.757E-06  1.600E-06
                6.062E-06  1.538E-06  2.926E-05  3.550E-05  9.920E-07  1.217E-06
                1.425E-06  3.015E-07  1.984E-06  1.604E-06  2.914E-06  3.065E-06
                3.092E-06  1.826E-07  9.524E-06  2.286E-05  9.333E-05  2.077E-05
                8.978E-07  2.111E-06  1.235E-05  1.247E-05  9.402E-07  1.403E-06
                1.055E-06  2.340E-06  6.122E-05  1.176E-06  7.106E-06  6.309E-06
                1.619E-05  2.100E-05  8.729E-05  2.641E-06  1.054E-05  1.118E-05
                1.393E-05  2.751E-06  2.958E-06  2.218E-06  1.457E-06  4.490E-06
                6.961E-06  7.499E-06  5.757E-09  2.167E-06  4.659E-06  1.226E-05
                2.098E-05  2.349E-06  1.096E-06  1.675E-05  6.096E-06  7.413E-06
                4.835E-06  1.415E-05  9.923E-06  1.534E-05  2.065E-06  2.543E-06
                1.753E-05  2.962E-06  4.822E-06  2.822E-06  6.054E-06  3.297E-06
                6.348E-06  9.061E-06  5.004E-05  1.570E-05  3.538E-06  2.733E-06
                2.489E-06  2.357E-06  5.104E-06  3.890E-06  4.348E-06  1.908E-06
                2.813E-06  5.025E-06  1.421E-05  2.332E-05  4.391E-06  9.952E-07
                7.433E-07  3.860E-06  7.949E-06  6.220E-06  7.169E-06  1.056E-06
                1.031E-05  3.217E-06  8.583E-06  2.193E-06  4.140E-06  1.769E-05
                2.085E-05  1.370E-05  1.179E-05  1.758E-05  2.578E-05  5.719E-06
                8.185E-06  1.408E-05  1.618E-06  5.384E-07  9.615E-07  1.200E-06
                2.310E-06  2.433E-06  3.222E-06  1.145E-05  1.091E-05  4.607E-07
                7.582E-07  6.099E-07  4.996E-07  4.597E-06  1.226E-05
7.18263147E+01  2.378E-02  1.910E-02  9.302E-03  8.934E-03  1.267E-02  3.530E-05
                2.954E-02  6.056E-03  9.090E-05  5.200E-05  3.449E-04  5.590E-03
                1.018E-02  3.762E-04  3.583E-04  1.611E-06  6.432E-06  1.403E-05
                5.962E-06  1.216E-05  3.053E-06  6.690E-06  5.627E-06  7.085E-07
                1.154E-06  3.586E-06  4.839E-06  6.975E-06  7.706E-06  1.877E-05
                1.490E-05  2.023E-06  5.381E-05  1.453E-05  6.584E-06  5.533E-06
                8.713E-09  5.984E-06  2.143E-06  3.602E-05  1.889E-05  1.166E-05
                1.781E-05  6.184E-07  1.126E-06  1.869E-06  3.264E-07  1.598E-06
                7.522E-05  1.120E-06  2.151E-06  2.144E-06  4.640E-07  3.249E-06
                1.662E-05  1.006E-05  8.221E-06  2.541E-05  2.201E-05  8.106E-06
                2.734E-06  1.175E-08  2.809E-08  1.340E-09  7.389E-06  4.194E-06
                3.340E-07  4.533E-08  5.609E-06  5.508E-06  7.331E-06  6.747E-06
                1.101E-05  3.424E-06  1.963E-05  2.713E-06  4.219E-06  1.739E-06
                7.109E-06  2.856E-06  9.940E-06  1.245E-07  3.343E-06  4.878E-06
                4.906E-05  1.984E-05  3.186E-09  3.963E-09  2.163E-09  1.299E-09
                1.741E-09  3.135E-06  1.554E-06  6.950E-06  2.897E-06  1.302E-06
                4.440E-06  6.763E-07  1.771E-05  2.137E-05  4.551E-07  6.876E-07
                8.901E-07  1.334E-07  5.029E-07  7.711E-07  1.515E-06  1.518E-06
                4.854E-07  1.511E-07  5.591E-06  1.350E-05  5.444E-05  1.197E-05
                5.802E-07  1.226E-06  7.116E-06  7.158E-06  5.855E-07  8.400E-07
                6.453E-07  1.471E-06  3.663E-05  5.983E-07  3.750E-06  4.367E-06
                1.099E-05  1.262E-05  5.277E-05  1.182E-06  6.406E-06  6.751E-06
                9.192E-06  1.259E-06  1.281E-06  8.693E-07  7.226E-07  2.150E-06
                3.338E-06  3.607E-06  9.907E-09  1.277E-06  2.431E-06  6.599E-06
                1.177E-05  9.215E-07  5.900E-07  5.918E-06  2.121E-06  5.090E-06
                3.553E-06  7.647E-06  5.359E-06  8.478E-06  1.171E-06  1.131E-06
                1.067E-05  1.371E-06  2.194E-06  1.399E-06  3.118E-06  1.298E-06
                3.799E-06  5.089E-06  2.659E-05  8.948E-06  1.712E-06  1.126E-06
                1.086E-06  1.066E-06  2.876E-06  1.988E-06  2.178E-06  1.055E-06
                1.149E-06  2.922E-06  8.012E-06  1.284E-05  2.127E-06  5.363E-07
                3.577E-07  1.820E-06  3.106E-06  2.934E-06  2.694E-06  5.259E-07
                6.906E-06  1.830E-06  5.402E-06  1.163E-06  2.270E-06  1.195E-05
                1.451E-05  9.658E-06  5.377E-06  7.474E-06  1.066E-05  2.609E-06
                3.442E-06  6.226E-06  3.602E-07  1.104E-07  3.681E-07  6.042E-07
                2.274E-06  2.293E-06  3.039E-06  6.461E-06  5.779E-06  1.976E-07
                2.965E-07  4.626E-07  3.511E-07  3.122E-06  8.299E-06
8.54343147E+01  1.398E-02  1.120E-02  5.454E-03  5.232E-03  7.434E-03  2.086E-05
                2.085E-02  4.275E-03  5.643E-05  2.964E-05  2.463E-04  4.041E-03
                7.378E-03  2.286E-04  2.178E-04  1.058E-06  3.779E-06  8.060E-06
                3.838E-06  7.302E-06  2.076E-06  4.548E-06  3.087E-06  3.660E-07
                7.157E-07  2.300E-06  3.430E-06  4.139E-06  4.680E-06  1.127E-05
                8.165E-06  1.371E-06  2.614E-05  8.467E-06  3.730E-06  3.282E-06
                5.530E-09  3.162E-06  1.117E-06  1.881E-05  1.004E-05  6.146E-06
                9.357E-06  2.904E-07  5.322E-07  9.193E-07  2.003E-07  9.816E-07
                4.491E-05  8.539E-07  1.189E-06  1.518E-06  2.454E-07  2.514E-06
                8.931E-06  5.314E-06  4.563E-06  1.373E-05  1.352E-05  4.151E-06
                1.513E-06  8.338E-09  1.887E-08  1.014E-09  3.173E-06  1.860E-06
                2.789E-07  5.761E-08  3.433E-06  3.380E-06  4.451E-06  4.837E-06
                8.122E-06  2.602E-06  1.198E-05  1.245E-06  2.267E-06  7.554E-07
                4.884E-06  1.949E-06  6.759E-06  5.905E-08  1.863E-06  2.429E-06
                3.097E-05  1.255E-05  2.057E-09  2.506E-09  1.302E-09  8.575E-10
                9.589E-10  2.240E-06  1.159E-06  4.694E-06  2.207E-06  9.872E-07
                3.336E-06  3.854E-07  1.126E-05  1.359E-05  3.066E-07  4.891E-07
                6.382E-07  9.125E-08  2.551E-07  5.172E-07  1.034E-06  1.030E-06
                1.145E-07  1.084E-07  3.798E-06  9.221E-06  3.470E-05  7.593E-06
                3.829E-07  8.806E-07  4.714E-06  4.538E-06  4.379E-07  6.118E-07
                4.766E-07  1.087E-06  2.326E-05  4.252E-07  2.507E-06  2.875E-06
                7.194E-06  8.238E-06  3.439E-05  7.751E-07  4.453E-06  4.683E-06
                6.121E-06  6.394E-07  6.361E-07  4.069E-07  3.837E-07  1.073E-06
                1.665E-06  1.805E-06  1.299E-08  8.356E-07  1.502E-06  4.185E-06
                7.658E-06  4.359E-07  3.437E-07  2.378E-06  8.409E-07  3.331E-06
                2.377E-06  4.816E-06  3.372E-06  5.402E-06  7.274E-07  6.054E-07
                7.175E-06  7.298E-07  1.158E-06  7.977E-07  1.782E-06  7.088E-07
                2.573E-06  3.201E-06  1.618E-05  5.905E-06  8.991E-07  5.579E-07
                5.695E-07  5.590E-07  1.879E-06  1.219E-06  1.328E-06  6.823E-07
                6.148E-07  1.927E-06  5.188E-06  8.151E-06  1.160E-06  3.796E-07
                2.219E-07  9.831E-07  1.473E-06  1.576E-06  1.232E-06  2.956E-07
                4.810E-06  1.118E-06  3.673E-06  7.216E-07  1.444E-06  8.549E-06
                1.038E-05  6.982E-06  2.825E-06  3.650E-06  4.771E-06  1.410E-06
                1.787E-06  3.185E-06  1.005E-07  2.868E-08  1.680E-07  3.392E-07
                1.768E-06  1.767E-06  2.322E-06  4.307E-06  3.592E-06  1.166E-07
                1.452E-07  3.244E-07  2.558E-07  2.208E-06  5.920E-06
9.90423147E+01  8.789E-03  7.049E-03  3.430E-03  3.294E-03  4.685E-03  1.243E-05
                1.543E-02  3.164E-03  3.693E-05  1.750E-05  1.837E-04  3.042E-03
                5.563E-03  1.510E-04  1.441E-04  6.820E-07  2.330E-06  4.714E-06
                2.470E-06  4.368E-06  1.338E-06  2.928E-06  1.883E-06  2.222E-07
                5.401E-07  1.747E-06  2.808E-06  2.536E-06  2.882E-06  6.946E-06
                4.815E-06  8.827E-07  1.425E-05  5.374E-06  2.263E-06  2.035E-06
                3.484E-09  1.790E-06  6.293E-07  1.075E-05  5.861E-06  3.560E-06
                5.416E-06  1.543E-07  2.904E-07  5.188E-07  1.730E-07  6.948E-07
                2.870E-05  7.225E-07  6.779E-07  1.211E-06  1.379E-07  2.149E-06
                5.227E-06  3.074E-06  2.638E-06  7.803E-06  9.515E-06  2.597E-06
                9.011E-07  6.007E-09  1.241E-08  7.148E-10  1.612E-06  9.715E-07
                2.169E-07  5.451E-08  2.127E-06  2.074E-06  2.714E-06  3.504E-06
                6.015E-06  1.952E-06  7.331E-06  6.585E-07  1.329E-06  3.845E-07
                3.293E-06  1.314E-06  4.544E-06  3.851E-08  1.104E-06  1.352E-06
                2.065E-05  8.362E-06  1.446E-09  1.703E-09  8.239E-10  5.852E-10
                5.821E-10  1.539E-06  7.955E-07  3.174E-06  1.715E-06  7.552E-07
                2.593E-06  2.505E-07  7.551E-06  9.137E-06  2.247E-07  3.631E-07
                4.727E-07  6.655E-08  1.774E-07  3.697E-07  7.379E-07  7.416E-07
                5.476E-08  7.472E-08  2.590E-06  6.306E-06  2.423E-05  5.295E-06
                2.597E-07  6.517E-07  3.374E-06  3.150E-06  3.249E-07  4.614E-07
                3.629E-07  7.871E-07  1.562E-05  3.210E-07  1.808E-06  1.920E-06
                4.808E-06  5.872E-06  2.450E-05  5.732E-07  3.115E-06  3.270E-06
                4.161E-06  3.605E-07  3.528E-07  2.134E-07  2.244E-07  5.872E-07
                9.122E-07  9.927E-07  1.452E-08  5.722E-07  1.024E-06  2.909E-06
                5.411E-06  2.317E-07  2.173E-07  1.070E-06  3.744E-07  2.230E-06
                1.591E-06  3.329E-06  2.329E-06  3.761E-06  4.852E-07  3.652E-07
                5.162E-06  4.270E-07  6.792E-07  4.775E-07  1.056E-06  4.775E-07
                1.856E-06  2.231E-06  1.107E-05  3.953E-06  5.241E-07  3.115E-07
                3.368E-07  3.283E-07  1.279E-06  8.321E-07  9.048E-07  4.636E-07
                3.838E-07  1.367E-06  3.638E-06  5.636E-06  6.900E-07  3.024E-07
                1.610E-07  5.769E-07  8.039E-07  9.113E-07  6.570E-07  1.789E-07
                3.557E-06  7.050E-07  2.674E-06  4.743E-07  1.016E-06  6.441E-06
                7.811E-06  5.297E-06  1.662E-06  2.029E-06  2.346E-06  8.423E-07
                1.063E-06  1.838E-06  3.923E-08  1.178E-08  8.345E-08  1.982E-07
                1.349E-06  1.348E-06  1.759E-06  3.114E-06  2.487E-06  7.386E-08
                7.770E-08  2.267E-07  1.898E-07  1.638E-06  4.416E-06
1.12650315E+02  5.828E-03  4.676E-03  2.276E-03  2.185E-03  3.106E-03  8.688E-06
                1.155E-02  2.368E-03  2.591E-05  1.158E-05  1.382E-04  2.301E-03
                4.211E-03  1.001E-04  9.535E-05  4.543E-07  1.477E-06  2.722E-06
                1.667E-06  2.629E-06  9.009E-07  1.972E-06  1.355E-06  1.715E-07
                4.044E-07  1.262E-06  2.083E-06  1.675E-06  1.856E-06  4.504E-06
                3.066E-06  5.946E-07  8.999E-06  3.568E-06  1.493E-06  1.342E-06
                2.245E-09  1.087E-06  3.808E-07  6.761E-06  3.754E-06  2.262E-06
                3.429E-06  9.064E-08  1.765E-07  3.229E-07  1.512E-07  5.326E-07
                1.941E-05  6.051E-07  4.140E-07  9.831E-07  7.692E-08  1.812E-06
                3.306E-06  1.941E-06  1.644E-06  4.850E-06  7.135E-06  1.819E-06
                5.811E-07  4.646E-09  8.901E-09  4.923E-10  9.455E-07  5.864E-07
                1.617E-07  4.385E-08  1.422E-06  1.378E-06  1.809E-06  2.680E-06
                4.487E-06  1.483E-06  4.877E-06  4.042E-07  8.926E-07  2.240E-07
                2.381E-06  9.520E-07  3.284E-06  2.910E-08  7.236E-07  8.491E-07
                1.448E-05  5.845E-06  1.080E-09  1.244E-09  5.683E-10  4.131E-10
                3.825E-10  1.133E-06  5.733E-07  2.310E-06  1.377E-06  5.934E-07
                2.094E-06  1.855E-07  5.300E-06  6.407E-06  1.723E-07  2.801E-07
                3.651E-07  5.086E-08  1.371E-07  2.770E-07  5.590E-07  5.688E-07
                3.998E-08  5.957E-08  1.929E-06  4.699E-06  1.719E-05  3.757E-06
                1.884E-07  4.930E-07  2.466E-06  2.229E-06  2.445E-07  3.528E-07
                2.807E-07  5.851E-07  1.097E-05  2.522E-07  1.377E-06  1.323E-06
                3.309E-06  4.232E-06  1.764E-05  4.303E-07  2.352E-06  2.477E-06
                3.008E-06  2.283E-07  2.192E-07  1.243E-07  1.470E-07  3.666E-07
                5.691E-07  6.218E-07  1.223E-08  4.017E-07  7.491E-07  2.165E-06
                4.081E-06  1.297E-07  1.500E-07  5.958E-07  2.070E-07  1.537E-06
                1.100E-06  2.495E-06  1.744E-06  2.825E-06  3.448E-07  2.384E-07
                3.879E-06  2.710E-07  4.337E-07  3.125E-07  6.810E-07  3.488E-07
                1.371E-06  1.596E-06  7.865E-06  2.954E-06  3.503E-07  1.927E-07
                2.199E-07  2.160E-07  1.001E-06  6.175E-07  6.655E-07  3.640E-07
                2.661E-07  1.034E-06  2.733E-06  4.198E-06  4.631E-07  2.399E-07
                1.220E-07  3.710E-07  5.329E-07  5.779E-07  4.305E-07  1.158E-07
                2.605E-06  4.714E-07  1.961E-06  3.668E-07  7.598E-07  4.787E-06
                5.786E-06  3.941E-06  1.089E-06  1.304E-06  1.382E-06  5.468E-07
                6.972E-07  1.196E-06  2.807E-08  9.452E-09  4.384E-08  1.187E-07
                1.064E-06  1.064E-06  1.358E-06  2.359E-06  1.838E-06  5.128E-08
                4.842E-08  1.665E-07  1.456E-07  1.274E-06  3.422E-06
1.26258315E+02  3.993E-03  3.209E-03  1.562E-03  1.503E-03  2.139E-03  5.400E-06
                9.108E-03  1.868E-03  1.839E-05  7.161E-06  1.100E-04  1.842E-03
                3.374E-03  7.317E-05  6.994E-05  3.151E-07  1.090E-06  1.798E-06
                1.164E-06  1.726E-06  5.818E-07  1.272E-06  9.278E-07  1.208E-07
                3.804E-07  1.202E-06  2.056E-06  1.082E-06  1.183E-06  2.901E-06
                2.026E-06  3.829E-07  5.671E-06  2.605E-06  9.741E-07  8.717E-07
                1.456E-09  6.734E-07  2.388E-07  4.325E-06  2.484E-06  1.461E-06
                2.225E-06  5.759E-08  1.162E-07  2.186E-07  1.430E-07  4.109E-07
                1.334E-05  5.085E-07  2.611E-07  8.045E-07  4.397E-08  1.526E-06
                2.142E-06  1.247E-06  1.054E-06  3.118E-06  5.541E-06  1.339E-06
                3.892E-07  3.611E-09  6.442E-09  3.546E-10  5.870E-07  3.735E-07
                1.203E-07  3.511E-08  9.735E-07  9.302E-07  1.206E-06  2.029E-06
                3.380E-06  1.108E-06  3.279E-06  2.535E-07  5.899E-07  1.368E-07
                1.591E-06  6.361E-07  2.195E-06  2.582E-08  4.800E-07  5.471E-07
                1.007E-05  4.074E-06  8.186E-10  9.051E-10  3.771E-10  2.973E-10
                2.803E-10  7.538E-07  3.866E-07  1.538E-06  1.108E-06  4.702E-07
                1.683E-06  1.340E-07  3.702E-06  4.494E-06  1.283E-07  2.071E-07
                2.690E-07  3.681E-08  1.018E-07  2.042E-07  4.047E-07  4.169E-07
                3.561E-08  3.942E-08  1.355E-06  3.304E-06  1.306E-05  2.855E-06
                1.336E-07  3.615E-07  1.865E-06  1.682E-06  1.767E-07  2.654E-07
                2.091E-07  4.161E-07  7.501E-06  1.900E-07  1.032E-06  9.413E-07
                2.357E-06  3.267E-06  1.363E-05  3.227E-07  1.660E-06  1.741E-06
                2.022E-06  1.600E-07  1.493E-07  7.820E-08  1.068E-07  2.600E-07
                4.039E-07  4.430E-07  1.058E-08  2.877E-07  5.586E-07  1.633E-06
                3.105E-06  7.640E-08  1.072E-07  4.193E-07  1.464E-07  1.101E-06
                7.865E-07  1.875E-06  1.312E-06  2.130E-06  2.520E-07  1.625E-07
                2.908E-06  1.800E-07  2.894E-07  2.083E-07  4.490E-07  2.732E-07
                1.041E-06  1.234E-06  6.066E-06  1.986E-06  2.551E-07  1.263E-07
                1.507E-07  1.513E-07  7.104E-07  4.625E-07  4.946E-07  2.599E-07
                1.914E-07  7.864E-07  2.069E-06  3.156E-06  3.273E-07  1.915E-07
                9.515E-08  2.474E-07  3.747E-07  3.846E-07  3.037E-07  7.767E-08
                2.063E-06  3.238E-07  1.533E-06  2.550E-07  5.936E-07  3.796E-06
                4.619E-06  3.160E-06  7.471E-07  9.022E-07  9.020E-07  3.659E-07
                4.783E-07  8.190E-07  2.143E-08  7.613E-09  2.799E-08  7.812E-08
                8.316E-07  8.333E-07  1.049E-06  1.814E-06  1.392E-06  3.606E-08
                3.189E-08  1.238E-07  1.122E-07  9.912E-07  2.674E-06
1.39866315E+02  2.859E-03  2.295E-03  1.117E-03  1.074E-03  1.528E-03  4.274E-06
                7.032E-03  1.442E-03  1.386E-05  5.267E-06  8.516E-05  1.430E-03
                2.623E-03  5.064E-05  4.825E-05  2.264E-07  7.928E-07  1.089E-06
                8.598E-07  1.088E-06  4.092E-07  8.946E-07  7.235E-07  1.035E-07
                2.673E-07  8.056E-07  1.350E-06  7.451E-07  7.794E-07  1.932E-06
                1.401E-06  2.696E-07  4.244E-06  1.772E-06  6.978E-07  6.054E-07
                9.511E-10  4.394E-07  1.555E-07  3.097E-06  1.780E-06  1.052E-06
                1.595E-06  4.051E-08  8.741E-08  1.677E-07  1.415E-07  3.441E-07
                9.860E-06  4.367E-07  1.734E-07  6.804E-07  2.905E-08  1.314E-06
                1.512E-06  8.895E-07  7.126E-07  2.098E-06  4.453E-06  1.046E-06
                2.827E-07  2.877E-09  4.601E-09  2.470E-10  3.944E-07  2.604E-07
                8.916E-08  2.697E-08  6.949E-07  6.601E-07  8.672E-07  1.510E-06
                2.568E-06  8.577E-07  2.334E-06  1.744E-07  4.324E-07  9.027E-08
                1.168E-06  4.709E-07  1.618E-06  1.834E-08  3.403E-07  3.802E-07
                7.648E-06  3.084E-06  6.327E-10  6.940E-10  2.790E-10  2.149E-10
                1.883E-10  5.640E-07  2.760E-07  1.164E-06  8.887E-07  3.716E-07
                1.361E-06  1.151E-07  2.815E-06  3.407E-06  9.949E-08  1.596E-07
                2.090E-07  2.773E-08  8.328E-08  1.547E-07  3.089E-07  3.247E-07
                3.584E-08  3.167E-08  9.765E-07  2.379E-06  9.894E-06  2.163E-06
                9.934E-08  2.843E-07  1.436E-06  1.270E-06  1.304E-07  2.056E-07
                1.594E-07  3.020E-07  5.673E-06  1.468E-07  7.907E-07  6.877E-07
                1.724E-06  2.500E-06  1.043E-05  2.363E-07  1.219E-06  1.279E-06
                1.539E-06  1.062E-07  9.818E-08  4.839E-08  7.209E-08  1.727E-07
                2.684E-07  2.954E-07  8.502E-09  2.167E-07  4.304E-07  1.270E-06
                2.435E-06  4.656E-08  7.907E-08  2.779E-07  9.783E-08  8.062E-07
                5.729E-07  1.469E-06  1.027E-06  1.669E-06  1.922E-07  1.172E-07
                2.288E-06  1.245E-07  2.029E-07  1.436E-07  3.011E-07  2.221E-07
                7.944E-07  9.445E-07  4.656E-06  1.480E-06  1.747E-07  8.198E-08
                1.036E-07  1.029E-07  5.565E-07  3.616E-07  3.850E-07  2.048E-07
                1.437E-07  6.189E-07  1.619E-06  2.456E-06  2.228E-07  1.535E-07
                7.415E-08  1.684E-07  2.674E-07  2.559E-07  2.174E-07  5.329E-08
                1.569E-06  2.262E-07  1.171E-06  2.030E-07  4.662E-07  2.885E-06
                3.511E-06  2.405E-06  5.305E-07  6.375E-07  5.848E-07  2.547E-07
                3.421E-07  5.811E-07  2.499E-08  9.450E-09  1.734E-08  5.135E-08
                6.690E-07  6.716E-07  8.262E-07  1.420E-06  1.070E-06  2.759E-08
                2.261E-08  9.490E-08  8.907E-08  7.887E-07  2.123E-06
1.53474315E+02  2.095E-03  1.691E-03  8.230E-04  7.952E-04  1.129E-03  2.710E-06
                5.872E-03  1.204E-03  1.049E-05  3.355E-06  7.139E-05  1.203E-03
                2.206E-03  4.044E-05  3.871E-05  1.686E-07  6.755E-07  8.191E-07
                6.486E-07  7.875E-07  2.654E-07  5.794E-07  5.026E-07  7.309E-08
                2.787E-07  8.728E-07  1.502E-06  4.901E-07  5.100E-07  1.276E-06
                1.008E-06  1.742E-07  2.865E-06  1.445E-06  4.685E-07  3.994E-07
                6.217E-10  2.870E-07  1.046E-07  2.171E-06  1.302E-06  7.298E-07
                1.115E-06  2.862E-08  6.402E-08  1.258E-07  1.270E-07  2.772E-07
                7.090E-06  3.709E-07  1.165E-07  5.691E-07  2.058E-08  1.114E-06
                1.050E-06  6.167E-07  4.770E-07  1.417E-06  3.619E-06  8.285E-07
                1.996E-07  2.317E-09  3.480E-09  1.830E-10  2.790E-07  1.877E-07
                6.520E-08  2.065E-08  4.905E-07  4.601E-07  5.960E-07  1.168E-06
                2.018E-06  6.514E-07  1.620E-06  1.209E-07  3.037E-07  6.171E-08
                7.619E-07  3.064E-07  1.057E-06  1.845E-08  2.366E-07  2.637E-07
                5.417E-06  2.199E-06  5.009E-10  5.218E-10  1.858E-10  1.607E-10
                1.502E-10  3.613E-07  1.838E-07  7.507E-07  7.352E-07  3.045E-07
                1.121E-06  8.057E-08  2.008E-06  2.438E-06  7.374E-08  1.168E-07
                1.520E-07  1.992E-08  6.341E-08  1.133E-07  2.220E-07  2.369E-07
                3.477E-08  2.113E-08  6.918E-07  1.685E-06  8.078E-06  1.765E-06
                7.411E-08  2.081E-07  1.137E-06  1.027E-06  9.307E-08  1.549E-07
                1.169E-07  2.120E-07  3.873E-06  1.112E-07  6.053E-07  5.090E-07
                1.276E-06  2.063E-06  8.619E-06  1.775E-07  8.661E-07  9.041E-07
                1.005E-06  8.194E-08  7.368E-08  3.341E-08  5.709E-08  1.373E-07
                2.136E-07  2.352E-07  6.513E-09  1.609E-07  3.363E-07  9.986E-07
                1.924E-06  2.966E-08  6.323E-08  2.219E-07  7.837E-08  6.005E-07
                4.267E-07  1.145E-06  8.025E-07  1.305E-06  1.510E-07  8.805E-08
                1.761E-06  9.164E-08  1.507E-07  9.955E-08  2.083E-07  1.822E-07
                6.300E-07  7.828E-07  3.860E-06  9.719E-07  1.378E-07  5.774E-08
                7.628E-08  7.772E-08  4.006E-07  2.818E-07  2.973E-07  1.488E-07
                1.098E-07  4.869E-07  1.271E-06  1.917E-06  1.689E-07  1.209E-07
                5.806E-08  1.188E-07  1.965E-07  1.819E-07  1.603E-07  3.864E-08
                1.321E-06  1.656E-07  9.704E-07  1.420E-07  3.844E-07  2.416E-06
                2.972E-06  2.039E-06  3.901E-07  4.811E-07  4.326E-07  1.811E-07
                2.495E-07  4.279E-07  1.799E-08  6.825E-09  1.239E-08  3.648E-08
                5.382E-07  5.410E-07  6.579E-07  1.131E-06  8.426E-07  2.025E-08
                1.616E-08  7.443E-08  7.118E-08  6.316E-07  1.712E-06
1.67082315E+02  1.529E-03  1.226E-03  5.971E-04  5.747E-04  8.210E-04  2.133E-06
                4.598E-03  9.430E-04  8.088E-06  2.476E-06  5.668E-05  9.589E-04
                1.761E-03  2.812E-05  2.680E-05  1.327E-07  5.549E-07  5.315E-07
                5.267E-07  5.367E-07  1.966E-07  4.299E-07  4.256E-07  6.814E-08
                1.699E-07  4.916E-07  7.993E-07  3.570E-07  3.436E-07  8.695E-07
                7.179E-07  1.290E-07  2.316E-06  9.317E-07  3.524E-07  2.873E-07
                4.249E-10  2.011E-07  7.244E-08  1.607E-06  9.426E-07  5.436E-07
                8.269E-07  2.178E-08  5.209E-08  1.041E-07  1.196E-07  2.419E-07
                5.398E-06  3.253E-07  8.370E-08  4.954E-07  1.722E-08  9.782E-07
                7.675E-07  4.533E-07  3.392E-07  1.009E-06  3.030E-06  6.744E-07
                1.567E-07  1.939E-09  2.622E-09  1.361E-10  1.882E-07  1.341E-07
                4.857E-08  1.564E-08  3.667E-07  3.439E-07  4.544E-07  8.964E-07
                1.515E-06  5.070E-07  1.216E-06  8.407E-08  2.317E-07  4.025E-08
                6.002E-07  2.436E-07  8.354E-07  1.187E-08  1.748E-07  1.883E-07
                4.246E-06  1.715E-06  3.868E-10  4.090E-10  1.480E-10  1.172E-10
                9.844E-11  2.901E-07  1.387E-07  6.082E-07  5.753E-07  2.356E-07
                8.861E-07  7.908E-08  1.566E-06  1.894E-06  5.946E-08  9.202E-08
                1.203E-07  1.576E-08  5.511E-08  9.143E-08  1.797E-07  1.953E-07
                3.685E-08  1.837E-08  5.331E-07  1.298E-06  6.006E-06  1.314E-06
                5.466E-08  1.681E-07  8.720E-07  7.659E-07  7.137E-08  1.214E-07
                9.045E-08  1.622E-07  3.076E-06  8.975E-08  4.794E-07  3.810E-07
                9.552E-07  1.551E-06  6.476E-06  1.291E-07  6.718E-07  7.024E-07
                8.193E-07  5.457E-08  4.895E-08  2.097E-08  3.837E-08  9.178E-08
                1.428E-07  1.578E-07  4.954E-09  1.251E-07  2.608E-07  7.783E-07
                1.507E-06  1.818E-08  4.450E-08  1.720E-07  6.170E-08  4.496E-07
                3.176E-07  8.975E-07  6.280E-07  1.023E-06  1.164E-07  6.449E-08
                1.394E-06  6.338E-08  1.049E-07  7.300E-08  1.469E-07  1.534E-07
                4.788E-07  5.973E-07  2.982E-06  7.872E-07  9.440E-08  3.798E-08
                5.303E-08  5.300E-08  3.358E-07  2.206E-07  2.329E-07  1.253E-07
                8.365E-08  3.830E-07  9.949E-07  1.497E-06  1.160E-07  9.597E-08
                4.561E-08  8.454E-08  1.526E-07  1.268E-07  1.256E-07  2.702E-08
                9.889E-07  1.183E-07  7.357E-07  1.237E-07  3.061E-07  1.799E-06
                2.209E-06  1.516E-06  2.866E-07  3.557E-07  3.050E-07  1.301E-07
                1.849E-07  3.158E-07  2.122E-08  8.088E-09  8.520E-09  2.516E-08
                4.290E-07  4.320E-07  5.114E-07  8.830E-07  6.482E-07  1.625E-08
                1.272E-08  5.759E-08  5.655E-08  4.989E-07  1.347E-06
1.80690315E+02  1.249E-03  1.010E-03  4.921E-04  4.763E-04  6.728E-04  1.742E-06
                3.918E-03  8.033E-04  6.600E-06  1.915E-06  4.740E-05  8.007E-04
                1.470E-03  2.326E-05  2.222E-05  1.044E-07  5.015E-07  4.564E-07
                4.191E-07  4.226E-07  1.297E-07  2.819E-07  2.797E-07  4.579E-08
                1.997E-07  6.245E-07  1.060E-06  2.274E-07  2.283E-07  5.811E-07
                5.675E-07  8.480E-08  1.689E-06  8.626E-07  2.434E-07  1.924E-07
                2.663E-10  1.321E-07  5.009E-08  1.295E-06  7.983E-07  4.223E-07
                6.454E-07  1.711E-08  4.287E-08  8.701E-08  1.085E-07  2.034E-07
                4.180E-06  2.809E-07  5.921E-08  4.241E-07  1.561E-08  8.418E-07
                5.913E-07  3.563E-07  2.408E-07  7.040E-07  2.552E-06  5.712E-07
                1.183E-07  1.547E-09  1.820E-09  9.629E-11  1.581E-07  1.111E-07
                3.634E-08  1.220E-08  2.661E-07  2.458E-07  3.240E-07  6.562E-07
                1.257E-06  4.004E-07  8.683E-07  6.672E-08  1.758E-07  3.269E-08
                3.543E-07  1.441E-07  4.955E-07  1.203E-08  1.282E-07  1.435E-07
                3.166E-06  1.298E-06  3.183E-10  3.149E-10  9.664E-11  9.115E-11
                8.099E-11  1.679E-07  8.488E-08  3.669E-07  4.931E-07  2.009E-07
                7.544E-07  5.653E-08  1.189E-06  1.435E-06  4.388E-08  6.701E-08
                8.777E-08  1.078E-08  4.249E-08  6.512E-08  1.250E-07  1.394E-07
                3.396E-08  1.114E-08  3.294E-07  8.007E-07  5.404E-06  1.180E-06
                4.319E-08  1.283E-07  7.442E-07  6.790E-07  4.889E-08  9.380E-08
                6.517E-08  1.063E-07  2.126E-06  6.424E-08  3.591E-07  2.996E-07
                7.501E-07  1.403E-06  5.869E-06  9.500E-08  4.279E-07  4.424E-07
                5.059E-07  4.188E-08  3.705E-08  1.473E-08  2.976E-08  7.201E-08
                1.121E-07  1.237E-07  3.849E-09  9.949E-08  2.124E-07  6.360E-07
                1.234E-06  1.326E-08  4.054E-08  1.214E-07  4.366E-08  3.540E-07
                2.504E-07  7.248E-07  5.087E-07  8.285E-07  9.759E-08  5.459E-08
                1.115E-06  5.318E-08  8.989E-08  5.186E-08  1.035E-07  1.332E-07
                4.042E-07  5.352E-07  2.663E-06  4.595E-07  7.179E-08  2.696E-08
                4.036E-08  3.992E-08  2.143E-07  1.796E-07  1.878E-07  8.072E-08
                6.742E-08  3.125E-07  8.104E-07  1.210E-06  8.628E-08  7.839E-08
                3.607E-08  6.075E-08  1.067E-07  9.056E-08  8.760E-08  2.099E-08
                8.833E-07  9.074E-08  6.438E-07  7.613E-08  2.540E-07  1.589E-06
                1.981E-06  1.357E-06  2.176E-07  2.689E-07  2.087E-07  9.793E-08
                1.414E-07  2.383E-07  1.866E-08  7.285E-09  6.791E-09  1.977E-08
                3.535E-07  3.560E-07  4.197E-07  7.178E-07  5.194E-07  1.354E-08
                9.983E-09  4.685E-08  4.632E-08  4.077E-07  1.110E-06
1.94298315E+02  8.687E-04  7.032E-04  3.428E-04  3.332E-04  4.735E-04  8.711E-07
                3.348E-03  6.868E-04  5.099E-06  1.002E-06  4.197E-05  7.138E-04
                1.312E-03  1.834E-05  1.761E-05  8.631E-08  4.350E-07  3.109E-07
                3.565E-07  3.125E-07  9.504E-08  2.075E-07  2.476E-07  4.222E-08
                1.291E-07  3.785E-07  6.173E-07  1.785E-07  1.596E-07  4.072E-07
                3.966E-07  6.181E-08  1.201E-06  5.653E-07  1.735E-07  1.333E-07
                1.978E-10  1.017E-07  3.839E-08  8.551E-07  5.258E-07  2.786E-07
                4.276E-07  1.191E-08  3.325E-08  7.161E-08  9.999E-08  1.746E-07
                2.904E-06  2.502E-07  4.418E-08  3.746E-07  1.403E-08  7.494E-07
                3.945E-07  2.322E-07  1.652E-07  4.960E-07  2.203E-06  4.690E-07
                9.368E-08  1.385E-09  1.663E-09  8.172E-11  9.750E-08  7.444E-08
                2.557E-08  8.717E-09  1.926E-07  1.793E-07  2.366E-07  5.816E-07
                9.412E-07  3.047E-07  6.293E-07  4.282E-08  1.277E-07  1.869E-08
                3.123E-07  1.255E-07  4.344E-07  1.002E-08  8.974E-08  9.571E-08
                2.235E-06  9.096E-07  2.419E-10  2.411E-10  7.513E-11  6.529E-11
                5.685E-11  1.471E-07  7.466E-08  3.032E-07  3.848E-07  1.555E-07
                5.895E-07  4.613E-08  8.291E-07  1.004E-06  3.513E-08  5.161E-08
                6.645E-08  9.127E-09  3.774E-08  5.432E-08  1.038E-07  1.157E-07
                3.508E-08  1.119E-08  3.258E-07  7.920E-07  3.823E-06  8.354E-07
                3.262E-08  9.949E-08  5.439E-07  4.854E-07  3.965E-08  7.108E-08
                5.064E-08  9.025E-08  1.568E-06  5.944E-08  3.098E-07  2.133E-07
                5.323E-07  1.005E-06  4.201E-06  7.485E-08  4.109E-07  4.289E-07
                4.173E-07  3.144E-08  2.753E-08  1.042E-08  2.266E-08  5.527E-08
                8.603E-08  9.502E-08  2.557E-09  7.487E-08  1.619E-07  4.845E-07
                9.453E-07  8.258E-09  2.998E-08  1.072E-07  3.850E-08  2.523E-07
                1.809E-07  5.483E-07  3.850E-07  6.272E-07  7.938E-08  4.192E-08
                8.477E-07  3.823E-08  6.461E-08  3.844E-08  7.649E-08  1.061E-07
                2.977E-07  3.957E-07  1.998E-06  4.291E-07  5.633E-08  1.931E-08
                2.927E-08  2.995E-08  2.205E-07  1.340E-07  1.410E-07  8.328E-08
                5.026E-08  2.378E-07  6.137E-07  9.167E-07  6.527E-08  5.883E-08
                2.825E-08  4.513E-08  8.612E-08  6.949E-08  7.080E-08  1.568E-08
                6.601E-07  6.862E-08  4.877E-07  7.942E-08  2.117E-07  1.188E-06
                1.474E-06  1.013E-06  1.609E-07  2.098E-07  1.797E-07  6.910E-08
                1.026E-07  1.779E-07  1.087E-08  4.068E-09  4.276E-09  1.329E-08
                2.838E-07  2.862E-07  3.288E-07  5.695E-07  4.071E-07  8.847E-09
                6.899E-09  3.714E-08  3.732E-08  3.250E-07  8.856E-07
