3.16827147E+01  1.173E-01
3.20229147E+01  1.171E-01
3.23631147E+01  1.154E-01
3.27033147E+01  1.164E-01
3.30435147E+01  1.105E-01
3.33837147E+01  1.037E-01
3.37239147E+01  8.972E-02
3.40641147E+01  1.067E-01
3.44043147E+01  1.053E-01
3.47445147E+01  1.045E-01
3.50847147E+01  1.024E-01
3.54249147E+01  1.020E-01
3.57651147E+01  9.995E-02
3.61053147E+01  9.850E-02
3.64455147E+01  9.760E-02
3.67857147E+01  9.595E-02
3.71259147E+01  9.467E-02
3.74661147E+01  9.318E-02
3.78063147E+01  9.190E-02
3.81465147E+01  9.135E-02
3.84867147E+01  8.774E-02
3.88269147E+01  8.914E-02
3.91671147E+01  8.599E-02
3.95073147E+01  8.475E-02
3.98475147E+01  8.431E-02
4.01877147E+01  8.310E-02
4.05279147E+01  8.241E-02
4.08681147E+01  7.823E-02
4.12083147E+01  7.366E-02
4.15485147E+01  7.079E-02
4.18887147E+01  7.286E-02
4.22289147E+01  7.424E-02
4.25691147E+01  8.202E-02
4.29093147E+01  7.567E-02
4.32495147E+01  7.308E-02
4.35897147E+01  7.409E-02
4.39299147E+01  6.897E-02
4.42701147E+01  7.062E-02
4.46103147E+01  6.798E-02
4.49505147E+01  7.226E-02
4.52907147E+01  6.841E-02
4.56309147E+01  6.851E-02
4.59711147E+01  6.689E-02
4.63113147E+01  6.042E-02
4.66515147E+01  5.977E-02
4.69917147E+01  6.513E-02
4.73319147E+01  6.438E-02
4.76721147E+01  6.368E-02
4.80123147E+01  6.466E-02
4.83525147E+01  6.058E-02
4.86927147E+01  6.019E-02
4.90329147E+01  6.021E-02
4.93731147E+01  5.937E-02
4.97133147E+01  5.731E-02
5.00535147E+01  5.623E-02
5.03937147E+01  5.562E-02
5.07339147E+01  5.224E-02
5.10741147E+01  5.437E-02
5.14143147E+01  5.523E-02
5.17545147E+01  5.452E-02
5.20947147E+01  5.225E-02
5.24349147E+01  5.256E-02
5.27751147E+01  5.185E-02
5.31153147E+01  5.147E-02
5.34555147E+01  5.084E-02
5.37957147E+01  5.024E-02
5.41359147E+01  4.976E-02
5.44761147E+01  4.921E-02
5.48163147E+01  4.868E-02
5.51565147E+01  4.816E-02
5.54967147E+01  4.764E-02
5.58369147E+01  4.713E-02
5.61771147E+01  4.663E-02
5.65173147E+01  4.613E-02
5.68575147E+01  4.564E-02
5.71977147E+01  4.516E-02
5.75379147E+01  4.468E-02
5.78781147E+01  4.421E-02
5.82183147E+01  4.375E-02
5.85585147E+01  4.329E-02
5.88987147E+01  4.284E-02
5.92389147E+01  4.239E-02
5.95791147E+01  4.195E-02
5.99193147E+01  4.152E-02
6.02595147E+01  4.108E-02
6.05997147E+01  4.067E-02
6.09399147E+01  4.024E-02
6.12801147E+01  3.988E-02
6.16203147E+01  3.947E-02
6.19605147E+01  3.904E-02
6.23007147E+01  3.867E-02
6.26409147E+01  3.826E-02
6.29811147E+01  3.788E-02
6.33213147E+01  3.750E-02
6.36615147E+01  3.713E-02
6.40017147E+01  3.676E-02
6.43419147E+01  3.637E-02
6.46821147E+01  3.601E-02
6.50223147E+01  3.565E-02
6.53625147E+01  3.530E-02
6.57027147E+01  3.495E-02
6.60429147E+01  3.461E-02
6.63831147E+01  3.427E-02
6.67233147E+01  3.394E-02
6.70635147E+01  3.361E-02
6.74037147E+01  3.329E-02
6.77439147E+01  3.298E-02
6.80841147E+01  3.267E-02
6.84243147E+01  3.236E-02
6.87645147E+01  3.206E-02
6.91047147E+01  3.177E-02
6.94449147E+01  3.148E-02
6.97851147E+01  3.119E-02
7.01253147E+01  3.090E-02
7.04655147E+01  3.062E-02
7.08057147E+01  3.035E-02
7.11459147E+01  3.007E-02
7.14861147E+01  2.980E-02
7.18263147E+01  2.954E-02
7.21665147E+01  2.927E-02
7.25067147E+01  2.901E-02
7.28469147E+01  2.875E-02
7.31871147E+01  2.850E-02
7.35273147E+01  2.825E-02
7.38675147E+01  2.800E-02
7.42077147E+01  2.775E-02
7.45479147E+01  2.750E-02
7.48881147E+01  2.726E-02
7.52283147E+01  2.702E-02
7.55685147E+01  2.678E-02
7.59087147E+01  2.655E-02
7.62489147E+01  2.632E-02
7.65891147E+01  2.609E-02
7.69293147E+01  2.586E-02
7.72695147E+01  2.563E-02
7.76097147E+01  2.541E-02
7.79499147E+01  2.519E-02
7.82901147E+01  2.497E-02
7.86303147E+01  2.475E-02
7.89705147E+01  2.454E-02
7.93107147E+01  2.433E-02
7.96509147E+01  2.412E-02
7.99911147E+01  2.391E-02
8.03313147E+01  2.370E-02
8.06715147E+01  2.350E-02
8.10117147E+01  2.330E-02
8.13519147E+01  2.309E-02
8.16921147E+01  2.290E-02
8.20323147E+01  2.270E-02
8.23725147E+01  2.250E-02
8.27127147E+01  2.231E-02
8.30529147E+01  2.212E-02
8.33931147E+01  2.193E-02
8.37333147E+01  2.175E-02
8.40735147E+01  2.156E-02
8.44137147E+01  2.138E-02
8.47539147E+01  2.120E-02
8.50941147E+01  2.102E-02
8.54343147E+01  2.085E-02
8.57745147E+01  2.068E-02
8.61147147E+01  2.051E-02
8.64549147E+01  2.034E-02
8.67951147E+01  2.017E-02
8.71353147E+01  2.001E-02
8.74755147E+01  1.985E-02
8.78157147E+01  1.969E-02
8.81559147E+01  1.954E-02
8.84961147E+01  1.938E-02
8.88363147E+01  1.923E-02
8.91765147E+01  1.909E-02
8.95167147E+01  1.894E-02
8.98569147E+01  1.880E-02
9.01971147E+01  1.865E-02
9.05373147E+01  1.852E-02
9.08775147E+01  1.838E-02
9.12177147E+01  1.824E-02
9.15579147E+01  1.811E-02
9.18981147E+01  1.798E-02
9.22383147E+01  1.784E-02
9.25785147E+01  1.771E-02
9.29187147E+01  1.759E-02
9.32589147E+01  1.746E-02
9.35991147E+01  1.733E-02
9.39393147E+01  1.721E-02
9.42795147E+01  1.708E-02
9.46197147E+01  1.696E-02
9.49599147E+01  1.684E-02
9.53001147E+01  1.672E-02
9.56403147E+01  1.660E-02
9.59805147E+01  1.648E-02
9.63207147E+01  1.636E-02
9.66609147E+01  1.624E-02
9.70011147E+01  1.612E-02
9.73413147E+01  1.601E-02
9.76815147E+01  1.589E-02
9.80217147E+01  1.577E-02
9.83619147E+01  1.566E-02
9.87021147E+01  1.554E-02
9.90423147E+01  1.543E-02
9.93825147E+01  1.532E-02
9.97227147E+01  1.521E-02
1.00062915E+02  1.509E-02
1.00403115E+02  1.498E-02
1.00743315E+02  1.487E-02
1.01083515E+02  1.476E-02
1.01423715E+02  1.465E-02
1.01763915E+02  1.455E-02
1.02104115E+02  1.444E-02
1.02444315E+02  1.433E-02
1.02784515E+02  1.423E-02
1.03124715E+02  1.412E-02
1.03464915E+02  1.402E-02
1.03805115E+02  1.391E-02
1.04145315E+02  1.381E-02
1.04485515E+02  1.371E-02
1.04825715E+02  1.360E-02
1.05165915E+02  1.350E-02
1.05506115E+02  1.340E-02
1.05846315E+02  1.330E-02
1.06186515E+02  1.321E-02
1.06526715E+02  1.311E-02
1.06866915E+02  1.301E-02
1.07207115E+02  1.292E-02
1.07547315E+02  1.282E-02
1.07887515E+02  1.273E-02
1.08227715E+02  1.264E-02
1.08567915E+02  1.254E-02
1.08908115E+02  1.245E-02
1.09248315E+02  1.237E-02
1.09588515E+02  1.228E-02
1.09928715E+02  1.219E-02
1.10268915E+02  1.211E-02
1.10609115E+02  1.202E-02
1.10949315E+02  1.194E-02
1.11289515E+02  1.186E-02
1.11629715E+02  1.178E-02
1.11969915E+02  1.170E-02
1.12310115E+02  1.162E-02
1.12650315E+02  1.155E-02
1.12990515E+02  1.147E-02
1.13330715E+02  1.140E-02
1.13670915E+02  1.133E-02
1.14011115E+02  1.126E-02
1.14351315E+02  1.119E-02
1.14691515E+02  1.112E-02
1.15031715E+02  1.105E-02
1.15371915E+02  1.099E-02
1.15712115E+02  1.092E-02
1.16052315E+02  1.086E-02
1.16392515E+02  1.079E-02
1.16732715E+02  1.073E-02
1.17072915E+02  1.067E-02
1.17413115E+02  1.061E-02
1.17753315E+02  1.055E-02
1.18093515E+02  1.049E-02
1.18433715E+02  1.043E-02
1.18773915E+02  1.037E-02
1.19114115E+02  1.031E-02
1.19454315E+02  1.025E-02
1.19794515E+02  1.020E-02
1.20134715E+02  1.014E-02
1.20474915E+02  1.008E-02
1.20815115E+02  1.002E-02
1.21155315E+02  9.966E-03
1.21495515E+02  9.909E-03
1.21835715E+02  9.852E-03
1.22175915E+02  9.795E-03
1.22516115E+02  9.738E-03
1.22856315E+02  9.681E-03
1.23196515E+02  9.624E-03
1.23536715E+02  9.566E-03
1.23876915E+02  9.509E-03
1.24217115E+02  9.452E-03
1.24557315E+02  9.395E-03
1.24897515E+02  9.337E-03
1.25237715E+02  9.280E-03
1.25577915E+02  9.223E-03
1.25918115E+02  9.166E-03
1.26258315E+02  9.108E-03
1.26598515E+02  9.051E-03
1.26938715E+02  8.994E-03
1.27278915E+02  8.936E-03
1.27619115E+02  8.879E-03
1.27959315E+02  8.822E-03
1.28299515E+02  8.765E-03
1.28639715E+02  8.708E-03
1.28979915E+02  8.651E-03
1.29320115E+02  8.595E-03
1.29660315E+02  8.538E-03
1.30000515E+02  8.482E-03
1.30340715E+02  8.425E-03
1.30680915E+02  8.369E-03
1.31021115E+02  8.314E-03
1.31361315E+02  8.258E-03
1.31701515E+02  8.203E-03
1.32041715E+02  8.148E-03
1.32381915E+02  8.093E-03
1.32722115E+02  8.039E-03
1.33062315E+02  7.985E-03
1.33402515E+02  7.931E-03
1.33742715E+02  7.878E-03
1.34082915E+02  7.826E-03
1.34423115E+02  7.774E-03
1.34763315E+02  7.722E-03
1.35103515E+02  7.671E-03
1.35443715E+02  7.621E-03
1.35783915E+02  7.571E-03
1.36124115E+02  7.522E-03
1.36464315E+02  7.473E-03
1.36804515E+02  7.426E-03
1.37144715E+02  7.379E-03
1.37484915E+02  7.332E-03
1.37825115E+02  7.287E-03
1.38165315E+02  7.242E-03
1.38505515E+02  7.199E-03
1.38845715E+02  7.156E-03
1.39185915E+02  7.114E-03
1.39526115E+02  7.073E-03
1.39866315E+02  7.032E-03
1.40206515E+02  6.993E-03
1.40546715E+02  6.954E-03
1.40886915E+02  6.917E-03
1.41227115E+02  6.880E-03
1.41567315E+02  6.844E-03
1.41907515E+02  6.809E-03
1.42247715E+02  6.775E-03
1.42587915E+02  6.742E-03
1.42928115E+02  6.709E-03
1.43268315E+02  6.678E-03
1.43608515E+02  6.647E-03
1.43948715E+02  6.616E-03
1.44288915E+02  6.587E-03
1.44629115E+02  6.558E-03
1.44969315E+02  6.529E-03
1.45309515E+02  6.501E-03
1.45649715E+02  6.474E-03
1.45989915E+02  6.447E-03
1.46330115E+02  6.420E-03
1.46670315E+02  6.394E-03
1.47010515E+02  6.368E-03
1.47350715E+02  6.342E-03
1.47690915E+02  6.316E-03
1.48031115E+02  6.291E-03
1.48371315E+02  6.266E-03
1.48711515E+02  6.240E-03
1.49051715E+02  6.215E-03
1.49391915E+02  6.190E-03
1.49732115E+02  6.165E-03
1.50072315E+02  6.139E-03
1.50412515E+02  6.114E-03
1.50752715E+02  6.088E-03
1.51092915E+02  6.062E-03
1.51433115E+02  6.036E-03
1.51773315E+02  6.009E-03
1.52113515E+02  5.982E-03
1.52453715E+02  5.955E-03
1.52793915E+02  5.928E-03
1.53134115E+02  5.900E-03
1.53474315E+02  5.872E-03
1.53814515E+02  5.844E-03
1.54154715E+02  5.815E-03
1.54494915E+02  5.786E-03
1.54835115E+02  5.757E-03
1.55175315E+02  5.727E-03
1.55515515E+02  5.697E-03
1.55855715E+02  5.667E-03
1.56195915E+02  5.636E-03
1.56536115E+02  5.605E-03
1.56876315E+02  5.573E-03
1.57216515E+02  5.542E-03
1.57556715E+02  5.510E-03
1.57896915E+02  5.478E-03
1.58237115E+02  5.446E-03
1.58577315E+02  5.413E-03
1.58917515E+02  5.380E-03
1.59257715E+02  5.347E-03
1.59597915E+02  5.314E-03
1.59938115E+02  5.281E-03
1.60278315E+02  5.248E-03
1.60618515E+02  5.214E-03
1.60958715E+02  5.181E-03
1.61298915E+02  5.147E-03
1.61639115E+02  5.114E-03
1.61979315E+02  5.080E-03
1.62319515E+02  5.047E-03
1.62659715E+02  5.013E-03
1.62999915E+02  4.980E-03
1.63340115E+02  4.947E-03
1.63680315E+02  4.914E-03
1.64020515E+02  4.881E-03
1.64360715E+02  4.848E-03
1.64700915E+02  4.816E-03
1.65041115E+02  4.784E-03
1.65381315E+02  4.752E-03
1.65721515E+02  4.720E-03
1.66061715E+02  4.689E-03
1.66401915E+02  4.658E-03
1.66742115E+02  4.628E-03
1.67082315E+02  4.598E-03
1.67422515E+02  4.568E-03
1.67762715E+02  4.539E-03
1.68102915E+02  4.511E-03
1.68443115E+02  4.483E-03
1.68783315E+02  4.456E-03
1.69123515E+02  4.429E-03
1.69463715E+02  4.403E-03
1.69803915E+02  4.377E-03
1.70144115E+02  4.352E-03
1.70484315E+02  4.328E-03
1.70824515E+02  4.305E-03
1.71164715E+02  4.282E-03
1.71504915E+02  4.260E-03
1.71845115E+02  4.239E-03
1.72185315E+02  4.219E-03
1.72525515E+02  4.199E-03
1.72865715E+02  4.180E-03
1.73205915E+02  4.162E-03
1.73546115E+02  4.144E-03
1.73886315E+02  4.128E-03
1.74226515E+02  4.112E-03
1.74566715E+02  4.096E-03
1.74906915E+02  4.082E-03
1.75247115E+02  4.068E-03
1.75587315E+02  4.055E-03
1.75927515E+02  4.042E-03
1.76267715E+02  4.031E-03
1.76607915E+02  4.019E-03
1.76948115E+02  4.009E-03
1.77288315E+02  3.998E-03
1.77628515E+02  3.989E-03
1.77968715E+02  3.980E-03
1.78308915E+02  3.971E-03
1.78649115E+02  3.962E-03
1.78989315E+02  3.954E-03
1.79329515E+02  3.947E-03
1.79669715E+02  3.939E-03
1.80009915E+02  3.932E-03
1.80350115E+02  3.925E-03
1.80690315E+02  3.918E-03
1.81030515E+02  3.911E-03
1.81370715E+02  3.904E-03
1.81710915E+02  3.897E-03
1.82051115E+02  3.890E-03
1.82391315E+02  3.882E-03
1.82731515E+02  3.875E-03
1.83071715E+02  3.867E-03
1.83411915E+02  3.859E-03
1.83752115E+02  3.851E-03
1.84092315E+02  3.843E-03
1.84432515E+02  3.834E-03
1.84772715E+02  3.825E-03
1.85112915E+02  3.815E-03
1.85453115E+02  3.805E-03
1.85793315E+02  3.794E-03
1.86133515E+02  3.783E-03
1.86473715E+02  3.771E-03
1.86813915E+02  3.759E-03
1.87154115E+02  3.746E-03
1.87494315E+02  3.733E-03
1.87834515E+02  3.719E-03
1.88174715E+02  3.705E-03
1.88514915E+02  3.689E-03
1.88855115E+02  3.674E-03
1.89195315E+02  3.657E-03
1.89535515E+02  3.640E-03
1.89875715E+02  3.623E-03
1.90215915E+02  3.605E-03
1.90556115E+02  3.586E-03
1.90896315E+02  3.567E-03
1.91236515E+02  3.547E-03
1.91576715E+02  3.527E-03
1.91916915E+02  3.506E-03
1.92257115E+02  3.485E-03
1.92597315E+02  3.463E-03
1.92937515E+02  3.441E-03
1.93277715E+02  3.418E-03
1.93617915E+02  3.395E-03
1.93958115E+02  3.372E-03
1.94298315E+02  3.348E-03
1.94638515E+02  3.324E-03
1.94978715E+02  3.300E-03
1.95318915E+02  3.275E-03
1.95659115E+02  3.250E-03
1.95999315E+02  3.225E-03
1.96339515E+02  3.200E-03
1.96679715E+02  3.175E-03
1.97019915E+02  3.149E-03
1.97360115E+02  3.124E-03
1.97700315E+02  3.098E-03
1.98040515E+02  3.073E-03
1.98380715E+02  3.047E-03
1.98720915E+02  3.022E-03
1.99061115E+02  2.996E-03
1.99401315E+02  2.971E-03
1.99741515E+02  2.946E-03
2.00081715E+02  2.921E-03
2.00421915E+02  2.896E-03
2.00762115E+02  2.871E-03
2.01102315E+02  2.847E-03
2.01442515E+02  2.823E-03
2.01782715E+02  2.800E-03
2.02122915E+02  2.776E-03
2.02463115E+02  2.754E-03
2.02803315E+02  2.731E-03
2.03143515E+02  2.709E-03
2.03483715E+02  2.688E-03
2.03823915E+02  2.667E-03
2.04164115E+02  2.647E-03
2.04504315E+02  2.628E-03
