          16           7
         215          13           1           1
           0          -4           0          -4           0          -6           0          -2           0          -4           0           6           0           4           0           2           0           4           0           6           0           2           0           4           0           2           0          -4           0          -2           0           2           0           4           0           6           0           2           0           4           0           6           0           4           0          -2           0          -2           0          -4           0          -6           0          -8           0          -2           0          -4           0          -6           0          -4           0           2           0          -4           0          -6           0          -2           0          -4           0          -6           0          -6           0          -8           0          -4           0          -6           0          -2           0          -4           0           4           0           6           0           8           0          10           0           4           0          -4           0           2           0           6           0           4           0           8           0           2           0          -4           0          -2           0           6           0           6           0           4           0           2           0           8           0           4           0           6           0           8           0           4           0           6           0           8           0          10           0           4           0           6           0           8           0           6           0           4           0           2           0           6           0           2           0           4           0           2           0          -4           0          -2           0          -6           0          -8           0           6           0           4           0          -4           0          -6           0          -2           0          -4           0          -6           0          -8           0         -10           0          -2           0          -4           0          -6           0          -4           0          -2           0          -6           0          -8           0          -2           0          -4           0           2           0           4           0           6           0           8           0           4           0           4           0           6           0           8           0           2           0          10           0           8           0           6           0           4           0           2           0           6           0           6           0           4           0           4           0           2           0           4           0           6           0           8           0          -4           0           2           0           4           0          -6           0          -4           0           2           0           4           0           6           0           4           0           6           0          -2           0          -4           0          -6           0          -8           0         -10           0          -6           0          -8           0         -10           0         -12           0           2           0          -2           0          -4           0          -6           0          -8           0          -2           0          -8           0         -10           0          -4           0          -2           0          -6           0          -4           0          -2           0          -4           0          -2           0          -4           0          -6           0          -4           0          -8           0          -6           0           2           0           4           0           2           0           4           0           6           0         -10           0          -8           0          -6           0          -4           0           6           0          -2           0          -4           0           8           0          -6           0          -2           0          -4           0          -6           0          -8           0           4           0           6           0          -4           0          -6           0          -6           0          -8           0          -2           0           2           0          -4           0           4           0           6           0           4           0           4           0           2           0           2           0          -4           0          -6           0          -8           0          -2           0          -4           0          -6           0          -8           0         -10           0          -8           0          -6           0          -4           0          -2           0          -2           0          -4           0          -6           0          -6           0          -8           0          -4           0          -2           0          -6           0          -4
    0.000000E+00    9.645106E-03    9.843162E-03    1.435602E-02    1.458263E-02
    4.247197E-02    4.320385E-02    4.360158E-02    5.944295E-02    5.948713E-02
    6.922989E-02    7.316769E-02    7.411300E-02    1.134727E-01    1.147319E-01
    2.354040E-01    2.358931E-01    2.366026E-01    2.382857E-01    2.391328E-01
    2.438023E-01    2.438287E-01    2.461520E-01    2.471700E-01    2.474363E-01
    2.479076E-01    2.485433E-01    2.486026E-01    2.487216E-01    2.491410E-01
    2.502551E-01    2.507374E-01    2.510783E-01    2.511300E-01    2.524691E-01
    2.524772E-01    2.554279E-01    2.561102E-01    2.563381E-01    2.591442E-01
    2.591854E-01    2.609226E-01    2.615363E-01    2.619649E-01    2.622131E-01
    2.625883E-01    2.631076E-01    2.632646E-01    2.633261E-01    2.634365E-01
    2.637297E-01    2.638533E-01    2.640096E-01    2.643758E-01    2.644930E-01
    2.645338E-01    2.648466E-01    2.652759E-01    2.655531E-01    2.656939E-01
    2.657640E-01    2.676748E-01    2.677713E-01    2.679166E-01    2.688115E-01
    2.690337E-01    2.711118E-01    2.712141E-01    2.720014E-01    2.721113E-01
    2.724223E-01    2.724984E-01    2.725578E-01    2.726085E-01    2.727219E-01
    2.737570E-01    2.740430E-01    2.746587E-01    2.763855E-01    2.763956E-01
    2.763957E-01    2.764682E-01    2.789238E-01    2.791446E-01    2.808157E-01
    2.808428E-01    2.816082E-01    2.816156E-01    2.816277E-01    2.816445E-01
    2.816660E-01    2.832213E-01    2.832636E-01    2.833497E-01    2.872720E-01
    2.872722E-01    2.872783E-01    2.873017E-01    2.873787E-01    2.874354E-01
    2.875828E-01    2.876419E-01    2.877951E-01    2.879672E-01    2.884374E-01
    2.885530E-01    2.886000E-01    2.886971E-01    2.887362E-01    2.888178E-01
    2.901974E-01    2.902310E-01    2.934227E-01    2.936053E-01    2.936679E-01
    2.948139E-01    2.948751E-01    2.949134E-01    2.954910E-01    2.955387E-01
    2.955818E-01    2.956302E-01    2.974080E-01    2.974265E-01    2.978254E-01
    2.979930E-01    2.980044E-01    2.981863E-01    2.981951E-01    2.982014E-01
    2.986863E-01    2.989406E-01    2.997979E-01    3.013547E-01    3.014398E-01
    3.015665E-01    3.017420E-01    3.025165E-01    3.025355E-01    3.025686E-01
    3.026262E-01    3.032771E-01    3.036433E-01    3.036673E-01    3.036996E-01
    3.037196E-01    3.041292E-01    3.046134E-01    3.046301E-01    3.048276E-01
    3.048611E-01    3.049614E-01    3.051740E-01    3.052844E-01    3.060373E-01
    3.062721E-01    3.065126E-01    3.067251E-01    3.072820E-01    3.083217E-01
    3.083847E-01    3.085481E-01    3.086063E-01    3.093086E-01    3.093690E-01
    3.093750E-01    3.093804E-01    3.094500E-01    3.095030E-01    3.095365E-01
    3.096086E-01    3.096683E-01    3.098305E-01    3.098337E-01    3.100372E-01
    3.110986E-01    3.111053E-01    3.111248E-01    3.111449E-01    3.124031E-01
    3.124222E-01    3.126400E-01    3.132139E-01    3.132929E-01    3.134326E-01
    3.163175E-01    3.165548E-01    3.167011E-01    3.167161E-01    3.173537E-01
    3.174815E-01    3.194473E-01    3.198310E-01    3.206567E-01    3.235572E-01
    3.235827E-01    3.236877E-01    3.236885E-01    3.238034E-01    3.239013E-01
    3.239634E-01    3.240075E-01    3.245628E-01    3.245933E-01    3.263728E-01
    3.264517E-01    3.271738E-01    3.284075E-01    3.287843E-01    3.314323E-01
    3.314556E-01    3.324856E-01    3.325179E-01    3.327131E-01    3.333147E-01
           0           2           0           1
  -27.940514715248785               13
3.74661147E+01  1.545E-01  1.250E-01  6.097E-02  5.847E-02  8.258E-02  2.343E-04
                9.318E-02  1.909E-02  4.858E-04  3.369E-04  1.037E-03  1.527E-02
                2.743E-02  1.814E-03  1.719E-03
5.10741147E+01  6.419E-02  5.188E-02  2.519E-02  2.455E-02  3.415E-02  1.610E-04
                5.437E-02  1.118E-02  3.264E-04  1.773E-04  7.097E-04  9.892E-03
                1.802E-02  9.181E-04  8.895E-04  2.419E-06  1.480E-05  2.881E-05
                1.253E-05  3.033E-05  5.542E-06  8.928E-06  2.379E-05  8.016E-06
                1.020E-05  1.077E-05  1.519E-05  1.789E-05  2.073E-05  4.823E-05
                1.641E-04  3.367E-06  2.375E-04  4.642E-05  2.281E-05  1.734E-05
                6.140E-08  2.318E-05  8.545E-06  1.402E-04  6.777E-05  5.268E-05
                7.100E-05  5.175E-06  1.053E-05  1.499E-05  1.036E-06  4.568E-06
                1.761E-04  6.840E-06  1.372E-05  1.309E-05  7.461E-06  1.833E-05
                5.511E-05  3.197E-05  3.762E-05  9.764E-05  1.173E-04  6.769E-05
                4.568E-05  3.421E-07  3.023E-07  1.473E-07  5.465E-05  3.091E-05
                2.330E-06  5.052E-07  2.731E-05  1.763E-05  4.155E-05  8.379E-06
                4.861E-05  3.820E-05  6.239E-05  1.571E-05  5.409E-05  3.370E-05
                2.059E-05  1.801E-06  6.807E-05  1.427E-05  3.290E-05  3.525E-05
                1.338E-04  1.023E-04  1.353E-07  5.245E-07  2.700E-07  4.096E-07
                1.047E-06  1.345E-05  1.750E-05  8.660E-05
6.46821147E+01  3.246E-02  2.610E-02  1.271E-02  1.221E-02  1.731E-02  4.949E-05
                3.601E-02  7.383E-03  1.209E-04  7.236E-05  4.188E-04  6.723E-03
                1.223E-02  5.013E-04  4.773E-04  2.044E-06  8.933E-06  1.955E-05
                7.529E-06  1.630E-05  3.608E-06  7.916E-06  8.350E-06  1.099E-06
                1.709E-06  5.136E-06  6.611E-06  9.422E-06  1.017E-05  2.520E-05
                2.123E-05  2.460E-06  8.348E-05  2.022E-05  9.303E-06  7.560E-06
                1.030E-08  8.720E-06  3.218E-06  5.259E-05  2.777E-05  1.698E-05
                2.602E-05  9.818E-07  1.775E-06  2.907E-06  4.800E-07  2.296E-06
                1.006E-04  1.528E-06  3.083E-06  3.006E-06  7.127E-07  4.383E-06
                2.387E-05  1.458E-05  1.184E-05  3.755E-05  3.249E-05  1.332E-05
                4.005E-06  1.427E-08  3.373E-08  4.905E-09  1.294E-05  7.210E-06
                3.656E-07  3.143E-08  7.452E-06  7.275E-06  9.659E-06  8.458E-06
                1.255E-05  4.034E-06  2.577E-05  4.526E-06  6.209E-06  2.950E-06
                8.893E-06  3.600E-06  1.266E-05  1.572E-07  4.723E-06  7.575E-06
                6.295E-05  2.544E-05  2.141E-09  5.179E-09  4.610E-09  1.259E-09
                3.229E-09  3.358E-06  1.607E-06  8.146E-06  3.582E-06  1.634E-06
                5.414E-06  9.587E-07  2.294E-05  2.777E-05  8.756E-07  1.296E-06
                1.597E-06  3.289E-07  1.103E-06  1.234E-06  2.645E-06  2.837E-06
                1.263E-06  1.356E-07  7.309E-06  1.693E-05  6.930E-05  1.518E-05
                8.084E-07  1.560E-06  8.969E-06  9.556E-06  4.662E-07  9.240E-07
                6.431E-07  1.366E-06  4.685E-05  8.423E-07  4.938E-06  5.382E-06
                1.334E-05  1.660E-05  6.876E-05  1.419E-06  8.008E-06  8.370E-06
                1.105E-05  2.021E-06  2.129E-06  1.609E-06  1.084E-06  3.101E-06
                5.097E-06  5.317E-06  1.797E-08  1.485E-06  3.533E-06  9.225E-06
                1.575E-05  1.833E-06  7.875E-07  9.527E-06  3.393E-06  6.309E-06
                4.260E-06  9.689E-06  6.635E-06  1.048E-05  1.512E-06  1.501E-06
                1.348E-05  1.780E-06  2.970E-06  2.401E-06  5.368E-06  2.099E-06
                4.887E-06  6.693E-06  3.579E-05  1.072E-05  2.534E-06  1.699E-06
                1.543E-06  1.540E-06  3.931E-06  2.968E-06  2.998E-06  1.501E-06
                1.947E-06  3.996E-06  1.093E-05  1.676E-05  3.085E-06  7.577E-07
                5.177E-07  2.477E-06  4.769E-06  3.864E-06  4.308E-06  7.164E-07
                8.198E-06  2.442E-06  6.462E-06  1.130E-06  3.024E-06  1.452E-05
                1.757E-05  1.139E-05  7.988E-06  1.149E-05  1.655E-05  3.785E-06
                5.033E-06  9.254E-06  7.972E-07  2.515E-07  6.067E-07  7.478E-07
                2.382E-06  2.448E-06  3.703E-06  8.151E-06  7.867E-06  2.729E-07
                4.898E-07  5.778E-07  5.334E-07  3.857E-06  1.039E-05
7.82901147E+01  1.830E-02  1.467E-02  7.142E-03  6.856E-03  9.745E-03  2.656E-05
                2.497E-02  5.120E-03  7.125E-05  3.875E-05  2.936E-04  4.792E-03
                8.741E-03  2.968E-04  2.831E-04  1.318E-06  4.984E-06  1.078E-05
                4.815E-06  9.538E-06  2.537E-06  5.555E-06  4.023E-06  4.826E-07
                8.781E-07  2.816E-06  3.990E-06  5.313E-06  5.987E-06  1.448E-05
                1.098E-05  1.678E-06  3.713E-05  1.102E-05  4.931E-06  4.247E-06
                6.979E-09  4.340E-06  1.544E-06  2.597E-05  1.371E-05  8.461E-06
                1.292E-05  4.255E-07  7.811E-07  1.326E-06  2.742E-07  1.235E-06
                5.846E-05  9.671E-07  1.596E-06  1.773E-06  3.418E-07  2.828E-06
                1.220E-05  7.312E-06  6.107E-06  1.850E-05  1.692E-05  5.656E-06
                2.037E-06  9.724E-09  2.248E-08  1.179E-09  4.745E-06  2.737E-06
                3.092E-07  5.498E-08  4.370E-06  4.298E-06  5.691E-06  5.598E-06
                9.528E-06  3.002E-06  1.528E-05  1.793E-06  3.021E-06  1.126E-06
                5.816E-06  2.329E-06  8.086E-06  8.098E-08  2.468E-06  3.388E-06
                3.920E-05  1.588E-05  2.518E-09  3.112E-09  1.664E-09  1.049E-09
                1.272E-09  2.621E-06  1.334E-06  5.654E-06  2.502E-06  1.129E-06
                3.797E-06  5.046E-07  1.423E-05  1.717E-05  3.638E-07  5.673E-07
                7.411E-07  1.075E-07  3.429E-07  6.138E-07  1.220E-06  1.218E-06
                2.343E-07  1.262E-07  4.486E-06  1.086E-05  4.383E-05  9.613E-06
                4.709E-07  1.051E-06  5.826E-06  5.752E-06  4.999E-07  7.126E-07
                5.462E-07  1.245E-06  2.937E-05  4.951E-07  3.025E-06  3.567E-06
                8.962E-06  1.028E-05  4.298E-05  9.362E-07  5.232E-06  5.495E-06
                7.490E-06  8.824E-07  8.895E-07  5.885E-07  5.163E-07  1.495E-06
                2.322E-06  2.512E-06  1.274E-08  1.049E-06  1.889E-06  5.188E-06
                9.376E-06  6.395E-07  4.484E-07  3.660E-06  1.304E-06  4.145E-06
                2.919E-06  5.961E-06  4.175E-06  6.654E-06  9.297E-07  8.309E-07
                8.744E-06  1.001E-06  1.597E-06  1.041E-06  2.329E-06  9.532E-07
                3.114E-06  4.055E-06  2.082E-05  7.099E-06  1.206E-06  7.809E-07
                7.747E-07  7.550E-07  2.258E-06  1.530E-06  1.679E-06  8.235E-07
                8.259E-07  2.345E-06  6.364E-06  1.009E-05  1.523E-06  4.476E-07
                2.753E-07  1.320E-06  2.046E-06  2.122E-06  1.746E-06  3.945E-07
                5.821E-06  1.432E-06  4.481E-06  8.877E-07  1.793E-06  1.018E-05
                1.237E-05  8.285E-06  3.855E-06  5.128E-06  6.965E-06  1.908E-06
                2.457E-06  4.395E-06  1.858E-07  5.534E-08  2.480E-07  4.584E-07
                2.024E-06  2.030E-06  2.690E-06  5.246E-06  4.518E-06  1.500E-07
                2.024E-07  3.901E-07  3.007E-07  2.613E-06  7.000E-06
9.18981147E+01  1.116E-02  8.957E-03  4.361E-03  4.186E-03  5.941E-03  1.643E-05
                1.798E-02  3.686E-03  4.603E-05  2.326E-05  2.125E-04  3.502E-03
                6.398E-03  1.856E-04  1.769E-04  8.467E-07  2.917E-06  6.062E-06
                3.086E-06  5.592E-06  1.689E-06  3.699E-06  2.438E-06  2.901E-07
                5.877E-07  1.885E-06  2.887E-06  3.280E-06  3.719E-06  8.942E-06
                6.315E-06  1.116E-06  1.963E-05  6.691E-06  2.939E-06  2.614E-06
                4.409E-09  2.398E-06  8.437E-07  1.447E-05  7.776E-06  4.743E-06
                7.206E-06  2.114E-07  3.937E-07  6.910E-07  1.854E-07  8.331E-07
                3.623E-05  7.905E-07  8.985E-07  1.363E-06  1.883E-07  2.340E-06
                6.912E-06  4.103E-06  3.451E-06  1.031E-05  1.129E-05  3.275E-06
                1.161E-06  7.071E-09  1.517E-08  8.518E-10  2.278E-06  1.354E-06
                2.457E-07  5.642E-08  2.674E-06  2.627E-06  3.462E-06  4.094E-06
                7.048E-06  2.274E-06  9.308E-06  9.137E-07  1.752E-06  5.436E-07
                4.115E-06  1.642E-06  5.684E-06  4.640E-08  1.432E-06  1.815E-06
                2.562E-05  1.036E-05  1.745E-09  2.091E-09  1.053E-09  7.120E-10
                7.341E-10  1.915E-06  9.817E-07  3.971E-06  1.969E-06  8.733E-07
                2.979E-06  3.107E-07  9.340E-06  1.127E-05  2.650E-07  4.289E-07
                5.598E-07  7.923E-08  2.139E-07  4.382E-07  8.842E-07  8.851E-07
                7.422E-08  9.614E-08  3.181E-06  7.730E-06  2.907E-05  6.356E-06
                3.207E-07  7.604E-07  4.003E-06  3.787E-06  3.833E-07  5.374E-07
                4.235E-07  9.381E-07  1.943E-05  3.745E-07  2.147E-06  2.353E-06
                5.891E-06  6.965E-06  2.906E-05  6.703E-07  3.803E-06  4.004E-06
                5.185E-06  4.734E-07  4.690E-07  2.932E-07  2.882E-07  7.801E-07
                1.211E-06  1.315E-06  1.354E-08  6.900E-07  1.253E-06  3.530E-06
                6.518E-06  3.196E-07  2.748E-07  1.534E-06  5.388E-07  2.728E-06
                1.947E-06  4.054E-06  2.837E-06  4.565E-06  5.988E-07  4.736E-07
                6.183E-06  5.603E-07  8.899E-07  6.172E-07  1.372E-06  5.732E-07
                2.199E-06  2.666E-06  1.332E-05  4.963E-06  6.758E-07  4.158E-07
                4.381E-07  4.256E-07  1.594E-06  1.019E-06  1.109E-06  5.778E-07
                4.877E-07  1.645E-06  4.399E-06  6.855E-06  8.891E-07  3.372E-07
                1.865E-07  7.548E-07  1.074E-06  1.198E-06  8.842E-07  2.314E-07
                4.131E-06  8.935E-07  3.134E-06  6.005E-07  1.211E-06  7.443E-06
                9.012E-06  6.085E-06  2.175E-06  2.714E-06  3.325E-06  1.098E-06
                1.383E-06  2.425E-06  6.085E-08  1.760E-08  1.135E-07  2.563E-07
                1.567E-06  1.565E-06  2.054E-06  3.692E-06  3.003E-06  9.236E-08
                1.052E-07  2.745E-07  2.230E-07  1.921E-06  5.160E-06
1.05506115E+02  7.152E-03  5.732E-03  2.789E-03  2.676E-03  3.813E-03  1.029E-05
                1.340E-02  2.749E-03  3.089E-05  1.408E-05  1.604E-04  2.665E-03
                4.876E-03  1.235E-04  1.178E-04  5.660E-07  1.887E-06  3.691E-06
                2.048E-06  3.481E-06  1.108E-06  2.427E-06  1.615E-06  1.961E-07
                4.841E-07  1.542E-06  2.537E-06  2.087E-06  2.342E-06  5.662E-06
                3.858E-06  7.305E-07  1.118E-05  4.444E-06  1.837E-06  1.662E-06
                2.853E-09  1.404E-06  4.932E-07  8.432E-06  4.657E-06  2.807E-06
                4.267E-06  1.177E-07  2.224E-07  4.015E-07  1.501E-07  5.982E-07
                2.346E-05  6.512E-07  5.395E-07  1.077E-06  1.020E-07  1.944E-06
                4.130E-06  2.415E-06  2.112E-06  6.273E-06  8.197E-06  2.154E-06
                7.258E-07  5.377E-09  1.097E-08  6.075E-10  1.232E-06  7.529E-07
                1.892E-07  4.924E-08  1.771E-06  1.722E-06  2.248E-06  3.169E-06
                5.199E-06  1.706E-06  6.084E-06  5.166E-07  1.096E-06  2.934E-07
                2.836E-06  1.131E-06  3.909E-06  3.471E-08  9.035E-07  1.077E-06
                1.714E-05  6.932E-06  1.255E-09  1.458E-09  6.846E-10  4.947E-10
                4.848E-10  1.333E-06  6.913E-07  2.713E-06  1.549E-06  6.745E-07
                2.345E-06  2.146E-07  6.259E-06  7.572E-06  1.993E-07  3.226E-07
                4.188E-07  5.924E-08  1.550E-07  3.274E-07  6.551E-07  6.606E-07
                4.413E-08  6.712E-08  2.320E-06  5.651E-06  2.021E-05  4.417E-06
                2.218E-07  5.664E-07  2.868E-06  2.629E-06  2.871E-07  4.053E-07
                3.228E-07  6.956E-07  1.295E-05  2.895E-07  1.601E-06  1.604E-06
                4.008E-06  4.942E-06  2.061E-05  4.997E-07  2.781E-06  2.927E-06
                3.525E-06  2.953E-07  2.851E-07  1.664E-07  1.878E-07  4.793E-07
                7.439E-07  8.110E-07  1.295E-08  4.789E-07  8.766E-07  2.513E-06
                4.705E-06  1.728E-07  1.792E-07  8.476E-07  2.954E-07  1.861E-06
                1.336E-06  2.885E-06  2.019E-06  3.264E-06  4.071E-07  2.920E-07
                4.447E-06  3.400E-07  5.400E-07  3.952E-07  8.704E-07  4.063E-07
                1.598E-06  1.881E-06  9.307E-06  3.502E-06  4.440E-07  2.500E-07
                2.760E-07  2.730E-07  1.158E-06  7.168E-07  7.742E-07  4.205E-07
                3.198E-07  1.191E-06  3.160E-06  4.877E-06  5.860E-07  2.691E-07
                1.410E-07  4.708E-07  6.801E-07  7.438E-07  5.527E-07  1.450E-07
                3.041E-06  5.840E-07  2.291E-06  4.266E-07  8.838E-07  5.554E-06
                6.724E-06  4.572E-06  1.357E-06  1.654E-06  1.873E-06  6.837E-07
                8.647E-07  1.498E-06  3.093E-08  9.394E-09  6.176E-08  1.551E-07
                1.199E-06  1.197E-06  1.543E-06  2.713E-06  2.143E-06  6.199E-08
                6.303E-08  1.955E-07  1.662E-07  1.447E-06  3.892E-06
1.19114115E+02  4.877E-03  3.921E-03  1.909E-03  1.835E-03  2.605E-03  7.004E-06
                1.031E-02  2.115E-03  2.203E-05  9.330E-06  1.234E-04  2.059E-03
                3.770E-03  8.639E-05  8.244E-05  3.773E-07  1.262E-06  2.204E-06
                1.393E-06  2.116E-06  7.285E-07  1.592E-06  1.102E-06  1.407E-07
                3.895E-07  1.229E-06  2.065E-06  1.344E-06  1.487E-06  3.624E-06
                2.505E-06  4.801E-07  7.239E-06  3.044E-06  1.217E-06  1.089E-06
                1.798E-09  8.597E-07  3.026E-07  5.512E-06  3.099E-06  1.854E-06
                2.813E-06  7.339E-08  1.470E-07  2.740E-07  1.585E-07  4.733E-07
                1.630E-05  5.641E-07  3.306E-07  9.024E-07  6.025E-08  1.690E-06
                2.705E-06  1.589E-06  1.331E-06  3.906E-06  6.363E-06  1.585E-06
                4.837E-07  4.032E-09  7.254E-09  4.157E-10  7.602E-07  4.761E-07
                1.417E-07  4.022E-08  1.182E-06  1.136E-06  1.484E-06  2.250E-06
                3.926E-06  1.291E-06  4.010E-06  3.246E-07  7.293E-07  1.788E-07
                1.933E-06  7.747E-07  2.670E-06  2.632E-08  5.924E-07  6.894E-07
                1.229E-05  4.962E-06  9.437E-10  1.064E-09  4.639E-10  3.507E-10
                3.233E-10  9.213E-07  4.639E-07  1.893E-06  1.239E-06  5.299E-07
                1.884E-06  1.579E-07  4.518E-06  5.471E-06  1.485E-07  2.409E-07
                3.144E-07  4.273E-08  1.181E-07  2.353E-07  4.696E-07  4.818E-07
                3.827E-08  4.706E-08  1.543E-06  3.762E-06  1.533E-05  3.350E-06
                1.581E-07  4.251E-07  2.180E-06  1.975E-06  2.069E-07  3.089E-07
                2.428E-07  4.869E-07  9.244E-06  2.145E-07  1.174E-06  1.125E-06
                2.819E-06  3.798E-06  1.584E-05  3.743E-07  1.906E-06  2.000E-06
                2.494E-06  1.866E-07  1.776E-07  9.750E-08  1.219E-07  2.995E-07
                4.654E-07  5.098E-07  1.222E-08  3.436E-07  6.499E-07  1.889E-06
                3.576E-06  1.018E-07  1.288E-07  4.636E-07  1.616E-07  1.314E-06
                9.365E-07  2.172E-06  1.519E-06  2.464E-06  2.970E-07  1.991E-07
                3.395E-06  2.225E-07  3.582E-07  2.519E-07  5.443E-07  3.134E-07
                1.206E-06  1.425E-06  7.002E-06  2.345E-06  2.890E-07  1.543E-07
                1.808E-07  1.773E-07  8.051E-07  5.376E-07  5.779E-07  2.933E-07
                2.269E-07  9.073E-07  2.390E-06  3.653E-06  3.776E-07  2.175E-07
                1.084E-07  2.998E-07  4.292E-07  4.633E-07  3.468E-07  9.481E-08
                2.350E-06  3.896E-07  1.752E-06  2.930E-07  6.682E-07  4.315E-06
                5.238E-06  3.574E-06  8.959E-07  1.064E-06  1.059E-06  4.470E-07
                5.780E-07  9.805E-07  2.565E-08  9.233E-09  3.526E-08  9.720E-08
                9.493E-07  9.505E-07  1.211E-06  2.087E-06  1.608E-06  4.316E-08
                3.833E-08  1.440E-07  1.289E-07  1.133E-06  3.055E-06
1.32722115E+02  3.358E-03  2.695E-03  1.312E-03  1.260E-03  1.799E-03  4.692E-06
                8.039E-03  1.649E-03  1.592E-05  6.010E-06  9.760E-05  1.638E-03
                3.002E-03  6.112E-05  5.833E-05  2.695E-07  9.256E-07  1.409E-06
                1.005E-06  1.390E-06  4.934E-07  1.080E-06  8.448E-07  1.154E-07
                3.198E-07  9.818E-07  1.668E-06  9.181E-07  9.763E-07  2.406E-06
                1.686E-06  3.246E-07  4.852E-06  2.160E-06  8.275E-07  7.330E-07
                1.204E-09  5.499E-07  1.947E-07  3.599E-06  2.076E-06  1.220E-06
                1.856E-06  4.736E-08  9.771E-08  1.856E-07  1.353E-07  3.725E-07
                1.136E-05  4.672E-07  2.160E-07  7.345E-07  3.449E-08  1.404E-06
                1.779E-06  1.035E-06  8.750E-07  2.600E-06  4.948E-06  1.172E-06
                3.311E-07  3.288E-09  5.752E-09  3.020E-10  4.763E-07  3.092E-07
                1.034E-07  3.038E-08  8.344E-07  7.971E-07  1.039E-06  1.833E-06
                2.945E-06  9.766E-07  2.815E-06  2.103E-07  5.112E-07  1.101E-07
                1.405E-06  5.629E-07  1.941E-06  2.260E-08  4.092E-07  4.584E-07
                8.690E-06  3.507E-06  7.197E-10  7.947E-10  3.282E-10  2.542E-10
                2.348E-10  6.704E-07  3.387E-07  1.361E-06  9.940E-07  4.187E-07
                1.515E-06  1.228E-07  3.185E-06  3.862E-06  1.146E-07  1.843E-07
                2.396E-07  3.301E-08  9.253E-08  1.819E-07  3.640E-07  3.775E-07
                3.436E-08  3.749E-08  1.230E-06  2.998E-06  1.115E-05  2.437E-06
                1.170E-07  3.206E-07  1.618E-06  1.438E-06  1.558E-07  2.342E-07
                1.855E-07  3.673E-07  6.489E-06  1.727E-07  9.300E-07  8.019E-07
                2.005E-06  2.803E-06  1.169E-05  2.794E-07  1.505E-06  1.583E-06
                1.785E-06  1.347E-07  1.245E-07  6.314E-08  9.101E-08  2.197E-07
                3.412E-07  3.747E-07  9.043E-09  2.478E-07  4.899E-07  1.439E-06
                2.747E-06  5.932E-08  9.145E-08  3.593E-07  1.254E-07  9.375E-07
                6.707E-07  1.658E-06  1.160E-06  1.885E-06  2.205E-07  1.373E-07
                2.564E-06  1.498E-07  2.416E-07  1.765E-07  3.774E-07  2.443E-07
                9.052E-07  1.066E-06  5.261E-06  1.814E-06  2.202E-07  1.044E-07
                1.271E-07  1.287E-07  6.694E-07  4.078E-07  4.346E-07  2.456E-07
                1.655E-07  6.969E-07  1.829E-06  2.786E-06  2.810E-07  1.699E-07
                8.397E-08  2.081E-07  3.281E-07  3.224E-07  2.662E-07  6.504E-08
                1.776E-06  2.745E-07  1.329E-06  2.420E-07  5.306E-07  3.276E-06
                3.978E-06  2.724E-06  6.368E-07  7.748E-07  7.686E-07  3.073E-07
                4.059E-07  6.991E-07  2.153E-08  7.755E-09  2.180E-08  6.314E-08
                7.483E-07  7.501E-07  9.304E-07  1.611E-06  1.228E-06  3.156E-08
                2.749E-08  1.092E-07  1.002E-07  8.885E-07  2.391E-06
1.46330115E+02  2.490E-03  2.006E-03  9.767E-04  9.413E-04  1.335E-03  3.611E-06
                6.420E-03  1.316E-03  1.219E-05  4.410E-06  7.740E-05  1.301E-03
                2.385E-03  4.526E-05  4.318E-05  1.953E-07  7.328E-07  9.471E-07
                7.479E-07  9.208E-07  3.330E-07  7.264E-07  5.936E-07  8.555E-08
                2.737E-07  8.459E-07  1.437E-06  6.018E-07  6.322E-07  1.574E-06
                1.198E-06  2.190E-07  3.573E-06  1.601E-06  5.799E-07  4.975E-07
                7.621E-10  3.560E-07  1.275E-07  2.672E-06  1.560E-06  9.035E-07
                1.373E-06  3.503E-08  7.805E-08  1.519E-07  1.427E-07  3.133E-07
                8.528E-06  4.074E-07  1.431E-07  6.296E-07  2.531E-08  1.224E-06
                1.293E-06  7.650E-07  5.940E-07  1.741E-06  4.057E-06  9.474E-07
                2.434E-07  2.545E-09  3.797E-09  2.091E-10  3.425E-07  2.269E-07
                7.800E-08  2.431E-08  5.917E-07  5.570E-07  7.286E-07  1.275E-06
                2.303E-06  7.560E-07  1.966E-06  1.487E-07  3.672E-07  7.721E-08
                9.295E-07  3.755E-07  1.290E-06  1.759E-08  2.878E-07  3.233E-07
                6.590E-06  2.667E-06  5.672E-10  6.057E-10  2.287E-10  1.870E-10
                1.664E-10  4.469E-07  2.196E-07  9.362E-07  8.131E-07  3.383E-07
                1.244E-06  9.927E-08  2.441E-06  2.957E-06  8.561E-08  1.367E-07
                1.793E-07  2.305E-08  7.256E-08  1.311E-07  2.583E-07  2.745E-07
                3.569E-08  2.462E-08  7.704E-07  1.878E-06  9.199E-06  2.011E-06
                8.546E-08  2.466E-07  1.306E-06  1.171E-06  1.091E-07  1.805E-07
                1.364E-07  2.479E-07  4.786E-06  1.242E-07  6.781E-07  5.996E-07
                1.505E-06  2.334E-06  9.747E-06  2.044E-07  9.751E-07  1.018E-06
                1.254E-06  9.095E-08  8.330E-08  3.957E-08  6.231E-08  1.493E-07
                2.322E-07  2.558E-07  7.946E-09  1.900E-07  3.833E-07  1.135E-06
                2.180E-06  3.799E-08  7.182E-08  2.353E-07  8.336E-08  7.060E-07
                4.999E-07  1.308E-06  9.149E-07  1.489E-06  1.713E-07  1.029E-07
                2.034E-06  1.080E-07  1.773E-07  1.192E-07  2.481E-07  2.053E-07
                7.184E-07  8.775E-07  4.319E-06  1.149E-06  1.498E-07  6.790E-08
                8.830E-08  8.754E-08  4.433E-07  3.227E-07  3.422E-07  1.638E-07
                1.268E-07  5.540E-07  1.447E-06  2.186E-06  1.884E-07  1.393E-07
                6.633E-08  1.406E-07  2.240E-07  2.124E-07  1.825E-07  4.538E-08
                1.463E-06  1.931E-07  1.080E-06  1.601E-07  4.207E-07  2.677E-06
                3.281E-06  2.247E-06  4.533E-07  5.448E-07  4.755E-07  2.156E-07
                2.938E-07  4.958E-07  2.409E-08  9.276E-09  1.506E-08  4.401E-08
                6.037E-07  6.066E-07  7.447E-07  1.274E-06  9.520E-07  2.430E-08
                1.916E-08  8.423E-08  8.009E-08  7.098E-07  1.917E-06
1.59938115E+02  1.776E-03  1.431E-03  6.963E-04  6.722E-04  9.587E-04  2.211E-06
                5.281E-03  1.083E-03  9.160E-06  2.700E-06  6.494E-05  1.097E-03
                2.014E-03  3.462E-05  3.312E-05  1.495E-07  6.104E-07  6.649E-07
                5.825E-07  6.586E-07  2.270E-07  4.965E-07  4.703E-07  7.114E-08
                2.275E-07  6.912E-07  1.172E-06  4.263E-07  4.256E-07  1.070E-06
                8.508E-07  1.488E-07  2.497E-06  1.190E-06  4.028E-07  3.385E-07
                5.265E-10  2.426E-07  8.829E-08  1.825E-06  1.093E-06  6.139E-07
                9.385E-07  2.424E-08  5.566E-08  1.109E-07  1.198E-07  2.543E-07
                6.086E-06  3.436E-07  9.955E-08  5.253E-07  1.799E-08  1.032E-06
                8.827E-07  5.155E-07  4.012E-07  1.205E-06  3.288E-06  7.378E-07
                1.748E-07  2.155E-09  3.221E-09  1.628E-10  2.264E-07  1.570E-07
                5.581E-08  1.771E-08  4.246E-07  3.991E-07  5.192E-07  1.078E-06
                1.752E-06  5.717E-07  1.406E-06  1.001E-07  2.642E-07  4.921E-08
                6.932E-07  2.786E-07  9.610E-07  1.620E-08  2.030E-07  2.217E-07
                4.688E-06  1.899E-06  4.406E-10  4.608E-10  1.650E-10  1.377E-10
                1.264E-10  3.296E-07  1.663E-07  6.770E-07  6.549E-07  2.699E-07
                1.001E-06  7.508E-08  1.730E-06  2.100E-06  6.659E-08  1.042E-07
                1.351E-07  1.828E-08  5.880E-08  1.034E-07  2.039E-07  2.186E-07
                3.499E-08  2.073E-08  6.570E-07  1.600E-06  6.870E-06  1.502E-06
                6.489E-08  1.841E-07  9.833E-07  8.769E-07  8.351E-08  1.367E-07
                1.042E-07  1.923E-07  3.379E-06  1.036E-07  5.564E-07  4.380E-07
                1.096E-06  1.765E-06  7.372E-06  1.549E-07  8.156E-07  8.547E-07
                9.044E-07  7.033E-08  6.280E-08  2.763E-08  4.944E-08  1.188E-07
                1.848E-07  2.036E-07  5.411E-09  1.393E-07  2.964E-07  8.819E-07
                1.704E-06  2.329E-08  5.371E-08  2.034E-07  7.192E-08  5.164E-07
                3.682E-07  1.012E-06  7.093E-07  1.154E-06  1.340E-07  7.564E-08
                1.554E-06  7.701E-08  1.267E-07  8.598E-08  1.786E-07  1.648E-07
                5.471E-07  6.791E-07  3.373E-06  9.223E-07  1.209E-07  4.856E-08
                6.518E-08  6.706E-08  3.930E-07  2.482E-07  2.617E-07  1.463E-07
                9.572E-08  4.313E-07  1.123E-06  1.695E-06  1.472E-07  1.061E-07
                5.137E-08  1.021E-07  1.768E-07  1.568E-07  1.446E-07  3.296E-08
                1.140E-06  1.428E-07  8.446E-07  1.408E-07  3.487E-07  2.086E-06
                2.561E-06  1.758E-06  3.386E-07  4.247E-07  3.891E-07  1.542E-07
                2.151E-07  3.728E-07  1.644E-08  6.142E-09  1.007E-08  3.024E-08
                4.838E-07  4.868E-07  5.833E-07  1.009E-06  7.481E-07  1.759E-08
                1.425E-08  6.626E-08  6.390E-08  5.663E-07  1.534E-06
1.73546115E+02  1.398E-03  1.122E-03  5.463E-04  5.263E-04  7.484E-04  2.116E-06
                4.144E-03  8.498E-04  7.346E-06  2.348E-06  5.060E-05  8.554E-04
                1.571E-03  2.450E-05  2.333E-05  1.186E-07  5.291E-07  4.860E-07
                4.755E-07  4.703E-07  1.645E-07  3.584E-07  3.539E-07  5.824E-08
                1.635E-07  4.831E-07  7.866E-07  2.888E-07  2.804E-07  7.116E-07
                6.369E-07  1.079E-07  2.104E-06  8.399E-07  3.042E-07  2.425E-07
                3.377E-10  1.646E-07  5.979E-08  1.500E-06  8.828E-07  5.012E-07
                7.622E-07  2.011E-08  4.947E-08  9.901E-08  1.184E-07  2.269E-07
                4.913E-06  3.057E-07  7.144E-08  4.641E-07  1.690E-08  9.185E-07
                6.988E-07  4.197E-07  2.939E-07  8.602E-07  2.806E-06  6.289E-07
                1.408E-07  1.726E-09  2.079E-09  1.135E-10  1.739E-07  1.232E-07
                4.314E-08  1.418E-08  3.215E-07  2.988E-07  3.969E-07  7.351E-07
                1.367E-06  4.547E-07  1.057E-06  7.574E-08  2.061E-07  3.674E-08
                4.714E-07  1.929E-07  6.593E-07  1.023E-08  1.534E-07  1.676E-07
                3.834E-06  1.558E-06  3.504E-10  3.635E-10  1.251E-10  1.040E-10
                8.464E-11  2.287E-07  1.079E-07  4.958E-07  5.272E-07  2.152E-07
                8.137E-07  7.558E-08  1.426E-06  1.720E-06  5.215E-08  8.009E-08
                1.056E-07  1.303E-08  4.976E-08  7.840E-08  1.519E-07  1.677E-07
                3.710E-08  1.414E-08  3.987E-07  9.701E-07  5.695E-06  1.246E-06
                4.776E-08  1.515E-07  8.124E-07  7.208E-07  5.938E-08  1.087E-07
                7.774E-08  1.310E-07  2.690E-06  7.466E-08  4.074E-07  3.440E-07
                8.632E-07  1.475E-06  6.164E-06  1.093E-07  5.147E-07  5.342E-07
                6.779E-07  4.510E-08  4.049E-08  1.677E-08  3.174E-08  7.596E-08
                1.183E-07  1.309E-07  4.656E-09  1.140E-07  2.361E-07  7.061E-07
                1.369E-06  1.541E-08  4.105E-08  1.457E-07  5.292E-08  4.062E-07
                2.852E-07  8.138E-07  5.695E-07  9.279E-07  1.050E-07  5.862E-08
                1.267E-06  5.687E-08  9.501E-08  6.271E-08  1.233E-07  1.466E-07
                4.404E-07  5.641E-07  2.816E-06  6.008E-07  7.734E-08  3.097E-08
                4.522E-08  4.395E-08  2.581E-07  2.013E-07  2.120E-07  9.671E-08
                7.556E-08  3.485E-07  9.042E-07  1.356E-06  9.547E-08  8.885E-08
                4.108E-08  7.169E-08  1.311E-07  1.056E-07  1.082E-07  2.330E-08
                9.243E-07  1.018E-07  6.817E-07  9.532E-08  2.739E-07  1.667E-06
                2.063E-06  1.414E-06  2.498E-07  3.058E-07  2.411E-07  1.136E-07
                1.638E-07  2.747E-07  2.498E-08  9.655E-09  8.228E-09  2.277E-08
                3.888E-07  3.920E-07  4.626E-07  7.939E-07  5.777E-07  1.593E-08
                1.202E-08  5.157E-08  5.111E-08  4.507E-07  1.218E-06
1.87154115E+02  1.069E-03  8.675E-04  4.226E-04  4.110E-04  5.800E-04  1.230E-06
                3.746E-03  7.684E-04  5.911E-06  1.392E-06  4.591E-05  7.773E-04
                1.427E-03  2.199E-05  2.110E-05  9.397E-08  4.689E-07  4.008E-07
                3.798E-07  3.757E-07  1.075E-07  2.340E-07  2.505E-07  4.095E-08
                1.944E-07  6.103E-07  1.046E-06  1.971E-07  1.934E-07  4.932E-07
                4.929E-07  7.000E-08  1.366E-06  7.934E-07  2.003E-07  1.574E-07
                2.289E-10  1.140E-07  4.427E-08  1.064E-06  6.746E-07  3.426E-07
                5.261E-07  1.416E-08  3.589E-08  7.443E-08  9.737E-08  1.839E-07
                3.487E-06  2.610E-07  5.067E-08  3.920E-07  1.416E-08  7.810E-07
                4.847E-07  2.887E-07  1.965E-07  5.873E-07  2.345E-06  5.143E-07
                1.001E-07  1.461E-09  1.816E-09  8.979E-11  1.310E-07  9.433E-08
                3.036E-08  1.030E-08  2.220E-07  2.054E-07  2.677E-07  6.411E-07
                1.122E-06  3.512E-07  7.223E-07  5.532E-08  1.486E-07  2.633E-08
                3.175E-07  1.274E-07  4.420E-07  1.321E-08  1.061E-07  1.183E-07
                2.601E-06  1.068E-06  2.843E-10  2.756E-10  8.040E-11  7.804E-11
                7.419E-11  1.479E-07  7.893E-08  3.110E-07  4.516E-07  1.834E-07
                6.877E-07  4.380E-08  9.762E-07  1.180E-06  3.851E-08  5.805E-08
                7.506E-08  9.798E-09  3.859E-08  5.801E-08  1.111E-07  1.238E-07
                3.274E-08  1.087E-08  3.345E-07  8.128E-07  4.728E-06  1.032E-06
                3.923E-08  1.105E-07  6.493E-07  5.955E-07  4.358E-08  8.148E-08
                5.716E-08  9.672E-08  1.739E-06  6.187E-08  3.378E-07  2.562E-07
                6.394E-07  1.233E-06  5.158E-06  8.635E-08  4.264E-07  4.430E-07
                4.266E-07  3.938E-08  3.441E-08  1.331E-08  2.828E-08  6.910E-08
                1.075E-07  1.185E-07  3.019E-09  8.593E-08  1.895E-07  5.669E-07
                1.104E-06  1.100E-08  3.769E-08  1.153E-07  4.099E-08  3.027E-07
                2.169E-07  6.410E-07  4.508E-07  7.335E-07  9.069E-08  4.961E-08
                9.774E-07  4.781E-08  8.110E-08  4.398E-08  8.944E-08  1.178E-07
                3.558E-07  4.762E-07  2.376E-06  4.284E-07  6.909E-08  2.410E-08
                3.608E-08  3.704E-08  2.192E-07  1.578E-07  1.648E-07  8.278E-08
                5.947E-08  2.776E-07  7.185E-07  1.073E-06  8.027E-08  6.771E-08
                3.191E-08  5.327E-08  9.462E-08  8.163E-08  7.723E-08  1.883E-08
                7.991E-07  8.126E-08  5.823E-07  7.637E-08  2.386E-07  1.441E-06
                1.796E-06  1.232E-06  1.919E-07  2.455E-07  2.045E-07  8.386E-08
                1.221E-07  2.109E-07  1.106E-08  4.242E-09  5.370E-09  1.650E-08
                3.241E-07  3.265E-07  3.812E-07  6.561E-07  4.724E-07  1.046E-08
                7.913E-09  4.285E-08  4.246E-08  3.728E-07  1.020E-06
2.00762115E+02  7.555E-04  6.049E-04  2.963E-04  2.846E-04  4.072E-04  8.636E-07
                2.871E-03  5.890E-04  4.497E-06  9.761E-07  3.631E-05  6.190E-04
                1.139E-03  1.433E-05  1.368E-05  8.139E-08  4.210E-07  2.630E-07
                3.432E-07  2.713E-07  8.618E-08  1.880E-07  2.317E-07  4.211E-08
                8.643E-08  2.294E-07  3.337E-07  1.539E-07  1.299E-07  3.340E-07
                3.387E-07  5.623E-08  1.186E-06  4.097E-07  1.588E-07  1.176E-07
                1.635E-10  8.882E-08  3.265E-08  7.624E-07  4.476E-07  2.530E-07
                3.848E-07  1.093E-08  3.086E-08  6.552E-08  9.240E-08  1.735E-07
                2.633E-06  2.455E-07  3.796E-08  3.674E-07  1.352E-08  7.368E-07
                3.496E-07  2.081E-07  1.432E-07  4.252E-07  2.117E-06  4.471E-07
                8.541E-08  1.289E-09  1.295E-09  6.894E-11  7.949E-08  6.222E-08
                2.220E-08  7.571E-09  1.718E-07  1.596E-07  2.156E-07  4.668E-07
                7.903E-07  2.716E-07  5.631E-07  3.579E-08  1.159E-07  1.477E-08
                2.776E-07  1.136E-07  3.890E-07  6.211E-09  7.940E-08  8.212E-08
                2.109E-06  8.551E-07  2.126E-10  2.184E-10  7.286E-11  5.795E-11
                4.223E-11  1.338E-07  6.145E-08  2.870E-07  3.304E-07  1.324E-07
                5.143E-07  5.955E-08  7.759E-07  9.364E-07  3.292E-08  4.721E-08
                6.166E-08  7.995E-09  3.804E-08  5.057E-08  9.477E-08  1.070E-07
                3.964E-08  9.862E-09  2.539E-07  6.166E-07  3.281E-06  7.187E-07
                2.627E-08  9.456E-08  4.833E-07  4.177E-07  3.463E-08  6.456E-08
                4.487E-08  7.737E-08  1.518E-06  5.198E-08  2.640E-07  1.883E-07
                4.705E-07  8.702E-07  3.636E-06  6.142E-08  3.247E-07  3.371E-07
                4.007E-07  2.334E-08  2.072E-08  7.603E-09  1.674E-08  4.064E-08
                6.329E-08  7.028E-08  2.463E-09  6.959E-08  1.429E-07  4.287E-07
                8.366E-07  6.358E-09  2.244E-08  1.076E-07  3.971E-08  2.226E-07
                1.564E-07  4.893E-07  3.424E-07  5.591E-07  6.731E-08  3.485E-08
                7.725E-07  2.981E-08  4.991E-08  3.576E-08  6.688E-08  1.036E-07
                2.598E-07  3.462E-07  1.768E-06  3.662E-07  4.192E-08  1.483E-08
                2.354E-08  2.279E-08  1.789E-07  1.203E-07  1.272E-07  6.760E-08
                4.429E-08  2.121E-07  5.464E-07  8.157E-07  4.949E-08  5.458E-08
                2.549E-08  3.877E-08  8.426E-08  5.807E-08  7.031E-08  1.258E-08
                5.625E-07  5.651E-08  4.188E-07  6.756E-08  1.810E-07  1.002E-06
                1.244E-06  8.540E-07  1.389E-07  1.789E-07  1.435E-07  5.998E-08
                9.140E-08  1.544E-07  1.873E-08  7.100E-09  4.582E-09  1.197E-08
                2.487E-07  2.512E-07  2.842E-07  4.944E-07  3.509E-07  9.651E-09
                7.462E-09  3.200E-08  3.273E-08  2.839E-07  7.668E-07
