          16           7
         215          13           1           1
           0          -4           0          -4           0          -6           0          -2           0          -4           0           6           0           4           0           2           0           4           0           6           0           2           0           4           0           2           0          -4           0          -2           0           2           0           4           0           6           0           2           0           4           0           6           0           4           0          -2           0          -2           0          -4           0          -6           0          -8           0          -2           0          -4           0          -6           0          -4           0           2           0          -4           0          -6           0          -2           0          -4           0          -6           0          -6           0          -8           0          -4           0          -6           0          -2           0          -4           0           4           0           6           0           8           0          10           0           4           0          -4           0           2           0           6           0           4           0           8           0           2           0          -4           0          -2           0           6           0           6           0           4           0           2           0           8           0           4           0           6           0           8           0           4           0           6           0           8           0          10           0           4           0           6           0           8           0           6           0           4           0           2           0           6           0           2           0           4           0           2           0          -4           0          -2           0          -6           0          -8           0           6           0           4           0          -4           0          -6           0          -2           0          -4           0          -6           0          -8           0         -10           0          -2           0          -4           0          -6           0          -4           0          -2           0          -6           0          -8           0          -2           0          -4           0           2           0           4           0           6           0           8           0           4           0           4           0           6           0           8           0           2           0          10           0           8           0           6           0           4           0           2           0           6           0           6           0           4           0           4           0           2           0           4           0           6           0           8           0          -4           0           2           0           4           0          -6           0          -4           0           2           0           4           0           6           0           4           0           6           0          -2           0          -4           0          -6           0          -8           0         -10           0          -6           0          -8           0         -10           0         -12           0           2           0          -2           0          -4           0          -6           0          -8           0          -2           0          -8           0         -10           0          -4           0          -2           0          -6           0          -4           0          -2           0          -4           0          -2           0          -4           0          -6           0          -4           0          -8           0          -6           0           2           0           4           0           2           0           4           0           6           0         -10           0          -8           0          -6           0          -4           0           6           0          -2           0          -4           0           8           0          -6           0          -2           0          -4           0          -6           0          -8           0           4           0           6           0          -4           0          -6           0          -6           0          -8           0          -2           0           2           0          -4           0           4           0           6           0           4           0           4           0           2           0           2           0          -4           0          -6           0          -8           0          -2           0          -4           0          -6           0          -8           0         -10           0          -8           0          -6           0          -4           0          -2           0          -2           0          -4           0          -6           0          -6           0          -8           0          -4           0          -2           0          -6           0          -4
    0.000000E+00    9.645106E-03    9.843162E-03    1.435602E-02    1.458263E-02
    4.247197E-02    4.320385E-02    4.360158E-02    5.944295E-02    5.948713E-02
    6.922989E-02    7.316769E-02    7.411300E-02    1.134727E-01    1.147319E-01
    2.354040E-01    2.358931E-01    2.366026E-01    2.382857E-01    2.391328E-01
    2.438023E-01    2.438287E-01    2.461520E-01    2.471700E-01    2.474363E-01
    2.479076E-01    2.485433E-01    2.486026E-01    2.487216E-01    2.491410E-01
    2.502551E-01    2.507374E-01    2.510783E-01    2.511300E-01    2.524691E-01
    2.524772E-01    2.554279E-01    2.561102E-01    2.563381E-01    2.591442E-01
    2.591854E-01    2.609226E-01    2.615363E-01    2.619649E-01    2.622131E-01
    2.625883E-01    2.631076E-01    2.632646E-01    2.633261E-01    2.634365E-01
    2.637297E-01    2.638533E-01    2.640096E-01    2.643758E-01    2.644930E-01
    2.645338E-01    2.648466E-01    2.652759E-01    2.655531E-01    2.656939E-01
    2.657640E-01    2.676748E-01    2.677713E-01    2.679166E-01    2.688115E-01
    2.690337E-01    2.711118E-01    2.712141E-01    2.720014E-01    2.721113E-01
    2.724223E-01    2.724984E-01    2.725578E-01    2.726085E-01    2.727219E-01
    2.737570E-01    2.740430E-01    2.746587E-01    2.763855E-01    2.763956E-01
    2.763957E-01    2.764682E-01    2.789238E-01    2.791446E-01    2.808157E-01
    2.808428E-01    2.816082E-01    2.816156E-01    2.816277E-01    2.816445E-01
    2.816660E-01    2.832213E-01    2.832636E-01    2.833497E-01    2.872720E-01
    2.872722E-01    2.872783E-01    2.873017E-01    2.873787E-01    2.874354E-01
    2.875828E-01    2.876419E-01    2.877951E-01    2.879672E-01    2.884374E-01
    2.885530E-01    2.886000E-01    2.886971E-01    2.887362E-01    2.888178E-01
    2.901974E-01    2.902310E-01    2.934227E-01    2.936053E-01    2.936679E-01
    2.948139E-01    2.948751E-01    2.949134E-01    2.954910E-01    2.955387E-01
    2.955818E-01    2.956302E-01    2.974080E-01    2.974265E-01    2.978254E-01
    2.979930E-01    2.980044E-01    2.981863E-01    2.981951E-01    2.982014E-01
    2.986863E-01    2.989406E-01    2.997979E-01    3.013547E-01    3.014398E-01
    3.015665E-01    3.017420E-01    3.025165E-01    3.025355E-01    3.025686E-01
    3.026262E-01    3.032771E-01    3.036433E-01    3.036673E-01    3.036996E-01
    3.037196E-01    3.041292E-01    3.046134E-01    3.046301E-01    3.048276E-01
    3.048611E-01    3.049614E-01    3.051740E-01    3.052844E-01    3.060373E-01
    3.062721E-01    3.065126E-01    3.067251E-01    3.072820E-01    3.083217E-01
    3.083847E-01    3.085481E-01    3.086063E-01    3.093086E-01    3.093690E-01
    3.093750E-01    3.093804E-01    3.094500E-01    3.095030E-01    3.095365E-01
    3.096086E-01    3.096683E-01    3.098305E-01    3.098337E-01    3.100372E-01
    3.110986E-01    3.111053E-01    3.111248E-01    3.111449E-01    3.124031E-01
    3.124222E-01    3.126400E-01    3.132139E-01    3.132929E-01    3.134326E-01
    3.163175E-01    3.165548E-01    3.167011E-01    3.167161E-01    3.173537E-01
    3.174815E-01    3.194473E-01    3.198310E-01    3.206567E-01    3.235572E-01
    3.235827E-01    3.236877E-01    3.236885E-01    3.238034E-01    3.239013E-01
    3.239634E-01    3.240075E-01    3.245628E-01    3.245933E-01    3.263728E-01
    3.264517E-01    3.271738E-01    3.284075E-01    3.287843E-01    3.314323E-01
    3.314556E-01    3.324856E-01    3.325179E-01    3.327131E-01    3.333147E-01
           0           2           0           1
  -27.940514715248785               13
2.86209147E+01  4.059E-01
4.22289147E+01  1.122E-01  8.864E-02  4.403E-02  4.133E-02  5.858E-02  2.140E-04
                7.424E-02  1.524E-02  4.018E-04  2.767E-04  9.237E-04  1.300E-02
                2.270E-02  1.458E-03  1.369E-03
5.58369147E+01  4.974E-02  4.016E-02  1.957E-02  1.881E-02  2.665E-02  7.484E-05
                4.713E-02  9.663E-03  1.774E-04  1.119E-04  5.426E-04  8.579E-03
                1.557E-02  7.416E-04  7.056E-04  2.762E-06  1.427E-05  3.047E-05
                1.020E-05  2.363E-05  4.219E-06  9.185E-06  1.576E-05  2.358E-06
                3.154E-06  8.427E-06  1.006E-05  1.485E-05  1.497E-05  3.818E-05
                3.533E-05  2.792E-06  1.565E-04  3.292E-05  1.501E-05  1.161E-05
                1.494E-08  1.511E-05  5.559E-06  8.974E-05  4.626E-05  2.896E-05
                4.463E-05  1.910E-06  3.415E-06  5.293E-06  6.723E-07  4.574E-06
                1.502E-04  3.296E-06  5.236E-06  6.440E-06  1.499E-06  9.570E-06
                4.013E-05  2.484E-05  1.999E-05  6.750E-05  6.575E-05  2.991E-05
                6.933E-06  2.022E-08  5.050E-08  1.620E-09  2.903E-05  1.584E-05
                4.679E-07  6.043E-09  1.171E-05  1.114E-05  1.531E-05  1.363E-05
                1.593E-05  5.159E-06  4.012E-05  9.904E-06  1.260E-05  6.526E-06
                1.124E-05  4.647E-06  1.625E-05  4.360E-07  8.776E-06  1.558E-05
                8.908E-05  3.534E-05  6.243E-09  7.715E-09  4.415E-09  2.262E-09
                3.948E-09  4.544E-06  1.677E-06  1.178E-05  3.776E-06  1.564E-06
                6.216E-06  1.841E-06  3.155E-05  3.837E-05  1.214E-06  1.438E-06
                1.650E-06  3.688E-07  2.571E-06  1.917E-06  3.424E-06  3.633E-06
                4.134E-06  1.805E-07  1.061E-05  2.545E-05  1.040E-04  2.322E-05
                8.929E-07  2.350E-06  1.377E-05  1.391E-05  1.043E-06  1.590E-06
                1.215E-06  2.601E-06  6.610E-05  1.333E-06  7.975E-06  6.544E-06
                1.691E-05  2.335E-05  9.734E-05  3.256E-06  1.158E-05  1.234E-05
                1.485E-05  3.111E-06  3.421E-06  2.646E-06  1.598E-06  4.905E-06
                7.592E-06  8.161E-06  5.057E-09  2.428E-06  5.392E-06  1.413E-05
                2.395E-05  2.827E-06  1.218E-06  1.985E-05  7.244E-06  7.825E-06
                5.000E-06  1.624E-05  1.138E-05  1.750E-05  2.211E-06  2.852E-06
                1.964E-05  3.408E-06  5.585E-06  3.211E-06  6.834E-06  3.936E-06
                7.119E-06  1.008E-05  5.594E-05  1.778E-05  3.975E-06  3.228E-06
                2.931E-06  2.736E-06  5.672E-06  4.550E-06  5.102E-06  2.124E-06
                3.392E-06  5.735E-06  1.628E-05  2.680E-05  4.990E-06  1.228E-06
                9.115E-07  4.462E-06  9.452E-06  7.095E-06  8.565E-06  1.236E-06
                1.097E-05  3.556E-06  9.280E-06  2.473E-06  4.623E-06  1.896E-05
                2.199E-05  1.441E-05  1.369E-05  2.048E-05  2.946E-05  6.719E-06
                9.769E-06  1.639E-05  2.123E-06  7.148E-07  1.131E-06  1.347E-06
                2.310E-06  2.468E-06  3.244E-06  1.321E-05  1.259E-05  5.553E-07
                8.963E-07  6.438E-07  5.530E-07  5.063E-06  1.358E-05
6.94449147E+01  2.631E-02  2.114E-02  1.030E-02  9.889E-03  1.402E-02  3.939E-05
                3.148E-02  6.454E-03  9.973E-05  5.802E-05  3.669E-04  5.930E-03
                1.080E-02  4.113E-04  3.915E-04  1.744E-06  7.169E-06  1.571E-05
                6.478E-06  1.348E-05  3.260E-06  7.151E-06  6.382E-06  8.169E-07
                1.310E-06  4.028E-06  5.367E-06  7.715E-06  8.454E-06  2.068E-05
                1.673E-05  2.161E-06  6.187E-05  1.622E-05  7.367E-06  6.127E-06
                9.478E-09  6.797E-06  2.426E-06  4.066E-05  2.127E-05  1.318E-05
                2.016E-05  7.117E-07  1.302E-06  2.155E-06  3.563E-07  1.792E-06
                8.275E-05  1.221E-06  2.419E-06  2.345E-06  5.269E-07  3.540E-06
                1.872E-05  1.136E-05  9.431E-06  2.900E-05  2.483E-05  9.439E-06
                3.157E-06  1.264E-08  3.059E-08  1.399E-09  8.792E-06  4.977E-06
                3.554E-07  3.887E-08  6.319E-06  6.205E-06  8.305E-06  7.297E-06
                1.160E-05  3.595E-06  2.217E-05  3.196E-06  4.859E-06  2.057E-06
                7.580E-06  3.051E-06  1.063E-05  1.471E-07  3.805E-06  5.677E-06
                5.343E-05  2.159E-05  3.405E-09  4.243E-09  2.314E-09  1.440E-09
                1.957E-09  3.331E-06  1.613E-06  7.475E-06  3.023E-06  1.353E-06
                4.658E-06  7.636E-07  1.922E-05  2.318E-05  5.021E-07  7.413E-07
                9.551E-07  1.462E-07  6.036E-07  8.475E-07  1.650E-06  1.660E-06
                6.636E-07  1.564E-07  6.026E-06  1.451E-05  5.934E-05  1.307E-05
                6.196E-07  1.309E-06  7.726E-06  7.811E-06  6.292E-07  9.054E-07
                6.929E-07  1.580E-06  3.965E-05  6.368E-07  4.089E-06  4.708E-06
                1.191E-05  1.370E-05  5.729E-05  1.307E-06  6.824E-06  7.181E-06
                9.826E-06  1.438E-06  1.472E-06  1.020E-06  8.233E-07  2.457E-06
                3.842E-06  4.160E-06  1.503E-08  1.389E-06  2.682E-06  7.268E-06
                1.293E-05  1.088E-06  6.621E-07  7.132E-06  2.615E-06  5.479E-06
                3.789E-06  8.411E-06  5.895E-06  9.290E-06  1.272E-06  1.275E-06
                1.138E-05  1.508E-06  2.515E-06  1.607E-06  3.519E-06  1.499E-06
                4.106E-06  5.567E-06  2.935E-05  9.662E-06  2.057E-06  1.303E-06
                1.258E-06  1.255E-06  3.100E-06  2.231E-06  2.430E-06  1.135E-06
                1.303E-06  3.215E-06  8.926E-06  1.441E-05  2.457E-06  5.875E-07
                4.021E-07  2.010E-06  3.644E-06  3.312E-06  3.161E-06  6.078E-07
                7.363E-06  2.038E-06  5.810E-06  1.279E-06  2.494E-06  1.262E-05
                1.532E-05  1.017E-05  6.062E-06  8.603E-06  1.246E-05  2.950E-06
                3.959E-06  7.202E-06  4.604E-07  1.480E-07  4.508E-07  6.922E-07
                2.373E-06  2.406E-06  3.133E-06  7.058E-06  6.432E-06  2.458E-07
                3.623E-07  5.068E-07  3.842E-07  3.415E-06  9.168E-06
8.30529147E+01  1.524E-02  1.222E-02  5.947E-03  5.705E-03  8.111E-03  2.250E-05
                2.212E-02  4.536E-03  6.079E-05  3.221E-05  2.611E-04  4.277E-03
                7.806E-03  2.491E-04  2.374E-04  1.141E-06  4.153E-06  8.908E-06
                4.139E-06  8.003E-06  2.219E-06  4.862E-06  3.346E-06  3.962E-07
                7.714E-07  2.486E-06  3.664E-06  4.483E-06  5.071E-06  1.223E-05
                8.985E-06  1.466E-06  2.916E-05  9.244E-06  4.074E-06  3.564E-06
                5.992E-09  3.503E-06  1.240E-06  2.080E-05  1.107E-05  6.795E-06
                1.036E-05  3.290E-07  6.025E-07  1.034E-06  2.192E-07  1.047E-06
                4.892E-05  8.767E-07  1.310E-06  1.576E-06  2.715E-07  2.574E-06
                9.858E-06  5.872E-06  5.004E-06  1.513E-05  1.442E-05  4.559E-06
                1.659E-06  8.764E-09  2.003E-08  1.074E-09  3.608E-06  2.104E-06
                2.892E-07  5.784E-08  3.692E-06  3.631E-06  4.778E-06  5.052E-06
                8.531E-06  2.720E-06  1.286E-05  1.395E-06  2.464E-06  8.600E-07
                5.163E-06  2.061E-06  7.152E-06  6.474E-08  2.022E-06  2.686E-06
                3.340E-05  1.355E-05  2.210E-09  2.694E-09  1.405E-09  9.144E-10
                1.056E-09  2.353E-06  1.221E-06  4.965E-06  2.321E-06  1.041E-06
                3.510E-06  4.214E-07  1.215E-05  1.466E-05  3.228E-07  5.112E-07
                6.662E-07  9.577E-08  2.768E-07  5.474E-07  1.090E-06  1.086E-06
                1.421E-07  1.115E-07  4.000E-06  9.705E-06  3.742E-05  8.193E-06
                4.059E-07  9.293E-07  5.041E-06  4.897E-06  4.567E-07  6.408E-07
                4.954E-07  1.137E-06  2.499E-05  4.451E-07  2.654E-06  3.109E-06
                7.783E-06  8.857E-06  3.699E-05  8.189E-07  4.680E-06  4.916E-06
                6.502E-06  7.120E-07  7.106E-07  4.589E-07  4.243E-07  1.200E-06
                1.863E-06  2.018E-06  1.327E-08  8.999E-07  1.623E-06  4.503E-06
                8.209E-06  4.937E-07  3.711E-07  2.760E-06  9.789E-07  3.602E-06
                2.565E-06  5.172E-06  3.623E-06  5.796E-06  7.836E-07  6.656E-07
                7.658E-06  8.055E-07  1.278E-06  8.699E-07  1.944E-06  7.720E-07
                2.738E-06  3.457E-06  1.754E-05  6.237E-06  9.910E-07  6.213E-07
                6.285E-07  6.162E-07  1.984E-06  1.315E-06  1.435E-06  7.215E-07
                6.766E-07  2.062E-06  5.564E-06  8.760E-06  1.267E-06  4.000E-07
                2.376E-07  1.084E-06  1.641E-06  1.741E-06  1.381E-06  3.242E-07
                5.142E-06  1.212E-06  3.930E-06  7.663E-07  1.550E-06  9.093E-06
                1.105E-05  7.424E-06  3.124E-06  4.076E-06  5.397E-06  1.555E-06
                1.981E-06  3.535E-06  1.236E-07  3.578E-08  1.933E-07  3.791E-07
                1.841E-06  1.842E-06  2.430E-06  4.574E-06  3.851E-06  1.265E-07
                1.621E-07  3.444E-07  2.690E-07  2.318E-06  6.220E-06
9.66609147E+01  9.509E-03  7.628E-03  3.713E-03  3.566E-03  5.066E-03  1.361E-05
                1.624E-02  3.330E-03  3.972E-05  1.925E-05  1.928E-04  3.188E-03
                5.826E-03  1.620E-04  1.546E-04  7.312E-07  2.503E-06  5.109E-06
                2.654E-06  4.724E-06  1.445E-06  3.161E-06  2.033E-06  2.400E-07
                5.491E-07  1.774E-06  2.806E-06  2.752E-06  3.128E-06  7.531E-06
                5.255E-06  9.534E-07  1.584E-05  5.751E-06  2.465E-06  2.208E-06
                3.750E-09  1.967E-06  6.915E-07  1.187E-05  6.436E-06  3.919E-06
                5.959E-06  1.712E-07  3.218E-07  5.729E-07  1.815E-07  7.386E-07
                3.099E-05  7.498E-07  7.452E-07  1.266E-06  1.542E-07  2.226E-06
                5.737E-06  3.387E-06  2.891E-06  8.561E-06  1.011E-05  2.810E-06
                9.844E-07  6.297E-09  1.309E-08  7.573E-10  1.808E-06  1.084E-06
                2.267E-07  5.545E-08  2.298E-06  2.246E-06  2.949E-06  3.648E-06
                6.330E-06  2.052E-06  7.948E-06  7.336E-07  1.456E-06  4.312E-07
                3.532E-06  1.411E-06  4.877E-06  4.012E-08  1.204E-06  1.492E-06
                2.222E-05  8.990E-06  1.529E-09  1.814E-09  8.920E-10  6.233E-10
                6.226E-10  1.651E-06  8.469E-07  3.417E-06  1.788E-06  7.896E-07
                2.703E-06  2.670E-07  8.119E-06  9.816E-06  2.369E-07  3.830E-07
                4.997E-07  7.017E-08  1.885E-07  3.886E-07  7.786E-07  7.819E-07
                6.101E-08  8.093E-08  2.733E-06  6.649E-06  2.578E-05  5.637E-06
                2.779E-07  6.857E-07  3.575E-06  3.354E-06  3.424E-07  4.860E-07
                3.822E-07  8.298E-07  1.685E-05  3.351E-07  1.903E-06  2.050E-06
                5.137E-06  6.223E-06  2.596E-05  6.026E-07  3.290E-06  3.455E-06
                4.488E-06  3.902E-07  3.841E-07  2.355E-07  2.408E-07  6.368E-07
                9.892E-07  1.076E-06  1.454E-08  6.088E-07  1.091E-06  3.090E-06
                5.735E-06  2.585E-07  2.354E-07  1.173E-06  4.109E-07  2.381E-06
                1.698E-06  3.540E-06  2.476E-06  3.995E-06  5.208E-07  3.984E-07
                5.474E-06  4.666E-07  7.428E-07  5.156E-07  1.142E-06  5.095E-07
                1.960E-06  2.368E-06  1.178E-05  4.219E-06  5.619E-07  3.404E-07
                3.653E-07  3.543E-07  1.356E-06  8.866E-07  9.650E-07  4.914E-07
                4.141E-07  1.449E-06  3.862E-06  5.991E-06  7.403E-07  3.133E-07
                1.683E-07  6.257E-07  8.670E-07  9.885E-07  7.099E-07  1.942E-07
                3.737E-06  7.603E-07  2.817E-06  5.067E-07  1.072E-06  6.753E-06
                8.186E-06  5.543E-06  1.806E-06  2.212E-06  2.589E-06  9.159E-07
                1.155E-06  2.001E-06  4.485E-08  1.344E-08  9.189E-08  2.153E-07
                1.422E-06  1.420E-06  1.860E-06  3.300E-06  2.648E-06  7.945E-08
                8.496E-08  2.415E-07  2.004E-07  1.730E-06  4.664E-06
1.10268915E+02  6.226E-03  4.992E-03  2.429E-03  2.331E-03  3.317E-03  9.250E-06
                1.211E-02  2.483E-03  2.748E-05  1.240E-05  1.450E-04  2.412E-03
                4.415E-03  1.068E-04  1.018E-04  4.896E-07  1.595E-06  3.006E-06
                1.787E-06  2.888E-06  9.697E-07  2.124E-06  1.449E-06  1.814E-07
                4.259E-07  1.334E-06  2.198E-06  1.811E-06  2.011E-06  4.874E-06
                3.307E-06  6.398E-07  9.669E-06  3.830E-06  1.602E-06  1.444E-06
                2.438E-09  1.185E-06  4.153E-07  7.256E-06  4.021E-06  2.424E-06
                3.677E-06  9.832E-08  1.891E-07  3.443E-07  1.478E-07  5.538E-07
                2.063E-05  6.201E-07  4.529E-07  1.014E-06  8.422E-08  1.855E-06
                3.551E-06  2.081E-06  1.791E-06  5.293E-06  7.469E-06  1.919E-06
                6.255E-07  4.902E-09  9.654E-09  5.279E-10  1.029E-06  6.351E-07
                1.703E-07  4.539E-08  1.536E-06  1.492E-06  1.957E-06  2.867E-06
                4.717E-06  1.558E-06  5.281E-06  4.387E-07  9.611E-07  2.440E-07
                2.540E-06  1.015E-06  3.503E-06  3.091E-08  7.831E-07  9.210E-07
                1.529E-05  6.173E-06  1.132E-09  1.311E-09  6.073E-10  4.394E-10
                4.136E-10  1.204E-06  6.139E-07  2.450E-06  1.428E-06  6.175E-07
                2.168E-06  1.947E-07  5.586E-06  6.754E-06  1.813E-07  2.942E-07
                3.830E-07  5.387E-08  1.433E-07  2.940E-07  5.929E-07  6.012E-07
                4.045E-08  6.316E-08  2.081E-06  5.068E-06  1.803E-05  3.939E-06
                2.001E-07  5.182E-07  2.585E-06  2.342E-06  2.590E-07  3.695E-07
                2.948E-07  6.238E-07  1.159E-05  2.661E-07  1.456E-06  1.405E-06
                3.513E-06  4.427E-06  1.845E-05  4.526E-07  2.517E-06  2.652E-06
                3.182E-06  2.492E-07  2.395E-07  1.371E-07  1.599E-07  4.017E-07
                6.235E-07  6.807E-07  1.224E-08  4.259E-07  7.865E-07  2.267E-06
                4.265E-06  1.419E-07  1.592E-07  6.740E-07  2.342E-07  1.631E-06
                1.169E-06  2.612E-06  1.826E-06  2.957E-06  3.642E-07  2.549E-07
                4.046E-06  2.923E-07  4.666E-07  3.393E-07  7.424E-07  3.655E-07
                1.439E-06  1.676E-06  8.274E-06  3.167E-06  3.811E-07  2.105E-07
                2.373E-07  2.342E-07  1.067E-06  6.468E-07  6.973E-07  3.876E-07
                2.818E-07  1.080E-06  2.858E-06  4.400E-06  5.039E-07  2.487E-07
                1.279E-07  4.024E-07  5.820E-07  6.301E-07  4.709E-07  1.248E-07
                2.725E-06  5.065E-07  2.056E-06  3.914E-07  7.986E-07  5.001E-06
                6.044E-06  4.114E-06  1.171E-06  1.412E-06  1.542E-06  5.882E-07
                7.469E-07  1.288E-06  2.844E-08  9.195E-09  4.872E-08  1.288E-07
                1.106E-06  1.105E-06  1.414E-06  2.465E-06  1.931E-06  5.464E-08
                5.306E-08  1.755E-07  1.519E-07  1.328E-06  3.566E-06
1.23876915E+02  4.268E-03  3.432E-03  1.670E-03  1.607E-03  2.285E-03  5.855E-06
                9.509E-03  1.950E-03  1.952E-05  7.805E-06  1.144E-04  1.914E-03
                3.506E-03  7.767E-05  7.422E-05  3.342E-07  1.148E-06  1.936E-06
                1.233E-06  1.852E-06  6.248E-07  1.366E-06  9.715E-07  1.250E-07
                3.905E-07  1.238E-06  2.111E-06  1.156E-06  1.273E-06  3.115E-06
                2.172E-06  4.114E-07  6.115E-06  2.756E-06  1.045E-06  9.359E-07
                1.558E-09  7.290E-07  2.580E-07  4.677E-06  2.670E-06  1.579E-06
                2.402E-06  6.243E-08  1.258E-07  2.361E-07  1.493E-07  4.307E-07
                1.425E-05  5.281E-07  2.814E-07  8.378E-07  4.894E-08  1.584E-06
                2.312E-06  1.349E-06  1.138E-06  3.349E-06  5.811E-06  1.417E-06
                4.179E-07  3.731E-09  6.650E-09  3.735E-10  6.390E-07  4.041E-07
                1.275E-07  3.700E-08  1.037E-06  9.915E-07  1.288E-06  2.088E-06
                3.561E-06  1.166E-06  3.496E-06  2.744E-07  6.297E-07  1.494E-07
                1.680E-06  6.724E-07  2.319E-06  2.615E-08  5.134E-07  5.895E-07
                1.075E-05  4.347E-06  8.574E-10  9.527E-10  4.016E-10  3.144E-10
                2.945E-10  7.969E-07  4.065E-07  1.633E-06  1.149E-06  4.889E-07
                1.745E-06  1.404E-07  3.954E-06  4.798E-06  1.341E-07  2.167E-07
                2.820E-07  3.838E-08  1.064E-07  2.129E-07  4.220E-07  4.342E-07
                3.631E-08  4.088E-08  1.396E-06  3.405E-06  1.386E-05  3.029E-06
                1.407E-07  3.812E-07  1.971E-06  1.784E-06  1.852E-07  2.788E-07
                2.188E-07  4.354E-07  8.022E-06  1.965E-07  1.071E-06  9.985E-07
                2.502E-06  3.456E-06  1.442E-05  3.392E-07  1.717E-06  1.799E-06
                2.151E-06  1.681E-07  1.579E-07  8.396E-08  1.115E-07  2.721E-07
                4.228E-07  4.635E-07  1.128E-08  3.059E-07  5.862E-07  1.711E-06
                3.247E-06  8.418E-08  1.142E-07  4.315E-07  1.507E-07  1.168E-06
                8.329E-07  1.964E-06  1.374E-06  2.230E-06  2.658E-07  1.739E-07
                3.057E-06  1.932E-07  3.110E-07  2.210E-07  4.766E-07  2.861E-07
                1.095E-06  1.301E-06  6.388E-06  2.065E-06  2.651E-07  1.346E-07
                1.597E-07  1.591E-07  7.278E-07  4.850E-07  5.197E-07  2.658E-07
                2.020E-07  8.227E-07  2.165E-06  3.305E-06  3.418E-07  2.005E-07
                9.955E-08  2.629E-07  3.893E-07  4.075E-07  3.153E-07  8.285E-08
                2.169E-06  3.434E-07  1.610E-06  2.619E-07  6.172E-07  3.984E-06
                4.848E-06  3.314E-06  7.908E-07  9.484E-07  9.427E-07  3.899E-07
                5.080E-07  8.661E-07  2.241E-08  8.030E-09  3.042E-08  8.415E-08
                8.669E-07  8.684E-07  1.099E-06  1.897E-06  1.457E-06  3.811E-08
                3.361E-08  1.298E-07  1.172E-07  1.034E-06  2.789E-06
1.37484915E+02  3.007E-03  2.412E-03  1.174E-03  1.128E-03  1.608E-03  4.431E-06
                7.332E-03  1.504E-03  1.451E-05  5.518E-06  8.896E-05  1.494E-03
                2.739E-03  5.360E-05  5.107E-05  2.400E-07  8.278E-07  1.174E-06
                9.061E-07  1.175E-06  4.379E-07  9.583E-07  7.703E-07  1.089E-07
                2.783E-07  8.386E-07  1.408E-06  8.030E-07  8.418E-07  2.083E-06
                1.487E-06  2.884E-07  4.448E-06  1.878E-06  7.407E-07  6.469E-07
                1.032E-09  4.744E-07  1.677E-07  3.244E-06  1.864E-06  1.102E-06
                1.672E-06  4.249E-08  9.030E-08  1.725E-07  1.387E-07  3.539E-07
                1.033E-05  4.468E-07  1.865E-07  6.983E-07  3.051E-08  1.344E-06
                1.591E-06  9.324E-07  7.625E-07  2.253E-06  4.609E-06  1.084E-06
                2.977E-07  3.017E-09  4.997E-09  2.640E-10  4.171E-07  2.743E-07
                9.351E-08  2.795E-08  7.387E-07  7.038E-07  9.234E-07  1.624E-06
                2.684E-06  8.969E-07  2.489E-06  1.852E-07  4.584E-07  9.580E-08
                1.255E-06  5.049E-07  1.737E-06  1.949E-08  3.623E-07  4.042E-07
                7.989E-06  3.220E-06  6.592E-10  7.269E-10  2.966E-10  2.270E-10
                2.015E-10  6.043E-07  2.981E-07  1.238E-06  9.202E-07  3.856E-07
                1.408E-06  1.182E-07  2.934E-06  3.552E-06  1.046E-07  1.679E-07
                2.194E-07  2.961E-08  8.670E-08  1.640E-07  3.285E-07  3.437E-07
                3.520E-08  3.421E-08  1.070E-06  2.606E-06  1.022E-05  2.234E-06
                1.052E-07  2.970E-07  1.489E-06  1.315E-06  1.390E-07  2.148E-07
                1.681E-07  3.246E-07  5.955E-06  1.562E-07  8.391E-07  7.219E-07
                1.808E-06  2.578E-06  1.075E-05  2.499E-07  1.325E-06  1.392E-06
                1.631E-06  1.148E-07  1.061E-07  5.283E-08  7.779E-08  1.867E-07
                2.900E-07  3.190E-07  8.601E-09  2.266E-07  4.486E-07  1.322E-06
                2.531E-06  5.026E-08  8.256E-08  3.023E-07  1.060E-07  8.452E-07
                6.019E-07  1.528E-06  1.068E-06  1.736E-06  2.009E-07  1.232E-07
                2.375E-06  1.320E-07  2.144E-07  1.541E-07  3.252E-07  2.283E-07
                8.270E-07  9.769E-07  4.819E-06  1.609E-06  1.888E-07  8.884E-08
                1.108E-07  1.109E-07  6.022E-07  3.758E-07  4.003E-07  2.214E-07
                1.503E-07  6.430E-07  1.684E-06  2.558E-06  2.411E-07  1.585E-07
                7.720E-08  1.808E-07  2.870E-07  2.765E-07  2.332E-07  5.688E-08
                1.624E-06  2.412E-07  1.215E-06  2.193E-07  4.868E-07  2.990E-06
                3.634E-06  2.488E-06  5.636E-07  6.803E-07  6.434E-07  2.709E-07
                3.616E-07  6.180E-07  2.381E-08  8.879E-09  1.848E-08  5.464E-08
                6.939E-07  6.961E-07  8.576E-07  1.478E-06  1.119E-06  2.879E-08
                2.412E-08  9.933E-08  9.251E-08  8.197E-07  2.205E-06
1.51092915E+02  2.225E-03  1.795E-03  8.739E-04  8.439E-04  1.197E-03  2.994E-06
                6.062E-03  1.243E-03  1.105E-05  3.692E-06  7.338E-05  1.235E-03
                2.265E-03  4.220E-05  4.035E-05  1.768E-07  6.966E-07  8.668E-07
                6.788E-07  8.320E-07  2.852E-07  6.222E-07  5.246E-07  7.579E-08
                2.839E-07  8.899E-07  1.529E-06  5.211E-07  5.464E-07  1.365E-06
                1.069E-06  1.873E-07  3.072E-06  1.510E-06  5.013E-07  4.284E-07
                6.618E-10  3.073E-07  1.115E-07  2.329E-06  1.387E-06  7.844E-07
                1.196E-06  3.068E-08  6.862E-08  1.345E-07  1.328E-07  2.888E-07
                7.542E-06  3.833E-07  1.244E-07  5.893E-07  2.209E-08  1.151E-06
                1.127E-06  6.636E-07  5.130E-07  1.514E-06  3.763E-06  8.684E-07
                2.131E-07  2.381E-09  3.547E-09  1.903E-10  3.006E-07  2.007E-07
                6.938E-08  2.191E-08  5.217E-07  4.894E-07  6.356E-07  1.194E-06
                2.118E-06  6.855E-07  1.724E-06  1.299E-07  3.231E-07  6.691E-08
                8.028E-07  3.235E-07  1.114E-06  1.836E-08  2.525E-07  2.827E-07
                5.779E-06  2.345E-06  5.231E-10  5.478E-10  1.976E-10  1.694E-10
                1.563E-10  3.820E-07  1.923E-07  7.986E-07  7.620E-07  3.161E-07
                1.162E-06  8.562E-08  2.144E-06  2.601E-06  7.710E-08  1.225E-07
                1.599E-07  2.071E-08  6.591E-08  1.181E-07  2.313E-07  2.467E-07
                3.491E-08  2.172E-08  7.043E-07  1.716E-06  8.515E-06  1.860E-06
                7.757E-08  2.199E-07  1.197E-06  1.082E-06  9.741E-08  1.629E-07
                1.225E-07  2.211E-07  4.143E-06  1.143E-07  6.246E-07  5.379E-07
                1.349E-06  2.170E-06  9.063E-06  1.858E-07  8.866E-07  9.246E-07
                1.071E-06  8.491E-08  7.679E-08  3.534E-08  5.885E-08  1.414E-07
                2.199E-07  2.422E-07  7.033E-09  1.704E-07  3.515E-07  1.043E-06
                2.006E-06  3.233E-08  6.637E-08  2.247E-07  7.947E-08  6.346E-07
                4.500E-07  1.197E-06  8.385E-07  1.364E-06  1.575E-07  9.294E-08
                1.848E-06  9.709E-08  1.597E-07  1.053E-07  2.201E-07  1.899E-07
                6.612E-07  8.192E-07  4.033E-06  1.007E-06  1.415E-07  6.089E-08
                8.010E-08  8.081E-08  4.059E-07  2.950E-07  3.116E-07  1.505E-07
                1.152E-07  5.085E-07  1.327E-06  2.003E-06  1.749E-07  1.272E-07
                6.077E-08  1.253E-07  2.037E-07  1.909E-07  1.661E-07  4.078E-08
                1.378E-06  1.742E-07  1.012E-06  1.444E-07  3.963E-07  2.519E-06
                3.098E-06  2.124E-06  4.095E-07  4.998E-07  4.425E-07  1.918E-07
                2.632E-07  4.484E-07  1.989E-08  7.615E-09  1.329E-08  3.895E-08
                5.589E-07  5.617E-07  6.861E-07  1.176E-06  8.770E-07  2.154E-08
                1.703E-08  7.749E-08  7.397E-08  6.562E-07  1.778E-06
1.64700915E+02  1.596E-03  1.282E-03  6.242E-04  6.013E-04  8.592E-04  2.123E-06
                4.816E-03  9.877E-04  8.402E-06  2.511E-06  5.941E-05  1.005E-03
                1.845E-03  3.011E-05  2.873E-05  1.381E-07  5.695E-07  5.655E-07
                5.447E-07  5.719E-07  2.070E-07  4.528E-07  4.450E-07  7.000E-08
                1.847E-07  5.409E-07  8.917E-07  3.815E-07  3.699E-07  9.341E-07
                7.562E-07  1.357E-07  2.366E-06  1.003E-06  3.684E-07  3.036E-07
                4.589E-10  2.148E-07  7.759E-08  1.660E-06  9.801E-07  5.612E-07
                8.551E-07  2.240E-08  5.299E-08  1.060E-07  1.198E-07  2.457E-07
                5.586E-06  3.311E-07  8.878E-08  5.049E-07  1.736E-08  9.955E-07
                7.981E-07  4.686E-07  3.582E-07  1.071E-06  3.111E-06  6.925E-07
                1.625E-07  2.016E-09  2.846E-09  1.451E-10  1.980E-07  1.403E-07
                5.073E-08  1.622E-08  3.849E-07  3.617E-07  4.757E-07  9.633E-07
                1.586E-06  5.272E-07  1.277E-06  8.853E-08  2.420E-07  4.254E-08
                6.381E-07  2.580E-07  8.867E-07  1.319E-08  1.836E-07  1.981E-07
                4.372E-06  1.766E-06  4.028E-10  4.253E-10  1.542E-10  1.232E-10
                1.068E-10  3.068E-07  1.493E-07  6.363E-07  5.990E-07  2.458E-07
                9.199E-07  7.747E-08  1.611E-06  1.951E-06  6.189E-08  9.611E-08
                1.252E-07  1.672E-08  5.642E-08  9.578E-08  1.889E-07  2.042E-07
                3.609E-08  1.956E-08  5.840E-07  1.422E-06  6.224E-06  1.362E-06
                5.792E-08  1.730E-07  9.020E-07  7.948E-07  7.573E-08  1.262E-07
                9.509E-08  1.735E-07  3.175E-06  9.510E-08  5.077E-07  3.971E-07
                9.950E-07  1.605E-06  6.701E-06  1.375E-07  7.303E-07  7.648E-07
                8.538E-07  5.958E-08  5.333E-08  2.306E-08  4.191E-08  1.004E-07
                1.561E-07  1.723E-07  5.045E-09  1.291E-07  2.714E-07  8.090E-07
                1.565E-06  1.963E-08  4.709E-08  1.820E-07  6.487E-08  4.685E-07
                3.323E-07  9.312E-07  6.520E-07  1.062E-06  1.219E-07  6.775E-08
                1.441E-06  6.732E-08  1.111E-07  7.709E-08  1.571E-07  1.563E-07
                4.982E-07  6.189E-07  3.087E-06  8.469E-07  1.031E-07  4.134E-08
                5.681E-08  5.751E-08  3.618E-07  2.285E-07  2.412E-07  1.349E-07
                8.716E-08  3.972E-07  1.033E-06  1.556E-06  1.262E-07  9.874E-08
                4.738E-08  9.007E-08  1.603E-07  1.364E-07  1.316E-07  2.887E-08
                1.029E-06  1.261E-07  7.661E-07  1.321E-07  3.202E-07  1.877E-06
                2.304E-06  1.582E-06  3.026E-07  3.777E-07  3.340E-07  1.373E-07
                1.938E-07  3.334E-07  1.907E-08  7.217E-09  8.822E-09  2.652E-08
                4.460E-07  4.490E-07  5.331E-07  9.218E-07  6.793E-07  1.649E-08
                1.310E-08  6.030E-08  5.884E-08  5.198E-07  1.405E-06
1.78308915E+02  1.305E-03  1.052E-03  5.127E-04  4.954E-04  7.010E-04  1.910E-06
                3.971E-03  8.142E-04  6.845E-06  2.092E-06  4.809E-05  8.123E-04
                1.491E-03  2.351E-05  2.242E-05  1.089E-07  5.118E-07  4.683E-07
                4.371E-07  4.376E-07  1.405E-07  3.054E-07  3.007E-07  4.942E-08
                1.872E-07  5.768E-07  9.674E-07  2.449E-07  2.437E-07  6.194E-07
                5.902E-07  9.197E-08  1.835E-06  8.529E-07  2.633E-07  2.085E-07
                2.862E-10  1.416E-07  5.279E-08  1.376E-06  8.333E-07  4.523E-07
                6.900E-07  1.823E-08  4.562E-08  9.214E-08  1.133E-07  2.116E-07
                4.445E-06  2.891E-07  6.316E-08  4.375E-07  1.619E-08  8.673E-07
                6.315E-07  3.810E-07  2.593E-07  7.555E-07  2.636E-06  5.918E-07
                1.266E-07  1.596E-09  1.862E-09  1.008E-10  1.650E-07  1.159E-07
                3.872E-08  1.292E-08  2.854E-07  2.639E-07  3.493E-07  6.706E-07
                1.294E-06  4.183E-07  9.331E-07  7.018E-08  1.865E-07  3.439E-08
                3.851E-07  1.573E-07  5.390E-07  1.116E-08  1.371E-07  1.524E-07
                3.402E-06  1.391E-06  3.288E-10  3.305E-10  1.055E-10  9.557E-11
                8.174E-11  1.843E-07  9.038E-08  4.043E-07  5.040E-07  2.055E-07
                7.735E-07  6.351E-08  1.274E-06  1.537E-06  4.648E-08  7.112E-08
                9.350E-08  1.139E-08  4.474E-08  6.908E-08  1.329E-07  1.479E-07
                3.505E-08  1.178E-08  3.412E-07  8.299E-07  5.540E-06  1.211E-06
                4.451E-08  1.361E-07  7.706E-07  6.972E-07  5.187E-08  9.873E-08
                6.899E-08  1.129E-07  2.312E-06  6.664E-08  3.713E-07  3.152E-07
                7.900E-07  1.437E-06  6.010E-06  9.892E-08  4.442E-07  4.593E-07
                5.570E-07  4.241E-08  3.775E-08  1.521E-08  3.001E-08  7.229E-08
                1.126E-07  1.244E-07  4.168E-09  1.046E-07  2.201E-07  6.589E-07
                1.278E-06  1.398E-08  4.075E-08  1.275E-07  4.611E-08  3.724E-07
                2.623E-07  7.542E-07  5.286E-07  8.613E-07  9.981E-08  5.598E-08
                1.166E-06  5.446E-08  9.175E-08  5.536E-08  1.095E-07  1.385E-07
                4.175E-07  5.477E-07  2.728E-06  4.940E-07  7.247E-08  2.800E-08
                4.173E-08  4.078E-08  2.219E-07  1.870E-07  1.960E-07  8.344E-08
                7.011E-08  3.245E-07  8.415E-07  1.258E-06  8.823E-08  8.222E-08
                3.773E-08  6.403E-08  1.140E-07  9.469E-08  9.383E-08  2.168E-08
                8.991E-07  9.402E-08  6.575E-07  8.005E-08  2.593E-07  1.618E-06
                2.012E-06  1.378E-06  2.274E-07  2.790E-07  2.147E-07  1.030E-07
                1.488E-07  2.493E-07  2.182E-08  8.501E-09  7.413E-09  2.093E-08
                3.642E-07  3.670E-07  4.332E-07  7.407E-07  5.368E-07  1.464E-08
                1.084E-08  4.827E-08  4.777E-08  4.210E-07  1.143E-06
1.91916915E+02  9.309E-04  7.549E-04  3.677E-04  3.580E-04  5.073E-04  9.537E-07
                3.506E-03  7.191E-04  5.367E-06  1.094E-06  4.365E-05  7.413E-04
                1.362E-03  1.978E-05  1.900E-05  8.843E-08  4.447E-07  3.403E-07
                3.622E-07  3.334E-07  9.821E-08  2.143E-07  2.481E-07  4.149E-08
                1.522E-07  4.607E-07  7.710E-07  1.848E-07  1.707E-07  4.351E-07
                4.270E-07  6.384E-08  1.234E-06  6.447E-07  1.806E-07  1.401E-07
                2.085E-10  1.055E-07  4.036E-08  9.166E-07  5.725E-07  2.964E-07
                4.557E-07  1.251E-08  3.376E-08  7.203E-08  9.878E-08  1.760E-07
                3.070E-06  2.523E-07  4.631E-08  3.781E-07  1.399E-08  7.553E-07
                4.208E-07  2.483E-07  1.744E-07  5.246E-07  2.239E-06  4.810E-07
                9.522E-08  1.412E-09  1.751E-09  8.527E-11  1.079E-07  8.076E-08
                2.700E-08  9.188E-09  2.013E-07  1.870E-07  2.450E-07  6.110E-07
                1.002E-06  3.187E-07  6.562E-07  4.668E-08  1.336E-07  2.104E-08
                3.148E-07  1.262E-07  4.376E-07  1.148E-08  9.450E-08  1.025E-07
                2.325E-06  9.497E-07  2.553E-10  2.511E-10  7.587E-11  6.901E-11
                6.314E-11  1.473E-07  7.691E-08  3.035E-07  4.077E-07  1.651E-07
                6.224E-07  4.337E-08  8.664E-07  1.049E-06  3.606E-08  5.346E-08
                6.876E-08  9.393E-09  3.773E-08  5.542E-08  1.061E-07  1.182E-07
                3.384E-08  1.119E-08  3.368E-07  8.185E-07  4.103E-06  8.962E-07
                3.507E-08  1.022E-07  5.755E-07  5.197E-07  4.105E-08  7.412E-08
                5.273E-08  9.302E-08  1.600E-06  6.080E-08  3.217E-07  2.264E-07
                5.646E-07  1.075E-06  4.497E-06  7.921E-08  4.248E-07  4.432E-07
                4.164E-07  3.454E-08  3.016E-08  1.150E-08  2.489E-08  6.083E-08
                9.467E-08  1.044E-07  2.650E-09  7.785E-08  1.706E-07  5.106E-07
                9.958E-07  9.149E-09  3.292E-08  1.101E-07  3.930E-08  2.675E-07
                1.924E-07  5.769E-07  4.055E-07  6.601E-07  8.361E-08  4.469E-08
                8.855E-07  4.172E-08  7.065E-08  3.996E-08  8.058E-08  1.090E-07
                3.158E-07  4.210E-07  2.116E-06  4.336E-07  6.160E-08  2.105E-08
                3.166E-08  3.268E-08  2.248E-07  1.412E-07  1.481E-07  8.488E-08
                5.315E-08  2.502E-07  6.463E-07  9.655E-07  7.114E-08  6.125E-08
                2.937E-08  4.789E-08  8.872E-08  7.398E-08  7.261E-08  1.681E-08
                7.061E-07  7.304E-08  5.190E-07  7.970E-08  2.219E-07  1.273E-06
                1.581E-06  1.086E-06  1.711E-07  2.229E-07  1.918E-07  7.366E-08
                1.086E-07  1.890E-07  9.875E-09  3.699E-09  4.609E-09  1.429E-08
                2.978E-07  3.003E-07  3.468E-07  5.998E-07  4.299E-07  9.143E-09
                7.112E-09  3.916E-08  3.910E-08  3.418E-07  9.332E-07
