          16           7
         215          13           1           1
           0          -4           0          -4           0          -6           0          -2           0          -4           0           6           0           4           0           2           0           4           0           6           0           2           0           4           0           2           0          -4           0          -2           0           2           0           4           0           6           0           2           0           4           0           6           0           4           0          -2           0          -2           0          -4           0          -6           0          -8           0          -2           0          -4           0          -6           0          -4           0           2           0          -4           0          -6           0          -2           0          -4           0          -6           0          -6           0          -8           0          -4           0          -6           0          -2           0          -4           0           4           0           6           0           8           0          10           0           4           0          -4           0           2           0           6           0           4           0           8           0           2           0          -4           0          -2           0           6           0           6           0           4           0           2           0           8           0           4           0           6           0           8           0           4           0           6           0           8           0          10           0           4           0           6           0           8           0           6           0           4           0           2           0           6           0           2           0           4           0           2           0          -4           0          -2           0          -6           0          -8           0           6           0           4           0          -4           0          -6           0          -2           0          -4           0          -6           0          -8           0         -10           0          -2           0          -4           0          -6           0          -4           0          -2           0          -6           0          -8           0          -2           0          -4           0           2           0           4           0           6           0           8           0           4           0           4           0           6           0           8           0           2           0          10           0           8           0           6           0           4           0           2           0           6           0           6           0           4           0           4           0           2           0           4           0           6           0           8           0          -4           0           2           0           4           0          -6           0          -4           0           2           0           4           0           6           0           4           0           6           0          -2           0          -4           0          -6           0          -8           0         -10           0          -6           0          -8           0         -10           0         -12           0           2           0          -2           0          -4           0          -6           0          -8           0          -2           0          -8           0         -10           0          -4           0          -2           0          -6           0          -4           0          -2           0          -4           0          -2           0          -4           0          -6           0          -4           0          -8           0          -6           0           2           0           4           0           2           0           4           0           6           0         -10           0          -8           0          -6           0          -4           0           6           0          -2           0          -4           0           8           0          -6           0          -2           0          -4           0          -6           0          -8           0           4           0           6           0          -4           0          -6           0          -6           0          -8           0          -2           0           2           0          -4           0           4           0           6           0           4           0           4           0           2           0           2           0          -4           0          -6           0          -8           0          -2           0          -4           0          -6           0          -8           0         -10           0          -8           0          -6           0          -4           0          -2           0          -2           0          -4           0          -6           0          -6           0          -8           0          -4           0          -2           0          -6           0          -4
    0.000000E+00    9.645106E-03    9.843162E-03    1.435602E-02    1.458263E-02
    4.247197E-02    4.320385E-02    4.360158E-02    5.944295E-02    5.948713E-02
    6.922989E-02    7.316769E-02    7.411300E-02    1.134727E-01    1.147319E-01
    2.354040E-01    2.358931E-01    2.366026E-01    2.382857E-01    2.391328E-01
    2.438023E-01    2.438287E-01    2.461520E-01    2.471700E-01    2.474363E-01
    2.479076E-01    2.485433E-01    2.486026E-01    2.487216E-01    2.491410E-01
    2.502551E-01    2.507374E-01    2.510783E-01    2.511300E-01    2.524691E-01
    2.524772E-01    2.554279E-01    2.561102E-01    2.563381E-01    2.591442E-01
    2.591854E-01    2.609226E-01    2.615363E-01    2.619649E-01    2.622131E-01
    2.625883E-01    2.631076E-01    2.632646E-01    2.633261E-01    2.634365E-01
    2.637297E-01    2.638533E-01    2.640096E-01    2.643758E-01    2.644930E-01
    2.645338E-01    2.648466E-01    2.652759E-01    2.655531E-01    2.656939E-01
    2.657640E-01    2.676748E-01    2.677713E-01    2.679166E-01    2.688115E-01
    2.690337E-01    2.711118E-01    2.712141E-01    2.720014E-01    2.721113E-01
    2.724223E-01    2.724984E-01    2.725578E-01    2.726085E-01    2.727219E-01
    2.737570E-01    2.740430E-01    2.746587E-01    2.763855E-01    2.763956E-01
    2.763957E-01    2.764682E-01    2.789238E-01    2.791446E-01    2.808157E-01
    2.808428E-01    2.816082E-01    2.816156E-01    2.816277E-01    2.816445E-01
    2.816660E-01    2.832213E-01    2.832636E-01    2.833497E-01    2.872720E-01
    2.872722E-01    2.872783E-01    2.873017E-01    2.873787E-01    2.874354E-01
    2.875828E-01    2.876419E-01    2.877951E-01    2.879672E-01    2.884374E-01
    2.885530E-01    2.886000E-01    2.886971E-01    2.887362E-01    2.888178E-01
    2.901974E-01    2.902310E-01    2.934227E-01    2.936053E-01    2.936679E-01
    2.948139E-01    2.948751E-01    2.949134E-01    2.954910E-01    2.955387E-01
    2.955818E-01    2.956302E-01    2.974080E-01    2.974265E-01    2.978254E-01
    2.979930E-01    2.980044E-01    2.981863E-01    2.981951E-01    2.982014E-01
    2.986863E-01    2.989406E-01    2.997979E-01    3.013547E-01    3.014398E-01
    3.015665E-01    3.017420E-01    3.025165E-01    3.025355E-01    3.025686E-01
    3.026262E-01    3.032771E-01    3.036433E-01    3.036673E-01    3.036996E-01
    3.037196E-01    3.041292E-01    3.046134E-01    3.046301E-01    3.048276E-01
    3.048611E-01    3.049614E-01    3.051740E-01    3.052844E-01    3.060373E-01
    3.062721E-01    3.065126E-01    3.067251E-01    3.072820E-01    3.083217E-01
    3.083847E-01    3.085481E-01    3.086063E-01    3.093086E-01    3.093690E-01
    3.093750E-01    3.093804E-01    3.094500E-01    3.095030E-01    3.095365E-01
    3.096086E-01    3.096683E-01    3.098305E-01    3.098337E-01    3.100372E-01
    3.110986E-01    3.111053E-01    3.111248E-01    3.111449E-01    3.124031E-01
    3.124222E-01    3.126400E-01    3.132139E-01    3.132929E-01    3.134326E-01
    3.163175E-01    3.165548E-01    3.167011E-01    3.167161E-01    3.173537E-01
    3.174815E-01    3.194473E-01    3.198310E-01    3.206567E-01    3.235572E-01
    3.235827E-01    3.236877E-01    3.236885E-01    3.238034E-01    3.239013E-01
    3.239634E-01    3.240075E-01    3.245628E-01    3.245933E-01    3.263728E-01
    3.264517E-01    3.271738E-01    3.284075E-01    3.287843E-01    3.314323E-01
    3.314556E-01    3.324856E-01    3.325179E-01    3.327131E-01    3.333147E-01
           0           2           0           1
  -27.940514715248785               13
2.82807147E+01  2.025E+00
4.18887147E+01  1.239E-01  8.954E-02  4.456E-02  4.396E-02  6.070E-02  2.638E-04
                7.286E-02  1.482E-02  6.379E-04  5.870E-04  8.387E-04  1.158E-02
                2.118E-02  1.381E-03  1.290E-03
5.54967147E+01  5.061E-02  4.088E-02  1.992E-02  1.915E-02  2.712E-02  7.619E-05
                4.764E-02  9.767E-03  1.802E-04  1.139E-04  5.482E-04  8.662E-03
                1.572E-02  7.526E-04  7.160E-04  2.789E-06  1.455E-05  3.104E-05
                1.030E-05  2.400E-05  4.219E-06  9.183E-06  1.617E-05  2.430E-06
                3.238E-06  8.611E-06  1.023E-05  1.512E-05  1.519E-05  3.881E-05
                3.605E-05  2.799E-06  1.606E-04  3.358E-05  1.532E-05  1.183E-05
                1.511E-08  1.545E-05  5.692E-06  9.167E-05  4.724E-05  2.960E-05
                4.562E-05  1.963E-06  3.506E-06  5.431E-06  6.864E-07  4.714E-06
                1.524E-04  3.421E-06  5.372E-06  6.675E-06  1.549E-06  9.937E-06
                4.099E-05  2.538E-05  2.054E-05  6.948E-05  6.796E-05  3.094E-05
                7.132E-06  2.049E-08  5.110E-08  1.626E-09  3.000E-05  1.636E-05
                4.791E-07  5.725E-09  1.200E-05  1.142E-05  1.572E-05  1.387E-05
                1.609E-05  5.223E-06  4.114E-05  1.023E-05  1.300E-05  6.735E-06
                1.132E-05  4.689E-06  1.639E-05  4.481E-07  9.031E-06  1.607E-05
                9.018E-05  3.576E-05  6.356E-09  7.838E-09  4.484E-09  2.284E-09
                4.009E-09  4.571E-06  1.664E-06  1.191E-05  3.795E-06  1.563E-06
                6.263E-06  1.889E-06  3.193E-05  3.884E-05  1.248E-06  1.468E-06
                1.677E-06  3.809E-07  2.670E-06  1.965E-06  3.504E-06  3.724E-06
                4.306E-06  1.801E-07  1.078E-05  2.586E-05  1.056E-04  2.359E-05
                8.932E-07  2.394E-06  1.400E-05  1.413E-05  1.062E-06  1.619E-06
                1.237E-06  2.646E-06  6.694E-05  1.365E-06  8.138E-06  6.574E-06
                1.701E-05  2.369E-05  9.871E-05  3.354E-06  1.176E-05  1.253E-05
                1.500E-05  3.164E-06  3.490E-06  2.711E-06  1.618E-06  4.963E-06
                7.682E-06  8.255E-06  4.879E-09  2.463E-06  5.525E-06  1.449E-05
                2.454E-05  2.900E-06  1.238E-06  2.034E-05  7.424E-06  7.869E-06
                5.007E-06  1.664E-05  1.166E-05  1.792E-05  2.249E-06  2.921E-06
                2.003E-05  3.478E-06  5.707E-06  3.274E-06  6.954E-06  4.055E-06
                7.231E-06  1.023E-05  5.691E-05  1.811E-05  4.034E-06  3.307E-06
                3.002E-06  2.794E-06  5.760E-06  4.667E-06  5.234E-06  2.159E-06
                3.493E-06  5.870E-06  1.667E-05  2.743E-05  5.085E-06  1.264E-06
                9.373E-07  4.553E-06  9.689E-06  7.231E-06  8.788E-06  1.263E-06
                1.106E-05  3.613E-06  9.382E-06  2.523E-06  4.701E-06  1.912E-05
                2.212E-05  1.449E-05  1.399E-05  2.090E-05  2.995E-05  6.897E-06
                1.004E-05  1.674E-05  2.195E-06  7.400E-07  1.146E-06  1.362E-06
                2.299E-06  2.462E-06  3.254E-06  1.343E-05  1.282E-05  5.645E-07
                9.105E-07  6.472E-07  5.563E-07  5.088E-06  1.366E-05
6.91047147E+01  2.670E-02  2.146E-02  1.045E-02  1.004E-02  1.423E-02  4.000E-05
                3.177E-02  6.514E-03  1.011E-04  5.895E-05  3.703E-04  5.982E-03
                1.089E-02  4.167E-04  3.967E-04  1.765E-06  7.287E-06  1.598E-05
                6.556E-06  1.368E-05  3.294E-06  7.216E-06  6.499E-06  8.351E-07
                1.333E-06  4.085E-06  5.421E-06  7.812E-06  8.555E-06  2.095E-05
                1.704E-05  2.183E-06  6.316E-05  1.650E-05  7.473E-06  6.206E-06
                9.574E-09  6.906E-06  2.484E-06  4.138E-05  2.164E-05  1.341E-05
                2.050E-05  7.328E-07  1.324E-06  2.177E-06  3.550E-07  1.799E-06
                8.396E-05  1.238E-06  2.464E-06  2.392E-06  5.442E-07  3.571E-06
                1.903E-05  1.156E-05  9.514E-06  2.945E-05  2.529E-05  9.678E-06
                3.184E-06  1.276E-08  3.077E-08  1.449E-09  9.055E-06  5.103E-06
                3.577E-07  4.173E-08  6.502E-06  6.348E-06  8.446E-06  7.398E-06
                1.170E-05  3.630E-06  2.261E-05  3.294E-06  5.035E-06  2.121E-06
                7.655E-06  3.085E-06  1.074E-05  1.455E-07  3.894E-06  5.818E-06
                5.407E-05  2.184E-05  3.422E-09  4.278E-09  2.385E-09  1.585E-09
                2.326E-09  3.328E-06  1.628E-06  7.522E-06  3.044E-06  1.359E-06
                4.697E-06  7.690E-07  1.949E-05  2.352E-05  5.123E-07  7.434E-07
                9.501E-07  1.486E-07  6.216E-07  8.679E-07  1.671E-06  1.678E-06
                6.888E-07  1.573E-07  6.099E-06  1.470E-05  5.998E-05  1.322E-05
                6.246E-07  1.332E-06  7.814E-06  7.902E-06  6.259E-07  9.091E-07
                6.883E-07  1.578E-06  4.011E-05  6.498E-07  4.122E-06  4.767E-06
                1.202E-05  1.384E-05  5.789E-05  1.325E-06  6.880E-06  7.251E-06
                9.906E-06  1.398E-06  1.451E-06  1.018E-06  7.640E-07  2.524E-06
                3.857E-06  4.116E-06  2.408E-08  1.405E-06  2.771E-06  7.484E-06
                1.327E-05  1.142E-06  6.701E-07  7.378E-06  2.660E-06  5.578E-06
                3.875E-06  8.649E-06  6.040E-06  9.522E-06  1.287E-06  1.290E-06
                1.166E-05  1.578E-06  2.503E-06  1.620E-06  3.585E-06  1.531E-06
                4.131E-06  5.636E-06  2.979E-05  9.790E-06  1.970E-06  1.319E-06
                1.247E-06  1.223E-06  3.137E-06  2.235E-06  2.460E-06  1.157E-06
                1.360E-06  3.232E-06  8.883E-06  1.428E-05  2.421E-06  5.989E-07
                4.147E-07  2.113E-06  3.777E-06  3.419E-06  3.274E-06  5.963E-07
                7.391E-06  2.030E-06  5.839E-06  1.300E-06  2.525E-06  1.272E-05
                1.544E-05  1.025E-05  6.236E-06  8.885E-06  1.267E-05  3.013E-06
                4.026E-06  7.283E-06  4.757E-07  1.476E-07  4.389E-07  6.953E-07
                2.448E-06  2.470E-06  3.226E-06  7.287E-06  6.419E-06  2.202E-07
                3.480E-07  4.945E-07  3.736E-07  3.399E-06  9.074E-06
8.27127147E+01  1.544E-02  1.237E-02  6.023E-03  5.778E-03  8.215E-03  2.274E-05
                2.231E-02  4.575E-03  6.144E-05  3.260E-05  2.633E-04  4.312E-03
                7.870E-03  2.522E-04  2.404E-04  1.153E-06  4.208E-06  9.031E-06
                4.184E-06  8.105E-06  2.240E-06  4.907E-06  3.385E-06  4.010E-07
                7.792E-07  2.512E-06  3.695E-06  4.535E-06  5.130E-06  1.237E-05
                9.111E-06  1.480E-06  2.963E-05  9.360E-06  4.126E-06  3.607E-06
                6.060E-09  3.555E-06  1.259E-06  2.111E-05  1.123E-05  6.896E-06
                1.051E-05  3.349E-07  6.135E-07  1.052E-06  2.224E-07  1.057E-06
                4.954E-05  8.807E-07  1.327E-06  1.586E-06  2.757E-07  2.585E-06
                1.000E-05  5.959E-06  5.067E-06  1.533E-05  1.456E-05  4.622E-06
                1.681E-06  8.825E-09  2.019E-08  1.082E-09  3.674E-06  2.141E-06
                2.905E-07  5.783E-08  3.729E-06  3.666E-06  4.825E-06  5.085E-06
                8.596E-06  2.738E-06  1.299E-05  1.417E-06  2.493E-06  8.759E-07
                5.204E-06  2.078E-06  7.209E-06  6.564E-08  2.046E-06  2.725E-06
                3.377E-05  1.370E-05  2.233E-09  2.723E-09  1.421E-09  9.228E-10
                1.071E-09  2.370E-06  1.230E-06  5.006E-06  2.336E-06  1.048E-06
                3.533E-06  4.269E-07  1.228E-05  1.482E-05  3.251E-07  5.144E-07
                6.703E-07  9.646E-08  2.803E-07  5.516E-07  1.098E-06  1.094E-06
                1.465E-07  1.121E-07  4.031E-06  9.779E-06  3.784E-05  8.287E-06
                4.096E-07  9.372E-07  5.092E-06  4.953E-06  4.594E-07  6.451E-07
                4.981E-07  1.144E-06  2.526E-05  4.483E-07  2.677E-06  3.142E-06
                7.868E-06  8.953E-06  3.739E-05  8.260E-07  4.715E-06  4.952E-06
                6.560E-06  7.228E-07  7.218E-07  4.668E-07  4.302E-07  1.218E-06
                1.892E-06  2.050E-06  1.331E-08  9.098E-07  1.641E-06  4.550E-06
                8.289E-06  5.027E-07  3.754E-07  2.817E-06  9.996E-07  3.640E-06
                2.591E-06  5.224E-06  3.659E-06  5.853E-06  7.924E-07  6.754E-07
                7.731E-06  8.174E-07  1.297E-06  8.806E-07  1.967E-06  7.820E-07
                2.763E-06  3.497E-06  1.775E-05  6.288E-06  1.004E-06  6.309E-07
                6.375E-07  6.248E-07  2.000E-06  1.329E-06  1.451E-06  7.276E-07
                6.859E-07  2.081E-06  5.617E-06  8.848E-06  1.283E-06  4.033E-07
                2.401E-07  1.099E-06  1.666E-06  1.765E-06  1.403E-06  3.285E-07
                5.192E-06  1.226E-06  3.969E-06  7.732E-07  1.566E-06  9.174E-06
                1.115E-05  7.490E-06  3.169E-06  4.140E-06  5.491E-06  1.577E-06
                2.011E-06  3.588E-06  1.272E-07  3.692E-08  1.970E-07  3.849E-07
                1.851E-06  1.852E-06  2.446E-06  4.614E-06  3.890E-06  1.280E-07
                1.646E-07  3.473E-07  2.710E-07  2.335E-06  6.264E-06
9.63207147E+01  9.617E-03  7.715E-03  3.755E-03  3.607E-03  5.123E-03  1.380E-05
                1.636E-02  3.355E-03  4.014E-05  1.952E-05  1.941E-04  3.209E-03
                5.865E-03  1.636E-04  1.561E-04  7.386E-07  2.529E-06  5.168E-06
                2.682E-06  4.777E-06  1.461E-06  3.196E-06  2.058E-06  2.430E-07
                5.505E-07  1.778E-06  2.805E-06  2.785E-06  3.166E-06  7.621E-06
                5.322E-06  9.640E-07  1.608E-05  5.808E-06  2.496E-06  2.234E-06
                3.791E-09  1.994E-06  7.011E-07  1.204E-05  6.524E-06  3.973E-06
                6.041E-06  1.737E-07  3.265E-07  5.808E-07  1.824E-07  7.450E-07
                3.134E-05  7.532E-07  7.554E-07  1.273E-06  1.565E-07  2.235E-06
                5.814E-06  3.435E-06  2.928E-06  8.677E-06  1.019E-05  2.841E-06
                9.965E-07  6.343E-09  1.321E-08  7.637E-10  1.838E-06  1.102E-06
                2.281E-07  5.554E-08  2.323E-06  2.272E-06  2.984E-06  3.671E-06
                6.376E-06  2.066E-06  8.039E-06  7.453E-07  1.476E-06  4.385E-07
                3.570E-06  1.426E-06  4.930E-06  4.042E-08  1.219E-06  1.513E-06
                2.245E-05  9.083E-06  1.543E-09  1.831E-09  9.024E-10  6.290E-10
                6.291E-10  1.668E-06  8.553E-07  3.455E-06  1.800E-06  7.951E-07
                2.721E-06  2.697E-07  8.203E-06  9.917E-06  2.388E-07  3.861E-07
                5.039E-07  7.075E-08  1.902E-07  3.917E-07  7.852E-07  7.885E-07
                6.198E-08  8.195E-08  2.758E-06  6.708E-06  2.601E-05  5.686E-06
                2.806E-07  6.905E-07  3.604E-06  3.384E-06  3.452E-07  4.896E-07
                3.851E-07  8.366E-07  1.703E-05  3.374E-07  1.918E-06  2.070E-06
                5.187E-06  6.273E-06  2.617E-05  6.070E-07  3.320E-06  3.487E-06
                4.537E-06  3.950E-07  3.891E-07  2.390E-07  2.435E-07  6.448E-07
                1.002E-06  1.089E-06  1.451E-08  6.141E-07  1.102E-06  3.119E-06
                5.787E-06  2.625E-07  2.380E-07  1.191E-06  4.173E-07  2.404E-06
                1.714E-06  3.573E-06  2.500E-06  4.032E-06  5.260E-07  4.032E-07
                5.522E-06  4.726E-07  7.523E-07  5.217E-07  1.156E-06  5.141E-07
                1.975E-06  2.388E-06  1.189E-05  4.264E-06  5.682E-07  3.450E-07
                3.698E-07  3.585E-07  1.370E-06  8.953E-07  9.745E-07  4.963E-07
                4.188E-07  1.463E-06  3.898E-06  6.048E-06  7.487E-07  3.149E-07
                1.694E-07  6.335E-07  8.780E-07  1.001E-06  7.192E-07  1.966E-07
                3.763E-06  7.689E-07  2.837E-06  5.124E-07  1.080E-06  6.799E-06
                8.241E-06  5.579E-06  1.829E-06  2.242E-06  2.630E-06  9.274E-07
                1.169E-06  2.027E-06  4.580E-08  1.371E-08  9.315E-08  2.180E-07
                1.433E-06  1.431E-06  1.875E-06  3.328E-06  2.673E-06  8.030E-08
                8.613E-08  2.437E-07  2.020E-07  1.744E-06  4.700E-06
1.09928715E+02  6.286E-03  5.039E-03  2.452E-03  2.353E-03  3.348E-03  9.327E-06
                1.219E-02  2.500E-03  2.771E-05  1.251E-05  1.460E-04  2.429E-03
                4.446E-03  1.079E-04  1.028E-04  4.948E-07  1.614E-06  3.050E-06
                1.805E-06  2.928E-06  9.795E-07  2.145E-06  1.462E-06  1.827E-07
                4.296E-07  1.346E-06  2.219E-06  1.830E-06  2.033E-06  4.928E-06
                3.343E-06  6.463E-07  9.767E-06  3.871E-06  1.618E-06  1.459E-06
                2.466E-09  1.199E-06  4.204E-07  7.330E-06  4.062E-06  2.448E-06
                3.714E-06  9.951E-08  1.911E-07  3.477E-07  1.476E-07  5.568E-07
                2.081E-05  6.222E-07  4.588E-07  1.018E-06  8.534E-08  1.861E-06
                3.588E-06  2.102E-06  1.813E-06  5.360E-06  7.519E-06  1.935E-06
                6.323E-07  4.938E-09  9.759E-09  5.333E-10  1.042E-06  6.426E-07
                1.716E-07  4.563E-08  1.553E-06  1.509E-06  1.978E-06  2.892E-06
                4.750E-06  1.568E-06  5.341E-06  4.439E-07  9.710E-07  2.471E-07
                2.562E-06  1.023E-06  3.533E-06  3.118E-08  7.918E-07  9.317E-07
                1.541E-05  6.221E-06  1.140E-09  1.321E-09  6.127E-10  4.432E-10
                4.184E-10  1.214E-06  6.195E-07  2.469E-06  1.436E-06  6.212E-07
                2.179E-06  1.960E-07  5.628E-06  6.806E-06  1.826E-07  2.963E-07
                3.856E-07  5.428E-08  1.441E-07  2.964E-07  5.976E-07  6.057E-07
                4.057E-08  6.357E-08  2.101E-06  5.117E-06  1.816E-05  3.967E-06
                2.017E-07  5.217E-07  2.603E-06  2.360E-06  2.611E-07  3.719E-07
                2.968E-07  6.293E-07  1.168E-05  2.680E-07  1.467E-06  1.418E-06
                3.544E-06  4.458E-06  1.858E-05  4.559E-07  2.539E-06  2.675E-06
                3.206E-06  2.523E-07  2.426E-07  1.390E-07  1.619E-07  4.070E-07
                6.318E-07  6.896E-07  1.226E-08  4.294E-07  7.921E-07  2.283E-06
                4.293E-06  1.438E-07  1.605E-07  6.860E-07  2.384E-07  1.645E-06
                1.180E-06  2.630E-06  1.839E-06  2.976E-06  3.671E-07  2.573E-07
                4.071E-06  2.955E-07  4.715E-07  3.432E-07  7.514E-07  3.681E-07
                1.450E-06  1.689E-06  8.338E-06  3.195E-06  3.856E-07  2.132E-07
                2.399E-07  2.369E-07  1.075E-06  6.511E-07  7.021E-07  3.905E-07
                2.841E-07  1.087E-06  2.877E-06  4.431E-06  5.099E-07  2.500E-07
                1.287E-07  4.070E-07  5.891E-07  6.379E-07  4.768E-07  1.261E-07
                2.744E-06  5.117E-07  2.070E-06  3.945E-07  8.043E-07  5.035E-06
                6.085E-06  4.142E-06  1.183E-06  1.428E-06  1.565E-06  5.944E-07
                7.544E-07  1.302E-06  2.852E-08  9.169E-09  4.951E-08  1.304E-07
                1.113E-06  1.111E-06  1.422E-06  2.482E-06  1.945E-06  5.513E-08
                5.376E-08  1.768E-07  1.528E-07  1.336E-06  3.588E-06
1.23536715E+02  4.309E-03  3.465E-03  1.686E-03  1.623E-03  2.306E-03  5.928E-06
                9.566E-03  1.962E-03  1.969E-05  7.905E-06  1.151E-04  1.924E-03
                3.525E-03  7.830E-05  7.482E-05  3.371E-07  1.156E-06  1.955E-06
                1.244E-06  1.870E-06  6.315E-07  1.380E-06  9.789E-07  1.258E-07
                3.912E-07  1.241E-06  2.114E-06  1.168E-06  1.287E-06  3.148E-06
                2.194E-06  4.158E-07  6.185E-06  2.777E-06  1.056E-06  9.458E-07
                1.573E-09  7.375E-07  2.609E-07  4.731E-06  2.699E-06  1.597E-06
                2.429E-06  6.316E-08  1.272E-07  2.388E-07  1.503E-07  4.336E-07
                1.439E-05  5.309E-07  2.846E-07  8.426E-07  4.970E-08  1.592E-06
                2.338E-06  1.365E-06  1.151E-06  3.385E-06  5.850E-06  1.429E-06
                4.223E-07  3.750E-09  6.682E-09  3.762E-10  6.470E-07  4.088E-07
                1.285E-07  3.726E-08  1.046E-06  1.001E-06  1.301E-06  2.097E-06
                3.588E-06  1.175E-06  3.530E-06  2.776E-07  6.360E-07  1.513E-07
                1.694E-06  6.784E-07  2.340E-06  2.616E-08  5.186E-07  5.961E-07
                1.085E-05  4.389E-06  8.631E-10  9.598E-10  4.055E-10  3.168E-10
                2.965E-10  8.040E-07  4.097E-07  1.648E-06  1.154E-06  4.916E-07
                1.754E-06  1.415E-07  3.992E-06  4.843E-06  1.350E-07  2.182E-07
                2.840E-07  3.863E-08  1.071E-07  2.143E-07  4.247E-07  4.370E-07
                3.642E-08  4.117E-08  1.403E-06  3.422E-06  1.397E-05  3.054E-06
                1.418E-07  3.842E-07  1.986E-06  1.798E-06  1.866E-07  2.808E-07
                2.203E-07  4.384E-07  8.103E-06  1.975E-07  1.078E-06  1.007E-06
                2.523E-06  3.482E-06  1.453E-05  3.416E-07  1.726E-06  1.809E-06
                2.173E-06  1.693E-07  1.591E-07  8.482E-08  1.121E-07  2.738E-07
                4.254E-07  4.664E-07  1.137E-08  3.085E-07  5.903E-07  1.722E-06
                3.268E-06  8.535E-08  1.152E-07  4.331E-07  1.512E-07  1.178E-06
                8.398E-07  1.977E-06  1.383E-06  2.245E-06  2.679E-07  1.757E-07
                3.080E-06  1.952E-07  3.142E-07  2.229E-07  4.808E-07  2.880E-07
                1.103E-06  1.310E-06  6.433E-06  2.079E-06  2.665E-07  1.359E-07
                1.610E-07  1.602E-07  7.311E-07  4.884E-07  5.235E-07  2.670E-07
                2.036E-07  8.281E-07  2.180E-06  3.327E-06  3.439E-07  2.017E-07
                1.002E-07  2.653E-07  3.915E-07  4.110E-07  3.170E-07  8.363E-08
                2.183E-06  3.464E-07  1.621E-06  2.632E-07  6.206E-07  4.009E-06
                4.879E-06  3.334E-06  7.974E-07  9.553E-07  9.490E-07  3.935E-07
                5.125E-07  8.732E-07  2.260E-08  8.108E-09  3.077E-08  8.504E-08
                8.723E-07  8.738E-07  1.106E-06  1.909E-06  1.467E-06  3.843E-08
                3.388E-08  1.307E-07  1.180E-07  1.040E-06  2.807E-06
1.37144715E+02  3.029E-03  2.430E-03  1.183E-03  1.136E-03  1.620E-03  4.450E-06
                7.379E-03  1.513E-03  1.461E-05  5.552E-06  8.954E-05  1.504E-03
                2.757E-03  5.407E-05  5.152E-05  2.420E-07  8.335E-07  1.188E-06
                9.129E-07  1.189E-06  4.420E-07  9.672E-07  7.765E-07  1.096E-07
                2.805E-07  8.457E-07  1.421E-06  8.113E-07  8.510E-07  2.106E-06
                1.500E-06  2.911E-07  4.476E-06  1.895E-06  7.468E-07  6.529E-07
                1.044E-09  4.796E-07  1.695E-07  3.266E-06  1.877E-06  1.110E-06
                1.684E-06  4.279E-08  9.074E-08  1.733E-07  1.383E-07  3.552E-07
                1.040E-05  4.482E-07  1.885E-07  7.008E-07  3.074E-08  1.348E-06
                1.603E-06  9.388E-07  7.700E-07  2.276E-06  4.632E-06  1.090E-06
                2.999E-07  3.037E-09  5.055E-09  2.666E-10  4.207E-07  2.765E-07
                9.416E-08  2.810E-08  7.453E-07  7.103E-07  9.316E-07  1.640E-06
                2.702E-06  9.025E-07  2.512E-06  1.868E-07  4.621E-07  9.667E-08
                1.267E-06  5.095E-07  1.753E-06  1.968E-08  3.656E-07  4.078E-07
                8.036E-06  3.239E-06  6.632E-10  7.316E-10  2.990E-10  2.288E-10
                2.037E-10  6.096E-07  3.012E-07  1.248E-06  9.249E-07  3.878E-07
                1.415E-06  1.186E-07  2.950E-06  3.572E-06  1.053E-07  1.691E-07
                2.209E-07  2.987E-08  8.715E-08  1.653E-07  3.313E-07  3.463E-07
                3.510E-08  3.453E-08  1.083E-06  2.638E-06  1.027E-05  2.246E-06
                1.060E-07  2.987E-07  1.497E-06  1.322E-06  1.403E-07  2.161E-07
                1.693E-07  3.278E-07  5.994E-06  1.575E-07  8.460E-07  7.270E-07
                1.821E-06  2.591E-06  1.080E-05  2.519E-07  1.339E-06  1.408E-06
                1.643E-06  1.161E-07  1.073E-07  5.351E-08  7.868E-08  1.889E-07
                2.934E-07  3.227E-07  8.618E-09  2.280E-07  4.513E-07  1.330E-06
                2.545E-06  5.082E-08  8.311E-08  3.062E-07  1.073E-07  8.510E-07
                6.063E-07  1.536E-06  1.074E-06  1.746E-06  2.022E-07  1.242E-07
                2.387E-06  1.332E-07  2.162E-07  1.556E-07  3.288E-07  2.293E-07
                8.319E-07  9.822E-07  4.845E-06  1.627E-06  1.909E-07  8.988E-08
                1.119E-07  1.121E-07  6.083E-07  3.779E-07  4.025E-07  2.236E-07
                1.513E-07  6.465E-07  1.693E-06  2.573E-06  2.438E-07  1.592E-07
                7.765E-08  1.827E-07  2.899E-07  2.796E-07  2.355E-07  5.742E-08
                1.632E-06  2.434E-07  1.222E-06  2.215E-07  4.899E-07  3.007E-06
                3.654E-06  2.502E-06  5.685E-07  6.867E-07  6.523E-07  2.733E-07
                3.645E-07  6.234E-07  2.362E-08  8.788E-09  1.866E-08  5.516E-08
                6.975E-07  6.997E-07  8.624E-07  1.487E-06  1.126E-06  2.897E-08
                2.435E-08  9.999E-08  9.302E-08  8.243E-07  2.217E-06
1.50752715E+02  2.244E-03  1.810E-03  8.812E-04  8.509E-04  1.207E-03  3.037E-06
                6.088E-03  1.248E-03  1.113E-05  3.742E-06  7.365E-05  1.239E-03
                2.273E-03  4.243E-05  4.057E-05  1.781E-07  6.994E-07  8.731E-07
                6.834E-07  8.382E-07  2.883E-07  6.289E-07  5.284E-07  7.630E-08
                2.839E-07  8.897E-07  1.528E-06  5.260E-07  5.519E-07  1.379E-06
                1.078E-06  1.893E-07  3.104E-06  1.518E-06  5.064E-07  4.329E-07
                6.680E-10  3.104E-07  1.126E-07  2.353E-06  1.399E-06  7.926E-07
                1.208E-06  3.099E-08  6.931E-08  1.358E-07  1.337E-07  2.906E-07
                7.609E-06  3.851E-07  1.256E-07  5.923E-07  2.232E-08  1.156E-06
                1.138E-06  6.707E-07  5.185E-07  1.529E-06  3.785E-06  8.741E-07
                2.151E-07  2.390E-09  3.558E-09  1.914E-10  3.037E-07  2.026E-07
                7.000E-08  2.209E-08  5.264E-07  4.939E-07  6.418E-07  1.198E-06
                2.131E-06  6.905E-07  1.740E-06  1.312E-07  3.260E-07  6.766E-08
                8.098E-07  3.264E-07  1.124E-06  1.832E-08  2.549E-07  2.856E-07
                5.834E-06  2.367E-06  5.262E-10  5.517E-10  1.995E-10  1.706E-10
                1.571E-10  3.856E-07  1.938E-07  8.066E-07  7.657E-07  3.177E-07
                1.168E-06  8.647E-08  2.164E-06  2.625E-06  7.763E-08  1.234E-07
                1.612E-07  2.084E-08  6.631E-08  1.188E-07  2.329E-07  2.483E-07
                3.495E-08  2.184E-08  7.069E-07  1.723E-06  8.573E-06  1.873E-06
                7.808E-08  2.217E-07  1.206E-06  1.089E-06  9.811E-08  1.641E-07
                1.234E-07  2.226E-07  4.185E-06  1.148E-07  6.277E-07  5.422E-07
                1.360E-06  2.184E-06  9.121E-06  1.870E-07  8.905E-07  9.286E-07
                1.082E-06  8.531E-08  7.722E-08  3.561E-08  5.907E-08  1.419E-07
                2.207E-07  2.431E-07  7.106E-09  1.718E-07  3.537E-07  1.049E-06
                2.018E-06  3.272E-08  6.679E-08  2.251E-07  7.963E-08  6.396E-07
                4.534E-07  1.204E-06  8.437E-07  1.373E-06  1.585E-07  9.365E-08
                1.860E-06  9.787E-08  1.609E-07  1.062E-07  2.219E-07  1.910E-07
                6.655E-07  8.240E-07  4.056E-06  1.014E-06  1.420E-07  6.134E-08
                8.064E-08  8.124E-08  4.072E-07  2.969E-07  3.137E-07  1.509E-07
                1.160E-07  5.116E-07  1.336E-06  2.015E-06  1.757E-07  1.281E-07
                6.116E-08  1.263E-07  2.049E-07  1.922E-07  1.670E-07  4.109E-08
                1.385E-06  1.754E-07  1.017E-06  1.450E-07  3.980E-07  2.532E-06
                3.114E-06  2.134E-06  4.123E-07  5.026E-07  4.440E-07  1.934E-07
                2.653E-07  4.515E-07  2.020E-08  7.741E-09  1.342E-08  3.931E-08
                5.620E-07  5.647E-07  6.902E-07  1.183E-06  8.820E-07  2.173E-08
                1.716E-08  7.794E-08  7.439E-08  6.598E-07  1.787E-06
1.64360715E+02  1.607E-03  1.291E-03  6.286E-04  6.056E-04  8.653E-04  2.124E-06
                4.848E-03  9.944E-04  8.450E-06  2.518E-06  5.981E-05  1.012E-03
                1.858E-03  3.041E-05  2.903E-05  1.388E-07  5.719E-07  5.714E-07
                5.473E-07  5.774E-07  2.084E-07  4.559E-07  4.473E-07  7.018E-08
                1.873E-07  5.497E-07  9.082E-07  3.849E-07  3.738E-07  9.435E-07
                7.622E-07  1.366E-07  2.373E-06  1.015E-06  3.707E-07  3.060E-07
                4.637E-10  2.168E-07  7.833E-08  1.669E-06  9.865E-07  5.641E-07
                8.598E-07  2.250E-08  5.313E-08  1.063E-07  1.198E-07  2.462E-07
                5.616E-06  3.319E-07  8.953E-08  5.062E-07  1.739E-08  9.979E-07
                8.030E-07  4.712E-07  3.610E-07  1.080E-06  3.122E-06  6.953E-07
                1.634E-07  2.027E-09  2.876E-09  1.464E-10  1.996E-07  1.413E-07
                5.106E-08  1.632E-08  3.876E-07  3.643E-07  4.788E-07  9.726E-07
                1.597E-06  5.301E-07  1.286E-06  8.924E-08  2.435E-07  4.292E-08
                6.429E-07  2.598E-07  8.931E-07  1.340E-08  1.849E-07  1.996E-07
                4.391E-06  1.774E-06  4.053E-10  4.277E-10  1.550E-10  1.242E-10
                1.081E-10  3.088E-07  1.507E-07  6.398E-07  6.027E-07  2.474E-07
                9.251E-07  7.722E-08  1.617E-06  1.960E-06  6.223E-08  9.669E-08
                1.258E-07  1.685E-08  5.659E-08  9.638E-08  1.901E-07  2.054E-07
                3.599E-08  1.970E-08  5.907E-07  1.438E-06  6.261E-06  1.370E-06
                5.840E-08  1.737E-07  9.069E-07  7.996E-07  7.633E-08  1.269E-07
                9.575E-08  1.751E-07  3.188E-06  9.581E-08  5.116E-07  3.997E-07
                1.001E-06  1.614E-06  6.739E-06  1.388E-07  7.380E-07  7.730E-07
                8.580E-07  6.033E-08  5.398E-08  2.337E-08  4.245E-08  1.017E-07
                1.582E-07  1.745E-07  5.061E-09  1.297E-07  2.730E-07  8.137E-07
                1.574E-06  1.986E-08  4.751E-08  1.834E-07  6.535E-08  4.715E-07
                3.346E-07  9.363E-07  6.556E-07  1.067E-06  1.227E-07  6.826E-08
                1.448E-06  6.794E-08  1.121E-07  7.770E-08  1.586E-07  1.567E-07
                5.013E-07  6.225E-07  3.104E-06  8.543E-07  1.044E-07  4.184E-08
                5.738E-08  5.819E-08  3.650E-07  2.297E-07  2.425E-07  1.360E-07
                8.770E-08  3.994E-07  1.039E-06  1.565E-06  1.277E-07  9.917E-08
                4.764E-08  9.089E-08  1.615E-07  1.379E-07  1.325E-07  2.915E-08
                1.036E-06  1.273E-07  7.710E-07  1.331E-07  3.223E-07  1.890E-06
                2.319E-06  1.592E-06  3.050E-07  3.810E-07  3.382E-07  1.384E-07
                1.952E-07  3.361E-07  1.879E-08  7.104E-09  8.884E-09  2.675E-08
                4.485E-07  4.515E-07  5.364E-07  9.276E-07  6.839E-07  1.654E-08
                1.317E-08  6.071E-08  5.918E-08  5.229E-07  1.413E-06
1.77968715E+02  1.313E-03  1.058E-03  5.153E-04  4.979E-04  7.048E-04  1.931E-06
                3.980E-03  8.160E-04  6.880E-06  2.115E-06  4.821E-05  8.144E-04
                1.495E-03  2.355E-05  2.246E-05  1.096E-07  5.131E-07  4.697E-07
                4.397E-07  4.398E-07  1.421E-07  3.090E-07  3.040E-07  5.000E-08
                1.852E-07  5.691E-07  9.527E-07  2.477E-07  2.461E-07  6.253E-07
                5.934E-07  9.305E-08  1.856E-06  8.510E-07  2.663E-07  2.109E-07
                2.894E-10  1.430E-07  5.321E-08  1.387E-06  8.377E-07  4.564E-07
                6.961E-07  1.838E-08  4.597E-08  9.279E-08  1.139E-07  2.127E-07
                4.482E-06  2.903E-07  6.374E-08  4.394E-07  1.626E-08  8.710E-07
                6.370E-07  3.843E-07  2.619E-07  7.630E-07  2.649E-06  5.946E-07
                1.277E-07  1.604E-09  1.872E-09  1.015E-10  1.658E-07  1.165E-07
                3.906E-08  1.302E-08  2.882E-07  2.665E-07  3.529E-07  6.735E-07
                1.299E-06  4.209E-07  9.423E-07  7.063E-08  1.879E-07  3.460E-08
                3.902E-07  1.595E-07  5.463E-07  1.105E-08  1.383E-07  1.536E-07
                3.435E-06  1.404E-06  3.302E-10  3.327E-10  1.068E-10  9.618E-11
                8.184E-11  1.870E-07  9.135E-08  4.103E-07  5.055E-07  2.061E-07
                7.762E-07  6.452E-08  1.286E-06  1.552E-06  4.687E-08  7.174E-08
                9.435E-08  1.149E-08  4.509E-08  6.970E-08  1.341E-07  1.492E-07
                3.522E-08  1.190E-08  3.438E-07  8.363E-07  5.555E-06  1.214E-06
                4.470E-08  1.372E-07  7.740E-07  6.993E-07  5.234E-08  9.945E-08
                6.957E-08  1.140E-07  2.340E-06  6.707E-08  3.734E-07  3.174E-07
                7.956E-07  1.441E-06  6.025E-06  9.954E-08  4.476E-07  4.628E-07
                5.651E-07  4.251E-08  3.787E-08  1.528E-08  3.007E-08  7.238E-08
                1.127E-07  1.246E-07  4.210E-09  1.053E-07  2.212E-07  6.621E-07
                1.284E-06  1.408E-08  4.076E-08  1.285E-07  4.653E-08  3.749E-07
                2.640E-07  7.584E-07  5.315E-07  8.660E-07  1.001E-07  5.616E-08
                1.173E-06  5.463E-08  9.198E-08  5.588E-08  1.104E-07  1.392E-07
                4.193E-07  5.492E-07  2.736E-06  5.000E-07  7.263E-08  2.816E-08
                4.193E-08  4.093E-08  2.236E-07  1.880E-07  1.971E-07  8.404E-08
                7.050E-08  3.262E-07  8.459E-07  1.265E-06  8.857E-08  8.274E-08
                3.797E-08  6.452E-08  1.152E-07  9.535E-08  9.481E-08  2.178E-08
                9.010E-07  9.450E-08  6.593E-07  8.082E-08  2.601E-07  1.621E-06
                2.016E-06  1.381E-06  2.289E-07  2.806E-07  2.160E-07  1.038E-07
                1.498E-07  2.510E-07  2.221E-08  8.651E-09  7.495E-09  2.108E-08
                3.658E-07  3.687E-07  4.351E-07  7.442E-07  5.395E-07  1.478E-08
                1.096E-08  4.848E-08  4.799E-08  4.229E-07  1.147E-06
1.91576715E+02  9.403E-04  7.627E-04  3.714E-04  3.617E-04  5.123E-04  9.687E-07
                3.527E-03  7.234E-04  5.406E-06  1.110E-06  4.386E-05  7.447E-04
                1.368E-03  1.997E-05  1.918E-05  8.876E-08  4.462E-07  3.448E-07
                3.632E-07  3.365E-07  9.872E-08  2.153E-07  2.481E-07  4.139E-08
                1.556E-07  4.729E-07  7.936E-07  1.856E-07  1.723E-07  4.391E-07
                4.316E-07  6.418E-08  1.241E-06  6.563E-07  1.818E-07  1.412E-07
                2.099E-10  1.061E-07  4.064E-08  9.262E-07  5.796E-07  2.992E-07
                4.601E-07  1.261E-08  3.384E-08  7.207E-08  9.854E-08  1.764E-07
                3.096E-06  2.527E-07  4.661E-08  3.788E-07  1.399E-08  7.564E-07
                4.249E-07  2.508E-07  1.758E-07  5.288E-07  2.245E-06  4.830E-07
                9.543E-08  1.416E-09  1.760E-09  8.570E-11  1.095E-07  8.171E-08
                2.721E-08  9.258E-09  2.026E-07  1.882E-07  2.462E-07  6.144E-07
                1.010E-06  3.208E-07  6.603E-07  4.727E-08  1.345E-07  2.141E-08
                3.150E-07  1.262E-07  4.378E-07  1.167E-08  9.523E-08  1.036E-07
                2.341E-06  9.565E-07  2.573E-10  2.527E-10  7.604E-11  6.959E-11
                6.403E-11  1.472E-07  7.714E-08  3.036E-07  4.110E-07  1.665E-07
                6.272E-07  4.313E-08  8.726E-07  1.057E-06  3.621E-08  5.374E-08
                6.913E-08  9.425E-09  3.775E-08  5.557E-08  1.064E-07  1.185E-07
                3.371E-08  1.118E-08  3.375E-07  8.204E-07  4.146E-06  9.055E-07
                3.540E-08  1.027E-07  5.803E-07  5.249E-07  4.124E-08  7.458E-08
                5.304E-08  9.334E-08  1.606E-06  6.094E-08  3.231E-07  2.284E-07
                5.695E-07  1.086E-06  4.542E-06  7.979E-08  4.259E-07  4.443E-07
                4.164E-07  3.496E-08  3.052E-08  1.165E-08  2.519E-08  6.158E-08
                9.583E-08  1.057E-07  2.668E-09  7.834E-08  1.720E-07  5.145E-07
                1.003E-06  9.280E-09  3.332E-08  1.106E-07  3.944E-08  2.698E-07
                1.941E-07  5.813E-07  4.086E-07  6.651E-07  8.418E-08  4.507E-08
                8.914E-07  4.221E-08  7.149E-08  4.020E-08  8.119E-08  1.096E-07
                3.186E-07  4.249E-07  2.134E-06  4.336E-07  6.230E-08  2.130E-08
                3.199E-08  3.305E-08  2.249E-07  1.424E-07  1.493E-07  8.493E-08
                5.359E-08  2.521E-07  6.513E-07  9.729E-07  7.192E-08  6.164E-08
                2.954E-08  4.829E-08  8.914E-08  7.460E-08  7.292E-08  1.696E-08
                7.129E-07  7.365E-08  5.236E-07  7.958E-08  2.232E-07  1.285E-06
                1.597E-06  1.097E-06  1.726E-07  2.247E-07  1.933E-07  7.435E-08
                1.095E-07  1.906E-07  9.820E-09  3.681E-09  4.662E-09  1.444E-08
                2.998E-07  3.022E-07  3.494E-07  6.041E-07  4.332E-07  9.206E-09
                7.154E-09  3.944E-08  3.935E-08  3.442E-07  9.399E-07
