3.16827147E+01  3.513E-04
3.20229147E+01  3.662E-04
3.23631147E+01  3.683E-04
3.27033147E+01  4.473E-04
3.30435147E+01  3.829E-04
3.33837147E+01  2.747E-04
3.37239147E+01  3.160E-04
3.40641147E+01  2.479E-04
3.44043147E+01  2.519E-04
3.47445147E+01  3.664E-04
3.50847147E+01  2.448E-04
3.54249147E+01  4.545E-04
3.57651147E+01  4.091E-04
3.61053147E+01  3.866E-04
3.64455147E+01  3.328E-04
3.67857147E+01  2.331E-04
3.71259147E+01  2.279E-04
3.74661147E+01  2.343E-04
3.78063147E+01  2.239E-04
3.81465147E+01  2.128E-04
3.84867147E+01  1.830E-04
3.88269147E+01  1.889E-04
3.91671147E+01  2.214E-04
3.95073147E+01  1.721E-04
3.98475147E+01  1.828E-04
4.01877147E+01  1.986E-04
4.05279147E+01  2.574E-04
4.08681147E+01  7.892E-04
4.12083147E+01  2.015E-04
4.15485147E+01  1.029E-03
4.18887147E+01  2.638E-04
4.22289147E+01  2.140E-04
4.25691147E+01  4.754E-03
4.29093147E+01  9.973E-04
4.32495147E+01  1.355E-04
4.35897147E+01  4.759E-04
4.39299147E+01  2.132E-04
4.42701147E+01  5.726E-04
4.46103147E+01  1.579E-04
4.49505147E+01  1.843E-04
4.52907147E+01  1.504E-04
4.56309147E+01  1.442E-04
4.59711147E+01  9.495E-05
4.63113147E+01  3.707E-04
4.66515147E+01  2.209E-04
4.69917147E+01  2.361E-04
4.73319147E+01  4.973E-04
4.76721147E+01  2.224E-04
4.80123147E+01  1.353E-04
4.83525147E+01  1.311E-04
4.86927147E+01  1.443E-04
4.90329147E+01  1.631E-04
4.93731147E+01  1.267E-04
4.97133147E+01  1.186E-04
5.00535147E+01  1.422E-04
5.03937147E+01  1.400E-04
5.07339147E+01  2.008E-04
5.10741147E+01  1.610E-04
5.14143147E+01  9.475E-05
5.17545147E+01  9.563E-05
5.20947147E+01  5.641E-05
5.24349147E+01  8.026E-05
5.27751147E+01  7.152E-05
5.31153147E+01  8.862E-05
5.34555147E+01  8.400E-05
5.37957147E+01  8.436E-05
5.41359147E+01  8.149E-05
5.44761147E+01  8.016E-05
5.48163147E+01  7.889E-05
5.51565147E+01  7.756E-05
5.54967147E+01  7.619E-05
5.58369147E+01  7.484E-05
5.61771147E+01  7.351E-05
5.65173147E+01  7.219E-05
5.68575147E+01  7.090E-05
5.71977147E+01  6.962E-05
5.75379147E+01  6.835E-05
5.78781147E+01  6.713E-05
5.82183147E+01  6.590E-05
5.85585147E+01  6.472E-05
5.88987147E+01  6.357E-05
5.92389147E+01  6.246E-05
5.95791147E+01  6.142E-05
5.99193147E+01  6.036E-05
6.02595147E+01  5.930E-05
6.05997147E+01  5.808E-05
6.09399147E+01  5.725E-05
6.12801147E+01  5.562E-05
6.16203147E+01  5.632E-05
6.19605147E+01  5.499E-05
6.23007147E+01  5.411E-05
6.26409147E+01  5.364E-05
6.29811147E+01  5.282E-05
6.33213147E+01  5.215E-05
6.36615147E+01  5.113E-05
6.40017147E+01  5.089E-05
6.43419147E+01  4.980E-05
6.46821147E+01  4.949E-05
6.50223147E+01  4.844E-05
6.53625147E+01  4.757E-05
6.57027147E+01  4.675E-05
6.60429147E+01  4.618E-05
6.63831147E+01  4.546E-05
6.67233147E+01  4.475E-05
6.70635147E+01  4.439E-05
6.74037147E+01  4.336E-05
6.77439147E+01  4.273E-05
6.80841147E+01  4.197E-05
6.84243147E+01  4.134E-05
6.87645147E+01  4.055E-05
6.91047147E+01  4.000E-05
6.94449147E+01  3.939E-05
6.97851147E+01  3.876E-05
7.01253147E+01  3.813E-05
7.04655147E+01  3.757E-05
7.08057147E+01  3.698E-05
7.11459147E+01  3.641E-05
7.14861147E+01  3.585E-05
7.18263147E+01  3.530E-05
7.21665147E+01  3.476E-05
7.25067147E+01  3.423E-05
7.28469147E+01  3.371E-05
7.31871147E+01  3.320E-05
7.35273147E+01  3.270E-05
7.38675147E+01  3.220E-05
7.42077147E+01  3.171E-05
7.45479147E+01  3.123E-05
7.48881147E+01  3.076E-05
7.52283147E+01  3.030E-05
7.55685147E+01  2.984E-05
7.59087147E+01  2.939E-05
7.62489147E+01  2.896E-05
7.65891147E+01  2.853E-05
7.69293147E+01  2.811E-05
7.72695147E+01  2.771E-05
7.76097147E+01  2.731E-05
7.79499147E+01  2.693E-05
7.82901147E+01  2.656E-05
7.86303147E+01  2.620E-05
7.89705147E+01  2.586E-05
7.93107147E+01  2.552E-05
7.96509147E+01  2.520E-05
7.99911147E+01  2.489E-05
8.03313147E+01  2.460E-05
8.06715147E+01  2.431E-05
8.10117147E+01  2.403E-05
8.13519147E+01  2.376E-05
8.16921147E+01  2.350E-05
8.20323147E+01  2.324E-05
8.23725147E+01  2.299E-05
8.27127147E+01  2.274E-05
8.30529147E+01  2.250E-05
8.33931147E+01  2.226E-05
8.37333147E+01  2.203E-05
8.40735147E+01  2.179E-05
8.44137147E+01  2.156E-05
8.47539147E+01  2.132E-05
8.50941147E+01  2.109E-05
8.54343147E+01  2.086E-05
8.57745147E+01  2.062E-05
8.61147147E+01  2.038E-05
8.64549147E+01  2.015E-05
8.67951147E+01  1.991E-05
8.71353147E+01  1.967E-05
8.74755147E+01  1.943E-05
8.78157147E+01  1.920E-05
8.81559147E+01  1.896E-05
8.84961147E+01  1.872E-05
8.88363147E+01  1.848E-05
8.91765147E+01  1.825E-05
8.95167147E+01  1.801E-05
8.98569147E+01  1.778E-05
9.01971147E+01  1.755E-05
9.05373147E+01  1.732E-05
9.08775147E+01  1.709E-05
9.12177147E+01  1.687E-05
9.15579147E+01  1.665E-05
9.18981147E+01  1.643E-05
9.22383147E+01  1.621E-05
9.25785147E+01  1.600E-05
9.29187147E+01  1.578E-05
9.32589147E+01  1.557E-05
9.35991147E+01  1.536E-05
9.39393147E+01  1.516E-05
9.42795147E+01  1.496E-05
9.46197147E+01  1.476E-05
9.49599147E+01  1.456E-05
9.53001147E+01  1.436E-05
9.56403147E+01  1.417E-05
9.59805147E+01  1.398E-05
9.63207147E+01  1.380E-05
9.66609147E+01  1.361E-05
9.70011147E+01  1.343E-05
9.73413147E+01  1.326E-05
9.76815147E+01  1.308E-05
9.80217147E+01  1.291E-05
9.83619147E+01  1.275E-05
9.87021147E+01  1.259E-05
9.90423147E+01  1.243E-05
9.93825147E+01  1.228E-05
9.97227147E+01  1.213E-05
1.00062915E+02  1.199E-05
1.00403115E+02  1.185E-05
1.00743315E+02  1.172E-05
1.01083515E+02  1.159E-05
1.01423715E+02  1.146E-05
1.01763915E+02  1.135E-05
1.02104115E+02  1.123E-05
1.02444315E+02  1.112E-05
1.02784515E+02  1.101E-05
1.03124715E+02  1.091E-05
1.03464915E+02  1.081E-05
1.03805115E+02  1.072E-05
1.04145315E+02  1.063E-05
1.04485515E+02  1.054E-05
1.04825715E+02  1.046E-05
1.05165915E+02  1.037E-05
1.05506115E+02  1.029E-05
1.05846315E+02  1.022E-05
1.06186515E+02  1.014E-05
1.06526715E+02  1.006E-05
1.06866915E+02  9.989E-06
1.07207115E+02  9.916E-06
1.07547315E+02  9.843E-06
1.07887515E+02  9.770E-06
1.08227715E+02  9.697E-06
1.08567915E+02  9.624E-06
1.08908115E+02  9.551E-06
1.09248315E+02  9.477E-06
1.09588515E+02  9.402E-06
1.09928715E+02  9.327E-06
1.10268915E+02  9.250E-06
1.10609115E+02  9.173E-06
1.10949315E+02  9.095E-06
1.11289515E+02  9.015E-06
1.11629715E+02  8.935E-06
1.11969915E+02  8.853E-06
1.12310115E+02  8.771E-06
1.12650315E+02  8.688E-06
1.12990515E+02  8.603E-06
1.13330715E+02  8.518E-06
1.13670915E+02  8.432E-06
1.14011115E+02  8.345E-06
1.14351315E+02  8.258E-06
1.14691515E+02  8.170E-06
1.15031715E+02  8.081E-06
1.15371915E+02  7.992E-06
1.15712115E+02  7.903E-06
1.16052315E+02  7.813E-06
1.16392515E+02  7.723E-06
1.16732715E+02  7.633E-06
1.17072915E+02  7.543E-06
1.17413115E+02  7.453E-06
1.17753315E+02  7.362E-06
1.18093515E+02  7.272E-06
1.18433715E+02  7.183E-06
1.18773915E+02  7.093E-06
1.19114115E+02  7.004E-06
1.19454315E+02  6.916E-06
1.19794515E+02  6.828E-06
1.20134715E+02  6.741E-06
1.20474915E+02  6.654E-06
1.20815115E+02  6.569E-06
1.21155315E+02  6.484E-06
1.21495515E+02  6.401E-06
1.21835715E+02  6.318E-06
1.22175915E+02  6.237E-06
1.22516115E+02  6.158E-06
1.22856315E+02  6.080E-06
1.23196515E+02  6.003E-06
1.23536715E+02  5.928E-06
1.23876915E+02  5.855E-06
1.24217115E+02  5.784E-06
1.24557315E+02  5.715E-06
1.24897515E+02  5.648E-06
1.25237715E+02  5.582E-06
1.25577915E+02  5.519E-06
1.25918115E+02  5.459E-06
1.26258315E+02  5.400E-06
1.26598515E+02  5.344E-06
1.26938715E+02  5.290E-06
1.27278915E+02  5.238E-06
1.27619115E+02  5.189E-06
1.27959315E+02  5.142E-06
1.28299515E+02  5.097E-06
1.28639715E+02  5.055E-06
1.28979915E+02  5.014E-06
1.29320115E+02  4.976E-06
1.29660315E+02  4.940E-06
1.30000515E+02  4.906E-06
1.30340715E+02  4.873E-06
1.30680915E+02  4.843E-06
1.31021115E+02  4.814E-06
1.31361315E+02  4.787E-06
1.31701515E+02  4.761E-06
1.32041715E+02  4.737E-06
1.32381915E+02  4.714E-06
1.32722115E+02  4.692E-06
1.33062315E+02  4.671E-06
1.33402515E+02  4.651E-06
1.33742715E+02  4.632E-06
1.34082915E+02  4.613E-06
1.34423115E+02  4.595E-06
1.34763315E+02  4.577E-06
1.35103515E+02  4.559E-06
1.35443715E+02  4.541E-06
1.35783915E+02  4.524E-06
1.36124115E+02  4.506E-06
1.36464315E+02  4.488E-06
1.36804515E+02  4.469E-06
1.37144715E+02  4.450E-06
1.37484915E+02  4.431E-06
1.37825115E+02  4.411E-06
1.38165315E+02  4.390E-06
1.38505515E+02  4.369E-06
1.38845715E+02  4.346E-06
1.39185915E+02  4.323E-06
1.39526115E+02  4.299E-06
1.39866315E+02  4.274E-06
1.40206515E+02  4.248E-06
1.40546715E+02  4.221E-06
1.40886915E+02  4.193E-06
1.41227115E+02  4.163E-06
1.41567315E+02  4.133E-06
1.41907515E+02  4.102E-06
1.42247715E+02  4.070E-06
1.42587915E+02  4.036E-06
1.42928115E+02  4.002E-06
1.43268315E+02  3.967E-06
1.43608515E+02  3.930E-06
1.43948715E+02  3.893E-06
1.44288915E+02  3.855E-06
1.44629115E+02  3.816E-06
1.44969315E+02  3.776E-06
1.45309515E+02  3.736E-06
1.45649715E+02  3.695E-06
1.45989915E+02  3.653E-06
1.46330115E+02  3.611E-06
1.46670315E+02  3.568E-06
1.47010515E+02  3.524E-06
1.47350715E+02  3.480E-06
1.47690915E+02  3.436E-06
1.48031115E+02  3.392E-06
1.48371315E+02  3.347E-06
1.48711515E+02  3.303E-06
1.49051715E+02  3.258E-06
1.49391915E+02  3.213E-06
1.49732115E+02  3.169E-06
1.50072315E+02  3.125E-06
1.50412515E+02  3.081E-06
1.50752715E+02  3.037E-06
1.51092915E+02  2.994E-06
1.51433115E+02  2.951E-06
1.51773315E+02  2.909E-06
1.52113515E+02  2.868E-06
1.52453715E+02  2.827E-06
1.52793915E+02  2.787E-06
1.53134115E+02  2.748E-06
1.53474315E+02  2.710E-06
1.53814515E+02  2.673E-06
1.54154715E+02  2.637E-06
1.54494915E+02  2.602E-06
1.54835115E+02  2.568E-06
1.55175315E+02  2.535E-06
1.55515515E+02  2.504E-06
1.55855715E+02  2.473E-06
1.56195915E+02  2.444E-06
1.56536115E+02  2.417E-06
1.56876315E+02  2.390E-06
1.57216515E+02  2.365E-06
1.57556715E+02  2.341E-06
1.57896915E+02  2.318E-06
1.58237115E+02  2.297E-06
1.58577315E+02  2.277E-06
1.58917515E+02  2.259E-06
1.59257715E+02  2.242E-06
1.59597915E+02  2.226E-06
1.59938115E+02  2.211E-06
1.60278315E+02  2.198E-06
1.60618515E+02  2.186E-06
1.60958715E+02  2.175E-06
1.61298915E+02  2.165E-06
1.61639115E+02  2.157E-06
1.61979315E+02  2.149E-06
1.62319515E+02  2.143E-06
1.62659715E+02  2.137E-06
1.62999915E+02  2.133E-06
1.63340115E+02  2.130E-06
1.63680315E+02  2.127E-06
1.64020515E+02  2.125E-06
1.64360715E+02  2.124E-06
1.64700915E+02  2.123E-06
1.65041115E+02  2.124E-06
1.65381315E+02  2.124E-06
1.65721515E+02  2.125E-06
1.66061715E+02  2.127E-06
1.66401915E+02  2.129E-06
1.66742115E+02  2.131E-06
1.67082315E+02  2.133E-06
1.67422515E+02  2.136E-06
1.67762715E+02  2.138E-06
1.68102915E+02  2.140E-06
1.68443115E+02  2.143E-06
1.68783315E+02  2.145E-06
1.69123515E+02  2.146E-06
1.69463715E+02  2.148E-06
1.69803915E+02  2.149E-06
1.70144115E+02  2.149E-06
1.70484315E+02  2.149E-06
1.70824515E+02  2.149E-06
1.71164715E+02  2.147E-06
1.71504915E+02  2.145E-06
1.71845115E+02  2.143E-06
1.72185315E+02  2.139E-06
1.72525515E+02  2.135E-06
1.72865715E+02  2.130E-06
1.73205915E+02  2.123E-06
1.73546115E+02  2.116E-06
1.73886315E+02  2.108E-06
1.74226515E+02  2.099E-06
1.74566715E+02  2.089E-06
1.74906915E+02  2.078E-06
1.75247115E+02  2.065E-06
1.75587315E+02  2.052E-06
1.75927515E+02  2.038E-06
1.76267715E+02  2.023E-06
1.76607915E+02  2.006E-06
1.76948115E+02  1.989E-06
1.77288315E+02  1.971E-06
1.77628515E+02  1.951E-06
1.77968715E+02  1.931E-06
1.78308915E+02  1.910E-06
1.78649115E+02  1.888E-06
1.78989315E+02  1.866E-06
1.79329515E+02  1.842E-06
1.79669715E+02  1.818E-06
1.80009915E+02  1.793E-06
1.80350115E+02  1.768E-06
1.80690315E+02  1.742E-06
1.81030515E+02  1.715E-06
1.81370715E+02  1.688E-06
1.81710915E+02  1.661E-06
1.82051115E+02  1.634E-06
1.82391315E+02  1.606E-06
1.82731515E+02  1.578E-06
1.83071715E+02  1.550E-06
1.83411915E+02  1.523E-06
1.83752115E+02  1.495E-06
1.84092315E+02  1.467E-06
1.84432515E+02  1.439E-06
1.84772715E+02  1.412E-06
1.85112915E+02  1.385E-06
1.85453115E+02  1.358E-06
1.85793315E+02  1.331E-06
1.86133515E+02  1.305E-06
1.86473715E+02  1.280E-06
1.86813915E+02  1.254E-06
1.87154115E+02  1.230E-06
1.87494315E+02  1.206E-06
1.87834515E+02  1.182E-06
1.88174715E+02  1.159E-06
1.88514915E+02  1.137E-06
1.88855115E+02  1.116E-06
1.89195315E+02  1.095E-06
1.89535515E+02  1.075E-06
1.89875715E+02  1.055E-06
1.90215915E+02  1.036E-06
1.90556115E+02  1.018E-06
1.90896315E+02  1.001E-06
1.91236515E+02  9.845E-07
1.91576715E+02  9.687E-07
1.91916915E+02  9.537E-07
1.92257115E+02  9.395E-07
1.92597315E+02  9.261E-07
1.92937515E+02  9.135E-07
1.93277715E+02  9.016E-07
1.93617915E+02  8.906E-07
1.93958115E+02  8.805E-07
1.94298315E+02  8.711E-07
1.94638515E+02  8.626E-07
1.94978715E+02  8.550E-07
1.95318915E+02  8.482E-07
1.95659115E+02  8.424E-07
1.95999315E+02  8.374E-07
1.96339515E+02  8.333E-07
1.96679715E+02  8.301E-07
1.97019915E+02  8.278E-07
1.97360115E+02  8.265E-07
1.97700315E+02  8.261E-07
1.98040515E+02  8.266E-07
1.98380715E+02  8.280E-07
1.98720915E+02  8.304E-07
1.99061115E+02  8.337E-07
1.99401315E+02  8.379E-07
1.99741515E+02  8.430E-07
2.00081715E+02  8.490E-07
2.00421915E+02  8.559E-07
2.00762115E+02  8.636E-07
2.01102315E+02  8.722E-07
2.01442515E+02  8.816E-07
2.01782715E+02  8.917E-07
2.02122915E+02  9.025E-07
2.02463115E+02  9.141E-07
2.02803315E+02  9.262E-07
2.03143515E+02  9.390E-07
2.03483715E+02  9.523E-07
2.03823915E+02  9.661E-07
2.04164115E+02  9.803E-07
2.04504315E+02  9.948E-07
