          16           7
         215          13           1           1
           0          -4           0          -4           0          -6           0          -2           0          -4           0           6           0           4           0           2           0           4           0           6           0           2           0           4           0           2           0          -4           0          -2           0           2           0           4           0           6           0           2           0           4           0           6           0           4           0          -2           0          -2           0          -4           0          -6           0          -8           0          -2           0          -4           0          -6           0          -4           0           2           0          -4           0          -6           0          -2           0          -4           0          -6           0          -6           0          -8           0          -4           0          -6           0          -2           0          -4           0           4           0           6           0           8           0          10           0           4           0          -4           0           2           0           6           0           4           0           8           0           2           0          -4           0          -2           0           6           0           6           0           4           0           2           0           8           0           4           0           6           0           8           0           4           0           6           0           8           0          10           0           4           0           6           0           8           0           6           0           4           0           2           0           6           0           2           0           4           0           2           0          -4           0          -2           0          -6           0          -8           0           6           0           4           0          -4           0          -6           0          -2           0          -4           0          -6           0          -8           0         -10           0          -2           0          -4           0          -6           0          -4           0          -2           0          -6           0          -8           0          -2           0          -4           0           2           0           4           0           6           0           8           0           4           0           4           0           6           0           8           0           2           0          10           0           8           0           6           0           4           0           2           0           6           0           6           0           4           0           4           0           2           0           4           0           6           0           8           0          -4           0           2           0           4           0          -6           0          -4           0           2           0           4           0           6           0           4           0           6           0          -2           0          -4           0          -6           0          -8           0         -10           0          -6           0          -8           0         -10           0         -12           0           2           0          -2           0          -4           0          -6           0          -8           0          -2           0          -8           0         -10           0          -4           0          -2           0          -6           0          -4           0          -2           0          -4           0          -2           0          -4           0          -6           0          -4           0          -8           0          -6           0           2           0           4           0           2           0           4           0           6           0         -10           0          -8           0          -6           0          -4           0           6           0          -2           0          -4           0           8           0          -6           0          -2           0          -4           0          -6           0          -8           0           4           0           6           0          -4           0          -6           0          -6           0          -8           0          -2           0           2           0          -4           0           4           0           6           0           4           0           4           0           2           0           2           0          -4           0          -6           0          -8           0          -2           0          -4           0          -6           0          -8           0         -10           0          -8           0          -6           0          -4           0          -2           0          -2           0          -4           0          -6           0          -6           0          -8           0          -4           0          -2           0          -6           0          -4
    0.000000E+00    9.645106E-03    9.843162E-03    1.435602E-02    1.458263E-02
    4.247197E-02    4.320385E-02    4.360158E-02    5.944295E-02    5.948713E-02
    6.922989E-02    7.316769E-02    7.411300E-02    1.134727E-01    1.147319E-01
    2.354040E-01    2.358931E-01    2.366026E-01    2.382857E-01    2.391328E-01
    2.438023E-01    2.438287E-01    2.461520E-01    2.471700E-01    2.474363E-01
    2.479076E-01    2.485433E-01    2.486026E-01    2.487216E-01    2.491410E-01
    2.502551E-01    2.507374E-01    2.510783E-01    2.511300E-01    2.524691E-01
    2.524772E-01    2.554279E-01    2.561102E-01    2.563381E-01    2.591442E-01
    2.591854E-01    2.609226E-01    2.615363E-01    2.619649E-01    2.622131E-01
    2.625883E-01    2.631076E-01    2.632646E-01    2.633261E-01    2.634365E-01
    2.637297E-01    2.638533E-01    2.640096E-01    2.643758E-01    2.644930E-01
    2.645338E-01    2.648466E-01    2.652759E-01    2.655531E-01    2.656939E-01
    2.657640E-01    2.676748E-01    2.677713E-01    2.679166E-01    2.688115E-01
    2.690337E-01    2.711118E-01    2.712141E-01    2.720014E-01    2.721113E-01
    2.724223E-01    2.724984E-01    2.725578E-01    2.726085E-01    2.727219E-01
    2.737570E-01    2.740430E-01    2.746587E-01    2.763855E-01    2.763956E-01
    2.763957E-01    2.764682E-01    2.789238E-01    2.791446E-01    2.808157E-01
    2.808428E-01    2.816082E-01    2.816156E-01    2.816277E-01    2.816445E-01
    2.816660E-01    2.832213E-01    2.832636E-01    2.833497E-01    2.872720E-01
    2.872722E-01    2.872783E-01    2.873017E-01    2.873787E-01    2.874354E-01
    2.875828E-01    2.876419E-01    2.877951E-01    2.879672E-01    2.884374E-01
    2.885530E-01    2.886000E-01    2.886971E-01    2.887362E-01    2.888178E-01
    2.901974E-01    2.902310E-01    2.934227E-01    2.936053E-01    2.936679E-01
    2.948139E-01    2.948751E-01    2.949134E-01    2.954910E-01    2.955387E-01
    2.955818E-01    2.956302E-01    2.974080E-01    2.974265E-01    2.978254E-01
    2.979930E-01    2.980044E-01    2.981863E-01    2.981951E-01    2.982014E-01
    2.986863E-01    2.989406E-01    2.997979E-01    3.013547E-01    3.014398E-01
    3.015665E-01    3.017420E-01    3.025165E-01    3.025355E-01    3.025686E-01
    3.026262E-01    3.032771E-01    3.036433E-01    3.036673E-01    3.036996E-01
    3.037196E-01    3.041292E-01    3.046134E-01    3.046301E-01    3.048276E-01
    3.048611E-01    3.049614E-01    3.051740E-01    3.052844E-01    3.060373E-01
    3.062721E-01    3.065126E-01    3.067251E-01    3.072820E-01    3.083217E-01
    3.083847E-01    3.085481E-01    3.086063E-01    3.093086E-01    3.093690E-01
    3.093750E-01    3.093804E-01    3.094500E-01    3.095030E-01    3.095365E-01
    3.096086E-01    3.096683E-01    3.098305E-01    3.098337E-01    3.100372E-01
    3.110986E-01    3.111053E-01    3.111248E-01    3.111449E-01    3.124031E-01
    3.124222E-01    3.126400E-01    3.132139E-01    3.132929E-01    3.134326E-01
    3.163175E-01    3.165548E-01    3.167011E-01    3.167161E-01    3.173537E-01
    3.174815E-01    3.194473E-01    3.198310E-01    3.206567E-01    3.235572E-01
    3.235827E-01    3.236877E-01    3.236885E-01    3.238034E-01    3.239013E-01
    3.239634E-01    3.240075E-01    3.245628E-01    3.245933E-01    3.263728E-01
    3.264517E-01    3.271738E-01    3.284075E-01    3.287843E-01    3.314323E-01
    3.314556E-01    3.324856E-01    3.325179E-01    3.327131E-01    3.333147E-01
           0           2           0           1
  -27.940514715248785               13
4.05279147E+01  1.224E-01  1.008E-01  4.921E-02  4.802E-02  6.787E-02  2.574E-04
                8.241E-02  1.703E-02  4.054E-04  2.553E-04  9.138E-04  1.394E-02
                2.489E-02  1.576E-03  1.507E-03
5.41359147E+01  5.415E-02  4.392E-02  2.138E-02  2.057E-02  2.912E-02  8.149E-05
                4.976E-02  1.018E-02  1.901E-04  1.205E-04  5.708E-04  8.976E-03
                1.629E-02  8.001E-04  7.592E-04  3.052E-06  1.591E-05  3.417E-05
                1.062E-05  2.598E-05  5.692E-06  8.835E-06  1.829E-05  3.208E-06
                3.467E-06  9.305E-06  1.222E-05  1.645E-05  1.615E-05  4.098E-05
                4.038E-05  2.815E-06  1.792E-04  3.746E-05  1.648E-05  1.286E-05
                1.786E-08  1.707E-05  6.167E-06  9.775E-05  5.427E-05  3.231E-05
                4.985E-05  1.862E-05  2.989E-06  7.514E-06  1.477E-05  1.581E-05
                1.610E-04  6.650E-06  8.020E-06  1.341E-05  3.907E-06  9.502E-06
                4.457E-05  2.776E-05  2.338E-05  8.164E-05  6.870E-05  4.076E-05
                1.893E-05  3.580E-08  6.423E-08  1.669E-09  2.989E-05  5.245E-05
                4.775E-06  9.040E-08  1.704E-05  3.396E-05  3.987E-05  1.392E-05
                1.683E-05  5.660E-06  5.608E-05  1.200E-05  3.338E-05  7.231E-06
                1.178E-05  4.822E-06  1.707E-05  3.932E-07  9.127E-06  1.466E-05
                9.275E-05  3.821E-05  4.499E-08  2.680E-08  1.874E-08  2.068E-09
                1.069E-08  4.873E-06  1.599E-06  1.263E-05  4.784E-06  1.588E-06
                8.430E-06  1.944E-06  3.415E-05  4.097E-05  1.257E-06  1.364E-06
                1.630E-06  5.297E-07  2.949E-06  2.091E-06  3.223E-06  3.380E-06
                4.810E-06  5.428E-07  1.763E-05  2.544E-05  1.141E-04  2.458E-05
                1.220E-06  1.184E-05  1.579E-05  1.390E-05  1.146E-06  1.613E-06
                1.012E-06  3.110E-06  8.104E-05  1.848E-06  1.007E-05  2.083E-05
                1.710E-05  2.322E-05  1.007E-04  3.111E-06  1.328E-05  1.272E-05
                1.956E-05  2.336E-06  3.069E-06  2.320E-06  1.315E-06  5.509E-06
                7.109E-06  7.242E-06  8.953E-09  2.612E-06  5.867E-06  1.517E-05
                2.570E-05  3.549E-06  1.450E-06  2.309E-05  1.243E-05  7.762E-06
                7.451E-06  2.096E-05  1.120E-05  2.178E-05  2.439E-06  4.281E-06
                1.963E-05  7.277E-06  8.549E-06  6.841E-06  7.385E-06  8.020E-06
                1.373E-05  4.213E-05  7.504E-05  4.130E-05  3.951E-06  3.001E-06
                4.590E-06  4.778E-06  1.339E-05  4.948E-06  5.869E-06  1.916E-05
                3.529E-06  6.881E-06  1.654E-05  2.722E-05  3.998E-06  1.189E-05
                3.360E-05  6.883E-06  1.261E-05  8.443E-06  1.002E-05  1.157E-06
                1.845E-05  4.255E-06  3.859E-05  1.132E-05  2.842E-05  1.740E-05
                1.862E-05  1.272E-05
6.77439147E+01  2.833E-02  2.277E-02  1.109E-02  1.065E-02  1.510E-02  4.273E-05
                3.298E-02  6.762E-03  1.068E-04  6.284E-05  3.842E-04  6.196E-03
                1.128E-02  4.400E-04  4.188E-04  1.857E-06  7.776E-06  1.711E-05
                6.846E-06  1.448E-05  3.422E-06  7.495E-06  7.022E-06  8.944E-07
                1.395E-06  4.238E-06  5.435E-06  8.450E-06  9.125E-06  2.249E-05
                1.826E-05  2.259E-06  6.862E-05  1.769E-05  7.925E-06  6.585E-06
                1.024E-08  7.458E-06  2.759E-06  4.451E-05  2.330E-05  1.435E-05
                2.198E-05  8.131E-07  1.476E-06  2.392E-06  3.881E-07  1.947E-06
                8.886E-05  1.307E-06  2.594E-06  2.535E-06  5.872E-07  3.782E-06
                2.030E-05  1.229E-05  1.022E-05  3.140E-05  2.729E-05  1.064E-05
                3.555E-06  1.321E-08  3.187E-08  1.327E-09  1.005E-05  5.685E-06
                3.667E-07  3.723E-08  6.734E-06  6.589E-06  8.825E-06  7.705E-06
                1.202E-05  3.742E-06  2.356E-05  3.666E-06  5.260E-06  2.360E-06
                7.889E-06  3.178E-06  1.113E-05  1.937E-07  4.063E-06  6.134E-06
                5.687E-05  2.291E-05  3.556E-09  4.576E-09  3.330E-09  2.208E-09
                1.678E-09  3.483E-06  1.634E-06  7.962E-06  3.185E-06  1.424E-06
                4.905E-06  8.152E-07  2.072E-05  2.498E-05  5.515E-07  7.991E-07
                1.018E-06  1.596E-07  7.232E-07  8.981E-07  1.712E-06  1.713E-06
                8.336E-07  1.397E-07  6.557E-06  1.520E-05  6.337E-05  1.397E-05
                6.083E-07  1.480E-06  8.228E-06  8.409E-06  7.821E-07  1.029E-06
                7.505E-07  1.968E-06  4.357E-05  6.616E-07  4.079E-06  5.060E-06
                1.273E-05  1.449E-05  6.108E-05  1.480E-06  7.073E-06  7.467E-06
                1.029E-05  1.704E-06  1.749E-06  1.224E-06  9.886E-07  2.280E-06
                3.579E-06  3.881E-06  1.688E-08  1.496E-06  2.950E-06  8.025E-06
                1.419E-05  1.210E-06  7.192E-07  7.994E-06  3.095E-06  5.793E-06
                4.042E-06  9.097E-06  6.452E-06  1.009E-05  1.370E-06  1.416E-06
                1.333E-05  1.604E-06  2.867E-06  1.492E-06  4.017E-06  1.663E-06
                4.333E-06  6.020E-06  3.210E-05  1.087E-05  2.609E-06  1.319E-06
                1.470E-06  1.631E-06  3.482E-06  2.360E-06  2.961E-06  1.181E-06
                1.342E-06  3.067E-06  8.279E-06  1.341E-05  3.177E-06  7.466E-07
                4.831E-07  2.338E-06  4.177E-06  3.613E-06  3.225E-06  7.611E-07
                7.624E-06  2.161E-06  5.970E-06  1.243E-06  2.454E-06  1.333E-05
                1.614E-05  1.071E-05  6.555E-06  9.286E-06  1.385E-05  3.263E-06
                4.481E-06  8.164E-06  7.492E-07  1.870E-07  4.659E-07  6.249E-07
                2.488E-06  2.508E-06  3.805E-06  8.350E-06  6.768E-06  4.431E-07
                7.577E-07  8.643E-07  5.814E-07  2.563E-06  7.748E-06
8.13519147E+01  1.625E-02  1.302E-02  6.340E-03  6.083E-03  8.649E-03  2.376E-05
                2.309E-02  4.736E-03  6.417E-05  3.424E-05  2.723E-04  4.455E-03
                8.130E-03  2.650E-04  2.527E-04  1.201E-06  4.432E-06  9.537E-06
                4.365E-06  8.523E-06  2.324E-06  5.091E-06  3.554E-06  4.216E-07
                8.099E-07  2.611E-06  3.805E-06  4.752E-06  5.373E-06  1.297E-05
                9.634E-06  1.536E-06  3.164E-05  9.837E-06  4.349E-06  3.786E-06
                6.336E-09  3.774E-06  1.339E-06  2.243E-05  1.191E-05  7.326E-06
                1.117E-05  3.600E-07  6.603E-07  1.128E-06  2.370E-07  1.104E-06
                5.213E-05  9.002E-07  1.398E-06  1.630E-06  2.940E-07  2.639E-06
                1.061E-05  6.329E-06  5.335E-06  1.615E-05  1.514E-05  4.888E-06
                1.773E-06  9.073E-09  2.083E-08  1.112E-09  3.955E-06  2.298E-06
                2.959E-07  5.751E-08  3.887E-06  3.820E-06  5.033E-06  5.226E-06
                8.878E-06  2.815E-06  1.354E-05  1.514E-06  2.622E-06  9.425E-07
                5.371E-06  2.146E-06  7.447E-06  6.954E-08  2.151E-06  2.893E-06
                3.532E-05  1.433E-05  2.323E-09  2.839E-09  1.487E-09  9.576E-10
                1.129E-09  2.438E-06  1.262E-06  5.178E-06  2.391E-06  1.074E-06
                3.619E-06  4.499E-07  1.284E-05  1.550E-05  3.350E-07  5.280E-07
                6.880E-07  9.942E-08  2.958E-07  5.688E-07  1.132E-06  1.128E-06
                1.663E-07  1.151E-07  4.159E-06  1.008E-05  3.962E-05  8.677E-06
                4.265E-07  9.709E-07  5.308E-06  5.188E-06  4.704E-07  6.634E-07
                5.103E-07  1.173E-06  2.640E-05  4.619E-07  2.775E-06  3.272E-06
                8.200E-06  9.352E-06  3.907E-05  8.563E-07  4.862E-06  5.104E-06
                6.811E-06  7.672E-07  7.681E-07  4.999E-07  4.545E-07  1.296E-06
                2.013E-06  2.179E-06  1.336E-08  9.513E-07  1.712E-06  4.735E-06
                8.604E-06  5.405E-07  3.943E-07  3.053E-06  1.085E-06  3.792E-06
                2.691E-06  5.433E-06  3.806E-06  6.082E-06  8.301E-07  7.177E-07
                8.031E-06  8.678E-07  1.379E-06  9.247E-07  2.066E-06  8.262E-07
                2.867E-06  3.661E-06  1.863E-05  6.503E-06  1.060E-06  6.716E-07
                6.750E-07  6.604E-07  2.070E-06  1.386E-06  1.515E-06  7.536E-07
                7.244E-07  2.156E-06  5.830E-06  9.198E-06  1.348E-06  4.170E-07
                2.503E-07  1.161E-06  1.769E-06  1.866E-06  1.496E-06  3.469E-07
                5.391E-06  1.283E-06  4.126E-06  8.027E-07  1.632E-06  9.496E-06
                1.154E-05  7.748E-06  3.358E-06  4.410E-06  5.889E-06  1.669E-06
                2.134E-06  3.810E-06  1.427E-07  4.180E-08  2.121E-07  4.076E-07
                1.896E-06  1.898E-06  2.510E-06  4.784E-06  4.057E-06  1.341E-07
                1.750E-07  3.592E-07  2.795E-07  2.407E-06  6.457E-06
9.49599147E+01  1.006E-02  8.075E-03  3.931E-03  3.775E-03  5.360E-03  1.456E-05
                1.684E-02  3.453E-03  4.186E-05  2.061E-05  1.995E-04  3.295E-03
                6.021E-03  1.701E-04  1.623E-04  7.692E-07  2.636E-06  5.413E-06
                2.797E-06  5.000E-06  1.527E-06  3.342E-06  2.163E-06  2.560E-07
                5.575E-07  1.797E-06  2.806E-06  2.926E-06  3.324E-06  7.997E-06
                5.604E-06  1.008E-06  1.710E-05  6.051E-06  2.623E-06  2.344E-06
                3.964E-09  2.108E-06  7.411E-07  1.276E-05  6.888E-06  4.198E-06
                6.380E-06  1.844E-07  3.459E-07  6.133E-07  1.848E-07  7.708E-07
                3.276E-05  7.655E-07  7.972E-07  1.302E-06  1.660E-07  2.270E-06
                6.132E-06  3.630E-06  3.081E-06  9.153E-06  1.053E-05  2.970E-06
                1.045E-06  6.541E-09  1.371E-08  7.896E-10  1.966E-06  1.175E-06
                2.333E-07  5.584E-08  2.424E-06  2.374E-06  3.123E-06  3.777E-06
                6.565E-06  2.126E-06  8.404E-06  7.941E-07  1.556E-06  4.690E-07
                3.731E-06  1.490E-06  5.153E-06  4.185E-08  1.280E-06  1.600E-06
                2.340E-05  9.464E-06  1.601E-09  1.905E-09  9.459E-10  6.527E-10
                6.569E-10  1.742E-06  8.916E-07  3.611E-06  1.851E-06  8.185E-07
                2.799E-06  2.810E-07  8.545E-06  1.032E-05  2.466E-07  3.991E-07
                5.211E-07  7.321E-08  1.973E-07  4.047E-07  8.134E-07  8.162E-07
                6.587E-08  8.629E-08  2.869E-06  6.977E-06  2.691E-05  5.884E-06
                2.920E-07  7.102E-07  3.721E-06  3.502E-06  3.565E-07  5.043E-07
                3.970E-07  8.656E-07  1.776E-05  3.475E-07  1.982E-06  2.152E-06
                5.393E-06  6.476E-06  2.702E-05  6.251E-07  3.451E-06  3.628E-06
                4.737E-06  4.159E-07  4.107E-07  2.539E-07  2.552E-07  6.803E-07
                1.057E-06  1.148E-06  1.429E-08  6.356E-07  1.147E-06  3.241E-06
                6.005E-06  2.791E-07  2.488E-07  1.274E-06  4.465E-07  2.499E-06
                1.782E-06  3.715E-06  2.600E-06  4.191E-06  5.475E-07  4.234E-07
                5.721E-06  4.974E-07  7.913E-07  5.477E-07  1.215E-06  5.319E-07
                2.040E-06  2.468E-06  1.230E-05  4.460E-06  5.962E-07  3.645E-07
                3.889E-07  3.767E-07  1.431E-06  9.321E-07  1.014E-06  5.186E-07
                4.389E-07  1.518E-06  4.048E-06  6.288E-06  7.858E-07  3.211E-07
                1.740E-07  6.670E-07  9.279E-07  1.055E-06  7.610E-07  2.065E-07
                3.870E-06  8.048E-07  2.923E-06  5.372E-07  1.117E-06  6.988E-06
                8.466E-06  5.727E-06  1.926E-06  2.371E-06  2.811E-06  9.763E-07
                1.230E-06  2.139E-06  4.988E-08  1.482E-08  9.846E-08  2.288E-07
                1.476E-06  1.474E-06  1.934E-06  3.440E-06  2.772E-06  8.379E-08
                9.124E-08  2.530E-07  2.084E-07  1.799E-06  4.845E-06
1.08567915E+02  6.534E-03  5.237E-03  2.549E-03  2.445E-03  3.481E-03  9.624E-06
                1.254E-02  2.572E-03  2.865E-05  1.297E-05  1.503E-04  2.499E-03
                4.573E-03  1.124E-04  1.071E-04  5.163E-07  1.693E-06  3.237E-06
                1.878E-06  3.091E-06  1.019E-06  2.232E-06  1.512E-06  1.873E-07
                4.455E-07  1.402E-06  2.310E-06  1.909E-06  2.126E-06  5.148E-06
                3.492E-06  6.719E-07  1.017E-05  4.038E-06  1.683E-06  1.519E-06
                2.581E-09  1.259E-06  4.416E-07  7.640E-06  4.230E-06  2.549E-06
                3.870E-06  1.046E-07  1.996E-07  3.623E-07  1.470E-07  5.687E-07
                2.156E-05  6.305E-07  4.831E-07  1.035E-06  9.003E-08  1.885E-06
                3.742E-06  2.190E-06  1.904E-06  5.637E-06  7.721E-06  1.998E-06
                6.601E-07  5.079E-09  1.017E-08  5.556E-10  1.096E-06  6.741E-07
                1.769E-07  4.663E-08  1.622E-06  1.577E-06  2.064E-06  2.987E-06
                4.883E-06  1.610E-06  5.579E-06  4.654E-07  1.010E-06  2.602E-07
                2.649E-06  1.057E-06  3.651E-06  3.229E-08  8.268E-07  9.756E-07
                1.590E-05  6.421E-06  1.172E-09  1.361E-09  6.345E-10  4.586E-10
                4.382E-10  1.252E-06  6.420E-07  2.545E-06  1.468E-06  6.364E-07
                2.226E-06  2.013E-07  5.804E-06  7.019E-06  1.877E-07  3.044E-07
                3.958E-07  5.588E-08  1.474E-07  3.061E-07  6.161E-07  6.233E-07
                4.128E-08  6.498E-08  2.176E-06  5.301E-06  1.872E-05  4.090E-06
                2.080E-07  5.353E-07  2.677E-06  2.434E-06  2.693E-07  3.819E-07
                3.049E-07  6.506E-07  1.204E-05  2.750E-07  1.510E-06  1.471E-06
                3.675E-06  4.590E-06  1.913E-05  4.689E-07  2.621E-06  2.761E-06
                3.303E-06  2.653E-07  2.552E-07  1.471E-07  1.698E-07  4.289E-07
                6.656E-07  7.263E-07  1.238E-08  4.438E-07  8.159E-07  2.347E-06
                4.409E-06  1.518E-07  1.660E-07  7.352E-07  2.556E-07  1.706E-06
                1.225E-06  2.702E-06  1.890E-06  3.058E-06  3.788E-07  2.673E-07
                4.174E-06  3.084E-07  4.915E-07  3.591E-07  7.878E-07  3.793E-07
                1.492E-06  1.742E-06  8.610E-06  3.300E-06  4.039E-07  2.241E-07
                2.505E-07  2.479E-07  1.104E-06  6.696E-07  7.222E-07  4.011E-07
                2.942E-07  1.116E-06  2.957E-06  4.557E-06  5.339E-07  2.553E-07
                1.323E-07  4.260E-07  6.178E-07  6.696E-07  5.006E-07  1.316E-07
                2.826E-06  5.331E-07  2.132E-06  4.058E-07  8.276E-07  5.178E-06
                6.260E-06  4.259E-06  1.234E-06  1.495E-06  1.660E-06  6.201E-07
                7.859E-07  1.359E-06  2.899E-08  9.121E-09  5.291E-08  1.372E-07
                1.139E-06  1.137E-06  1.457E-06  2.549E-06  2.004E-06  5.718E-08
                5.657E-08  1.824E-07  1.567E-07  1.370E-06  3.679E-06
1.22175915E+02  4.477E-03  3.600E-03  1.752E-03  1.686E-03  2.395E-03  6.237E-06
                9.795E-03  2.009E-03  2.038E-05  8.322E-06  1.176E-04  1.965E-03
                3.599E-03  8.082E-05  7.720E-05  3.488E-07  1.188E-06  2.031E-06
                1.287E-06  1.943E-06  6.593E-07  1.441E-06  1.011E-06  1.295E-07
                3.924E-07  1.244E-06  2.112E-06  1.217E-06  1.344E-06  3.284E-06
                2.284E-06  4.342E-07  6.484E-06  2.859E-06  1.102E-06  9.870E-07
                1.637E-09  7.726E-07  2.729E-07  4.958E-06  2.816E-06  1.672E-06
                2.541E-06  6.617E-08  1.332E-07  2.496E-07  1.537E-07  4.457E-07
                1.495E-05  5.418E-07  2.978E-07  8.618E-07  5.285E-08  1.625E-06
                2.445E-06  1.431E-06  1.204E-06  3.535E-06  6.010E-06  1.477E-06
                4.407E-07  3.826E-09  6.823E-09  3.876E-10  6.802E-07  4.284E-07
                1.326E-07  3.826E-08  1.087E-06  1.040E-06  1.354E-06  2.136E-06
                3.692E-06  1.210E-06  3.670E-06  2.912E-07  6.627E-07  1.593E-07
                1.758E-06  7.042E-07  2.428E-06  2.619E-08  5.402E-07  6.234E-07
                1.128E-05  4.559E-06  8.865E-10  9.896E-10  4.219E-10  3.268E-10
                3.043E-10  8.353E-07  4.238E-07  1.716E-06  1.179E-06  5.027E-07
                1.792E-06  1.459E-07  4.148E-06  5.031E-06  1.387E-07  2.245E-07
                2.925E-07  3.973E-08  1.102E-07  2.200E-07  4.367E-07  4.490E-07
                3.692E-08  4.256E-08  1.436E-06  3.501E-06  1.441E-05  3.149E-06
                1.464E-07  3.964E-07  2.047E-06  1.855E-06  1.922E-07  2.890E-07
                2.266E-07  4.515E-07  8.438E-06  2.020E-07  1.104E-06  1.041E-06
                2.611E-06  3.585E-06  1.496E-05  3.513E-07  1.770E-06  1.855E-06
                2.263E-06  1.741E-07  1.643E-07  8.838E-08  1.148E-07  2.808E-07
                4.364E-07  4.783E-07  1.171E-08  3.192E-07  6.074E-07  1.770E-06
                3.356E-06  9.018E-08  1.194E-07  4.399E-07  1.536E-07  1.218E-06
                8.680E-07  2.032E-06  1.422E-06  2.308E-06  2.765E-07  1.827E-07
                3.172E-06  2.033E-07  3.274E-07  2.309E-07  4.983E-07  2.958E-07
                1.135E-06  1.347E-06  6.613E-06  2.143E-06  2.725E-07  1.411E-07
                1.666E-07  1.649E-07  7.473E-07  5.024E-07  5.391E-07  2.727E-07
                2.103E-07  8.507E-07  2.240E-06  3.420E-06  3.529E-07  2.067E-07
                1.027E-07  2.749E-07  4.010E-07  4.253E-07  3.245E-07  8.684E-08
                2.238E-06  3.586E-07  1.662E-06  2.699E-07  6.344E-07  4.107E-06
                4.996E-06  3.413E-06  8.249E-07  9.846E-07  9.761E-07  4.086E-07
                5.310E-07  9.030E-07  2.346E-08  8.449E-09  3.214E-08  8.863E-08
                8.948E-07  8.961E-07  1.137E-06  1.961E-06  1.508E-06  3.977E-08
                3.505E-08  1.345E-07  1.211E-07  1.067E-06  2.880E-06
1.35783915E+02  3.122E-03  2.505E-03  1.219E-03  1.171E-03  1.670E-03  4.524E-06
                7.571E-03  1.553E-03  1.499E-05  5.685E-06  9.192E-05  1.543E-03
                2.830E-03  5.606E-05  5.345E-05  2.502E-07  8.586E-07  1.248E-06
                9.405E-07  1.246E-06  4.580E-07  1.003E-06  8.001E-07  1.119E-07
                2.906E-07  8.797E-07  1.483E-06  8.445E-07  8.885E-07  2.196E-06
                1.553E-06  3.015E-07  4.587E-06  1.969E-06  7.711E-07  6.771E-07
                1.092E-09  5.005E-07  1.770E-07  3.357E-06  1.932E-06  1.141E-06
                1.732E-06  4.403E-08  9.257E-08  1.765E-07  1.370E-07  3.604E-07
                1.067E-05  4.539E-07  1.967E-07  7.109E-07  3.173E-08  1.365E-06
                1.653E-06  9.654E-07  8.010E-07  2.372E-06  4.725E-06  1.113E-06
                3.091E-07  3.117E-09  5.282E-09  2.771E-10  4.360E-07  2.857E-07
                9.684E-08  2.872E-08  7.722E-07  7.368E-07  9.647E-07  1.704E-06
                2.773E-06  9.250E-07  2.605E-06  1.936E-07  4.773E-07  1.004E-07
                1.313E-06  5.272E-07  1.815E-06  2.053E-08  3.788E-07  4.227E-07
                8.227E-06  3.317E-06  6.795E-10  7.505E-10  3.083E-10  2.363E-10
                2.126E-10  6.300E-07  3.132E-07  1.286E-06  9.447E-07  3.966E-07
                1.443E-06  1.199E-07  3.018E-06  3.655E-06  1.082E-07  1.738E-07
                2.266E-07  3.090E-08  8.888E-08  1.705E-07  3.419E-07  3.565E-07
                3.474E-08  3.569E-08  1.133E-06  2.761E-06  1.050E-05  2.296E-06
                1.094E-07  3.055E-07  1.530E-06  1.353E-06  1.451E-07  2.215E-07
                1.743E-07  3.405E-07  6.144E-06  1.625E-07  8.731E-07  7.482E-07
                1.873E-06  2.647E-06  1.104E-05  2.601E-07  1.396E-06  1.468E-06
                1.689E-06  1.216E-07  1.124E-07  5.634E-08  8.237E-08  1.980E-07
                3.076E-07  3.381E-07  8.703E-09  2.338E-07  4.624E-07  1.361E-06
                2.603E-06  5.320E-08  8.545E-08  3.220E-07  1.127E-07  8.754E-07
                6.246E-07  1.572E-06  1.099E-06  1.786E-06  2.076E-07  1.279E-07
                2.438E-06  1.380E-07  2.235E-07  1.619E-07  3.435E-07  2.334E-07
                8.527E-07  1.005E-06  4.959E-06  1.693E-06  1.998E-07  9.418E-08
                1.164E-07  1.171E-07  6.308E-07  3.864E-07  4.117E-07  2.318E-07
                1.553E-07  6.610E-07  1.732E-06  2.635E-06  2.552E-07  1.622E-07
                7.949E-08  1.903E-07  3.016E-07  2.924E-07  2.449E-07  5.966E-08
                1.671E-06  2.527E-07  1.252E-06  2.292E-07  5.022E-07  3.080E-06
                3.740E-06  2.561E-06  5.886E-07  7.131E-07  6.884E-07  2.832E-07
                3.765E-07  6.458E-07  2.287E-08  8.425E-09  1.949E-08  5.736E-08
                7.125E-07  7.145E-07  8.819E-07  1.523E-06  1.156E-06  2.972E-08
                2.529E-08  1.027E-07  9.511E-08  8.432E-07  2.268E-06
1.49391915E+02  2.319E-03  1.871E-03  9.107E-04  8.789E-04  1.246E-03  3.213E-06
                6.190E-03  1.269E-03  1.145E-05  3.947E-06  7.476E-05  1.257E-03
                2.305E-03  4.333E-05  4.140E-05  1.831E-07  7.102E-07  8.969E-07
                7.022E-07  8.630E-07  3.011E-07  6.568E-07  5.454E-07  7.863E-08
                2.825E-07  8.831E-07  1.512E-06  5.470E-07  5.749E-07  1.435E-06
                1.114E-06  1.979E-07  3.240E-06  1.547E-06  5.276E-07  4.515E-07
                6.941E-10  3.234E-07  1.169E-07  2.449E-06  1.449E-06  8.262E-07
                1.258E-06  3.223E-08  7.209E-08  1.410E-07  1.371E-07  2.975E-07
                7.885E-06  3.921E-07  1.307E-07  6.040E-07  2.326E-08  1.178E-06
                1.185E-06  6.994E-07  5.410E-07  1.591E-06  3.869E-06  8.972E-07
                2.237E-07  2.432E-09  3.611E-09  1.962E-10  3.160E-07  2.102E-07
                7.247E-08  2.280E-08  5.459E-07  5.126E-07  6.673E-07  1.216E-06
                2.186E-06  7.105E-07  1.807E-06  1.366E-07  3.383E-07  7.066E-08
                8.409E-07  3.393E-07  1.167E-06  1.810E-08  2.647E-07  2.971E-07
                6.060E-06  2.457E-06  5.388E-10  5.676E-10  2.076E-10  1.756E-10
                1.600E-10  4.016E-07  2.003E-07  8.417E-07  7.803E-07  3.240E-07
                1.191E-06  9.011E-08  2.248E-06  2.725E-06  7.987E-08  1.272E-07
                1.663E-07  2.142E-08  6.803E-08  1.221E-07  2.397E-07  2.554E-07
                3.512E-08  2.246E-08  7.201E-07  1.755E-06  8.791E-06  1.921E-06
                8.020E-08  2.291E-07  1.238E-06  1.117E-06  1.011E-07  1.690E-07
                1.270E-07  2.292E-07  4.361E-06  1.172E-07  6.410E-07  5.594E-07
                1.404E-06  2.237E-06  9.341E-06  1.921E-07  9.094E-07  9.483E-07
                1.129E-06  8.689E-08  7.894E-08  3.674E-08  5.997E-08  1.439E-07
                2.239E-07  2.466E-07  7.394E-09  1.774E-07  3.625E-07  1.075E-06
                2.067E-06  3.430E-08  6.843E-08  2.271E-07  8.040E-08  6.597E-07
                4.673E-07  1.235E-06  8.649E-07  1.407E-06  1.623E-07  9.648E-08
                1.912E-06  1.010E-07  1.660E-07  1.099E-07  2.293E-07  1.955E-07
                6.824E-07  8.423E-07  4.145E-06  1.046E-06  1.440E-07  6.321E-08
                8.286E-08  8.300E-08  4.143E-07  3.046E-07  3.223E-07  1.534E-07
                1.193E-07  5.243E-07  1.369E-06  2.066E-06  1.791E-07  1.316E-07
                6.274E-08  1.304E-07  2.099E-07  1.978E-07  1.710E-07  4.235E-08
                1.412E-06  1.806E-07  1.038E-06  1.482E-07  4.047E-07  2.581E-06
                3.172E-06  2.174E-06  4.241E-07  5.142E-07  4.511E-07  1.999E-07
                2.736E-07  4.640E-07  2.147E-08  8.253E-09  1.393E-08  4.075E-08
                5.743E-07  5.771E-07  7.067E-07  1.210E-06  9.026E-07  2.252E-08
                1.774E-08  7.979E-08  7.607E-08  6.746E-07  1.826E-06
1.62999915E+02  1.654E-03  1.329E-03  6.473E-04  6.240E-04  8.914E-04  2.133E-06
                4.980E-03  1.021E-03  8.651E-06  2.555E-06  6.141E-05  1.038E-03
                1.907E-03  3.167E-05  3.025E-05  1.420E-07  5.824E-07  5.968E-07
                5.577E-07  6.007E-07  2.140E-07  4.682E-07  4.558E-07  7.072E-08
                1.985E-07  5.886E-07  9.809E-07  3.981E-07  3.894E-07  9.816E-07
                7.872E-07  1.403E-07  2.405E-06  1.064E-06  3.801E-07  3.156E-07
                4.831E-10  2.246E-07  8.134E-08  1.709E-06  1.015E-06  5.770E-07
                8.803E-07  2.294E-08  5.375E-08  1.075E-07  1.198E-07  2.484E-07
                5.742E-06  3.352E-07  9.256E-08  5.116E-07  1.751E-08  1.008E-06
                8.244E-07  4.827E-07  3.728E-07  1.117E-06  3.170E-06  7.069E-07
                1.668E-07  2.068E-09  2.995E-09  1.516E-10  2.068E-07  1.456E-07
                5.241E-08  1.670E-08  3.987E-07  3.748E-07  4.910E-07  1.008E-06
                1.642E-06  5.421E-07  1.323E-06  9.227E-08  2.496E-07  4.461E-08
                6.606E-07  2.664E-07  9.169E-07  1.426E-08  1.903E-07  2.059E-07
                4.470E-06  1.807E-06  4.154E-10  4.374E-10  1.581E-10  1.280E-10
                1.135E-10  3.162E-07  1.560E-07  6.524E-07  6.179E-07  2.539E-07
                9.468E-07  7.625E-08  1.647E-06  1.997E-06  6.358E-08  9.899E-08
                1.286E-07  1.734E-08  5.726E-08  9.867E-08  1.948E-07  2.098E-07
                3.559E-08  2.016E-08  6.154E-07  1.498E-06  6.423E-06  1.405E-06
                6.038E-08  1.766E-07  9.276E-07  8.204E-07  7.867E-08  1.297E-07
                9.837E-08  1.809E-07  3.242E-06  9.850E-08  5.266E-07  4.104E-07
                1.028E-06  1.654E-06  6.907E-06  1.438E-07  7.666E-07  8.034E-07
                8.734E-07  6.341E-08  5.668E-08  2.466E-08  4.462E-08  1.070E-07
                1.664E-07  1.835E-07  5.139E-09  1.323E-07  2.797E-07  8.332E-07
                1.611E-06  2.082E-08  4.929E-08  1.896E-07  6.733E-08  4.840E-07
                3.441E-07  9.577E-07  6.709E-07  1.092E-06  1.261E-07  7.040E-08
                1.478E-06  7.056E-08  1.163E-07  8.017E-08  1.647E-07  1.588E-07
                5.141E-07  6.379E-07  3.178E-06  8.810E-07  1.096E-07  4.388E-08
                5.972E-08  6.093E-08  3.764E-07  2.349E-07  2.479E-07  1.402E-07
                8.997E-08  4.085E-07  1.063E-06  1.602E-06  1.338E-07  1.010E-07
                4.872E-08  9.425E-08  1.661E-07  1.437E-07  1.362E-07  3.030E-08
                1.065E-06  1.320E-07  7.916E-07  1.365E-07  3.304E-07  1.944E-06
                2.385E-06  1.638E-06  3.149E-07  3.943E-07  3.548E-07  1.430E-07
                2.009E-07  3.470E-07  1.780E-08  6.698E-09  9.178E-09  2.771E-08
                4.590E-07  4.619E-07  5.501E-07  9.517E-07  7.031E-07  1.679E-08
                1.347E-08  6.237E-08  6.059E-08  5.358E-07  1.449E-06
1.76607915E+02  1.341E-03  1.079E-03  5.255E-04  5.072E-04  7.190E-04  2.006E-06
                4.019E-03  8.241E-04  7.022E-06  2.201E-06  4.878E-05  8.242E-04
                1.513E-03  2.375E-05  2.263E-05  1.123E-07  5.184E-07  4.750E-07
                4.506E-07  4.486E-07  1.488E-07  3.237E-07  3.184E-07  5.244E-08
                1.773E-07  5.387E-07  8.939E-07  2.594E-07  2.559E-07  6.498E-07
                6.062E-07  9.749E-08  1.938E-06  8.441E-07  2.781E-07  2.206E-07
                3.029E-10  1.492E-07  5.502E-08  1.427E-06  8.539E-07  4.720E-07
                7.191E-07  1.897E-08  4.727E-08  9.515E-08  1.159E-07  2.173E-07
                4.624E-06  2.951E-07  6.608E-08  4.471E-07  1.652E-08  8.857E-07
                6.580E-07  3.968E-07  2.722E-07  7.931E-07  2.697E-06  6.057E-07
                1.321E-07  1.638E-09  1.918E-09  1.048E-10  1.687E-07  1.188E-07
                4.037E-08  1.340E-08  2.989E-07  2.768E-07  3.670E-07  6.877E-07
                1.319E-06  4.311E-07  9.789E-07  7.233E-08  1.937E-07  3.536E-08
                4.127E-07  1.689E-07  5.778E-07  1.066E-08  1.432E-07  1.582E-07
                3.566E-06  1.455E-06  3.362E-10  3.420E-10  1.124E-10  9.860E-11
                8.235E-11  1.987E-07  9.570E-08  4.353E-07  5.116E-07  2.087E-07
                7.871E-07  6.841E-08  1.333E-06  1.607E-06  4.847E-08  7.425E-08
                9.779E-08  1.192E-08  4.651E-08  7.225E-08  1.393E-07  1.547E-07
                3.589E-08  1.247E-08  3.565E-07  8.672E-07  5.606E-06  1.226E-06
                4.554E-08  1.417E-07  7.867E-07  7.067E-07  5.434E-08  1.023E-07
                7.198E-08  1.186E-07  2.450E-06  6.902E-08  3.823E-07  3.259E-07
                8.173E-07  1.453E-06  6.077E-06  1.022E-07  4.635E-07  4.796E-07
                5.987E-07  4.303E-08  3.845E-08  1.564E-08  3.038E-08  7.296E-08
                1.137E-07  1.257E-07  4.370E-09  1.081E-07  2.256E-07  6.753E-07
                1.310E-06  1.447E-08  4.080E-08  1.333E-07  4.837E-08  3.849E-07
                2.707E-07  7.752E-07  5.430E-07  8.848E-07  1.015E-07  5.689E-08
                1.202E-06  5.527E-08  9.285E-08  5.796E-08  1.142E-07  1.418E-07
                4.259E-07  5.543E-07  2.763E-06  5.267E-07  7.354E-08  2.888E-08
                4.281E-08  4.163E-08  2.317E-07  1.922E-07  2.017E-07  8.698E-08
                7.203E-08  3.330E-07  8.636E-07  1.293E-06  9.016E-08  8.476E-08
                3.893E-08  6.660E-08  1.200E-07  9.815E-08  9.886E-08  2.220E-08
                9.080E-07  9.653E-08  6.660E-07  8.443E-08  2.637E-07  1.634E-06
                2.030E-06  1.390E-06  2.350E-07  2.875E-07  2.219E-07  1.067E-07
                1.541E-07  2.579E-07  2.357E-08  9.158E-09  7.793E-09  2.166E-08
                3.725E-07  3.755E-07  4.432E-07  7.585E-07  5.504E-07  1.526E-08
                1.137E-08  4.936E-08  4.889E-08  4.311E-07  1.168E-06
1.90215915E+02  9.790E-04  7.944E-04  3.869E-04  3.767E-04  5.329E-04  1.036E-06
                3.605E-03  7.394E-04  5.563E-06  1.185E-06  4.463E-05  7.571E-04
                1.391E-03  2.069E-05  1.988E-05  9.019E-08  4.528E-07  3.626E-07
                3.674E-07  3.489E-07  1.009E-07  2.201E-07  2.481E-07  4.105E-08
                1.690E-07  5.207E-07  8.821E-07  1.889E-07  1.787E-07  4.555E-07
                4.504E-07  6.564E-08  1.271E-06  7.024E-07  1.867E-07  1.456E-07
                2.157E-10  1.083E-07  4.176E-08  9.662E-07  6.085E-07  3.114E-07
                4.788E-07  1.303E-08  3.425E-08  7.235E-08  9.762E-08  1.780E-07
                3.207E-06  2.546E-07  4.780E-08  3.819E-07  1.398E-08  7.621E-07
                4.420E-07  2.616E-07  1.815E-07  5.457E-07  2.271E-06  4.915E-07
                9.638E-08  1.430E-09  1.790E-09  8.723E-11  1.160E-07  8.555E-08
                2.811E-08  9.553E-09  2.080E-07  1.929E-07  2.517E-07  6.259E-07
                1.045E-06  3.296E-07  6.771E-07  4.968E-08  1.384E-07  2.289E-08
                3.153E-07  1.263E-07  4.383E-07  1.234E-08  9.825E-08  1.078E-07
                2.409E-06  9.862E-07  2.656E-10  2.592E-10  7.691E-11  7.203E-11
                6.748E-11  1.470E-07  7.786E-08  3.043E-07  4.240E-07  1.720E-07
                6.464E-07  4.261E-08  9.002E-07  1.089E-06  3.683E-08  5.494E-08
                7.073E-08  9.543E-09  3.788E-08  5.622E-08  1.077E-07  1.199E-07
                3.324E-08  1.109E-08  3.389E-07  8.236E-07  4.322E-06  9.437E-07
                3.669E-08  1.047E-07  6.006E-07  5.463E-07  4.195E-08  7.655E-08
                5.425E-08  9.446E-08  1.636E-06  6.136E-08  3.283E-07  2.366E-07
                5.900E-07  1.130E-06  4.729E-06  8.198E-08  4.285E-07  4.466E-07
                4.171E-07  3.654E-08  3.189E-08  1.222E-08  2.631E-08  6.436E-08
                1.002E-07  1.104E-07  2.752E-09  8.043E-08  1.773E-07  5.305E-07
                1.034E-06  9.810E-09  3.484E-08  1.124E-07  4.000E-08  2.795E-07
                2.010E-07  5.992E-07  4.214E-07  6.856E-07  8.637E-08  4.656E-08
                9.163E-07  4.408E-08  7.472E-08  4.124E-08  8.365E-08  1.118E-07
                3.298E-07  4.405E-07  2.207E-06  4.324E-07  6.486E-08  2.223E-08
                3.333E-08  3.446E-08  2.243E-07  1.470E-07  1.539E-07  8.473E-08
                5.537E-08  2.598E-07  6.716E-07  1.003E-06  7.489E-08  6.333E-08
                3.023E-08  4.986E-08  9.081E-08  7.696E-08  7.418E-08  1.757E-08
                7.403E-07  7.608E-08  5.421E-07  7.884E-08  2.284E-07  1.335E-06
                1.661E-06  1.140E-06  1.786E-07  2.317E-07  1.983E-07  7.719E-08
                1.132E-07  1.970E-07  9.812E-09  3.697E-09  4.878E-09  1.506E-08
                3.076E-07  3.101E-07  3.596E-07  6.210E-07  4.459E-07  9.505E-09
                7.341E-09  4.055E-08  4.035E-08  3.535E-07  9.661E-07
2.03823915E+02  7.396E-04  5.884E-04  2.883E-04  2.758E-04  3.946E-04  9.661E-07
                2.667E-03  5.471E-04  4.310E-06  1.057E-06  3.362E-05  5.733E-04
                1.054E-03  1.282E-05  1.219E-05  7.862E-08  4.167E-07  2.594E-07
                3.334E-07  2.613E-07  8.024E-08  1.748E-07  2.145E-07  4.013E-08
                7.797E-08  2.036E-07  2.843E-07  1.387E-07  1.170E-07  3.011E-07
                3.228E-07  5.241E-08  1.186E-06  3.743E-07  1.517E-07  1.104E-07
                1.454E-10  8.124E-08  2.972E-08  7.618E-07  4.433E-07  2.516E-07
                3.817E-07  1.064E-08  2.959E-08  6.180E-08  8.640E-08  1.711E-07
                2.583E-06  2.400E-07  3.534E-08  3.594E-07  1.311E-08  7.207E-07
                3.436E-07  2.073E-07  1.356E-07  3.986E-07  2.060E-06  4.370E-07
                8.105E-08  1.230E-09  1.113E-09  6.271E-11  7.735E-08  5.982E-08
                2.089E-08  7.102E-09  1.643E-07  1.519E-07  2.075E-07  4.118E-07
                7.337E-07  2.569E-07  5.376E-07  3.460E-08  1.124E-07  1.438E-08
                2.453E-07  1.015E-07  3.455E-07  5.078E-09  7.611E-08  7.898E-08
                2.069E-06  8.430E-07  2.013E-10  2.073E-10  6.937E-11  5.525E-11
                3.780E-11  1.191E-07  5.271E-08  2.644E-07  3.107E-07  1.242E-07
                4.868E-07  6.356E-08  7.624E-07  9.172E-07  3.171E-08  4.500E-08
                5.923E-08  7.361E-09  3.742E-08  4.820E-08  8.938E-08  1.016E-07
                4.084E-08  8.608E-09  2.126E-07  5.160E-07  3.152E-06  6.909E-07
                2.420E-08  9.189E-08  4.663E-07  4.007E-07  3.194E-08  6.186E-08
                4.210E-08  6.995E-08  1.467E-06  4.718E-08  2.409E-07  1.819E-07
                4.542E-07  8.388E-07  3.505E-06  5.548E-08  2.750E-07  2.841E-07
                3.717E-07  2.044E-08  1.825E-08  6.568E-09  1.461E-08  3.545E-08
                5.523E-08  6.148E-08  2.405E-09  6.750E-08  1.358E-07  4.078E-07
                7.960E-07  5.881E-09  2.030E-08  1.077E-07  4.014E-08  2.143E-07
                1.491E-07  4.671E-07  3.266E-07  5.333E-07  6.271E-08  3.282E-08
                7.408E-07  2.775E-08  4.629E-08  3.479E-08  6.316E-08  1.038E-07
                2.483E-07  3.342E-07  1.714E-06  3.211E-07  3.658E-08  1.315E-08
                2.153E-08  2.017E-08  1.513E-07  1.156E-07  1.222E-07  5.720E-08
                4.222E-08  2.026E-07  5.219E-07  7.788E-07  4.370E-08  5.316E-08
                2.424E-08  3.648E-08  8.392E-08  5.373E-08  7.035E-08  1.144E-08
                5.337E-07  5.168E-08  3.971E-07  5.809E-08  1.673E-07  9.445E-07
                1.176E-06  8.066E-07  1.317E-07  1.679E-07  1.296E-07  5.719E-08
                8.806E-08  1.470E-07  2.347E-08  8.944E-09  5.445E-09  1.226E-08
                2.345E-07  2.371E-07  2.663E-07  4.645E-07  3.290E-07  1.073E-08
                8.310E-09  2.999E-08  3.075E-08  2.680E-07  7.210E-07
