          16           7
         215          13           1           1
           0          -4           0          -4           0          -6           0          -2           0          -4           0           6           0           4           0           2           0           4           0           6           0           2           0           4           0           2           0          -4           0          -2           0           2           0           4           0           6           0           2           0           4           0           6           0           4           0          -2           0          -2           0          -4           0          -6           0          -8           0          -2           0          -4           0          -6           0          -4           0           2           0          -4           0          -6           0          -2           0          -4           0          -6           0          -6           0          -8           0          -4           0          -6           0          -2           0          -4           0           4           0           6           0           8           0          10           0           4           0          -4           0           2           0           6           0           4           0           8           0           2           0          -4           0          -2           0           6           0           6           0           4           0           2           0           8           0           4           0           6           0           8           0           4           0           6           0           8           0          10           0           4           0           6           0           8           0           6           0           4           0           2           0           6           0           2           0           4           0           2           0          -4           0          -2           0          -6           0          -8           0           6           0           4           0          -4           0          -6           0          -2           0          -4           0          -6           0          -8           0         -10           0          -2           0          -4           0          -6           0          -4           0          -2           0          -6           0          -8           0          -2           0          -4           0           2           0           4           0           6           0           8           0           4           0           4           0           6           0           8           0           2           0          10           0           8           0           6           0           4           0           2           0           6           0           6           0           4           0           4           0           2           0           4           0           6           0           8           0          -4           0           2           0           4           0          -6           0          -4           0           2           0           4           0           6           0           4           0           6           0          -2           0          -4           0          -6           0          -8           0         -10           0          -6           0          -8           0         -10           0         -12           0           2           0          -2           0          -4           0          -6           0          -8           0          -2           0          -8           0         -10           0          -4           0          -2           0          -6           0          -4           0          -2           0          -4           0          -2           0          -4           0          -6           0          -4           0          -8           0          -6           0           2           0           4           0           2           0           4           0           6           0         -10           0          -8           0          -6           0          -4           0           6           0          -2           0          -4           0           8           0          -6           0          -2           0          -4           0          -6           0          -8           0           4           0           6           0          -4           0          -6           0          -6           0          -8           0          -2           0           2           0          -4           0           4           0           6           0           4           0           4           0           2           0           2           0          -4           0          -6           0          -8           0          -2           0          -4           0          -6           0          -8           0         -10           0          -8           0          -6           0          -4           0          -2           0          -2           0          -4           0          -6           0          -6           0          -8           0          -4           0          -2           0          -6           0          -4
    0.000000E+00    9.645106E-03    9.843162E-03    1.435602E-02    1.458263E-02
    4.247197E-02    4.320385E-02    4.360158E-02    5.944295E-02    5.948713E-02
    6.922989E-02    7.316769E-02    7.411300E-02    1.134727E-01    1.147319E-01
    2.354040E-01    2.358931E-01    2.366026E-01    2.382857E-01    2.391328E-01
    2.438023E-01    2.438287E-01    2.461520E-01    2.471700E-01    2.474363E-01
    2.479076E-01    2.485433E-01    2.486026E-01    2.487216E-01    2.491410E-01
    2.502551E-01    2.507374E-01    2.510783E-01    2.511300E-01    2.524691E-01
    2.524772E-01    2.554279E-01    2.561102E-01    2.563381E-01    2.591442E-01
    2.591854E-01    2.609226E-01    2.615363E-01    2.619649E-01    2.622131E-01
    2.625883E-01    2.631076E-01    2.632646E-01    2.633261E-01    2.634365E-01
    2.637297E-01    2.638533E-01    2.640096E-01    2.643758E-01    2.644930E-01
    2.645338E-01    2.648466E-01    2.652759E-01    2.655531E-01    2.656939E-01
    2.657640E-01    2.676748E-01    2.677713E-01    2.679166E-01    2.688115E-01
    2.690337E-01    2.711118E-01    2.712141E-01    2.720014E-01    2.721113E-01
    2.724223E-01    2.724984E-01    2.725578E-01    2.726085E-01    2.727219E-01
    2.737570E-01    2.740430E-01    2.746587E-01    2.763855E-01    2.763956E-01
    2.763957E-01    2.764682E-01    2.789238E-01    2.791446E-01    2.808157E-01
    2.808428E-01    2.816082E-01    2.816156E-01    2.816277E-01    2.816445E-01
    2.816660E-01    2.832213E-01    2.832636E-01    2.833497E-01    2.872720E-01
    2.872722E-01    2.872783E-01    2.873017E-01    2.873787E-01    2.874354E-01
    2.875828E-01    2.876419E-01    2.877951E-01    2.879672E-01    2.884374E-01
    2.885530E-01    2.886000E-01    2.886971E-01    2.887362E-01    2.888178E-01
    2.901974E-01    2.902310E-01    2.934227E-01    2.936053E-01    2.936679E-01
    2.948139E-01    2.948751E-01    2.949134E-01    2.954910E-01    2.955387E-01
    2.955818E-01    2.956302E-01    2.974080E-01    2.974265E-01    2.978254E-01
    2.979930E-01    2.980044E-01    2.981863E-01    2.981951E-01    2.982014E-01
    2.986863E-01    2.989406E-01    2.997979E-01    3.013547E-01    3.014398E-01
    3.015665E-01    3.017420E-01    3.025165E-01    3.025355E-01    3.025686E-01
    3.026262E-01    3.032771E-01    3.036433E-01    3.036673E-01    3.036996E-01
    3.037196E-01    3.041292E-01    3.046134E-01    3.046301E-01    3.048276E-01
    3.048611E-01    3.049614E-01    3.051740E-01    3.052844E-01    3.060373E-01
    3.062721E-01    3.065126E-01    3.067251E-01    3.072820E-01    3.083217E-01
    3.083847E-01    3.085481E-01    3.086063E-01    3.093086E-01    3.093690E-01
    3.093750E-01    3.093804E-01    3.094500E-01    3.095030E-01    3.095365E-01
    3.096086E-01    3.096683E-01    3.098305E-01    3.098337E-01    3.100372E-01
    3.110986E-01    3.111053E-01    3.111248E-01    3.111449E-01    3.124031E-01
    3.124222E-01    3.126400E-01    3.132139E-01    3.132929E-01    3.134326E-01
    3.163175E-01    3.165548E-01    3.167011E-01    3.167161E-01    3.173537E-01
    3.174815E-01    3.194473E-01    3.198310E-01    3.206567E-01    3.235572E-01
    3.235827E-01    3.236877E-01    3.236885E-01    3.238034E-01    3.239013E-01
    3.239634E-01    3.240075E-01    3.245628E-01    3.245933E-01    3.263728E-01
    3.264517E-01    3.271738E-01    3.284075E-01    3.287843E-01    3.314323E-01
    3.314556E-01    3.324856E-01    3.325179E-01    3.327131E-01    3.333147E-01
           0           2           0           1
  -27.940514715248785               13
3.54249147E+01  1.745E-01  1.446E-01  7.073E-02  6.791E-02  9.651E-02  4.545E-04
                1.020E-01  2.093E-02  5.464E-04  8.486E-04  1.979E-03  2.134E-02
                3.523E-02
4.90329147E+01  7.272E-02  5.744E-02  2.794E-02  2.738E-02  3.919E-02  1.631E-04
                6.021E-02  1.231E-02  2.921E-04  2.279E-04  7.032E-04  1.097E-02
                1.988E-02  1.042E-03  9.340E-04  8.616E-06  4.651E-05  1.388E-04
                3.048E-05  2.922E-05  2.348E-05  1.143E-05  3.591E-05  3.807E-06
                9.712E-06  4.284E-05  1.666E-04  5.965E-05  1.839E-04  8.370E-05
                3.285E-04  2.008E-05  8.342E-04  1.705E-04  5.261E-05  5.058E-05
                1.491E-05  5.205E-05  5.153E-06  1.309E-04  9.755E-05
6.26409147E+01  3.565E-02  2.869E-02  1.397E-02  1.342E-02  1.904E-02  5.364E-05
                3.826E-02  7.846E-03  1.312E-04  7.923E-05  4.443E-04  7.111E-03
                1.293E-02  5.474E-04  5.213E-04  2.167E-06  9.818E-06  2.152E-05
                8.036E-06  1.773E-05  3.743E-06  8.177E-06  9.509E-06  1.275E-06
                1.847E-06  5.381E-06  6.634E-06  1.064E-05  1.114E-05  2.744E-05
                2.368E-05  2.478E-06  9.437E-05  2.251E-05  1.014E-05  8.161E-06
                8.190E-09  9.648E-06  3.464E-06  5.767E-05  3.005E-05  1.846E-05
                2.866E-05  1.099E-06  2.090E-06  3.638E-06  5.093E-07  2.940E-06
                1.101E-04  1.946E-06  3.911E-06  3.689E-06  7.835E-07  5.073E-06
                2.594E-05  1.572E-05  1.303E-05  4.343E-05  3.722E-05  1.559E-05
                4.248E-06  6.904E-08  1.076E-07  3.754E-08  1.563E-05  8.563E-06
                4.205E-07  3.471E-08  8.392E-06  8.413E-06  1.124E-05  8.404E-06
                1.330E-05  4.013E-06  2.970E-05  5.670E-06  7.951E-06  3.298E-06
                9.156E-06  3.664E-06  1.278E-05  2.338E-07  5.199E-06  8.920E-06
                6.961E-05  2.745E-05  4.501E-09  6.374E-09  9.198E-09  2.445E-09
                3.634E-09  3.772E-06  1.689E-06  9.179E-06  3.379E-06  1.482E-06
                5.551E-06  1.302E-06  2.387E-05  2.973E-05  6.930E-07  9.874E-07
                1.136E-06  1.903E-07  1.162E-06  1.163E-06  2.297E-06  2.202E-06
                1.647E-06  1.950E-07  7.388E-06  1.807E-05  7.615E-05  1.682E-05
                1.133E-06  1.670E-06  9.947E-06  1.020E-05  8.298E-07  1.184E-06
                8.888E-07  1.855E-06  5.087E-05  7.436E-07  5.248E-06  5.588E-06
                1.431E-05  1.749E-05  7.435E-05  1.859E-06  8.464E-06  9.063E-06
                1.082E-05  2.140E-06  2.152E-06  1.603E-06  1.117E-06  3.661E-06
                5.933E-06  5.748E-06  4.229E-09  1.763E-06  3.894E-06  9.539E-06
                1.719E-05  1.731E-06  7.994E-07  1.168E-05  4.267E-06  6.662E-06
                4.477E-06  1.091E-05  7.858E-06  1.238E-05  1.641E-06  1.775E-06
                1.441E-05  2.137E-06  3.742E-06  2.192E-06  4.803E-06  2.262E-06
                5.660E-06  7.001E-06  4.049E-05  1.127E-05  2.826E-06  1.869E-06
                1.707E-06  1.824E-06  4.614E-06  2.980E-06  3.234E-06  1.680E-06
                1.926E-06  4.009E-06  1.117E-05  1.838E-05  3.386E-06  5.062E-07
                3.950E-07  3.036E-06  5.654E-06  4.760E-06  4.990E-06  7.945E-07
                9.109E-06  2.674E-06  7.531E-06  1.545E-06  3.155E-06  1.522E-05
                1.826E-05  1.195E-05  9.069E-06  1.315E-05  1.954E-05  4.379E-06
                6.470E-06  1.033E-05  1.004E-06  3.265E-07  6.889E-07  9.072E-07
                2.294E-06  2.267E-06  3.501E-06  9.356E-06  8.780E-06  3.169E-07
                5.349E-07  5.589E-07  3.934E-07  4.014E-06  1.048E-05
7.62489147E+01  1.985E-02  1.592E-02  7.750E-03  7.442E-03  1.057E-02  2.896E-05
                2.632E-02  5.396E-03  7.683E-05  4.247E-05  3.088E-04  5.029E-03
                9.169E-03  3.203E-04  3.053E-04  1.406E-06  5.394E-06  1.170E-05
                5.151E-06  1.027E-05  2.698E-06  5.908E-06  4.434E-06  5.398E-07
                9.368E-07  2.979E-06  4.136E-06  5.764E-06  6.465E-06  1.566E-05
                1.206E-05  1.786E-06  4.169E-05  1.195E-05  5.389E-06  4.606E-06
                7.452E-09  4.788E-06  1.706E-06  2.879E-05  1.516E-05  9.355E-06
                1.429E-05  4.769E-07  8.740E-07  1.478E-06  2.951E-07  1.336E-06
                6.315E-05  1.017E-06  1.760E-06  1.887E-06  3.751E-07  2.968E-06
                1.344E-05  8.085E-06  6.738E-06  2.051E-05  1.843E-05  6.329E-06
                2.245E-06  1.027E-08  2.390E-08  1.230E-09  5.448E-06  3.126E-06
                3.180E-07  5.226E-08  4.750E-06  4.675E-06  6.208E-06  5.877E-06
                9.920E-06  3.122E-06  1.663E-05  2.042E-06  3.367E-06  1.290E-06
                6.195E-06  2.484E-06  8.628E-06  9.177E-08  2.722E-06  3.804E-06
                4.208E-05  1.703E-05  2.684E-09  3.332E-09  1.806E-09  1.124E-09
                1.388E-09  2.776E-06  1.394E-06  6.045E-06  2.615E-06  1.180E-06
                3.979E-06  5.477E-07  1.525E-05  1.840E-05  3.891E-07  6.015E-07
                7.860E-07  1.143E-07  3.859E-07  6.547E-07  1.298E-06  1.297E-06
                3.023E-07  1.356E-07  4.766E-06  1.152E-05  4.676E-05  1.027E-05
                5.019E-07  1.099E-06  6.185E-06  6.142E-06  5.246E-07  7.501E-07
                5.756E-07  1.307E-06  3.157E-05  5.215E-07  3.220E-06  3.796E-06
                9.546E-06  1.092E-05  4.566E-05  9.984E-07  5.545E-06  5.831E-06
                8.017E-06  9.793E-07  9.912E-07  6.620E-07  5.689E-07  1.663E-06
                2.582E-06  2.793E-06  1.181E-08  1.113E-06  2.043E-06  5.588E-06
                1.006E-05  7.168E-07  4.895E-07  4.191E-06  1.495E-06  4.418E-06
                3.102E-06  6.432E-06  4.507E-06  7.168E-06  1.003E-06  9.162E-07
                9.300E-06  1.104E-06  1.763E-06  1.139E-06  2.544E-06  1.049E-06
                3.300E-06  4.339E-06  2.241E-05  7.617E-06  1.334E-06  8.711E-07
                8.571E-07  8.355E-07  2.428E-06  1.659E-06  1.818E-06  8.868E-07
                9.127E-07  2.518E-06  6.847E-06  1.088E-05  1.678E-06  4.678E-07
                2.941E-07  1.454E-06  2.305E-06  2.338E-06  1.978E-06  4.314E-07
                6.123E-06  1.551E-06  4.736E-06  9.641E-07  1.922E-06  1.067E-05
                1.297E-05  8.668E-06  4.269E-06  5.742E-06  7.902E-06  2.102E-06
                2.724E-06  4.888E-06  2.252E-07  6.758E-08  2.755E-07  4.966E-07
                2.118E-06  2.127E-06  2.825E-06  5.599E-06  4.878E-06  1.618E-07
                2.253E-07  4.137E-07  3.154E-07  2.770E-06  7.400E-06
8.98569147E+01  1.197E-02  9.604E-03  4.676E-03  4.487E-03  6.369E-03  1.778E-05
                1.880E-02  3.854E-03  4.907E-05  2.518E-05  2.221E-04  3.656E-03
                6.678E-03  1.972E-04  1.879E-04  9.072E-07  3.150E-06  6.606E-06
                3.306E-06  6.075E-06  1.807E-06  3.958E-06  2.640E-06  3.142E-07
                6.209E-07  1.988E-06  3.016E-06  3.540E-06  4.009E-06  9.638E-06
                6.847E-06  1.194E-06  2.148E-05  7.195E-06  3.172E-06  2.812E-06
                4.743E-09  2.618E-06  9.219E-07  1.572E-05  8.425E-06  5.142E-06
                7.815E-06  2.325E-07  4.305E-07  7.508E-07  1.855E-07  8.784E-07
                3.874E-05  8.098E-07  9.774E-07  1.410E-06  2.048E-07  2.394E-06
                7.487E-06  4.449E-06  3.751E-06  1.123E-05  1.190E-05  3.508E-06
                1.255E-06  7.472E-09  1.634E-08  8.980E-10  2.515E-06  1.489E-06
                2.556E-07  5.682E-08  2.885E-06  2.840E-06  3.745E-06  4.351E-06
                7.405E-06  2.382E-06  1.007E-05  1.004E-06  1.901E-06  5.993E-07
                4.366E-06  1.742E-06  6.033E-06  5.013E-08  1.556E-06  1.985E-06
                2.717E-05  1.100E-05  1.839E-09  2.218E-09  1.129E-09  7.560E-10
                7.970E-10  2.024E-06  1.041E-06  4.204E-06  2.038E-06  9.067E-07
                3.083E-06  3.325E-07  9.893E-06  1.194E-05  2.775E-07  4.480E-07
                5.845E-07  8.323E-08  2.253E-07  4.622E-07  9.323E-07  9.314E-07
                8.130E-08  1.016E-07  3.401E-06  8.262E-06  3.066E-05  6.703E-06
                3.416E-07  7.987E-07  4.209E-06  3.999E-06  4.011E-07  5.599E-07
                4.404E-07  9.874E-07  2.055E-05  3.926E-07  2.264E-06  2.498E-06
                6.251E-06  7.324E-06  3.057E-05  7.032E-07  4.039E-06  4.253E-06
                5.477E-06  5.198E-07  5.154E-07  3.244E-07  3.152E-07  8.619E-07
                1.338E-06  1.452E-06  1.311E-08  7.324E-07  1.323E-06  3.716E-06
                6.843E-06  3.504E-07  2.949E-07  1.764E-06  6.206E-07  2.893E-06
                2.065E-06  4.275E-06  2.991E-06  4.807E-06  6.363E-07  5.119E-07
                6.477E-06  6.089E-07  9.670E-07  6.706E-07  1.493E-06  6.079E-07
                2.312E-06  2.814E-06  1.410E-05  5.292E-06  7.403E-07  4.557E-07
                4.752E-07  4.638E-07  1.698E-06  1.076E-06  1.171E-06  6.156E-07
                5.223E-07  1.724E-06  4.621E-06  7.223E-06  9.696E-07  3.497E-07
                1.968E-07  8.206E-07  1.190E-06  1.307E-06  9.840E-07  2.500E-07
                4.321E-06  9.581E-07  3.288E-06  6.418E-07  1.279E-06  7.758E-06
                9.397E-06  6.337E-06  2.358E-06  2.977E-06  3.740E-06  1.187E-06
                1.495E-06  2.639E-06  7.013E-08  1.996E-08  1.272E-07  2.778E-07
                1.626E-06  1.624E-06  2.130E-06  3.864E-06  3.168E-06  9.909E-08
                1.165E-07  2.892E-07  2.330E-07  2.005E-06  5.378E-06
1.03464915E+02  7.619E-03  6.107E-03  2.972E-03  2.852E-03  4.063E-03  1.081E-05
                1.402E-02  2.874E-03  3.255E-05  1.495E-05  1.676E-04  2.781E-03
                5.088E-03  1.317E-04  1.257E-04  6.004E-07  2.024E-06  4.008E-06
                2.170E-06  3.752E-06  1.172E-06  2.567E-06  1.685E-06  2.020E-07
                5.079E-07  1.630E-06  2.671E-06  2.212E-06  2.496E-06  6.030E-06
                4.129E-06  7.728E-07  1.198E-05  4.730E-06  1.954E-06  1.766E-06
                3.044E-09  1.512E-06  5.316E-07  9.053E-06  4.986E-06  3.010E-06
                4.579E-06  1.279E-07  2.410E-07  4.332E-07  1.554E-07  6.232E-07
                2.494E-05  6.694E-07  5.781E-07  1.111E-06  1.116E-07  1.996E-06
                4.432E-06  2.593E-06  2.256E-06  6.700E-06  8.550E-06  2.272E-06
                7.730E-07  5.567E-09  1.143E-08  6.417E-10  1.334E-06  8.116E-07
                1.977E-07  5.113E-08  1.868E-06  1.817E-06  2.369E-06  3.275E-06
                5.436E-06  1.776E-06  6.415E-06  5.540E-07  1.155E-06  3.182E-07
                2.963E-06  1.181E-06  4.084E-06  3.612E-08  9.563E-07  1.149E-06
                1.811E-05  7.333E-06  1.314E-09  1.530E-09  7.220E-10  5.210E-10
                5.157E-10  1.389E-06  7.230E-07  2.834E-06  1.604E-06  7.007E-07
                2.426E-06  2.249E-07  6.619E-06  8.011E-06  2.068E-07  3.346E-07
                4.342E-07  6.138E-08  1.609E-07  3.407E-07  6.797E-07  6.844E-07
                4.678E-08  6.847E-08  2.402E-06  5.852E-06  2.139E-05  4.675E-06
                2.319E-07  5.902E-07  3.015E-06  2.781E-06  2.984E-07  4.217E-07
                3.345E-07  7.236E-07  1.367E-05  2.991E-07  1.663E-06  1.701E-06
                4.252E-06  5.219E-06  2.177E-05  5.218E-07  2.879E-06  3.027E-06
                3.691E-06  3.152E-07  3.054E-07  1.801E-07  1.993E-07  5.125E-07
                7.957E-07  8.670E-07  1.351E-08  5.057E-07  9.210E-07  2.633E-06
                4.921E-06  1.892E-07  1.891E-07  9.194E-07  3.210E-07  1.974E-06
                1.416E-06  3.017E-06  2.112E-06  3.413E-06  4.285E-07  3.117E-07
                4.658E-06  3.639E-07  5.775E-07  4.197E-07  9.258E-07  4.258E-07
                1.676E-06  1.985E-06  9.829E-06  3.626E-06  4.691E-07  2.680E-07
                2.939E-07  2.897E-07  1.191E-06  7.512E-07  8.129E-07  4.321E-07
                3.386E-07  1.244E-06  3.305E-06  5.107E-06  6.184E-07  2.795E-07
                1.472E-07  5.023E-07  7.189E-07  7.945E-07  5.854E-07  1.548E-07
                3.203E-06  6.196E-07  2.409E-06  4.388E-07  9.240E-07  5.837E-06
                7.072E-06  4.806E-06  1.446E-06  1.765E-06  2.013E-06  7.301E-07
                9.226E-07  1.597E-06  3.283E-08  9.865E-09  6.835E-08  1.684E-07
                1.241E-06  1.239E-06  1.604E-06  2.829E-06  2.242E-06  6.535E-08
                6.734E-08  2.045E-07  1.730E-07  1.500E-06  4.040E-06
1.17072915E+02  5.161E-03  4.147E-03  2.019E-03  1.940E-03  2.754E-03  7.543E-06
                1.067E-02  2.188E-03  2.319E-05  1.003E-05  1.275E-04  2.127E-03
                3.894E-03  9.022E-05  8.604E-05  3.987E-07  1.316E-06  2.335E-06
                1.471E-06  2.250E-06  7.793E-07  1.704E-06  1.176E-06  1.500E-07
                3.883E-07  1.219E-06  2.034E-06  1.440E-06  1.594E-06  3.879E-06
                2.668E-06  5.140E-07  7.785E-06  3.182E-06  1.300E-06  1.164E-06
                1.924E-09  9.247E-07  3.248E-07  5.900E-06  3.299E-06  1.981E-06
                3.003E-06  7.849E-08  1.562E-07  2.895E-07  1.582E-07  4.919E-07
                1.725E-05  5.773E-07  3.544E-07  9.277E-07  6.527E-08  1.730E-06
                2.888E-06  1.698E-06  1.421E-06  4.175E-06  6.594E-06  1.657E-06
                5.126E-07  4.202E-09  7.666E-09  4.370E-10  8.158E-07  5.093E-07
                1.477E-07  4.137E-08  1.249E-06  1.203E-06  1.576E-06  2.358E-06
                4.089E-06  1.348E-06  4.253E-06  3.483E-07  7.773E-07  1.924E-07
                2.070E-06  8.291E-07  2.858E-06  2.676E-08  6.296E-07  7.357E-07
                1.298E-05  5.241E-06  9.857E-10  1.119E-09  4.953E-10  3.684E-10
                3.383E-10  9.874E-07  4.964E-07  2.025E-06  1.283E-06  5.497E-07
                1.951E-06  1.667E-07  4.768E-06  5.769E-06  1.558E-07  2.531E-07
                3.305E-07  4.514E-08  1.241E-07  2.473E-07  4.958E-07  5.076E-07
                3.913E-08  5.092E-08  1.646E-06  4.012E-06  1.590E-05  3.475E-06
                1.669E-07  4.455E-07  2.267E-06  2.052E-06  2.181E-07  3.226E-07
                2.547E-07  5.152E-07  9.798E-06  2.252E-07  1.232E-06  1.184E-06
                2.967E-06  3.930E-06  1.639E-05  3.910E-07  2.030E-06  2.133E-06
                2.660E-06  1.972E-07  1.885E-07  1.048E-07  1.281E-07  3.159E-07
                4.909E-07  5.373E-07  1.233E-08  3.606E-07  6.809E-07  1.976E-06
                3.736E-06  1.101E-07  1.352E-07  4.914E-07  1.711E-07  1.381E-06
                9.858E-07  2.274E-06  1.590E-06  2.579E-06  3.114E-07  2.107E-07
                3.553E-06  2.364E-07  3.800E-07  2.686E-07  5.815E-07  3.244E-07
                1.255E-06  1.475E-06  7.256E-06  2.521E-06  3.041E-07  1.648E-07
                1.918E-07  1.876E-07  8.606E-07  5.630E-07  6.059E-07  3.133E-07
                2.391E-07  9.481E-07  2.499E-06  3.824E-06  3.994E-07  2.245E-07
                1.123E-07  3.195E-07  4.554E-07  4.944E-07  3.677E-07  1.008E-07
                2.423E-06  4.132E-07  1.813E-06  3.144E-07  6.941E-07  4.453E-06
                5.397E-06  3.680E-06  9.514E-07  1.129E-06  1.139E-06  4.763E-07
                6.133E-07  1.042E-06  2.688E-08  9.570E-09  3.749E-08  1.034E-07
                9.865E-07  9.875E-07  1.259E-06  2.174E-06  1.679E-06  4.561E-08
                4.106E-08  1.509E-07  1.342E-07  1.178E-06  3.173E-06
1.30680915E+02  3.539E-03  2.841E-03  1.383E-03  1.329E-03  1.896E-03  4.843E-06
                8.369E-03  1.716E-03  1.661E-05  6.284E-06  1.015E-04  1.703E-03
                3.121E-03  6.481E-05  6.190E-05  2.831E-07  9.761E-07  1.529E-06
                1.051E-06  1.493E-06  5.180E-07  1.134E-06  8.699E-07  1.169E-07
                3.415E-07  1.060E-06  1.809E-06  9.669E-07  1.038E-06  2.553E-06
                1.784E-06  3.407E-07  5.060E-06  2.300E-06  8.681E-07  7.726E-07
                1.281E-09  5.854E-07  2.075E-07  3.795E-06  2.190E-06  1.284E-06
                1.955E-06  5.009E-08  1.023E-07  1.937E-07  1.358E-07  3.820E-07
                1.191E-05  4.777E-07  2.294E-07  7.527E-07  3.686E-08  1.435E-06
                1.879E-06  1.092E-06  9.270E-07  2.756E-06  5.112E-06  1.218E-06
                3.471E-07  3.395E-09  6.012E-09  3.189E-10  5.073E-07  3.272E-07
                1.082E-07  3.171E-08  8.760E-07  8.369E-07  1.087E-06  1.905E-06
                3.070E-06  1.014E-06  2.953E-06  2.225E-07  5.337E-07  1.176E-07
                1.462E-06  5.847E-07  2.018E-06  2.392E-08  4.298E-07  4.836E-07
                9.055E-06  3.658E-06  7.494E-10  8.267E-10  3.417E-10  2.671E-10
                2.500E-10  6.949E-07  3.543E-07  1.410E-06  1.030E-06  4.348E-07
                1.567E-06  1.254E-07  3.321E-06  4.029E-06  1.189E-07  1.913E-07
                2.484E-07  3.427E-08  9.507E-08  1.891E-07  3.773E-07  3.901E-07
                3.454E-08  3.816E-08  1.279E-06  3.118E-06  1.168E-05  2.553E-06
                1.220E-07  3.315E-07  1.687E-06  1.506E-06  1.625E-07  2.434E-07
                1.929E-07  3.835E-07  6.752E-06  1.785E-07  9.640E-07  8.427E-07
                2.107E-06  2.933E-06  1.223E-05  2.928E-07  1.562E-06  1.643E-06
                1.849E-06  1.433E-07  1.327E-07  6.787E-08  9.656E-08  2.338E-07
                3.631E-07  3.984E-07  9.416E-09  2.587E-07  5.104E-07  1.497E-06
                2.855E-06  6.407E-08  9.597E-08  3.826E-07  1.335E-07  9.852E-07
                7.053E-07  1.723E-06  1.206E-06  1.958E-06  2.297E-07  1.443E-07
                2.661E-06  1.585E-07  2.551E-07  1.864E-07  4.002E-07  2.527E-07
                9.448E-07  1.115E-06  5.496E-06  1.874E-06  2.328E-07  1.113E-07
                1.345E-07  1.363E-07  6.862E-07  4.240E-07  4.521E-07  2.515E-07
                1.732E-07  7.237E-07  1.901E-06  2.897E-06  2.973E-07  1.759E-07
                8.728E-08  2.203E-07  3.446E-07  3.425E-07  2.796E-07  6.885E-08
                1.860E-06  2.897E-07  1.389E-06  2.472E-07  5.502E-07  3.430E-06
                4.168E-06  2.854E-06  6.707E-07  8.163E-07  8.171E-07  3.249E-07
                4.275E-07  7.363E-07  2.108E-08  7.507E-09  2.362E-08  6.756E-08
                7.734E-07  7.753E-07  9.658E-07  1.673E-06  1.279E-06  3.288E-08
                2.894E-08  1.137E-07  1.038E-07  9.200E-07  2.478E-06
1.44288915E+02  2.605E-03  2.096E-03  1.020E-03  9.824E-04  1.395E-03  3.855E-06
                6.587E-03  1.351E-03  1.270E-05  4.706E-06  7.945E-05  1.335E-03
                2.448E-03  4.664E-05  4.447E-05  2.043E-07  7.484E-07  9.825E-07
                7.809E-07  9.644E-07  3.561E-07  7.771E-07  6.322E-07  9.111E-08
                2.674E-07  8.187E-07  1.382E-06  6.437E-07  6.749E-07  1.678E-06
                1.258E-06  2.344E-07  3.800E-06  1.641E-06  6.168E-07  5.304E-07
                8.156E-10  3.802E-07  1.354E-07  2.816E-06  1.632E-06  9.536E-07
                1.447E-06  3.684E-08  8.148E-08  1.579E-07  1.441E-07  3.235E-07
                8.960E-06  4.169E-07  1.520E-07  6.460E-07  2.656E-08  1.254E-06
                1.364E-06  8.071E-07  6.300E-07  1.847E-06  4.180E-06  9.793E-07
                2.561E-07  2.637E-09  3.991E-09  2.196E-10  3.589E-07  2.376E-07
                8.156E-08  2.521E-08  6.229E-07  5.879E-07  7.708E-07  1.333E-06
                2.380E-06  7.871E-07  2.076E-06  1.567E-07  3.872E-07  8.135E-08
                1.000E-06  4.042E-07  1.388E-06  1.746E-08  3.036E-07  3.407E-07
                6.942E-06  2.806E-06  5.869E-10  6.329E-10  2.443E-10  1.951E-10
                1.715E-10  4.826E-07  2.358E-07  1.008E-06  8.358E-07  3.482E-07
                1.280E-06  1.053E-07  2.568E-06  3.108E-06  8.987E-08  1.437E-07
                1.886E-07  2.439E-08  7.595E-08  1.380E-07  2.731E-07  2.894E-07
                3.603E-08  2.660E-08  8.222E-07  2.004E-06  9.421E-06  2.060E-06
                8.944E-08  2.586E-07  1.348E-06  1.202E-06  1.153E-07  1.884E-07
                1.434E-07  2.631E-07  5.078E-06  1.304E-07  7.089E-07  6.272E-07
                1.574E-06  2.387E-06  9.964E-06  2.136E-07  1.039E-06  1.086E-06
                1.345E-06  9.455E-08  8.698E-08  4.187E-08  6.451E-08  1.544E-07
                2.402E-07  2.646E-07  8.208E-09  1.984E-07  3.978E-07  1.177E-06
                2.259E-06  4.055E-08  7.395E-08  2.448E-07  8.666E-08  7.374E-07
                5.224E-07  1.358E-06  9.498E-07  1.545E-06  1.775E-07  1.072E-07
                2.117E-06  1.128E-07  1.848E-07  1.262E-07  2.627E-07  2.111E-07
                7.415E-07  8.979E-07  4.422E-06  1.241E-06  1.554E-07  7.164E-08
                9.248E-08  9.140E-08  4.729E-07  3.351E-07  3.559E-07  1.745E-07
                1.321E-07  5.745E-07  1.501E-06  2.270E-06  1.968E-07  1.440E-07
                6.876E-08  1.484E-07  2.359E-07  2.241E-07  1.920E-07  4.761E-08
                1.493E-06  2.024E-07  1.106E-06  1.718E-07  4.331E-07  2.736E-06
                3.345E-06  2.291E-06  4.755E-07  5.699E-07  5.009E-07  2.271E-07
                3.083E-07  5.202E-07  2.519E-08  9.676E-09  1.576E-08  4.621E-08
                6.241E-07  6.271E-07  7.705E-07  1.319E-06  9.874E-07  2.541E-08
                2.018E-08  8.742E-08  8.289E-08  7.343E-07  1.981E-06
1.57896915E+02  1.870E-03  1.507E-03  7.336E-04  7.087E-04  1.009E-03  2.318E-06
                5.478E-03  1.123E-03  9.547E-06  2.856E-06  6.716E-05  1.134E-03
                2.081E-03  3.658E-05  3.502E-05  1.550E-07  6.312E-07  7.149E-07
                6.009E-07  6.996E-07  2.370E-07  5.181E-07  4.784E-07  7.127E-08
                2.473E-07  7.618E-07  1.302E-06  4.447E-07  4.507E-07  1.131E-06
                8.980E-07  1.553E-07  2.585E-06  1.277E-06  4.204E-07  3.554E-07
                5.556E-10  2.552E-07  9.314E-08  1.920E-06  1.154E-06  6.450E-07
                9.865E-07  2.538E-08  5.756E-08  1.142E-07  1.205E-07  2.599E-07
                6.363E-06  3.507E-07  1.044E-07  5.368E-07  1.854E-08  1.054E-06
                9.292E-07  5.429E-07  4.222E-07  1.266E-06  3.380E-06  7.627E-07
                1.810E-07  2.208E-09  3.331E-09  1.696E-10  2.416E-07  1.658E-07
                5.842E-08  1.853E-08  4.431E-07  4.161E-07  5.396E-07  1.113E-06
                1.832E-06  5.943E-07  1.465E-06  1.060E-07  2.749E-07  5.281E-08
                7.122E-07  2.860E-07  9.870E-07  1.729E-08  2.123E-07  2.335E-07
                4.876E-06  1.977E-06  4.590E-10  4.784E-10  1.702E-10  1.447E-10
                1.348E-10  3.377E-07  1.719E-07  6.944E-07  6.809E-07  2.811E-07
                1.039E-06  7.553E-08  1.802E-06  2.188E-06  6.866E-08  1.079E-07
                1.398E-07  1.880E-08  5.999E-08  1.064E-07  2.093E-07  2.238E-07
                3.481E-08  2.085E-08  6.735E-07  1.640E-06  7.226E-06  1.580E-06
                6.785E-08  1.903E-07  1.027E-06  9.212E-07  8.647E-08  1.419E-07
                1.080E-07  1.987E-07  3.498E-06  1.062E-07  5.730E-07  4.589E-07
                1.149E-06  1.854E-06  7.742E-06  1.622E-07  8.367E-07  8.759E-07
                9.274E-07  7.459E-08  6.665E-08  2.957E-08  5.234E-08  1.259E-07
                1.958E-07  2.157E-07  5.685E-09  1.452E-07  3.086E-07  9.175E-07
                1.771E-06  2.515E-08  5.679E-08  2.115E-07  7.466E-08  5.411E-07
                3.859E-07  1.052E-06  7.376E-07  1.199E-06  1.393E-07  7.939E-08
                1.614E-06  8.156E-08  1.341E-07  9.005E-08  1.880E-07  1.696E-07
                5.719E-07  7.106E-07  3.521E-06  9.387E-07  1.275E-07  5.161E-08
                6.882E-08  7.086E-08  3.977E-07  2.582E-07  2.722E-07  1.479E-07
                9.997E-08  4.482E-07  1.168E-06  1.762E-06  1.552E-07  1.103E-07
                5.334E-08  1.073E-07  1.835E-07  1.651E-07  1.499E-07  3.475E-08
                1.197E-06  1.500E-07  8.839E-07  1.416E-07  3.605E-07  2.191E-06
                2.692E-06  1.848E-06  3.549E-07  4.440E-07  4.073E-07  1.623E-07
                2.254E-07  3.904E-07  1.629E-08  6.086E-09  1.077E-08  3.212E-08
                5.008E-07  5.038E-07  6.065E-07  1.048E-06  7.785E-07  1.830E-08
                1.482E-08  6.886E-08  6.618E-08  5.870E-07  1.591E-06
1.71504915E+02  1.435E-03  1.150E-03  5.601E-04  5.391E-04  7.682E-04  2.145E-06
                4.260E-03  8.737E-04  7.570E-06  2.410E-06  5.222E-05  8.832E-04
                1.622E-03  2.533E-05  2.411E-05  1.230E-07  5.361E-07  4.951E-07
                4.921E-07  4.874E-07  1.751E-07  3.819E-07  3.783E-07  6.196E-08
                1.598E-07  4.651E-07  7.514E-07  3.100E-07  2.988E-07  7.579E-07
                6.596E-07  1.149E-07  2.191E-06  8.525E-07  3.205E-07  2.569E-07
                3.638E-10  1.757E-07  6.347E-08  1.537E-06  8.989E-07  5.162E-07
                7.845E-07  2.071E-08  5.046E-08  1.008E-07  1.190E-07  2.325E-07
                5.078E-06  3.125E-07  7.510E-08  4.749E-07  1.703E-08  9.394E-07
                7.213E-07  4.313E-07  3.078E-07  9.050E-07  2.878E-06  6.435E-07
                1.460E-07  1.792E-09  2.227E-09  1.202E-10  1.772E-07  1.261E-07
                4.487E-08  1.465E-08  3.356E-07  3.129E-07  4.155E-07  7.787E-07
                1.406E-06  4.709E-07  1.107E-06  7.798E-08  2.140E-07  3.760E-08
                5.137E-07  2.098E-07  7.176E-07  1.038E-08  1.600E-07  1.736E-07
                3.985E-06  1.615E-06  3.609E-10  3.781E-10  1.332E-10  1.078E-10
                8.753E-11  2.496E-07  1.173E-07  5.356E-07  5.399E-07  2.205E-07
                8.339E-07  7.844E-08  1.477E-06  1.783E-06  5.457E-08  8.399E-08
                1.105E-07  1.386E-08  5.175E-08  8.261E-08  1.608E-07  1.766E-07
                3.747E-08  1.548E-08  4.364E-07  1.062E-06  5.761E-06  1.260E-06
                4.959E-08  1.574E-07  8.291E-07  7.312E-07  6.306E-08  1.128E-07
                8.173E-08  1.404E-07  2.834E-06  7.917E-08  4.280E-07  3.554E-07
                8.919E-07  1.491E-06  6.228E-06  1.148E-07  5.595E-07  5.820E-07
                7.289E-07  4.733E-08  4.254E-08  1.783E-08  3.327E-08  7.955E-08
                1.238E-07  1.370E-07  4.785E-09  1.177E-07  2.435E-07  7.277E-07
                1.411E-06  1.613E-08  4.159E-08  1.542E-07  5.589E-08  4.196E-07
                2.948E-07  8.399E-07  5.875E-07  9.572E-07  1.080E-07  6.004E-08
                1.309E-06  5.832E-08  9.708E-08  6.588E-08  1.301E-07  1.490E-07
                4.508E-07  5.715E-07  2.854E-06  6.582E-07  8.144E-08  3.280E-08
                4.726E-08  4.620E-08  2.811E-07  2.074E-07  2.187E-07  1.051E-07
                7.799E-08  3.591E-07  9.319E-07  1.399E-06  1.006E-07  9.123E-08
                4.251E-08  7.542E-08  1.383E-07  1.115E-07  1.141E-07  2.424E-08
                9.387E-07  1.062E-07  6.949E-07  1.041E-07  2.827E-07  1.697E-06
                2.094E-06  1.436E-06  2.605E-07  3.200E-07  2.581E-07  1.185E-07
                1.703E-07  2.868E-07  2.458E-08  9.465E-09  8.344E-09  2.343E-08
                4.006E-07  4.038E-07  4.767E-07  8.199E-07  5.980E-07  1.609E-08
                1.227E-08  5.326E-08  5.272E-08  4.649E-07  1.255E-06
1.85112915E+02  1.129E-03  9.154E-04  4.461E-04  4.333E-04  6.111E-04  1.385E-06
                3.815E-03  7.824E-04  6.135E-06  1.552E-06  4.647E-05  7.860E-04
                1.443E-03  2.259E-05  2.165E-05  9.693E-08  4.797E-07  4.225E-07
                3.904E-07  3.920E-07  1.133E-07  2.464E-07  2.555E-07  4.164E-08
                2.040E-07  6.436E-07  1.104E-06  2.042E-07  2.036E-07  5.193E-07
                5.192E-07  7.384E-08  1.451E-06  8.352E-07  2.118E-07  1.669E-07
                2.388E-10  1.187E-07  4.598E-08  1.135E-06  7.171E-07  3.662E-07
                5.615E-07  1.503E-08  3.769E-08  7.742E-08  9.945E-08  1.893E-07
                3.694E-06  2.665E-07  5.294E-08  4.010E-07  1.449E-08  7.979E-07
                5.164E-07  3.090E-07  2.087E-07  6.194E-07  2.404E-06  5.316E-07
                1.045E-07  1.483E-09  1.814E-09  9.130E-11  1.406E-07  1.000E-07
                3.208E-08  1.086E-08  2.338E-07  2.160E-07  2.822E-07  6.458E-07
                1.170E-06  3.666E-07  7.609E-07  5.911E-08  1.565E-07  2.855E-08
                3.228E-07  1.300E-07  4.501E-07  1.322E-08  1.124E-07  1.260E-07
                2.760E-06  1.134E-06  2.961E-10  2.875E-10  8.417E-11  8.225E-11
                7.744E-11  1.508E-07  7.983E-08  3.216E-07  4.673E-07  1.900E-07
                7.121E-07  4.641E-08  1.037E-06  1.253E-06  3.992E-08  6.051E-08
                7.856E-08  1.001E-08  3.945E-08  5.967E-08  1.143E-07  1.275E-07
                3.279E-08  1.079E-08  3.296E-07  8.011E-07  4.983E-06  1.088E-06
                4.064E-08  1.154E-07  6.819E-07  6.265E-07  4.488E-08  8.514E-08
                5.935E-08  9.870E-08  1.837E-06  6.220E-08  3.435E-07  2.699E-07
                6.740E-07  1.297E-06  5.427E-06  8.899E-08  4.231E-07  4.387E-07
                4.419E-07  4.061E-08  3.558E-08  1.386E-08  2.908E-08  7.090E-08
                1.104E-07  1.216E-07  3.253E-09  9.005E-08  1.972E-07  5.903E-07
                1.148E-06  1.176E-08  3.905E-08  1.165E-07  4.149E-08  3.188E-07
                2.276E-07  6.685E-07  4.700E-07  7.649E-07  9.314E-08  5.140E-08
                1.020E-06  4.987E-08  8.457E-08  4.616E-08  9.356E-08  1.225E-07
                3.727E-07  4.983E-07  2.482E-06  4.298E-07  7.064E-08  2.512E-08
                3.764E-08  3.826E-08  2.152E-07  1.650E-07  1.723E-07  8.124E-08
                6.212E-08  2.892E-07  7.491E-07  1.118E-06  8.277E-08  7.098E-08
                3.315E-08  5.550E-08  9.744E-08  8.438E-08  7.963E-08  1.958E-08
                8.329E-07  8.445E-08  6.060E-07  7.502E-08  2.442E-07  1.501E-06
                1.872E-06  1.283E-06  2.002E-07  2.532E-07  2.058E-07  8.836E-08
                1.282E-07  2.196E-07  1.286E-08  4.986E-09  5.739E-09  1.751E-08
                3.340E-07  3.363E-07  3.943E-07  6.769E-07  4.882E-07  1.132E-08
                8.445E-09  4.421E-08  4.373E-08  3.843E-07  1.051E-06
1.98720915E+02  7.803E-04  6.273E-04  3.069E-04  2.960E-04  4.229E-04  8.304E-07
                3.022E-03  6.199E-04  4.660E-06  9.500E-07  3.818E-05  6.506E-04
                1.197E-03  1.553E-05  1.486E-05  8.297E-08  4.239E-07  2.718E-07
                3.479E-07  2.811E-07  8.939E-08  1.952E-07  2.397E-07  4.268E-08
                9.627E-08  2.626E-07  3.974E-07  1.630E-07  1.391E-07  3.567E-07
                3.530E-07  5.826E-08  1.183E-06  4.472E-07  1.631E-07  1.223E-07
                1.752E-10  9.337E-08  3.454E-08  7.777E-07  4.626E-07  2.573E-07
                3.924E-07  1.116E-08  3.180E-08  6.821E-08  9.644E-08  1.740E-07
                2.690E-06  2.476E-07  3.991E-08  3.704E-07  1.379E-08  7.425E-07
                3.589E-07  2.122E-07  1.495E-07  4.457E-07  2.147E-06  4.532E-07
                8.862E-08  1.323E-09  1.422E-09  7.320E-11  8.321E-08  6.508E-08
                2.318E-08  7.916E-09  1.777E-07  1.654E-07  2.219E-07  5.058E-07
                8.347E-07  2.816E-07  5.825E-07  3.735E-08  1.189E-07  1.554E-08
                2.939E-07  1.195E-07  4.105E-07  7.255E-09  8.218E-08  8.544E-08
                2.136E-06  8.656E-07  2.209E-10  2.254E-10  7.407E-11  5.993E-11
                4.618E-11  1.406E-07  6.668E-08  2.963E-07  3.459E-07  1.390E-07
                5.355E-07  5.518E-08  7.869E-07  9.514E-07  3.362E-08  4.858E-08
                6.309E-08  8.403E-09  3.804E-08  5.192E-08  9.803E-08  1.101E-07
                3.823E-08  1.051E-08  2.812E-07  6.832E-07  3.414E-06  7.472E-07
                2.808E-08  9.601E-08  4.986E-07  4.346E-07  3.637E-08  6.643E-08
                4.670E-08  8.212E-08  1.536E-06  5.486E-08  2.799E-07  1.944E-07
                4.857E-07  9.029E-07  3.773E-06  6.571E-08  3.574E-07  3.721E-07
                4.115E-07  2.569E-08  2.269E-08  8.424E-09  1.846E-08  4.485E-08
                6.984E-08  7.741E-08  2.484E-09  7.098E-08  1.482E-07  4.442E-07
                8.667E-07  6.845E-09  2.454E-08  1.064E-07  3.890E-08  2.300E-07
                1.628E-07  5.054E-07  3.541E-07  5.778E-07  7.100E-08  3.683E-08
                7.935E-07  3.204E-08  5.384E-08  3.643E-08  6.964E-08  1.037E-07
                2.698E-07  3.584E-07  1.824E-06  3.932E-07  4.615E-08  1.614E-08
                2.516E-08  2.487E-08  1.959E-07  1.238E-07  1.308E-07  7.401E-08
                4.589E-08  2.191E-07  5.647E-07  8.430E-07  5.411E-08  5.564E-08
                2.633E-08  4.052E-08  8.408E-08  6.135E-08  6.986E-08  1.351E-08
                5.881E-07  6.022E-08  4.374E-07  7.293E-08  1.909E-07  1.052E-06
                1.304E-06  8.960E-07  1.447E-07  1.874E-07  1.541E-07  6.233E-08
                9.415E-08  1.605E-07  1.557E-08  5.882E-09  4.218E-09  1.208E-08
                2.590E-07  2.615E-07  2.973E-07  5.163E-07  3.671E-07  9.119E-09
                7.060E-09  3.351E-08  3.411E-08  2.957E-07  8.013E-07
