          16           7
         215          13           1           1
           0          -4           0          -4           0          -6           0          -2           0          -4           0           6           0           4           0           2           0           4           0           6           0           2           0           4           0           2           0          -4           0          -2           0           2           0           4           0           6           0           2           0           4           0           6           0           4           0          -2           0          -2           0          -4           0          -6           0          -8           0          -2           0          -4           0          -6           0          -4           0           2           0          -4           0          -6           0          -2           0          -4           0          -6           0          -6           0          -8           0          -4           0          -6           0          -2           0          -4           0           4           0           6           0           8           0          10           0           4           0          -4           0           2           0           6           0           4           0           8           0           2           0          -4           0          -2           0           6           0           6           0           4           0           2           0           8           0           4           0           6           0           8           0           4           0           6           0           8           0          10           0           4           0           6           0           8           0           6           0           4           0           2           0           6           0           2           0           4           0           2           0          -4           0          -2           0          -6           0          -8           0           6           0           4           0          -4           0          -6           0          -2           0          -4           0          -6           0          -8           0         -10           0          -2           0          -4           0          -6           0          -4           0          -2           0          -6           0          -8           0          -2           0          -4           0           2           0           4           0           6           0           8           0           4           0           4           0           6           0           8           0           2           0          10           0           8           0           6           0           4           0           2           0           6           0           6           0           4           0           4           0           2           0           4           0           6           0           8           0          -4           0           2           0           4           0          -6           0          -4           0           2           0           4           0           6           0           4           0           6           0          -2           0          -4           0          -6           0          -8           0         -10           0          -6           0          -8           0         -10           0         -12           0           2           0          -2           0          -4           0          -6           0          -8           0          -2           0          -8           0         -10           0          -4           0          -2           0          -6           0          -4           0          -2           0          -4           0          -2           0          -4           0          -6           0          -4           0          -8           0          -6           0           2           0           4           0           2           0           4           0           6           0         -10           0          -8           0          -6           0          -4           0           6           0          -2           0          -4           0           8           0          -6           0          -2           0          -4           0          -6           0          -8           0           4           0           6           0          -4           0          -6           0          -6           0          -8           0          -2           0           2           0          -4           0           4           0           6           0           4           0           4           0           2           0           2           0          -4           0          -6           0          -8           0          -2           0          -4           0          -6           0          -8           0         -10           0          -8           0          -6           0          -4           0          -2           0          -2           0          -4           0          -6           0          -6           0          -8           0          -4           0          -2           0          -6           0          -4
    0.000000E+00    9.645106E-03    9.843162E-03    1.435602E-02    1.458263E-02
    4.247197E-02    4.320385E-02    4.360158E-02    5.944295E-02    5.948713E-02
    6.922989E-02    7.316769E-02    7.411300E-02    1.134727E-01    1.147319E-01
    2.354040E-01    2.358931E-01    2.366026E-01    2.382857E-01    2.391328E-01
    2.438023E-01    2.438287E-01    2.461520E-01    2.471700E-01    2.474363E-01
    2.479076E-01    2.485433E-01    2.486026E-01    2.487216E-01    2.491410E-01
    2.502551E-01    2.507374E-01    2.510783E-01    2.511300E-01    2.524691E-01
    2.524772E-01    2.554279E-01    2.561102E-01    2.563381E-01    2.591442E-01
    2.591854E-01    2.609226E-01    2.615363E-01    2.619649E-01    2.622131E-01
    2.625883E-01    2.631076E-01    2.632646E-01    2.633261E-01    2.634365E-01
    2.637297E-01    2.638533E-01    2.640096E-01    2.643758E-01    2.644930E-01
    2.645338E-01    2.648466E-01    2.652759E-01    2.655531E-01    2.656939E-01
    2.657640E-01    2.676748E-01    2.677713E-01    2.679166E-01    2.688115E-01
    2.690337E-01    2.711118E-01    2.712141E-01    2.720014E-01    2.721113E-01
    2.724223E-01    2.724984E-01    2.725578E-01    2.726085E-01    2.727219E-01
    2.737570E-01    2.740430E-01    2.746587E-01    2.763855E-01    2.763956E-01
    2.763957E-01    2.764682E-01    2.789238E-01    2.791446E-01    2.808157E-01
    2.808428E-01    2.816082E-01    2.816156E-01    2.816277E-01    2.816445E-01
    2.816660E-01    2.832213E-01    2.832636E-01    2.833497E-01    2.872720E-01
    2.872722E-01    2.872783E-01    2.873017E-01    2.873787E-01    2.874354E-01
    2.875828E-01    2.876419E-01    2.877951E-01    2.879672E-01    2.884374E-01
    2.885530E-01    2.886000E-01    2.886971E-01    2.887362E-01    2.888178E-01
    2.901974E-01    2.902310E-01    2.934227E-01    2.936053E-01    2.936679E-01
    2.948139E-01    2.948751E-01    2.949134E-01    2.954910E-01    2.955387E-01
    2.955818E-01    2.956302E-01    2.974080E-01    2.974265E-01    2.978254E-01
    2.979930E-01    2.980044E-01    2.981863E-01    2.981951E-01    2.982014E-01
    2.986863E-01    2.989406E-01    2.997979E-01    3.013547E-01    3.014398E-01
    3.015665E-01    3.017420E-01    3.025165E-01    3.025355E-01    3.025686E-01
    3.026262E-01    3.032771E-01    3.036433E-01    3.036673E-01    3.036996E-01
    3.037196E-01    3.041292E-01    3.046134E-01    3.046301E-01    3.048276E-01
    3.048611E-01    3.049614E-01    3.051740E-01    3.052844E-01    3.060373E-01
    3.062721E-01    3.065126E-01    3.067251E-01    3.072820E-01    3.083217E-01
    3.083847E-01    3.085481E-01    3.086063E-01    3.093086E-01    3.093690E-01
    3.093750E-01    3.093804E-01    3.094500E-01    3.095030E-01    3.095365E-01
    3.096086E-01    3.096683E-01    3.098305E-01    3.098337E-01    3.100372E-01
    3.110986E-01    3.111053E-01    3.111248E-01    3.111449E-01    3.124031E-01
    3.124222E-01    3.126400E-01    3.132139E-01    3.132929E-01    3.134326E-01
    3.163175E-01    3.165548E-01    3.167011E-01    3.167161E-01    3.173537E-01
    3.174815E-01    3.194473E-01    3.198310E-01    3.206567E-01    3.235572E-01
    3.235827E-01    3.236877E-01    3.236885E-01    3.238034E-01    3.239013E-01
    3.239634E-01    3.240075E-01    3.245628E-01    3.245933E-01    3.263728E-01
    3.264517E-01    3.271738E-01    3.284075E-01    3.287843E-01    3.314323E-01
    3.314556E-01    3.324856E-01    3.325179E-01    3.327131E-01    3.333147E-01
           0           2           0           1
  -27.940514715248785               13
3.13425147E+01  1.896E-01  1.972E-01  9.830E-02  1.030E-01  1.308E-01
4.49505147E+01  9.100E-02  7.151E-02  3.725E-02  3.532E-02  4.980E-02  1.843E-04
                7.226E-02  1.482E-02  4.552E-04  2.378E-04  7.748E-04  1.181E-02
                2.102E-02  1.231E-03  1.198E-03
5.85585147E+01  4.339E-02  3.498E-02  1.704E-02  1.637E-02  2.322E-02  6.472E-05
                4.329E-02  8.876E-03  1.561E-04  9.662E-05  5.003E-04  7.957E-03
                1.445E-02  6.571E-04  6.257E-04  2.422E-06  1.208E-05  2.617E-05
                9.250E-06  2.098E-05  4.091E-06  8.957E-06  1.284E-05  1.854E-06
                2.575E-06  7.147E-06  8.708E-06  1.299E-05  1.352E-05  3.399E-05
                3.050E-05  2.692E-06  1.281E-04  2.860E-05  1.300E-05  1.023E-05
                1.387E-08  1.285E-05  4.706E-06  7.637E-05  3.946E-05  2.462E-05
                3.788E-05  1.544E-06  2.777E-06  4.357E-06  6.114E-07  3.664E-06
                1.332E-04  2.537E-06  4.383E-06  5.002E-06  1.160E-06  7.351E-06
                3.440E-05  2.118E-05  1.669E-05  5.554E-05  5.220E-05  2.325E-05
                5.729E-06  1.825E-08  4.557E-08  1.569E-09  2.268E-05  1.244E-05
                4.118E-07  1.121E-08  9.980E-06  9.513E-06  1.295E-05  1.189E-05
                1.477E-05  4.754E-06  3.408E-05  7.762E-06  1.010E-05  5.108E-06
                1.043E-05  4.275E-06  1.495E-05  3.579E-07  7.177E-06  1.249E-05
                8.048E-05  3.212E-05  5.518E-09  6.875E-09  3.939E-09  2.056E-09
                3.436E-09  4.273E-06  1.730E-06  1.070E-05  3.759E-06  1.605E-06
                6.040E-06  1.496E-06  2.866E-05  3.476E-05  9.664E-07  1.184E-06
                1.395E-06  2.930E-07  1.920E-06  1.568E-06  2.842E-06  2.981E-06
                3.000E-06  1.888E-07  9.358E-06  2.246E-05  9.135E-05  2.032E-05
                8.769E-07  2.099E-06  1.205E-05  1.225E-05  9.080E-07  1.370E-06
                1.035E-06  2.288E-06  6.011E-05  1.136E-06  6.884E-06  6.223E-06
                1.597E-05  2.065E-05  8.621E-05  2.541E-06  1.029E-05  1.094E-05
                1.382E-05  2.688E-06  2.887E-06  2.158E-06  1.425E-06  4.394E-06
                6.808E-06  7.332E-06  5.862E-09  2.208E-06  4.575E-06  1.206E-05
                2.066E-05  2.281E-06  1.085E-06  1.622E-05  5.895E-06  7.407E-06
                4.848E-06  1.391E-05  9.752E-06  1.509E-05  1.989E-06  2.406E-06
                1.726E-05  2.895E-06  4.717E-06  2.759E-06  5.945E-06  3.215E-06
                6.219E-06  8.887E-06  4.901E-05  1.539E-05  3.511E-06  2.672E-06
                2.444E-06  2.326E-06  5.023E-06  3.826E-06  4.266E-06  1.876E-06
                2.741E-06  4.971E-06  1.403E-05  2.303E-05  4.333E-06  9.939E-07
                7.370E-07  3.820E-06  7.816E-06  6.119E-06  7.030E-06  1.054E-06
                1.019E-05  3.171E-06  8.448E-06  2.149E-06  4.069E-06  1.745E-05
                2.063E-05  1.356E-05  1.154E-05  1.719E-05  2.522E-05  5.590E-06
                7.985E-06  1.377E-05  1.555E-06  5.157E-07  9.338E-07  1.176E-06
                2.317E-06  2.433E-06  3.242E-06  1.117E-05  1.066E-05  4.462E-07
                7.367E-07  6.058E-07  4.944E-07  4.526E-06  1.206E-05
7.21665147E+01  2.345E-02  1.883E-02  9.170E-03  8.807E-03  1.249E-02  3.476E-05
                2.927E-02  6.002E-03  8.972E-05  5.120E-05  3.419E-04  5.544E-03
                1.010E-02  3.715E-04  3.539E-04  1.594E-06  6.339E-06  1.382E-05
                5.894E-06  1.199E-05  3.025E-06  6.629E-06  5.524E-06  6.940E-07
                1.133E-06  3.528E-06  4.768E-06  6.873E-06  7.603E-06  1.851E-05
                1.466E-05  2.004E-06  5.277E-05  1.431E-05  6.482E-06  5.455E-06
                8.607E-09  5.880E-06  2.105E-06  3.541E-05  1.857E-05  1.146E-05
                1.751E-05  6.054E-07  1.103E-06  1.834E-06  3.234E-07  1.575E-06
                7.420E-05  1.110E-06  2.117E-06  2.121E-06  4.556E-07  3.220E-06
                1.635E-05  9.892E-06  8.086E-06  2.498E-05  2.169E-05  7.948E-06
                2.688E-06  1.163E-08  2.773E-08  1.332E-09  7.218E-06  4.100E-06
                3.325E-07  4.595E-08  5.526E-06  5.428E-06  7.223E-06  6.667E-06
                1.091E-05  3.397E-06  1.933E-05  2.654E-06  4.144E-06  1.700E-06
                7.041E-06  2.828E-06  9.841E-06  1.216E-07  3.285E-06  4.780E-06
                4.848E-05  1.960E-05  3.148E-09  3.912E-09  2.133E-09  1.286E-09
                1.709E-09  3.110E-06  1.543E-06  6.881E-06  2.881E-06  1.295E-06
                4.413E-06  6.650E-07  1.751E-05  2.112E-05  4.493E-07  6.804E-07
                8.815E-07  1.317E-07  4.919E-07  7.611E-07  1.497E-06  1.500E-06
                4.674E-07  1.503E-07  5.525E-06  1.334E-05  5.377E-05  1.182E-05
                5.739E-07  1.214E-06  7.035E-06  7.069E-06  5.807E-07  8.323E-07
                6.395E-07  1.458E-06  3.622E-05  5.922E-07  3.706E-06  4.321E-06
                1.088E-05  1.247E-05  5.215E-05  1.165E-06  6.343E-06  6.683E-06
                9.103E-06  1.234E-06  1.255E-06  8.503E-07  7.090E-07  2.107E-06
                3.271E-06  3.535E-06  1.004E-08  1.262E-06  2.400E-06  6.521E-06
                1.165E-05  9.027E-07  5.809E-07  5.757E-06  2.062E-06  5.036E-06
                3.517E-06  7.553E-06  5.293E-06  8.378E-06  1.157E-06  1.113E-06
                1.057E-05  1.348E-06  2.156E-06  1.377E-06  3.068E-06  1.274E-06
                3.757E-06  5.024E-06  2.622E-05  8.845E-06  1.678E-06  1.102E-06
                1.065E-06  1.045E-06  2.843E-06  1.962E-06  2.149E-06  1.043E-06
                1.129E-06  2.892E-06  7.924E-06  1.269E-05  2.088E-06  5.295E-07
                3.516E-07  1.789E-06  3.036E-06  2.884E-06  2.631E-06  5.177E-07
                6.844E-06  1.807E-06  5.348E-06  1.147E-06  2.241E-06  1.185E-05
                1.439E-05  9.584E-06  5.281E-06  7.321E-06  1.041E-05  2.565E-06
                3.379E-06  6.110E-06  3.470E-07  1.061E-07  3.586E-07  5.944E-07
                2.261E-06  2.279E-06  3.023E-06  6.383E-06  5.697E-06  1.939E-07
                2.898E-07  4.588E-07  3.481E-07  3.090E-06  8.217E-06
8.57745147E+01  1.381E-02  1.107E-02  5.389E-03  5.169E-03  7.345E-03  2.062E-05
                2.068E-02  4.240E-03  5.584E-05  2.929E-05  2.443E-04  4.009E-03
                7.320E-03  2.259E-04  2.152E-04  1.046E-06  3.727E-06  7.941E-06
                3.796E-06  7.204E-06  2.055E-06  4.503E-06  3.052E-06  3.620E-07
                7.078E-07  2.274E-06  3.395E-06  4.091E-06  4.627E-06  1.114E-05
                8.054E-06  1.358E-06  2.574E-05  8.362E-06  3.684E-06  3.244E-06
                5.466E-09  3.117E-06  1.101E-06  1.855E-05  9.902E-06  6.060E-06
                9.226E-06  2.854E-07  5.231E-07  9.043E-07  1.983E-07  9.732E-07
                4.438E-05  8.508E-07  1.172E-06  1.510E-06  2.420E-07  2.506E-06
                8.808E-06  5.241E-06  4.498E-06  1.352E-05  1.339E-05  4.096E-06
                1.492E-06  8.275E-09  1.869E-08  1.005E-09  3.115E-06  1.828E-06
                2.772E-07  5.755E-08  3.393E-06  3.341E-06  4.401E-06  4.806E-06
                8.069E-06  2.586E-06  1.184E-05  1.224E-06  2.239E-06  7.414E-07
                4.845E-06  1.933E-06  6.704E-06  5.830E-08  1.840E-06  2.393E-06
                3.065E-05  1.242E-05  2.037E-09  2.482E-09  1.289E-09  8.495E-10
                9.454E-10  2.223E-06  1.150E-06  4.656E-06  2.191E-06  9.799E-07
                3.312E-06  3.808E-07  1.114E-05  1.345E-05  3.043E-07  4.859E-07
                6.341E-07  9.063E-08  2.524E-07  5.129E-07  1.026E-06  1.022E-06
                1.110E-07  1.080E-07  3.770E-06  9.154E-06  3.434E-05  7.515E-06
                3.799E-07  8.743E-07  4.671E-06  4.491E-06  4.352E-07  6.077E-07
                4.739E-07  1.080E-06  2.303E-05  4.227E-07  2.487E-06  2.842E-06
                7.113E-06  8.158E-06  3.406E-05  7.694E-07  4.423E-06  4.652E-06
                6.070E-06  6.294E-07  6.259E-07  3.998E-07  3.781E-07  1.055E-06
                1.638E-06  1.775E-06  1.296E-08  8.271E-07  1.486E-06  4.142E-06
                7.584E-06  4.283E-07  3.399E-07  2.326E-06  8.222E-07  3.293E-06
                2.351E-06  4.768E-06  3.339E-06  5.349E-06  7.199E-07  5.976E-07
                7.113E-06  7.197E-07  1.142E-06  7.876E-07  1.759E-06  7.003E-07
                2.551E-06  3.167E-06  1.600E-05  5.860E-06  8.863E-07  5.494E-07
                5.616E-07  5.511E-07  1.865E-06  1.206E-06  1.314E-06  6.772E-07
                6.065E-07  1.909E-06  5.137E-06  8.068E-06  1.145E-06  3.770E-07
                2.199E-07  9.694E-07  1.450E-06  1.554E-06  1.211E-06  2.918E-07
                4.766E-06  1.105E-06  3.640E-06  7.155E-07  1.430E-06  8.478E-06
                1.029E-05  6.923E-06  2.785E-06  3.592E-06  4.686E-06  1.391E-06
                1.762E-06  3.138E-06  9.760E-08  2.779E-08  1.644E-07  3.337E-07
                1.757E-06  1.756E-06  2.306E-06  4.270E-06  3.557E-06  1.152E-07
                1.429E-07  3.216E-07  2.540E-07  2.192E-06  5.878E-06
9.93825147E+01  8.692E-03  6.970E-03  3.392E-03  3.257E-03  4.633E-03  1.228E-05
                1.532E-02  3.141E-03  3.655E-05  1.727E-05  1.825E-04  3.022E-03
                5.526E-03  1.494E-04  1.426E-04  6.752E-07  2.306E-06  4.659E-06
                2.445E-06  4.319E-06  1.324E-06  2.897E-06  1.864E-06  2.201E-07
                5.386E-07  1.742E-06  2.806E-06  2.508E-06  2.849E-06  6.869E-06
                4.757E-06  8.733E-07  1.405E-05  5.323E-06  2.236E-06  2.012E-06
                3.449E-09  1.766E-06  6.211E-07  1.060E-05  5.785E-06  3.512E-06
                5.344E-06  1.520E-07  2.862E-07  5.115E-07  1.716E-07  6.887E-07
                2.839E-05  7.182E-07  6.690E-07  1.202E-06  1.356E-07  2.137E-06
                5.159E-06  3.032E-06  2.604E-06  7.704E-06  9.432E-06  2.568E-06
                8.898E-07  5.970E-09  1.233E-08  7.090E-10  1.586E-06  9.569E-07
                2.154E-07  5.433E-08  2.104E-06  2.051E-06  2.682E-06  3.485E-06
                5.969E-06  1.938E-06  7.248E-06  6.488E-07  1.312E-06  3.785E-07
                3.263E-06  1.302E-06  4.502E-06  3.833E-08  1.091E-06  1.333E-06
                2.044E-05  8.276E-06  1.435E-09  1.688E-09  8.149E-10  5.799E-10
                5.768E-10  1.525E-06  7.892E-07  3.142E-06  1.706E-06  7.508E-07
                2.579E-06  2.484E-07  7.473E-06  9.044E-06  2.232E-07  3.606E-07
                4.692E-07  6.610E-08  1.760E-07  3.673E-07  7.328E-07  7.365E-07
                5.398E-08  7.400E-08  2.573E-06  6.265E-06  2.401E-05  5.247E-06
                2.572E-07  6.467E-07  3.346E-06  3.121E-06  3.226E-07  4.581E-07
                3.604E-07  7.817E-07  1.545E-05  3.192E-07  1.796E-06  1.902E-06
                4.763E-06  5.822E-06  2.429E-05  5.691E-07  3.094E-06  3.247E-06
                4.118E-06  3.567E-07  3.488E-07  2.106E-07  2.223E-07  5.810E-07
                9.024E-07  9.822E-07  1.448E-08  5.669E-07  1.015E-06  2.886E-06
                5.370E-06  2.281E-07  2.148E-07  1.057E-06  3.700E-07  2.209E-06
                1.577E-06  3.303E-06  2.311E-06  3.731E-06  4.804E-07  3.607E-07
                5.121E-06  4.216E-07  6.705E-07  4.726E-07  1.045E-06  4.730E-07
                1.841E-06  2.212E-06  1.098E-05  3.922E-06  5.194E-07  3.078E-07
                3.331E-07  3.250E-07  1.271E-06  8.251E-07  8.971E-07  4.605E-07
                3.799E-07  1.356E-06  3.610E-06  5.591E-06  6.839E-07  3.007E-07
                1.599E-07  5.706E-07  7.965E-07  9.015E-07  6.507E-07  1.769E-07
                3.531E-06  6.978E-07  2.654E-06  4.706E-07  1.009E-06  6.396E-06
                7.757E-06  5.261E-06  1.643E-06  2.007E-06  2.317E-06  8.328E-07
                1.051E-06  1.818E-06  3.856E-08  1.158E-08  8.227E-08  1.958E-07
                1.339E-06  1.338E-06  1.745E-06  3.089E-06  2.465E-06  7.312E-08
                7.679E-08  2.247E-07  1.884E-07  1.626E-06  4.383E-06
1.12990515E+02  5.774E-03  4.633E-03  2.255E-03  2.165E-03  3.077E-03  8.603E-06
                1.147E-02  2.353E-03  2.569E-05  1.146E-05  1.373E-04  2.286E-03
                4.184E-03  9.920E-05  9.452E-05  4.495E-07  1.462E-06  2.686E-06
                1.650E-06  2.595E-06  8.911E-07  1.951E-06  1.341E-06  1.699E-07
                4.020E-07  1.255E-06  2.072E-06  1.656E-06  1.834E-06  4.453E-06
                3.033E-06  5.882E-07  8.905E-06  3.533E-06  1.477E-06  1.328E-06
                2.219E-09  1.073E-06  3.761E-07  6.694E-06  3.717E-06  2.240E-06
                3.395E-06  8.963E-08  1.748E-07  3.201E-07  1.518E-07  5.295E-07
                1.924E-05  6.030E-07  4.089E-07  9.787E-07  7.595E-08  1.806E-06
                3.273E-06  1.922E-06  1.625E-06  4.792E-06  7.090E-06  1.806E-06
                5.753E-07  4.610E-09  8.794E-09  4.875E-10  9.346E-07  5.800E-07
                1.605E-07  4.365E-08  1.407E-06  1.363E-06  1.789E-06  2.653E-06
                4.454E-06  1.472E-06  4.822E-06  3.996E-07  8.831E-07  2.214E-07
                2.357E-06  9.428E-07  3.252E-06  2.886E-08  7.156E-07  8.395E-07
                1.437E-05  5.798E-06  1.073E-09  1.234E-09  5.626E-10  4.094E-10
                3.785E-10  1.122E-06  5.674E-07  2.289E-06  1.370E-06  5.900E-07
                2.083E-06  1.842E-07  5.260E-06  6.359E-06  1.710E-07  2.780E-07
                3.625E-07  5.042E-08  1.362E-07  2.746E-07  5.540E-07  5.641E-07
                3.995E-08  5.897E-08  1.907E-06  4.644E-06  1.708E-05  3.733E-06
                1.867E-07  4.893E-07  2.450E-06  2.214E-06  2.424E-07  3.504E-07
                2.787E-07  5.795E-07  1.088E-05  2.501E-07  1.365E-06  1.311E-06
                3.281E-06  4.206E-06  1.753E-05  4.271E-07  2.327E-06  2.450E-06
                2.983E-06  2.255E-07  2.165E-07  1.226E-07  1.453E-07  3.620E-07
                5.620E-07  6.141E-07  1.224E-08  3.984E-07  7.439E-07  2.151E-06
                4.055E-06  1.281E-07  1.488E-07  5.857E-07  2.035E-07  1.524E-06
                1.091E-06  2.478E-06  1.732E-06  2.807E-06  3.421E-07  2.361E-07
                3.855E-06  2.681E-07  4.292E-07  3.089E-07  6.725E-07  3.466E-07
                1.361E-06  1.586E-06  7.812E-06  2.921E-06  3.462E-07  1.903E-07
                2.175E-07  2.135E-07  9.907E-07  6.135E-07  6.610E-07  3.602E-07
                2.640E-07  1.028E-06  2.715E-06  4.169E-06  4.575E-07  2.387E-07
                1.212E-07  3.667E-07  5.261E-07  5.708E-07  4.250E-07  1.145E-07
                2.589E-06  4.666E-07  1.949E-06  3.629E-07  7.545E-07  4.759E-06
                5.753E-06  3.919E-06  1.078E-06  1.289E-06  1.361E-06  5.411E-07
                6.905E-07  1.183E-06  2.803E-08  9.490E-09  4.324E-08  1.174E-07
                1.058E-06  1.058E-06  1.351E-06  2.344E-06  1.825E-06  5.082E-08
                4.779E-08  1.652E-07  1.447E-07  1.266E-06  3.402E-06
1.26598515E+02  3.955E-03  3.179E-03  1.547E-03  1.488E-03  2.119E-03  5.344E-06
                9.051E-03  1.856E-03  1.824E-05  7.078E-06  1.093E-04  1.831E-03
                3.355E-03  7.252E-05  6.932E-05  3.125E-07  1.081E-06  1.777E-06
                1.154E-06  1.708E-06  5.762E-07  1.260E-06  9.226E-07  1.203E-07
                3.783E-07  1.194E-06  2.043E-06  1.072E-06  1.171E-06  2.872E-06
                2.006E-06  3.792E-07  5.615E-06  2.582E-06  9.648E-07  8.632E-07
                1.442E-09  6.660E-07  2.362E-07  4.279E-06  2.459E-06  1.446E-06
                2.201E-06  5.694E-08  1.149E-07  2.163E-07  1.421E-07  4.083E-07
                1.322E-05  5.058E-07  2.584E-07  7.999E-07  4.332E-08  1.518E-06
                2.119E-06  1.233E-06  1.044E-06  3.088E-06  5.504E-06  1.329E-06
                3.854E-07  3.595E-09  6.413E-09  3.519E-10  5.801E-07  3.695E-07
                1.193E-07  3.484E-08  9.652E-07  9.223E-07  1.196E-06  2.020E-06
                3.355E-06  1.100E-06  3.251E-06  2.508E-07  5.849E-07  1.352E-07
                1.579E-06  6.316E-07  2.180E-06  2.574E-08  4.756E-07  5.415E-07
                9.984E-06  4.038E-06  8.132E-10  8.987E-10  3.739E-10  2.949E-10
                2.781E-10  7.485E-07  3.840E-07  1.526E-06  1.102E-06  4.675E-07
                1.675E-06  1.331E-07  3.669E-06  4.453E-06  1.276E-07  2.058E-07
                2.673E-07  3.660E-08  1.012E-07  2.030E-07  4.025E-07  4.147E-07
                3.551E-08  3.928E-08  1.350E-06  3.291E-06  1.295E-05  2.830E-06
                1.326E-07  3.588E-07  1.850E-06  1.668E-06  1.756E-07  2.636E-07
                2.078E-07  4.136E-07  7.433E-06  1.891E-07  1.027E-06  9.334E-07
                2.336E-06  3.240E-06  1.351E-05  3.204E-07  1.652E-06  1.734E-06
                2.006E-06  1.588E-07  1.481E-07  7.740E-08  1.061E-07  2.582E-07
                4.011E-07  4.399E-07  1.048E-08  2.852E-07  5.547E-07  1.622E-06
                3.085E-06  7.535E-08  1.063E-07  4.173E-07  1.457E-07  1.092E-06
                7.801E-07  1.863E-06  1.304E-06  2.116E-06  2.501E-07  1.609E-07
                2.888E-06  1.782E-07  2.865E-07  2.066E-07  4.452E-07  2.715E-07
                1.033E-06  1.225E-06  6.021E-06  1.976E-06  2.536E-07  1.251E-07
                1.494E-07  1.502E-07  7.085E-07  4.594E-07  4.912E-07  2.592E-07
                1.899E-07  7.814E-07  2.055E-06  3.136E-06  3.252E-07  1.902E-07
                9.453E-08  2.453E-07  3.726E-07  3.814E-07  3.021E-07  7.696E-08
                2.048E-06  3.211E-07  1.522E-06  2.543E-07  5.903E-07  3.768E-06
                4.585E-06  3.136E-06  7.411E-07  8.958E-07  8.962E-07  3.626E-07
                4.742E-07  8.126E-07  2.133E-08  7.574E-09  2.765E-08  7.728E-08
                8.269E-07  8.286E-07  1.042E-06  1.803E-06  1.383E-06  3.580E-08
                3.167E-08  1.230E-07  1.115E-07  9.855E-07  2.658E-06
1.40206515E+02  2.838E-03  2.279E-03  1.109E-03  1.066E-03  1.517E-03  4.248E-06
                6.993E-03  1.434E-03  1.377E-05  5.229E-06  8.466E-05  1.422E-03
                2.607E-03  5.027E-05  4.789E-05  2.246E-07  7.886E-07  1.078E-06
                8.534E-07  1.076E-06  4.050E-07  8.854E-07  7.165E-07  1.026E-07
                2.664E-07  8.033E-07  1.346E-06  7.369E-07  7.708E-07  1.911E-06
                1.389E-06  2.668E-07  4.213E-06  1.759E-06  6.916E-07  5.995E-07
                9.399E-10  4.345E-07  1.538E-07  3.076E-06  1.769E-06  1.045E-06
                1.584E-06  4.023E-08  8.700E-08  1.670E-07  1.418E-07  3.426E-07
                9.793E-06  4.353E-07  1.716E-07  6.778E-07  2.885E-08  1.309E-06
                1.500E-06  8.835E-07  7.058E-07  2.077E-06  4.431E-06  1.041E-06
                2.806E-07  2.857E-09  4.547E-09  2.447E-10  3.915E-07  2.585E-07
                8.857E-08  2.684E-08  6.890E-07  6.541E-07  8.595E-07  1.495E-06
                2.552E-06  8.521E-07  2.313E-06  1.730E-07  4.288E-07  8.954E-08
                1.155E-06  4.658E-07  1.601E-06  1.821E-08  3.373E-07  3.770E-07
                7.597E-06  3.064E-06  6.290E-10  6.893E-10  2.764E-10  2.133E-10
                1.867E-10  5.579E-07  2.728E-07  1.152E-06  8.844E-07  3.697E-07
                1.355E-06  1.146E-07  2.798E-06  3.385E-06  9.875E-08  1.583E-07
                2.075E-07  2.747E-08  8.275E-08  1.533E-07  3.061E-07  3.220E-07
                3.591E-08  3.128E-08  9.632E-07  2.347E-06  9.853E-06  2.155E-06
                9.853E-08  2.824E-07  1.429E-06  1.264E-06  1.292E-07  2.043E-07
                1.581E-07  2.988E-07  5.630E-06  1.455E-07  7.839E-07  6.830E-07
                1.712E-06  2.490E-06  1.039E-05  2.344E-07  1.204E-06  1.263E-06
                1.525E-06  1.051E-07  9.715E-08  4.781E-08  7.136E-08  1.709E-07
                2.656E-07  2.924E-07  8.488E-09  2.152E-07  4.279E-07  1.263E-06
                2.421E-06  4.607E-08  7.863E-08  2.748E-07  9.678E-08  8.009E-07
                5.689E-07  1.460E-06  1.021E-06  1.660E-06  1.910E-07  1.164E-07
                2.275E-06  1.235E-07  2.014E-07  1.421E-07  2.978E-07  2.212E-07
                7.901E-07  9.404E-07  4.636E-06  1.461E-06  1.728E-07  8.107E-08
                1.027E-07  1.019E-07  5.497E-07  3.596E-07  3.828E-07  2.024E-07
                1.428E-07  6.155E-07  1.610E-06  2.442E-06  2.204E-07  1.528E-07
                7.373E-08  1.667E-07  2.648E-07  2.531E-07  2.153E-07  5.281E-08
                1.562E-06  2.242E-07  1.165E-06  2.006E-07  4.634E-07  2.872E-06
                3.496E-06  2.394E-06  5.260E-07  6.317E-07  5.770E-07  2.525E-07
                3.394E-07  5.761E-07  2.512E-08  9.514E-09  1.721E-08  5.092E-08
                6.655E-07  6.682E-07  8.218E-07  1.412E-06  1.064E-06  2.743E-08
                2.241E-08  9.429E-08  8.859E-08  7.844E-07  2.111E-06
1.53814515E+02  2.077E-03  1.676E-03  8.158E-04  7.883E-04  1.119E-03  2.673E-06
                5.844E-03  1.198E-03  1.042E-05  3.310E-06  7.109E-05  1.198E-03
                2.197E-03  4.017E-05  3.845E-05  1.674E-07  6.723E-07  8.117E-07
                6.445E-07  7.810E-07  2.628E-07  5.738E-07  5.001E-07  7.282E-08
                2.772E-07  8.677E-07  1.493E-06  4.862E-07  5.051E-07  1.264E-06
                9.992E-07  1.725E-07  2.839E-06  1.434E-06  4.642E-07  3.955E-07
                6.163E-10  2.842E-07  1.037E-07  2.150E-06  1.290E-06  7.225E-07
                1.104E-06  2.834E-08  6.341E-08  1.247E-07  1.262E-07  2.757E-07
                7.028E-06  3.691E-07  1.154E-07  5.664E-07  2.038E-08  1.109E-06
                1.040E-06  6.103E-07  4.722E-07  1.404E-06  3.598E-06  8.230E-07
                1.979E-07  2.309E-09  3.471E-09  1.820E-10  2.760E-07  1.859E-07
                6.463E-08  2.047E-08  4.864E-07  4.562E-07  5.908E-07  1.165E-06
                2.003E-06  6.467E-07  1.606E-06  1.196E-07  3.011E-07  6.099E-08
                7.571E-07  3.044E-07  1.050E-06  1.843E-08  2.345E-07  2.611E-07
                5.369E-06  2.180E-06  4.977E-10  5.182E-10  1.843E-10  1.595E-10
                1.492E-10  3.589E-07  1.828E-07  7.450E-07  7.312E-07  3.027E-07
                1.115E-06  7.998E-08  1.990E-06  2.416E-06  7.330E-08  1.160E-07
                1.509E-07  1.982E-08  6.310E-08  1.127E-07  2.208E-07  2.357E-07
                3.476E-08  2.108E-08  6.905E-07  1.682E-06  8.013E-06  1.751E-06
                7.362E-08  2.065E-07  1.128E-06  1.019E-06  9.251E-08  1.538E-07
                1.162E-07  2.109E-07  3.838E-06  1.108E-07  6.027E-07  5.049E-07
                1.265E-06  2.047E-06  8.552E-06  1.763E-07  8.638E-07  9.019E-07
                9.970E-07  8.147E-08  7.321E-08  3.314E-08  5.680E-08  1.366E-07
                2.125E-07  2.340E-07  6.441E-09  1.595E-07  3.341E-07  9.923E-07
                1.912E-06  2.930E-08  6.276E-08  2.214E-07  7.819E-08  5.958E-07
                4.235E-07  1.138E-06  7.974E-07  1.297E-06  1.501E-07  8.736E-08
                1.749E-06  9.086E-08  1.494E-07  9.877E-08  2.067E-07  1.811E-07
                6.255E-07  7.774E-07  3.834E-06  9.683E-07  1.372E-07  5.729E-08
                7.573E-08  7.726E-08  4.003E-07  2.799E-07  2.953E-07  1.487E-07
                1.090E-07  4.839E-07  1.263E-06  1.905E-06  1.680E-07  1.201E-07
                5.768E-08  1.179E-07  1.955E-07  1.807E-07  1.595E-07  3.834E-08
                1.312E-06  1.644E-07  9.640E-07  1.419E-07  3.827E-07  2.400E-06
                2.952E-06  2.025E-06  3.874E-07  4.784E-07  4.311E-07  1.796E-07
                2.476E-07  4.250E-07  1.777E-08  6.730E-09  1.226E-08  3.614E-08
                5.353E-07  5.381E-07  6.539E-07  1.125E-06  8.377E-07  2.008E-08
                1.605E-08  7.400E-08  7.079E-08  6.281E-07  1.703E-06
1.67422515E+02  1.520E-03  1.219E-03  5.937E-04  5.714E-04  8.162E-04  2.136E-06
                4.568E-03  9.369E-04  8.045E-06  2.472E-06  5.631E-05  9.526E-04
                1.749E-03  2.786E-05  2.655E-05  1.319E-07  5.531E-07  5.275E-07
                5.241E-07  5.322E-07  1.951E-07  4.264E-07  4.224E-07  6.779E-08
                1.683E-07  4.864E-07  7.897E-07  3.535E-07  3.399E-07  8.604E-07
                7.129E-07  1.280E-07  2.309E-06  9.231E-07  3.500E-07  2.850E-07
                4.201E-10  1.991E-07  7.172E-08  1.601E-06  9.382E-07  5.414E-07
                8.234E-07  2.170E-08  5.197E-08  1.038E-07  1.196E-07  2.413E-07
                5.373E-06  3.244E-07  8.300E-08  4.939E-07  1.720E-08  9.755E-07
                7.637E-07  4.515E-07  3.366E-07  1.000E-06  3.019E-06  6.720E-07
                1.558E-07  1.928E-09  2.589E-09  1.348E-10  1.870E-07  1.333E-07
                4.828E-08  1.556E-08  3.641E-07  3.414E-07  4.514E-07  8.867E-07
                1.505E-06  5.042E-07  1.207E-06  8.351E-08  2.303E-07  3.998E-08
                5.942E-07  2.413E-07  8.273E-07  1.170E-08  1.736E-07  1.870E-07
                4.228E-06  1.708E-06  3.847E-10  4.067E-10  1.470E-10  1.164E-10
                9.738E-11  2.874E-07  1.371E-07  6.035E-07  5.722E-07  2.343E-07
                8.816E-07  7.924E-08  1.559E-06  1.886E-06  5.910E-08  9.143E-08
                1.196E-07  1.561E-08  5.490E-08  9.078E-08  1.783E-07  1.939E-07
                3.695E-08  1.817E-08  5.255E-07  1.279E-06  5.981E-06  1.309E-06
                5.422E-08  1.673E-07  8.682E-07  7.625E-07  7.073E-08  1.208E-07
                8.978E-08  1.605E-07  3.060E-06  8.894E-08  4.753E-07  3.788E-07
                9.500E-07  1.545E-06  6.450E-06  1.279E-07  6.631E-07  6.930E-07
                8.136E-07  5.391E-08  4.837E-08  2.069E-08  3.790E-08  9.064E-08
                1.410E-07  1.559E-07  4.943E-09  1.245E-07  2.594E-07  7.742E-07
                1.499E-06  1.800E-08  4.418E-08  1.706E-07  6.126E-08  4.472E-07
                3.157E-07  8.929E-07  6.247E-07  1.018E-06  1.156E-07  6.408E-08
                1.388E-06  6.288E-08  1.041E-07  7.243E-08  1.455E-07  1.530E-07
                4.763E-07  5.947E-07  2.969E-06  7.778E-07  9.323E-08  3.752E-08
                5.252E-08  5.239E-08  3.317E-07  2.195E-07  2.318E-07  1.238E-07
                8.318E-08  3.811E-07  9.898E-07  1.489E-06  1.146E-07  9.560E-08
                4.537E-08  8.378E-08  1.515E-07  1.255E-07  1.247E-07  2.677E-08
                9.840E-07  1.173E-07  7.319E-07  1.223E-07  3.042E-07  1.789E-06
                2.198E-06  1.508E-06  2.845E-07  3.527E-07  3.010E-07  1.291E-07
                1.837E-07  3.134E-07  2.153E-08  8.216E-09  8.494E-09  2.500E-08
                4.267E-07  4.297E-07  5.085E-07  8.778E-07  6.440E-07  1.623E-08
                1.268E-08  5.722E-08  5.624E-08  4.961E-07  1.339E-06
1.81030515E+02  1.241E-03  1.003E-03  4.889E-04  4.734E-04  6.684E-04  1.715E-06
                3.911E-03  8.019E-04  6.565E-06  1.888E-06  4.732E-05  7.994E-04
                1.467E-03  2.323E-05  2.220E-05  1.038E-07  5.000E-07  4.544E-07
                4.166E-07  4.204E-07  1.283E-07  2.788E-07  2.772E-07  4.534E-08
                2.011E-07  6.298E-07  1.071E-06  2.252E-07  2.263E-07  5.760E-07
                5.641E-07  8.384E-08  1.668E-06  8.631E-07  2.406E-07  1.903E-07
                2.638E-10  1.309E-07  4.974E-08  1.282E-06  7.927E-07  4.179E-07
                6.388E-07  1.695E-08  4.246E-08  8.622E-08  1.077E-07  2.023E-07
                4.142E-06  2.797E-07  5.866E-08  4.222E-07  1.551E-08  8.383E-07
                5.855E-07  3.526E-07  2.381E-07  6.969E-07  2.540E-06  5.682E-07
                1.171E-07  1.541E-09  1.817E-09  9.576E-11  1.570E-07  1.103E-07
                3.600E-08  1.210E-08  2.634E-07  2.433E-07  3.204E-07  6.548E-07
                1.251E-06  3.978E-07  8.592E-07  6.619E-08  1.743E-07  3.242E-08
                3.507E-07  1.426E-07  4.904E-07  1.215E-08  1.269E-07  1.422E-07
                3.133E-06  1.285E-06  3.167E-10  3.127E-10  9.548E-11  9.049E-11
                8.085E-11  1.660E-07  8.427E-08  3.622E-07  4.915E-07  2.002E-07
                7.515E-07  5.558E-08  1.177E-06  1.420E-06  4.354E-08  6.645E-08
                8.699E-08  1.070E-08  4.220E-08  6.461E-08  1.239E-07  1.383E-07
                3.382E-08  1.108E-08  3.285E-07  7.985E-07  5.380E-06  1.175E-06
                4.300E-08  1.272E-07  7.400E-07  6.758E-07  4.851E-08  9.311E-08
                6.466E-08  1.055E-07  2.101E-06  6.398E-08  3.576E-07  2.974E-07
                7.443E-07  1.397E-06  5.844E-06  9.449E-08  4.265E-07  4.410E-07
                4.994E-07  4.182E-08  3.696E-08  1.467E-08  2.973E-08  7.199E-08
                1.121E-07  1.237E-07  3.802E-09  9.876E-08  2.113E-07  6.327E-07
                1.228E-06  1.315E-08  4.049E-08  1.207E-07  4.339E-08  3.514E-07
                2.487E-07  7.206E-07  5.058E-07  8.238E-07  9.727E-08  5.437E-08
                1.108E-06  5.298E-08  8.958E-08  5.138E-08  1.027E-07  1.324E-07
                4.020E-07  5.330E-07  2.652E-06  4.556E-07  7.173E-08  2.683E-08
                4.017E-08  3.981E-08  2.137E-07  1.785E-07  1.867E-07  8.053E-08
                6.703E-08  3.108E-07  8.059E-07  1.203E-06  8.604E-08  7.782E-08
                3.583E-08  6.031E-08  1.058E-07  9.003E-08  8.682E-08  2.089E-08
                8.805E-07  9.027E-08  6.416E-07  7.578E-08  2.533E-07  1.585E-06
                1.975E-06  1.353E-06  2.162E-07  2.676E-07  2.082E-07  9.720E-08
                1.404E-07  2.368E-07  1.818E-08  7.097E-09  6.701E-09  1.960E-08
                3.520E-07  3.545E-07  4.178E-07  7.147E-07  5.170E-07  1.337E-08
                9.855E-09  4.665E-08  4.612E-08  4.059E-07  1.105E-06
1.94638515E+02  8.605E-04  6.963E-04  3.395E-04  3.298E-04  4.690E-04  8.626E-07
                3.324E-03  6.819E-04  5.062E-06  9.921E-07  4.170E-05  7.094E-04
                1.304E-03  1.813E-05  1.740E-05  8.604E-08  4.339E-07  3.070E-07
                3.558E-07  3.096E-07  9.462E-08  2.066E-07  2.473E-07  4.231E-08
                1.261E-07  3.676E-07  5.967E-07  1.775E-07  1.580E-07  4.032E-07
                3.926E-07  6.154E-08  1.198E-06  5.546E-07  1.726E-07  1.324E-07
                1.962E-10  1.011E-07  3.810E-08  8.473E-07  5.197E-07  2.764E-07
                4.241E-07  1.184E-08  3.317E-08  7.150E-08  1.000E-07  1.745E-07
                2.883E-06  2.500E-07  4.387E-08  3.743E-07  1.403E-08  7.488E-07
                3.910E-07  2.302E-07  1.639E-07  4.920E-07  2.199E-06  4.676E-07
                9.342E-08  1.381E-09  1.648E-09  8.114E-11  9.614E-08  7.359E-08
                2.537E-08  8.653E-09  1.914E-07  1.782E-07  2.354E-07  5.766E-07
                9.327E-07  3.028E-07  6.256E-07  4.232E-08  1.269E-07  1.838E-08
                3.116E-07  1.253E-07  4.335E-07  9.801E-09  8.909E-08  9.479E-08
                2.225E-06  9.049E-07  2.401E-10  2.397E-10  7.506E-11  6.481E-11
                5.596E-11  1.469E-07  7.422E-08  3.031E-07  3.816E-07  1.542E-07
                5.849E-07  4.667E-08  8.247E-07  9.987E-07  3.501E-08  5.137E-08
                6.616E-08  9.081E-09  3.776E-08  5.416E-08  1.034E-07  1.154E-07
                3.529E-08  1.118E-08  3.235E-07  7.862E-07  3.786E-06  8.274E-07
                3.226E-08  9.917E-08  5.398E-07  4.808E-07  3.943E-08  7.068E-08
                5.034E-08  8.976E-08  1.564E-06  5.919E-08  3.079E-07  2.116E-07
                5.281E-07  9.955E-07  4.162E-06  7.419E-08  4.080E-07  4.258E-07
                4.174E-07  3.098E-08  2.715E-08  1.026E-08  2.233E-08  5.445E-08
                8.475E-08  9.362E-08  2.547E-09  7.450E-08  1.607E-07  4.810E-07
                9.386E-07  8.136E-09  2.955E-08  1.069E-07  3.844E-08  2.503E-07
                1.794E-07  5.445E-07  3.823E-07  6.229E-07  7.875E-08  4.152E-08
                8.428E-07  3.772E-08  6.373E-08  3.825E-08  7.592E-08  1.058E-07
                2.953E-07  3.924E-07  1.982E-06  4.277E-07  5.554E-08  1.906E-08
                2.893E-08  2.955E-08  2.194E-07  1.331E-07  1.401E-07  8.285E-08
                4.987E-08  2.362E-07  6.094E-07  9.103E-07  6.440E-08  5.852E-08
                2.809E-08  4.475E-08  8.582E-08  6.884E-08  7.060E-08  1.551E-08
                6.539E-07  6.797E-08  4.834E-07  7.921E-08  2.102E-07  1.176E-06
                1.459E-06  1.003E-06  1.595E-07  2.080E-07  1.778E-07  6.850E-08
                1.018E-07  1.764E-07  1.110E-08  4.156E-09  4.238E-09  1.316E-08
                2.818E-07  2.842E-07  3.263E-07  5.652E-07  4.038E-07  8.827E-09
                6.881E-09  3.685E-08  3.706E-08  3.227E-07  8.787E-07
