          16           7
         215          13           1           1
           0          -4           0          -4           0          -6           0          -2           0          -4           0           6           0           4           0           2           0           4           0           6           0           2           0           4           0           2           0          -4           0          -2           0           2           0           4           0           6           0           2           0           4           0           6           0           4           0          -2           0          -2           0          -4           0          -6           0          -8           0          -2           0          -4           0          -6           0          -4           0           2           0          -4           0          -6           0          -2           0          -4           0          -6           0          -6           0          -8           0          -4           0          -6           0          -2           0          -4           0           4           0           6           0           8           0          10           0           4           0          -4           0           2           0           6           0           4           0           8           0           2           0          -4           0          -2           0           6           0           6           0           4           0           2           0           8           0           4           0           6           0           8           0           4           0           6           0           8           0          10           0           4           0           6           0           8           0           6           0           4           0           2           0           6           0           2           0           4           0           2           0          -4           0          -2           0          -6           0          -8           0           6           0           4           0          -4           0          -6           0          -2           0          -4           0          -6           0          -8           0         -10           0          -2           0          -4           0          -6           0          -4           0          -2           0          -6           0          -8           0          -2           0          -4           0           2           0           4           0           6           0           8           0           4           0           4           0           6           0           8           0           2           0          10           0           8           0           6           0           4           0           2           0           6           0           6           0           4           0           4           0           2           0           4           0           6           0           8           0          -4           0           2           0           4           0          -6           0          -4           0           2           0           4           0           6           0           4           0           6           0          -2           0          -4           0          -6           0          -8           0         -10           0          -6           0          -8           0         -10           0         -12           0           2           0          -2           0          -4           0          -6           0          -8           0          -2           0          -8           0         -10           0          -4           0          -2           0          -6           0          -4           0          -2           0          -4           0          -2           0          -4           0          -6           0          -4           0          -8           0          -6           0           2           0           4           0           2           0           4           0           6           0         -10           0          -8           0          -6           0          -4           0           6           0          -2           0          -4           0           8           0          -6           0          -2           0          -4           0          -6           0          -8           0           4           0           6           0          -4           0          -6           0          -6           0          -8           0          -2           0           2           0          -4           0           4           0           6           0           4           0           4           0           2           0           2           0          -4           0          -6           0          -8           0          -2           0          -4           0          -6           0          -8           0         -10           0          -8           0          -6           0          -4           0          -2           0          -2           0          -4           0          -6           0          -6           0          -8           0          -4           0          -2           0          -6           0          -4
    0.000000E+00    9.645106E-03    9.843162E-03    1.435602E-02    1.458263E-02
    4.247197E-02    4.320385E-02    4.360158E-02    5.944295E-02    5.948713E-02
    6.922989E-02    7.316769E-02    7.411300E-02    1.134727E-01    1.147319E-01
    2.354040E-01    2.358931E-01    2.366026E-01    2.382857E-01    2.391328E-01
    2.438023E-01    2.438287E-01    2.461520E-01    2.471700E-01    2.474363E-01
    2.479076E-01    2.485433E-01    2.486026E-01    2.487216E-01    2.491410E-01
    2.502551E-01    2.507374E-01    2.510783E-01    2.511300E-01    2.524691E-01
    2.524772E-01    2.554279E-01    2.561102E-01    2.563381E-01    2.591442E-01
    2.591854E-01    2.609226E-01    2.615363E-01    2.619649E-01    2.622131E-01
    2.625883E-01    2.631076E-01    2.632646E-01    2.633261E-01    2.634365E-01
    2.637297E-01    2.638533E-01    2.640096E-01    2.643758E-01    2.644930E-01
    2.645338E-01    2.648466E-01    2.652759E-01    2.655531E-01    2.656939E-01
    2.657640E-01    2.676748E-01    2.677713E-01    2.679166E-01    2.688115E-01
    2.690337E-01    2.711118E-01    2.712141E-01    2.720014E-01    2.721113E-01
    2.724223E-01    2.724984E-01    2.725578E-01    2.726085E-01    2.727219E-01
    2.737570E-01    2.740430E-01    2.746587E-01    2.763855E-01    2.763956E-01
    2.763957E-01    2.764682E-01    2.789238E-01    2.791446E-01    2.808157E-01
    2.808428E-01    2.816082E-01    2.816156E-01    2.816277E-01    2.816445E-01
    2.816660E-01    2.832213E-01    2.832636E-01    2.833497E-01    2.872720E-01
    2.872722E-01    2.872783E-01    2.873017E-01    2.873787E-01    2.874354E-01
    2.875828E-01    2.876419E-01    2.877951E-01    2.879672E-01    2.884374E-01
    2.885530E-01    2.886000E-01    2.886971E-01    2.887362E-01    2.888178E-01
    2.901974E-01    2.902310E-01    2.934227E-01    2.936053E-01    2.936679E-01
    2.948139E-01    2.948751E-01    2.949134E-01    2.954910E-01    2.955387E-01
    2.955818E-01    2.956302E-01    2.974080E-01    2.974265E-01    2.978254E-01
    2.979930E-01    2.980044E-01    2.981863E-01    2.981951E-01    2.982014E-01
    2.986863E-01    2.989406E-01    2.997979E-01    3.013547E-01    3.014398E-01
    3.015665E-01    3.017420E-01    3.025165E-01    3.025355E-01    3.025686E-01
    3.026262E-01    3.032771E-01    3.036433E-01    3.036673E-01    3.036996E-01
    3.037196E-01    3.041292E-01    3.046134E-01    3.046301E-01    3.048276E-01
    3.048611E-01    3.049614E-01    3.051740E-01    3.052844E-01    3.060373E-01
    3.062721E-01    3.065126E-01    3.067251E-01    3.072820E-01    3.083217E-01
    3.083847E-01    3.085481E-01    3.086063E-01    3.093086E-01    3.093690E-01
    3.093750E-01    3.093804E-01    3.094500E-01    3.095030E-01    3.095365E-01
    3.096086E-01    3.096683E-01    3.098305E-01    3.098337E-01    3.100372E-01
    3.110986E-01    3.111053E-01    3.111248E-01    3.111449E-01    3.124031E-01
    3.124222E-01    3.126400E-01    3.132139E-01    3.132929E-01    3.134326E-01
    3.163175E-01    3.165548E-01    3.167011E-01    3.167161E-01    3.173537E-01
    3.174815E-01    3.194473E-01    3.198310E-01    3.206567E-01    3.235572E-01
    3.235827E-01    3.236877E-01    3.236885E-01    3.238034E-01    3.239013E-01
    3.239634E-01    3.240075E-01    3.245628E-01    3.245933E-01    3.263728E-01
    3.264517E-01    3.271738E-01    3.284075E-01    3.287843E-01    3.314323E-01
    3.314556E-01    3.324856E-01    3.325179E-01    3.327131E-01    3.333147E-01
           0           2           0           1
  -27.940514715248785               13
3.37239147E+01  1.918E-01  1.719E-01  7.610E-02  7.497E-02  1.035E-01  3.160E-04
                8.972E-02  1.861E-02  7.145E-03  1.389E-02  2.078E-03
4.73319147E+01  8.051E-02  6.384E-02  3.101E-02  3.040E-02  4.293E-02  4.973E-04
                6.438E-02  1.321E-02  6.993E-04  5.377E-04  7.331E-04  1.111E-02
                2.000E-02  1.114E-03  9.973E-04  1.268E-05  2.783E-05  4.998E-05
                9.007E-05  1.528E-04
6.09399147E+01  3.863E-02  3.111E-02  1.515E-02  1.455E-02  2.065E-02  5.725E-05
                4.024E-02  8.251E-03  1.403E-04  8.525E-05  4.670E-04  7.453E-03
                1.355E-02  5.901E-04  5.621E-04  2.368E-06  1.140E-05  2.467E-05
                8.835E-06  2.017E-05  3.813E-06  8.344E-06  1.081E-05  1.274E-06
                1.788E-06  5.581E-06  7.025E-06  1.126E-05  1.126E-05  2.894E-05
                2.677E-05  2.477E-06  1.068E-04  2.481E-05  1.116E-05  9.765E-06
                1.258E-08  1.105E-05  3.909E-06  6.535E-05  3.408E-05  2.126E-05
                3.247E-05  1.169E-06  2.044E-06  3.358E-06  6.169E-07  3.678E-06
                1.224E-04  2.518E-06  3.502E-06  4.741E-06  7.598E-07  7.671E-06
                3.034E-05  1.805E-05  1.390E-05  4.739E-05  4.041E-05  1.826E-05
                4.863E-06  1.910E-08  3.556E-08  3.086E-09  1.781E-05  9.854E-06
                4.004E-07  2.022E-08  9.425E-06  8.845E-06  1.187E-05  1.642E-05
                1.870E-05  7.023E-06  3.165E-05  6.292E-06  8.597E-06  4.221E-06
                8.583E-06  3.285E-06  1.292E-05  5.148E-07  6.152E-06  1.025E-05
                6.874E-05  2.807E-05  5.359E-09  6.632E-09  3.519E-09  1.728E-09
                2.779E-09  3.224E-06  1.294E-06  8.653E-06  2.889E-06  1.324E-06
                4.500E-06  1.313E-06  2.625E-05  3.146E-05  8.989E-07  1.031E-06
                1.031E-06  3.599E-07  1.665E-06  1.141E-06  2.516E-06  2.702E-06
                2.151E-06  2.694E-07  8.932E-06  2.127E-05  8.285E-05  1.846E-05
                1.274E-06  2.086E-06  1.107E-05  1.137E-05  9.274E-07  1.253E-06
                1.011E-06  2.242E-06  5.452E-05  1.039E-06  6.231E-06  5.873E-06
                1.524E-05  1.867E-05  7.770E-05  2.222E-06  9.828E-06  1.032E-05
                1.192E-05  2.100E-06  2.389E-06  1.850E-06  1.100E-06  3.866E-06
                6.015E-06  6.465E-06  4.228E-09  2.011E-06  4.110E-06  1.044E-05
                1.754E-05  2.101E-06  1.119E-06  1.329E-05  4.812E-06  6.870E-06
                4.505E-06  1.074E-05  7.743E-06  1.157E-05  2.447E-06  2.436E-06
                1.502E-05  2.336E-06  3.951E-06  2.479E-06  5.370E-06  2.606E-06
                5.568E-06  7.814E-06  4.304E-05  1.353E-05  3.070E-06  2.201E-06
                2.093E-06  1.990E-06  4.168E-06  2.914E-06  3.390E-06  1.540E-06
                2.059E-06  4.417E-06  1.237E-05  2.040E-05  3.679E-06  1.105E-06
                7.844E-07  3.391E-06  6.563E-06  5.328E-06  5.807E-06  1.168E-06
                9.228E-06  2.800E-06  7.669E-06  1.986E-06  3.715E-06  1.596E-05
                1.907E-05  1.259E-05  1.007E-05  1.473E-05  2.167E-05  4.822E-06
                6.872E-06  1.187E-05  1.164E-06  3.795E-07  7.560E-07  1.010E-06
                2.497E-06  2.624E-06  3.305E-06  1.009E-05  9.452E-06  3.804E-07
                6.249E-07  6.004E-07  5.308E-07  4.197E-06  1.117E-05
7.45479147E+01  2.126E-02  1.706E-02  8.306E-03  7.977E-03  1.132E-02  3.123E-05
                2.750E-02  5.640E-03  8.194E-05  4.592E-05  3.221E-04  5.236E-03
                9.543E-03  3.409E-04  3.249E-04  1.482E-06  5.760E-06  1.252E-05
                5.448E-06  1.093E-05  2.836E-06  6.210E-06  4.851E-06  5.986E-07
                1.005E-06  3.168E-06  4.339E-06  6.196E-06  6.914E-06  1.677E-05
                1.307E-05  1.877E-06  4.601E-05  1.285E-05  5.816E-06  4.939E-06
                7.900E-09  5.210E-06  1.860E-06  3.140E-05  1.650E-05  1.018E-05
                1.555E-05  5.253E-07  9.608E-07  1.615E-06  3.073E-07  1.428E-06
                6.748E-05  1.054E-06  1.904E-06  1.980E-06  4.047E-07  3.068E-06
                1.458E-05  8.794E-06  7.273E-06  2.230E-05  1.973E-05  6.961E-06
                2.418E-06  1.080E-08  2.536E-08  1.274E-09  6.133E-06  3.503E-06
                3.240E-07  4.981E-08  5.052E-06  4.971E-06  6.608E-06  6.157E-06
                1.028E-05  3.226E-06  1.768E-05  2.281E-06  3.675E-06  1.450E-06
                6.547E-06  2.627E-06  9.131E-06  1.030E-07  2.938E-06  4.182E-06
                4.464E-05  1.806E-05  2.867E-09  3.558E-09  1.937E-09  1.192E-09
                1.507E-09  2.917E-06  1.457E-06  6.392E-06  2.737E-06  1.232E-06
                4.174E-06  5.917E-07  1.615E-05  1.949E-05  4.127E-07  6.331E-07
                8.248E-07  1.210E-07  4.268E-07  6.959E-07  1.376E-06  1.376E-06
                3.659E-07  1.428E-07  5.060E-06  1.223E-05  4.944E-05  1.086E-05
                5.299E-07  1.142E-06  6.509E-06  6.496E-06  5.475E-07  7.827E-07
                6.013E-07  1.367E-06  3.346E-05  5.489E-07  3.408E-06  4.009E-06
                1.008E-05  1.151E-05  4.814E-05  1.060E-06  5.865E-06  6.175E-06
                8.471E-06  1.075E-06  1.091E-06  7.329E-07  6.220E-07  1.831E-06
                2.843E-06  3.073E-06  1.099E-08  1.170E-06  2.190E-06  5.976E-06
                1.073E-05  7.877E-07  5.248E-07  4.757E-06  1.700E-06  4.669E-06
                3.272E-06  6.894E-06  4.833E-06  7.671E-06  1.066E-06  9.929E-07
                9.820E-06  1.198E-06  1.913E-06  1.231E-06  2.748E-06  1.132E-06
                3.478E-06  4.602E-06  2.387E-05  8.116E-06  1.464E-06  9.581E-07
                9.364E-07  9.148E-07  2.598E-06  1.783E-06  1.952E-06  9.507E-07
                9.967E-07  2.679E-06  7.304E-06  1.164E-05  1.835E-06  4.888E-07
                3.141E-07  1.586E-06  2.581E-06  2.550E-06  2.223E-06  4.650E-07
                6.410E-06  1.655E-06  4.977E-06  1.038E-06  2.047E-06  1.115E-05
                1.354E-05  9.040E-06  4.664E-06  6.346E-06  8.850E-06  2.284E-06
                2.978E-06  5.362E-06  2.681E-07  8.093E-08  3.039E-07  5.335E-07
                2.182E-06  2.194E-06  2.919E-06  5.904E-06  5.195E-06  1.729E-07
                2.486E-07  4.329E-07  3.280E-07  2.897E-06  7.719E-06
8.81559147E+01  1.270E-02  1.018E-02  4.958E-03  4.757E-03  6.754E-03  1.896E-05
                1.954E-02  4.006E-03  5.179E-05  2.686E-05  2.309E-04  3.796E-03
                6.931E-03  2.082E-04  1.983E-04  9.630E-07  3.376E-06  7.131E-06
                3.504E-06  6.527E-06  1.909E-06  4.184E-06  2.811E-06  3.342E-07
                6.547E-07  2.098E-06  3.161E-06  3.766E-06  4.261E-06  1.025E-05
                7.326E-06  1.262E-06  2.315E-05  7.657E-06  3.377E-06  2.987E-06
                5.036E-09  2.816E-06  9.927E-07  1.683E-05  9.008E-06  5.503E-06
                8.368E-06  2.527E-07  4.656E-07  8.087E-07  1.883E-07  9.174E-07
                4.096E-05  8.275E-07  1.054E-06  1.452E-06  2.197E-07  2.443E-06
                8.007E-06  4.761E-06  4.046E-06  1.212E-05  1.249E-05  3.733E-06
                1.348E-06  7.814E-09  1.735E-08  9.407E-10  2.742E-06  1.618E-06
                2.647E-07  5.713E-08  3.093E-06  3.047E-06  4.017E-06  4.559E-06
                7.694E-06  2.470E-06  1.081E-05  1.089E-06  2.039E-06  6.527E-07
                4.567E-06  1.822E-06  6.315E-06  5.342E-08  1.673E-06  2.147E-06
                2.854E-05  1.156E-05  1.916E-09  2.324E-09  1.194E-09  7.944E-10
                8.556E-10  2.109E-06  1.087E-06  4.394E-06  2.094E-06  9.342E-07
                3.168E-06  3.514E-07  1.038E-05  1.253E-05  2.883E-07  4.637E-07
                6.051E-07  8.638E-08  2.356E-07  4.829E-07  9.714E-07  9.690E-07
                9.067E-08  1.049E-07  3.567E-06  8.663E-06  3.209E-05  7.018E-06
                3.584E-07  8.309E-07  4.393E-06  4.192E-06  4.155E-07  5.794E-07
                4.545E-07  1.027E-06  2.154E-05  4.059E-07  2.358E-06  2.630E-06
                6.582E-06  7.648E-06  3.192E-05  7.307E-07  4.211E-06  4.433E-06
                5.720E-06  5.629E-07  5.587E-07  3.537E-07  3.401E-07  9.382E-07
                1.456E-06  1.579E-06  1.292E-08  7.705E-07  1.385E-06  3.876E-06
                7.122E-06  3.800E-07  3.134E-07  1.983E-06  6.991E-07  3.047E-06
                2.175E-06  4.465E-06  3.124E-06  5.014E-06  6.698E-07  5.464E-07
                6.722E-06  6.531E-07  1.037E-06  7.181E-07  1.602E-06  6.435E-07
                2.408E-06  2.951E-06  1.484E-05  5.540E-06  7.989E-07  4.926E-07
                5.091E-07  4.985E-07  1.772E-06  1.125E-06  1.225E-06  6.427E-07
                5.541E-07  1.793E-06  4.815E-06  7.544E-06  1.041E-06  3.606E-07
                2.061E-07  8.794E-07  1.295E-06  1.405E-06  1.075E-06  2.666E-07
                4.491E-06  1.016E-06  3.424E-06  6.734E-07  1.339E-06  8.034E-06
                9.739E-06  6.560E-06  2.524E-06  3.217E-06  4.118E-06  1.266E-06
                1.597E-06  2.833E-06  7.989E-08  2.262E-08  1.414E-07  2.987E-07
                1.680E-06  1.677E-06  2.199E-06  4.023E-06  3.321E-06  1.055E-07
                1.270E-07  3.022E-07  2.416E-07  2.081E-06  5.579E-06
1.01763915E+02  8.044E-03  6.449E-03  3.138E-03  3.013E-03  4.289E-03  1.135E-05
                1.455E-02  2.983E-03  3.410E-05  1.581E-05  1.737E-04  2.881E-03
                5.269E-03  1.389E-04  1.326E-04  6.304E-07  2.140E-06  4.277E-06
                2.279E-06  3.984E-06  1.231E-06  2.695E-06  1.751E-06  2.082E-07
                5.238E-07  1.688E-06  2.752E-06  2.327E-06  2.635E-06  6.360E-06
                4.376E-06  8.118E-07  1.276E-05  4.973E-06  2.062E-06  1.861E-06
                3.208E-09  1.612E-06  5.667E-07  9.643E-06  5.294E-06  3.203E-06
                4.874E-06  1.373E-07  2.585E-07  4.634E-07  1.616E-07  6.482E-07
                2.630E-05  6.883E-07  6.128E-07  1.146E-06  1.209E-07  2.051E-06
                4.714E-06  2.761E-06  2.388E-06  7.082E-06  8.887E-06  2.385E-06
                8.172E-07  5.728E-09  1.179E-08  6.695E-10  1.429E-06  8.664E-07
                2.050E-07  5.264E-08  1.957E-06  1.904E-06  2.484E-06  3.361E-06
                5.653E-06  1.841E-06  6.724E-06  5.893E-07  1.212E-06  3.411E-07
                3.077E-06  1.227E-06  4.242E-06  3.710E-08  1.006E-06  1.218E-06
                1.903E-05  7.705E-06  1.364E-09  1.593E-09  7.574E-10  5.446E-10
                5.410E-10  1.440E-06  7.493E-07  2.949E-06  1.647E-06  7.217E-07
                2.490E-06  2.343E-07  6.955E-06  8.419E-06  2.132E-07  3.447E-07
                4.477E-07  6.321E-08  1.667E-07  3.515E-07  7.006E-07  7.048E-07
                4.938E-08  7.014E-08  2.470E-06  6.015E-06  2.246E-05  4.908E-06
                2.415E-07  6.127E-07  3.149E-06  2.919E-06  3.080E-07  4.361E-07
                3.445E-07  7.468E-07  1.436E-05  3.072E-07  1.716E-06  1.784E-06
                4.461E-06  5.467E-06  2.280E-05  5.411E-07  2.963E-06  3.112E-06
                3.850E-06  3.320E-07  3.228E-07  1.921E-07  2.087E-07  5.402E-07
                8.388E-07  9.136E-07  1.398E-08  5.304E-07  9.590E-07  2.736E-06
                5.103E-06  2.044E-07  1.988E-07  9.765E-07  3.413E-07  2.070E-06
                1.482E-06  3.131E-06  2.191E-06  3.540E-06  4.486E-07  3.306E-07
                4.844E-06  3.863E-07  6.134E-07  4.407E-07  9.731E-07  4.439E-07
                1.743E-06  2.078E-06  1.029E-05  3.736E-06  4.894E-07  2.837E-07
                3.094E-07  3.038E-07  1.220E-06  7.807E-07  8.466E-07  4.425E-07
                3.549E-07  1.289E-06  3.428E-06  5.302E-06  6.446E-07  2.886E-07
                1.525E-07  5.296E-07  7.500E-07  8.376E-07  6.116E-07  1.635E-07
                3.342E-06  6.507E-07  2.512E-06  4.500E-07  9.587E-07  6.075E-06
                7.365E-06  5.002E-06  1.524E-06  1.860E-06  2.132E-06  7.709E-07
                9.735E-07  1.684E-06  3.481E-08  1.043E-08  7.408E-08  1.797E-07
                1.278E-06  1.277E-06  1.658E-06  2.930E-06  2.329E-06  6.836E-08
                7.104E-08  2.124E-07  1.791E-07  1.548E-06  4.172E-06
1.15371915E+02  5.408E-03  4.344E-03  2.114E-03  2.031E-03  2.885E-03  7.992E-06
                1.099E-02  2.253E-03  2.420E-05  1.063E-05  1.313E-04  2.189E-03
                4.007E-03  9.367E-05  8.929E-05  4.184E-07  1.370E-06  2.463E-06
                1.541E-06  2.380E-06  8.245E-07  1.803E-06  1.243E-06  1.584E-07
                3.908E-07  1.222E-06  2.029E-06  1.527E-06  1.690E-06  4.108E-06
                2.813E-06  5.440E-07  8.250E-06  3.315E-06  1.372E-06  1.230E-06
                2.041E-09  9.836E-07  3.450E-07  6.228E-06  3.470E-06  2.088E-06
                3.164E-06  8.294E-08  1.638E-07  3.020E-07  1.561E-07  5.076E-07
                1.807E-05  5.879E-07  3.757E-07  9.486E-07  6.955E-08  1.761E-06
                3.045E-06  1.790E-06  1.500E-06  4.416E-06  6.792E-06  1.717E-06
                5.374E-07  4.363E-09  8.093E-09  4.567E-10  8.633E-07  5.377E-07
                1.528E-07  4.230E-08  1.310E-06  1.265E-06  1.659E-06  2.471E-06
                4.235E-06  1.398E-06  4.472E-06  3.688E-07  8.196E-07  2.041E-07
                2.189E-06  8.765E-07  3.022E-06  2.745E-08  6.631E-07  7.766E-07
                1.356E-05  5.474E-06  1.022E-09  1.167E-09  5.230E-10  3.847E-10
                3.532E-10  1.044E-06  5.257E-07  2.137E-06  1.320E-06  5.665E-07
                2.008E-06  1.742E-07  4.976E-06  6.017E-06  1.621E-07  2.636E-07
                3.440E-07  4.730E-08  1.292E-07  2.583E-07  5.195E-07  5.308E-07
                3.962E-08  5.436E-08  1.749E-06  4.262E-06  1.637E-05  3.578E-06
                1.749E-07  4.634E-07  2.341E-06  2.117E-06  2.280E-07  3.342E-07
                2.647E-07  5.412E-07  1.026E-05  2.353E-07  1.286E-06  1.236E-06
                3.095E-06  4.040E-06  1.685E-05  4.056E-07  2.150E-06  2.261E-06
                2.797E-06  2.078E-07  1.992E-07  1.116E-07  1.344E-07  3.329E-07
                5.171E-07  5.656E-07  1.232E-08  3.757E-07  7.073E-07  2.050E-06
                3.871E-06  1.173E-07  1.406E-07  5.243E-07  1.824E-07  1.439E-06
                1.028E-06  2.360E-06  1.650E-06  2.675E-06  3.239E-07  2.209E-07
                3.682E-06  2.489E-07  3.995E-07  2.843E-07  6.169E-07  3.332E-07
                1.298E-06  1.519E-06  7.474E-06  2.685E-06  3.197E-07  1.747E-07
                2.019E-07  1.975E-07  9.141E-07  5.844E-07  6.293E-07  3.325E-07
                2.494E-07  9.821E-07  2.590E-06  3.969E-06  4.214E-07  2.304E-07
                1.158E-07  3.380E-07  4.822E-07  5.240E-07  3.893E-07  1.063E-07
                2.488E-06  4.345E-07  1.866E-06  3.345E-07  7.181E-07  4.574E-06
                5.537E-06  3.773E-06  1.002E-06  1.192E-06  1.222E-06  5.025E-07
                6.446E-07  1.098E-06  2.756E-08  9.649E-09  3.960E-08  1.089E-07
                1.017E-06  1.017E-06  1.298E-06  2.245E-06  1.739E-06  4.773E-08
                4.367E-08  1.568E-07  1.386E-07  1.215E-06  3.269E-06
1.28979915E+02  3.704E-03  2.975E-03  1.448E-03  1.392E-03  1.985E-03  5.014E-06
                8.651E-03  1.774E-03  1.724E-05  6.571E-06  1.048E-04  1.757E-03
                3.219E-03  6.799E-05  6.497E-05  2.949E-07  1.020E-06  1.632E-06
                1.092E-06  1.582E-06  5.403E-07  1.182E-06  8.903E-07  1.180E-07
                3.587E-07  1.122E-06  1.920E-06  1.009E-06  1.091E-06  2.680E-06
                1.872E-06  3.555E-07  5.266E-06  2.419E-06  9.054E-07  8.081E-07
                1.346E-09  6.171E-07  2.189E-07  3.981E-06  2.296E-06  1.346E-06
                2.050E-06  5.273E-08  1.069E-07  2.020E-07  1.376E-07  3.917E-07
                1.242E-05  4.883E-07  2.410E-07  7.705E-07  3.926E-08  1.467E-06
                1.972E-06  1.146E-06  9.728E-07  2.889E-06  5.265E-06  1.261E-06
                3.617E-07  3.479E-09  6.195E-09  3.329E-10  5.357E-07  3.437E-07
                1.126E-07  3.296E-08  9.115E-07  8.707E-07  1.129E-06  1.957E-06
                3.184E-06  1.047E-06  3.070E-06  2.335E-07  5.534E-07  1.245E-07
                1.508E-06  6.031E-07  2.082E-06  2.485E-08  4.477E-07  5.061E-07
                9.408E-06  3.803E-06  7.755E-10  8.554E-10  3.541E-10  2.784E-10
                2.623E-10  7.157E-07  3.667E-07  1.454E-06  1.060E-06  4.485E-07
                1.612E-06  1.282E-07  3.453E-06  4.191E-06  1.224E-07  1.972E-07
                2.560E-07  3.524E-08  9.742E-08  1.949E-07  3.877E-07  4.001E-07
                3.489E-08  3.857E-08  1.312E-06  3.198E-06  1.218E-05  2.663E-06
                1.263E-07  3.419E-07  1.751E-06  1.570E-06  1.680E-07  2.515E-07
                1.991E-07  3.962E-07  7.006E-06  1.830E-07  9.904E-07  8.793E-07
                2.199E-06  3.055E-06  1.274E-05  3.042E-07  1.602E-06  1.683E-06
                1.907E-06  1.501E-07  1.393E-07  7.183E-08  1.008E-07  2.446E-07
                3.800E-07  4.169E-07  9.818E-09  2.689E-07  5.285E-07  1.548E-06
                2.949E-06  6.848E-08  1.001E-07  3.993E-07  1.394E-07  1.028E-06
                7.358E-07  1.780E-06  1.246E-06  2.022E-06  2.378E-07  1.508E-07
                2.751E-06  1.663E-07  2.674E-07  1.947E-07  4.189E-07  2.601E-07
                9.804E-07  1.159E-06  5.707E-06  1.917E-06  2.422E-07  1.171E-07
                1.407E-07  1.423E-07  6.963E-07  4.384E-07  4.678E-07  2.550E-07
                1.800E-07  7.472E-07  1.964E-06  2.995E-06  3.096E-07  1.816E-07
                9.021E-08  2.306E-07  3.571E-07  3.589E-07  2.897E-07  7.214E-08
                1.937E-06  3.026E-07  1.443E-06  2.502E-07  5.668E-07  3.569E-06
                4.339E-06  2.970E-06  6.997E-07  8.501E-07  8.529E-07  3.402E-07
                4.465E-07  7.679E-07  2.100E-08  7.443E-09  2.526E-08  7.150E-08
                7.951E-07  7.969E-07  9.967E-07  1.727E-06  1.322E-06  3.404E-08
                3.009E-08  1.175E-07  1.069E-07  9.468E-07  2.552E-06
1.42587915E+02  2.701E-03  2.171E-03  1.057E-03  1.017E-03  1.445E-03  4.036E-06
                6.742E-03  1.382E-03  1.314E-05  4.937E-06  8.143E-05  1.368E-03
                2.508E-03  4.798E-05  4.573E-05  2.123E-07  7.631E-07  1.017E-06
                8.101E-07  1.006E-06  3.762E-07  8.215E-07  6.668E-07  9.599E-08
                2.646E-07  8.037E-07  1.351E-06  6.812E-07  7.132E-07  1.771E-06
                1.310E-06  2.477E-07  3.981E-06  1.682E-06  6.481E-07  5.588E-07
                8.648E-10  4.019E-07  1.427E-07  2.929E-06  1.689E-06  9.931E-07
                1.506E-06  3.829E-08  8.397E-08  1.620E-07  1.438E-07  3.317E-07
                9.314E-06  4.247E-07  1.599E-07  6.594E-07  2.753E-08  1.277E-06
                1.422E-06  8.401E-07  6.607E-07  1.939E-06  4.283E-06  1.005E-06
                2.664E-07  2.724E-09  4.198E-09  2.294E-10  3.722E-07  2.462E-07
                8.447E-08  2.590E-08  6.496E-07  6.145E-07  8.069E-07  1.393E-06
                2.448E-06  8.137E-07  2.171E-06  1.633E-07  4.042E-07  8.471E-08
                1.064E-06  4.297E-07  1.476E-06  1.760E-08  3.172E-07  3.554E-07
                7.226E-06  2.917E-06  6.040E-10  6.562E-10  2.577E-10  2.023E-10
                1.769E-10  5.140E-07  2.508E-07  1.069E-06  8.555E-07  3.568E-07
                1.311E-06  1.097E-07  2.668E-06  3.228E-06  9.355E-08  1.498E-07
                1.966E-07  2.562E-08  7.885E-08  1.442E-07  2.865E-07  3.027E-07
                3.614E-08  2.849E-08  8.759E-07  2.134E-06  9.595E-06  2.098E-06
                9.305E-08  2.687E-07  1.381E-06  1.227E-06  1.209E-07  1.951E-07
                1.495E-07  2.773E-07  5.316E-06  1.363E-07  7.383E-07  6.503E-07
                1.631E-06  2.429E-06  1.013E-05  2.219E-07  1.103E-06  1.154E-06
                1.422E-06  9.836E-08  9.073E-08  4.411E-08  6.694E-08  1.602E-07
                2.491E-07  2.744E-07  8.358E-09  2.054E-07  4.103E-07  1.213E-06
                2.327E-06  4.277E-08  7.578E-08  2.555E-07  9.031E-08  7.637E-07
                5.416E-07  1.401E-06  9.794E-07  1.593E-06  1.830E-07  1.109E-07
                2.184E-06  1.170E-07  1.914E-07  1.325E-07  2.764E-07  2.154E-07
                7.611E-07  9.146E-07  4.506E-06  1.329E-06  1.617E-07  7.523E-08
                9.642E-08  9.529E-08  5.030E-07  3.454E-07  3.673E-07  1.854E-07
                1.365E-07  5.916E-07  1.546E-06  2.342E-06  2.054E-07  1.478E-07
                7.081E-08  1.556E-07  2.472E-07  2.353E-07  2.011E-07  4.965E-08
                1.519E-06  2.110E-07  1.129E-06  1.833E-07  4.449E-07  2.788E-06
                3.402E-06  2.330E-06  4.956E-07  5.939E-07  5.286E-07  2.374E-07
                3.210E-07  5.424E-07  2.553E-08  9.762E-09  1.633E-08  4.809E-08
                6.413E-07  6.442E-07  7.918E-07  1.357E-06  1.018E-06  2.627E-08
                2.107E-08  9.020E-08  8.526E-08  7.550E-07  2.035E-06
1.56195915E+02  1.954E-03  1.576E-03  7.668E-04  7.410E-04  1.054E-03  2.444E-06
                5.636E-03  1.156E-03  9.896E-06  3.024E-06  6.888E-05  1.162E-03
                2.132E-03  3.814E-05  3.652E-05  1.599E-07  6.487E-07  7.566E-07
                6.179E-07  7.340E-07  2.467E-07  5.390E-07  4.859E-07  7.160E-08
                2.621E-07  8.143E-07  1.398E-06  4.609E-07  4.725E-07  1.185E-06
                9.393E-07  1.617E-07  2.677E-06  1.347E-06  4.370E-07  3.709E-07
                5.802E-10  2.666E-07  9.738E-08  2.010E-06  1.209E-06  6.749E-07
                1.032E-06  2.651E-08  5.965E-08  1.179E-07  1.222E-07  2.657E-07
                6.623E-06  3.578E-07  1.087E-07  5.481E-07  1.918E-08  1.075E-06
                9.726E-07  5.690E-07  4.415E-07  1.321E-06  3.465E-06  7.863E-07
                1.872E-07  2.251E-09  3.400E-09  1.749E-10  2.554E-07  1.738E-07
                6.085E-08  1.929E-08  4.599E-07  4.316E-07  5.588E-07  1.137E-06
                1.902E-06  6.150E-07  1.519E-06  1.114E-07  2.849E-07  5.608E-08
                7.288E-07  2.927E-07  1.010E-06  1.795E-08  2.209E-07  2.442E-07
                5.062E-06  2.054E-06  4.750E-10  4.942E-10  1.754E-10  1.508E-10
                1.413E-10  3.452E-07  1.763E-07  7.120E-07  7.023E-07  2.903E-07
                1.071E-06  7.679E-08  1.873E-06  2.275E-06  7.048E-08  1.111E-07
                1.442E-07  1.921E-08  6.115E-08  1.089E-07  2.137E-07  2.283E-07
                3.476E-08  2.090E-08  6.820E-07  1.661E-06  7.548E-06  1.650E-06
                7.026E-08  1.964E-07  1.068E-06  9.611E-07  8.890E-08  1.466E-07
                1.113E-07  2.036E-07  3.622E-06  1.082E-07  5.856E-07  4.775E-07
                1.196E-06  1.933E-06  8.075E-06  1.681E-07  8.491E-07  8.880E-07
                9.514E-07  7.775E-08  6.959E-08  3.111E-08  5.443E-08  1.310E-07
                2.037E-07  2.243E-07  5.970E-09  1.508E-07  3.191E-07  9.484E-07
                1.830E-06  2.681E-08  5.934E-08  2.167E-07  7.647E-08  5.632E-07
                4.012E-07  1.087E-06  7.622E-07  1.239E-06  1.438E-07  8.264E-08
                1.667E-06  8.542E-08  1.404E-07  9.357E-08  1.957E-07  1.741E-07
                5.938E-07  7.383E-07  3.651E-06  9.495E-07  1.321E-07  5.404E-08
                7.177E-08  7.373E-08  3.991E-07  2.671E-07  2.816E-07  1.484E-07
                1.037E-07  4.628E-07  1.207E-06  1.821E-06  1.611E-07  1.141E-07
                5.509E-08  1.117E-07  1.887E-07  1.718E-07  1.541E-07  3.625E-08
                1.246E-06  1.560E-07  9.177E-07  1.416E-07  3.700E-07  2.280E-06
                2.803E-06  1.924E-06  3.685E-07  4.590E-07  4.191E-07  1.694E-07
                2.345E-07  4.050E-07  1.662E-08  6.237E-09  1.138E-08  3.376E-08
                5.152E-07  5.181E-07  6.262E-07  1.080E-06  8.034E-07  1.898E-08
                1.531E-08  7.101E-08  6.809E-08  6.042E-07  1.638E-06
1.69803915E+02  1.467E-03  1.176E-03  5.727E-04  5.511E-04  7.862E-04  2.149E-06
                4.377E-03  8.977E-04  7.762E-06  2.442E-06  5.381E-05  9.102E-04
                1.671E-03  2.625E-05  2.499E-05  1.267E-07  5.424E-07  5.057E-07
                5.057E-07  5.041E-07  1.837E-07  4.011E-07  3.978E-07  6.471E-08
                1.608E-07  4.647E-07  7.495E-07  3.281E-07  3.153E-07  7.992E-07
                6.804E-07  1.206E-07  2.248E-06  8.744E-07  3.333E-07  2.687E-07
                3.867E-10  1.853E-07  6.679E-08  1.563E-06  9.130E-07  5.269E-07
                8.008E-07  2.115E-08  5.113E-08  1.021E-07  1.193E-07  2.366E-07
                5.203E-06  3.178E-07  7.828E-08  4.833E-07  1.711E-08  9.555E-07
                7.386E-07  4.396E-07  3.194E-07  9.434E-07  2.938E-06  6.553E-07
                1.501E-07  1.848E-09  2.370E-09  1.261E-10  1.805E-07  1.287E-07
                4.627E-08  1.503E-08  3.472E-07  3.245E-07  4.305E-07  8.212E-07
                1.444E-06  4.846E-07  1.148E-06  8.004E-08  2.206E-07  3.843E-08
                5.486E-07  2.236E-07  7.654E-07  1.077E-08  1.655E-07  1.788E-07
                4.094E-06  1.656E-06  3.703E-10  3.901E-10  1.394E-10  1.112E-10
                9.096E-11  2.663E-07  1.256E-07  5.664E-07  5.522E-07  2.257E-07
                8.525E-07  7.951E-08  1.514E-06  1.829E-06  5.652E-08  8.716E-08
                1.145E-07  1.459E-08  5.321E-08  8.608E-08  1.682E-07  1.840E-07
                3.744E-08  1.664E-08  4.722E-07  1.149E-06  5.835E-06  1.277E-06
                5.136E-08  1.618E-07  8.441E-07  7.420E-07  6.624E-08  1.162E-07
                8.509E-08  1.487E-07  2.938E-06  8.321E-08  4.470E-07  3.649E-07
                9.155E-07  1.509E-06  6.301E-06  1.200E-07  6.014E-07  6.268E-07
                7.676E-07  4.974E-08  4.470E-08  1.890E-08  3.496E-08  8.356E-08
                1.301E-07  1.439E-07  4.862E-09  1.206E-07  2.499E-07  7.465E-07
                1.446E-06  1.683E-08  4.241E-08  1.611E-07  5.820E-08  4.308E-07
                3.031E-07  8.617E-07  6.027E-07  9.820E-07  1.109E-07  6.151E-08
                1.342E-06  5.992E-08  9.948E-08  6.857E-08  1.362E-07  1.507E-07
                4.605E-07  5.795E-07  2.894E-06  7.085E-07  8.581E-08  3.460E-08
                4.927E-08  4.852E-08  3.020E-07  2.124E-07  2.241E-07  1.129E-07
                8.008E-08  3.681E-07  9.554E-07  1.436E-06  1.059E-07  9.308E-08
                4.369E-08  7.875E-08  1.439E-07  1.169E-07  1.186E-07  2.519E-08
                9.546E-07  1.105E-07  7.083E-07  1.119E-07  2.911E-07  1.730E-06
                2.130E-06  1.461E-06  2.701E-07  3.329E-07  2.747E-07  1.227E-07
                1.757E-07  2.974E-07  2.357E-08  9.044E-09  8.390E-09  2.401E-08
                4.111E-07  4.142E-07  4.893E-07  8.430E-07  6.162E-07  1.615E-08
                1.243E-08  5.481E-08  5.413E-08  4.773E-07  1.288E-06
1.83411915E+02  1.177E-03  9.537E-04  4.648E-04  4.509E-04  6.360E-04  1.523E-06
                3.859E-03  7.914E-04  6.317E-06  1.692E-06  4.684E-05  7.916E-04
                1.453E-03  2.292E-05  2.194E-05  9.964E-08  4.885E-07  4.377E-07
                4.006E-07  4.044E-07  1.190E-07  2.587E-07  2.625E-07  4.280E-08
                2.062E-07  6.505E-07  1.114E-06  2.118E-07  2.126E-07  5.420E-07
                5.391E-07  7.765E-08  1.534E-06  8.554E-07  2.229E-07  1.759E-07
                2.481E-10  1.233E-07  4.746E-08  1.196E-06  7.504E-07  3.872E-07
                5.930E-07  1.581E-08  3.956E-08  8.080E-08  1.025E-07  1.944E-07
                3.876E-06  2.718E-07  5.514E-08  4.094E-07  1.488E-08  8.140E-07
                5.445E-07  3.269E-07  2.203E-07  6.496E-07  2.459E-06  5.468E-07
                1.093E-07  1.504E-09  1.811E-09  9.281E-11  1.480E-07  1.045E-07
                3.365E-08  1.137E-08  2.453E-07  2.265E-07  2.969E-07  6.486E-07
                1.206E-06  3.796E-07  7.989E-07  6.218E-08  1.637E-07  3.027E-08
                3.312E-07  1.339E-07  4.624E-07  1.291E-08  1.182E-07  1.327E-07
                2.908E-06  1.194E-06  3.052E-10  2.978E-10  8.828E-11  8.575E-11
                7.932E-11  1.554E-07  8.112E-08  3.351E-07  4.785E-07  1.947E-07
                7.299E-07  4.965E-08  1.093E-06  1.320E-06  4.129E-08  6.282E-08
                8.185E-08  1.025E-08  4.043E-08  6.145E-08  1.177E-07  1.315E-07
                3.308E-08  1.082E-08  3.270E-07  7.947E-07  5.170E-06  1.129E-06
                4.168E-08  1.200E-07  7.076E-07  6.495E-07  4.620E-08  8.837E-08
                6.139E-08  1.010E-07  1.937E-06  6.269E-08  3.487E-07  2.813E-07
                7.032E-07  1.344E-06  5.624E-06  9.119E-08  4.220E-07  4.369E-07
                4.613E-07  4.126E-08  3.627E-08  1.423E-08  2.946E-08  7.165E-08
                1.115E-07  1.230E-07  3.474E-09  9.365E-08  2.033E-07  6.086E-07
                1.182E-06  1.237E-08  3.984E-08  1.176E-07  4.203E-08  3.324E-07
                2.364E-07  6.907E-07  4.853E-07  7.901E-07  9.495E-08  5.273E-08
                1.057E-06  5.132E-08  8.696E-08  4.820E-08  9.719E-08  1.266E-07
                3.858E-07  5.146E-07  2.561E-06  4.363E-07  7.130E-08  2.587E-08
                3.877E-08  3.901E-08  2.130E-07  1.708E-07  1.783E-07  8.038E-08
                6.423E-08  2.985E-07  7.735E-07  1.154E-06  8.431E-08  7.382E-08
                3.423E-08  5.742E-08  1.004E-07  8.663E-08  8.215E-08  2.016E-08
                8.561E-07  8.696E-08  6.228E-07  7.464E-08  2.482E-07  1.542E-06
                1.923E-06  1.318E-06  2.069E-07  2.591E-07  2.063E-07  9.207E-08
                1.332E-07  2.267E-07  1.488E-08  5.798E-09  6.103E-09  1.837E-08
                3.416E-07  3.440E-07  4.044E-07  6.929E-07  5.004E-07  1.214E-08
                8.988E-09  4.526E-08  4.474E-08  3.934E-07  1.074E-06
1.97019915E+02  8.092E-04  6.526E-04  3.188E-04  3.085E-04  4.400E-04  8.278E-07
                3.149E-03  6.461E-04  4.816E-06  9.514E-07  3.970E-05  6.762E-04
                1.243E-03  1.660E-05  1.591E-05  8.423E-08  4.272E-07  2.837E-07
                3.512E-07  2.916E-07  9.169E-08  2.003E-07  2.442E-07  4.273E-08
                1.070E-07  3.001E-07  4.690E-07  1.696E-07  1.470E-07  3.759E-07
                3.676E-07  5.970E-08  1.184E-06  4.868E-07  1.668E-07  1.264E-07
                1.844E-10  9.679E-08  3.606E-08  8.007E-07  4.823E-07  2.635E-07
                4.030E-07  1.140E-08  3.248E-08  7.002E-08  9.885E-08  1.741E-07
                2.757E-06  2.487E-07  4.158E-08  3.721E-07  1.395E-08  7.454E-07
                3.702E-07  2.182E-07  1.553E-07  4.643E-07  2.169E-06  4.586E-07
                9.098E-08  1.349E-09  1.523E-09  7.667E-11  8.776E-08  6.821E-08
                2.406E-08  8.216E-09  1.832E-07  1.706E-07  2.274E-07  5.373E-07
                8.745E-07  2.901E-07  5.999E-07  3.914E-08  1.219E-07  1.653E-08
                3.036E-07  1.228E-07  4.232E-07  8.266E-09  8.486E-08  8.894E-08
                2.166E-06  8.784E-07  2.284E-10  2.311E-10  7.460E-11  6.178E-11
                5.001E-11  1.443E-07  7.035E-08  3.007E-07  3.601E-07  1.451E-07
                5.550E-07  5.133E-08  7.996E-07  9.676E-07  3.419E-08  4.972E-08
                6.429E-08  8.714E-09  3.793E-08  5.292E-08  1.005E-07  1.125E-07
                3.695E-08  1.090E-08  3.015E-07  7.328E-07  3.552E-06  7.769E-07
                2.977E-08  9.721E-08  5.140E-07  4.519E-07  3.773E-08  6.810E-08
                4.823E-08  8.568E-08  1.547E-06  5.693E-08  2.924E-07  2.007E-07
                5.014E-07  9.372E-07  3.917E-06  6.932E-08  3.816E-07  3.979E-07
                4.160E-07  2.783E-08  2.449E-08  9.167E-09  2.003E-08  4.873E-08
                7.586E-08  8.395E-08  2.502E-09  7.228E-08  1.530E-07  4.584E-07
                8.945E-07  7.338E-09  2.655E-08  1.059E-07  3.843E-08  2.376E-07
                1.692E-07  5.203E-07  3.649E-07  5.951E-07  7.423E-08  3.872E-08
                8.123E-07  3.428E-08  5.774E-08  3.709E-08  7.214E-08  1.042E-07
                2.796E-07  3.711E-07  1.883E-06  4.113E-07  4.997E-08  1.732E-08
                2.666E-08  2.677E-08  2.078E-07  1.273E-07  1.343E-07  7.847E-08
                4.741E-08  2.256E-07  5.818E-07  8.687E-07  5.830E-08  5.669E-08
                2.705E-08  4.217E-08  8.436E-08  6.435E-08  6.980E-08  1.434E-08
                6.133E-07  6.344E-08  4.552E-07  7.636E-08  1.991E-07  1.100E-06
                1.364E-06  9.370E-07  1.503E-07  1.955E-07  1.638E-07  6.465E-08
                9.697E-08  1.665E-07  1.334E-08  5.021E-09  4.113E-09  1.241E-08
                2.682E-07  2.706E-07  3.090E-07  5.359E-07  3.818E-07  8.871E-09
                6.887E-09  3.486E-08  3.531E-08  3.065E-07  8.323E-07
