          16           7
         215          13           1           1
           0          -4           0          -4           0          -6           0          -2           0          -4           0           6           0           4           0           2           0           4           0           6           0           2           0           4           0           2           0          -4           0          -2           0           2           0           4           0           6           0           2           0           4           0           6           0           4           0          -2           0          -2           0          -4           0          -6           0          -8           0          -2           0          -4           0          -6           0          -4           0           2           0          -4           0          -6           0          -2           0          -4           0          -6           0          -6           0          -8           0          -4           0          -6           0          -2           0          -4           0           4           0           6           0           8           0          10           0           4           0          -4           0           2           0           6           0           4           0           8           0           2           0          -4           0          -2           0           6           0           6           0           4           0           2           0           8           0           4           0           6           0           8           0           4           0           6           0           8           0          10           0           4           0           6           0           8           0           6           0           4           0           2           0           6           0           2           0           4           0           2           0          -4           0          -2           0          -6           0          -8           0           6           0           4           0          -4           0          -6           0          -2           0          -4           0          -6           0          -8           0         -10           0          -2           0          -4           0          -6           0          -4           0          -2           0          -6           0          -8           0          -2           0          -4           0           2           0           4           0           6           0           8           0           4           0           4           0           6           0           8           0           2           0          10           0           8           0           6           0           4           0           2           0           6           0           6           0           4           0           4           0           2           0           4           0           6           0           8           0          -4           0           2           0           4           0          -6           0          -4           0           2           0           4           0           6           0           4           0           6           0          -2           0          -4           0          -6           0          -8           0         -10           0          -6           0          -8           0         -10           0         -12           0           2           0          -2           0          -4           0          -6           0          -8           0          -2           0          -8           0         -10           0          -4           0          -2           0          -6           0          -4           0          -2           0          -4           0          -2           0          -4           0          -6           0          -4           0          -8           0          -6           0           2           0           4           0           2           0           4           0           6           0         -10           0          -8           0          -6           0          -4           0           6           0          -2           0          -4           0           8           0          -6           0          -2           0          -4           0          -6           0          -8           0           4           0           6           0          -4           0          -6           0          -6           0          -8           0          -2           0           2           0          -4           0           4           0           6           0           4           0           4           0           2           0           2           0          -4           0          -6           0          -8           0          -2           0          -4           0          -6           0          -8           0         -10           0          -8           0          -6           0          -4           0          -2           0          -2           0          -4           0          -6           0          -6           0          -8           0          -4           0          -2           0          -6           0          -4
    0.000000E+00    9.645106E-03    9.843162E-03    1.435602E-02    1.458263E-02
    4.247197E-02    4.320385E-02    4.360158E-02    5.944295E-02    5.948713E-02
    6.922989E-02    7.316769E-02    7.411300E-02    1.134727E-01    1.147319E-01
    2.354040E-01    2.358931E-01    2.366026E-01    2.382857E-01    2.391328E-01
    2.438023E-01    2.438287E-01    2.461520E-01    2.471700E-01    2.474363E-01
    2.479076E-01    2.485433E-01    2.486026E-01    2.487216E-01    2.491410E-01
    2.502551E-01    2.507374E-01    2.510783E-01    2.511300E-01    2.524691E-01
    2.524772E-01    2.554279E-01    2.561102E-01    2.563381E-01    2.591442E-01
    2.591854E-01    2.609226E-01    2.615363E-01    2.619649E-01    2.622131E-01
    2.625883E-01    2.631076E-01    2.632646E-01    2.633261E-01    2.634365E-01
    2.637297E-01    2.638533E-01    2.640096E-01    2.643758E-01    2.644930E-01
    2.645338E-01    2.648466E-01    2.652759E-01    2.655531E-01    2.656939E-01
    2.657640E-01    2.676748E-01    2.677713E-01    2.679166E-01    2.688115E-01
    2.690337E-01    2.711118E-01    2.712141E-01    2.720014E-01    2.721113E-01
    2.724223E-01    2.724984E-01    2.725578E-01    2.726085E-01    2.727219E-01
    2.737570E-01    2.740430E-01    2.746587E-01    2.763855E-01    2.763956E-01
    2.763957E-01    2.764682E-01    2.789238E-01    2.791446E-01    2.808157E-01
    2.808428E-01    2.816082E-01    2.816156E-01    2.816277E-01    2.816445E-01
    2.816660E-01    2.832213E-01    2.832636E-01    2.833497E-01    2.872720E-01
    2.872722E-01    2.872783E-01    2.873017E-01    2.873787E-01    2.874354E-01
    2.875828E-01    2.876419E-01    2.877951E-01    2.879672E-01    2.884374E-01
    2.885530E-01    2.886000E-01    2.886971E-01    2.887362E-01    2.888178E-01
    2.901974E-01    2.902310E-01    2.934227E-01    2.936053E-01    2.936679E-01
    2.948139E-01    2.948751E-01    2.949134E-01    2.954910E-01    2.955387E-01
    2.955818E-01    2.956302E-01    2.974080E-01    2.974265E-01    2.978254E-01
    2.979930E-01    2.980044E-01    2.981863E-01    2.981951E-01    2.982014E-01
    2.986863E-01    2.989406E-01    2.997979E-01    3.013547E-01    3.014398E-01
    3.015665E-01    3.017420E-01    3.025165E-01    3.025355E-01    3.025686E-01
    3.026262E-01    3.032771E-01    3.036433E-01    3.036673E-01    3.036996E-01
    3.037196E-01    3.041292E-01    3.046134E-01    3.046301E-01    3.048276E-01
    3.048611E-01    3.049614E-01    3.051740E-01    3.052844E-01    3.060373E-01
    3.062721E-01    3.065126E-01    3.067251E-01    3.072820E-01    3.083217E-01
    3.083847E-01    3.085481E-01    3.086063E-01    3.093086E-01    3.093690E-01
    3.093750E-01    3.093804E-01    3.094500E-01    3.095030E-01    3.095365E-01
    3.096086E-01    3.096683E-01    3.098305E-01    3.098337E-01    3.100372E-01
    3.110986E-01    3.111053E-01    3.111248E-01    3.111449E-01    3.124031E-01
    3.124222E-01    3.126400E-01    3.132139E-01    3.132929E-01    3.134326E-01
    3.163175E-01    3.165548E-01    3.167011E-01    3.167161E-01    3.173537E-01
    3.174815E-01    3.194473E-01    3.198310E-01    3.206567E-01    3.235572E-01
    3.235827E-01    3.236877E-01    3.236885E-01    3.238034E-01    3.239013E-01
    3.239634E-01    3.240075E-01    3.245628E-01    3.245933E-01    3.263728E-01
    3.264517E-01    3.271738E-01    3.284075E-01    3.287843E-01    3.314323E-01
    3.314556E-01    3.324856E-01    3.325179E-01    3.327131E-01    3.333147E-01
           0           2           0           1
  -27.940514715248785               13
2.96415147E+01  2.965E-01  2.279E-01  1.110E-01  1.060E-01  1.479E-01
4.32495147E+01  1.038E-01  8.431E-02  4.099E-02  3.962E-02  5.587E-02  1.355E-04
                7.308E-02  1.508E-02  4.732E-04  2.388E-04  8.339E-04  1.262E-02
                2.251E-02  1.345E-03  1.256E-03
5.68575147E+01  4.723E-02  3.811E-02  1.857E-02  1.785E-02  2.529E-02  7.090E-05
                4.564E-02  9.358E-03  1.691E-04  1.060E-04  5.262E-04  8.338E-03
                1.514E-02  7.091E-04  6.749E-04  2.717E-06  1.340E-05  2.897E-05
                1.011E-05  2.275E-05  4.441E-06  9.632E-06  1.450E-05  2.197E-06
                2.955E-06  7.926E-06  9.548E-06  1.416E-05  1.439E-05  3.654E-05
                3.315E-05  2.811E-06  1.455E-04  3.095E-05  1.414E-05  1.102E-05
                1.452E-08  1.420E-05  5.211E-06  8.423E-05  4.353E-05  2.721E-05
                4.192E-05  1.751E-06  3.141E-06  4.898E-06  6.412E-07  4.198E-06
                1.437E-04  2.977E-06  4.876E-06  5.836E-06  1.361E-06  8.639E-06
                3.780E-05  2.334E-05  1.857E-05  6.245E-05  6.008E-05  2.718E-05
                6.414E-06  1.946E-08  4.873E-08  1.602E-09  2.637E-05  1.443E-05
                4.380E-07  7.415E-09  1.095E-05  1.041E-05  1.424E-05  1.292E-05
                1.548E-05  4.985E-06  3.738E-05  9.043E-06  1.155E-05  5.977E-06
                1.093E-05  4.508E-06  1.576E-05  4.048E-07  8.077E-06  1.426E-05
                8.584E-05  3.412E-05  5.962E-09  7.392E-09  4.224E-09  2.189E-09
                3.758E-09  4.468E-06  1.707E-06  1.140E-05  3.777E-06  1.586E-06
                6.162E-06  1.705E-06  3.042E-05  3.699E-05  1.109E-06  1.339E-06
                1.554E-06  3.322E-07  2.300E-06  1.775E-06  3.190E-06  3.371E-06
                3.662E-06  1.819E-07  1.007E-05  2.415E-05  9.914E-05  2.210E-05
                8.901E-07  2.246E-06  1.310E-05  1.327E-05  9.897E-07  1.505E-06
                1.152E-06  2.472E-06  6.367E-05  1.256E-06  7.537E-06  6.406E-06
                1.653E-05  2.234E-05  9.320E-05  2.963E-06  1.106E-05  1.178E-05
                1.447E-05  2.958E-06  3.221E-06  2.459E-06  1.539E-06  4.728E-06
                7.322E-06  7.876E-06  5.423E-09  2.328E-06  5.035E-06  1.320E-05
                2.243E-05  2.614E-06  1.167E-06  1.846E-05  6.727E-06  7.657E-06
                4.942E-06  1.520E-05  1.065E-05  1.641E-05  2.118E-06  2.669E-06
                1.857E-05  3.210E-06  5.247E-06  3.034E-06  6.492E-06  3.642E-06
                6.786E-06  9.619E-06  5.321E-05  1.684E-05  3.801E-06  3.012E-06
                2.740E-06  2.578E-06  5.423E-06  4.238E-06  4.747E-06  2.030E-06
                3.126E-06  5.370E-06  1.523E-05  2.507E-05  4.732E-06  1.136E-06
                8.439E-07  4.209E-06  8.795E-06  6.719E-06  7.946E-06  1.164E-06
                1.071E-05  3.402E-06  8.960E-06  2.334E-06  4.397E-06  1.841E-05
                2.151E-05  1.413E-05  1.282E-05  1.919E-05  2.787E-05  6.247E-06
                9.030E-06  1.534E-05  1.898E-06  6.358E-07  1.066E-06  1.293E-06
                2.304E-06  2.447E-06  3.204E-06  1.246E-05  1.185E-05  5.169E-07
                8.411E-07  6.290E-07  5.368E-07  4.890E-06  1.309E-05
7.04655147E+01  2.519E-02  2.024E-02  9.856E-03  9.466E-03  1.342E-02  3.757E-05
                3.062E-02  6.279E-03  9.582E-05  5.535E-05  3.572E-04  5.780E-03
                1.053E-02  3.955E-04  3.766E-04  1.684E-06  6.836E-06  1.495E-05
                6.249E-06  1.289E-05  3.168E-06  6.943E-06  6.049E-06  7.689E-07
                1.241E-06  3.832E-06  5.137E-06  7.391E-06  8.126E-06  1.984E-05
                1.592E-05  2.100E-06  5.825E-05  1.547E-05  7.014E-06  5.862E-06
                9.144E-09  6.422E-06  2.304E-06  3.858E-05  2.021E-05  1.250E-05
                1.910E-05  6.749E-07  1.226E-06  2.023E-06  3.426E-07  1.700E-06
                7.943E-05  1.170E-06  2.299E-06  2.255E-06  5.000E-07  3.392E-06
                1.778E-05  1.078E-05  8.831E-06  2.731E-05  2.350E-05  8.810E-06
                2.943E-06  1.225E-08  2.949E-08  1.375E-09  8.137E-06  4.604E-06
                3.413E-07  4.256E-08  5.984E-06  5.870E-06  7.821E-06  7.068E-06
                1.137E-05  3.526E-06  2.094E-05  2.970E-06  4.548E-06  1.909E-06
                7.374E-06  2.966E-06  1.033E-05  1.366E-07  3.600E-06  5.307E-06
                5.149E-05  2.081E-05  3.334E-09  4.167E-09  2.285E-09  1.349E-09
                1.872E-09  3.231E-06  1.590E-06  7.227E-06  2.955E-06  1.326E-06
                4.544E-06  7.241E-07  1.858E-05  2.241E-05  4.805E-07  7.173E-07
                9.259E-07  1.406E-07  5.549E-07  8.135E-07  1.589E-06  1.595E-06
                5.743E-07  1.534E-07  5.838E-06  1.409E-05  5.720E-05  1.259E-05
                6.037E-07  1.273E-06  7.457E-06  7.527E-06  6.051E-07  8.727E-07
                6.691E-07  1.523E-06  3.831E-05  6.215E-07  3.926E-06  4.561E-06
                1.149E-05  1.323E-05  5.533E-05  1.251E-06  6.640E-06  6.997E-06
                9.542E-06  1.366E-06  1.393E-06  9.520E-07  7.797E-07  2.336E-06
                3.626E-06  3.916E-06  8.807E-09  1.337E-06  2.562E-06  6.932E-06
                1.232E-05  1.005E-06  6.296E-07  6.603E-06  2.370E-06  5.321E-06
                3.705E-06  8.041E-06  5.634E-06  8.896E-06  1.229E-06  1.210E-06
                1.110E-05  1.471E-06  2.360E-06  1.493E-06  3.327E-06  1.407E-06
                3.965E-06  5.360E-06  2.815E-05  9.345E-06  1.869E-06  1.229E-06
                1.179E-06  1.160E-06  3.001E-06  2.095E-06  2.299E-06  1.103E-06
                1.238E-06  3.043E-06  8.374E-06  1.347E-05  2.314E-06  5.642E-07
                3.831E-07  1.947E-06  3.390E-06  3.142E-06  2.953E-06  5.607E-07
                7.152E-06  1.927E-06  5.620E-06  1.225E-06  2.388E-06  1.233E-05
                1.497E-05  9.953E-06  5.787E-06  8.119E-06  1.168E-05  2.794E-06
                3.713E-06  6.726E-06  4.194E-07  1.302E-07  4.097E-07  6.474E-07
                2.329E-06  2.353E-06  3.107E-06  6.805E-06  6.139E-06  2.159E-07
                3.258E-07  4.759E-07  3.615E-07  3.238E-06  8.621E-06
8.40735147E+01  1.468E-02  1.177E-02  5.728E-03  5.495E-03  7.810E-03  2.179E-05
                2.156E-02  4.421E-03  5.888E-05  3.108E-05  2.546E-04  4.174E-03
                7.619E-03  2.400E-04  2.287E-04  1.106E-06  3.991E-06  8.542E-06
                4.009E-06  7.700E-06  2.158E-06  4.728E-06  3.231E-06  3.827E-07
                7.476E-07  2.407E-06  3.567E-06  4.332E-06  4.900E-06  1.180E-05
                8.622E-06  1.425E-06  2.781E-05  8.903E-06  3.921E-06  3.440E-06
                5.791E-09  3.352E-06  1.186E-06  1.991E-05  1.061E-05  6.505E-06
                9.909E-06  3.118E-07  5.709E-07  9.829E-07  2.102E-07  1.017E-06
                4.713E-05  8.662E-07  1.258E-06  1.550E-06  2.596E-07  2.546E-06
                9.445E-06  5.623E-06  4.816E-06  1.453E-05  1.403E-05  4.379E-06
                1.596E-06  8.583E-09  1.955E-08  1.050E-09  3.416E-06  1.996E-06
                2.850E-07  5.780E-08  3.584E-06  3.527E-06  4.641E-06  4.958E-06
                8.345E-06  2.668E-06  1.249E-05  1.329E-06  2.379E-06  8.138E-07
                5.043E-06  2.013E-06  6.982E-06  6.218E-08  1.954E-06  2.574E-06
                3.232E-05  1.310E-05  2.143E-09  2.611E-09  1.360E-09  8.897E-10
                1.014E-09  2.304E-06  1.195E-06  4.847E-06  2.272E-06  1.018E-06
                3.436E-06  4.052E-07  1.175E-05  1.418E-05  3.158E-07  5.017E-07
                6.542E-07  9.377E-08  2.669E-07  5.345E-07  1.066E-06  1.062E-06
                1.296E-07  1.100E-07  3.911E-06  9.492E-06  3.620E-05  7.924E-06
                3.954E-07  9.072E-07  4.894E-06  4.736E-06  4.487E-07  6.282E-07
                4.873E-07  1.116E-06  2.422E-05  4.360E-07  2.588E-06  3.008E-06
                7.529E-06  8.579E-06  3.582E-05  7.991E-07  4.579E-06  4.812E-06
                6.333E-06  6.803E-07  6.780E-07  4.360E-07  4.067E-07  1.144E-06
                1.777E-06  1.925E-06  1.315E-08  8.712E-07  1.570E-06  4.364E-06
                7.969E-06  4.679E-07  3.590E-07  2.592E-06  9.183E-07  3.486E-06
                2.485E-06  5.016E-06  3.514E-06  5.624E-06  7.585E-07  6.383E-07
                7.443E-06  7.717E-07  1.224E-06  8.386E-07  1.874E-06  7.438E-07
                2.665E-06  3.343E-06  1.693E-05  6.091E-06  9.512E-07  5.933E-07
                6.025E-07  5.912E-07  1.937E-06  1.273E-06  1.388E-06  7.039E-07
                6.494E-07  2.004E-06  5.401E-06  8.496E-06  1.221E-06  3.907E-07
                2.306E-07  1.040E-06  1.568E-06  1.669E-06  1.316E-06  3.115E-07
                4.995E-06  1.171E-06  3.816E-06  7.465E-07  1.503E-06  8.852E-06
                1.075E-05  7.229E-06  2.992E-06  3.888E-06  5.121E-06  1.491E-06
                1.895E-06  3.380E-06  1.132E-07  3.255E-08  1.823E-07  3.618E-07
                1.810E-06  1.810E-06  2.384E-06  4.458E-06  3.737E-06  1.222E-07
                1.548E-07  3.358E-07  2.632E-07  2.270E-06  6.090E-06
9.76815147E+01  9.193E-03  7.373E-03  3.589E-03  3.446E-03  4.898E-03  1.308E-05
                1.589E-02  3.258E-03  3.849E-05  1.848E-05  1.889E-04  3.125E-03
                5.712E-03  1.572E-04  1.501E-04  7.096E-07  2.428E-06  4.937E-06
                2.573E-06  4.568E-06  1.398E-06  3.058E-06  1.965E-06  2.317E-07
                5.453E-07  1.764E-06  2.809E-06  2.656E-06  3.019E-06  7.272E-06
                5.060E-06  9.222E-07  1.513E-05  5.585E-06  2.375E-06  2.131E-06
                3.632E-09  1.888E-06  6.639E-07  1.137E-05  6.181E-06  3.760E-06
                5.719E-06  1.637E-07  3.080E-07  5.492E-07  1.783E-07  7.196E-07
                2.998E-05  7.388E-07  7.154E-07  1.243E-06  1.471E-07  2.195E-06
                5.512E-06  3.249E-06  2.780E-06  8.224E-06  9.854E-06  2.716E-06
                9.481E-07  6.166E-09  1.278E-08  7.387E-10  1.720E-06  1.034E-06
                2.226E-07  5.512E-08  2.223E-06  2.171E-06  2.846E-06  3.583E-06
                6.195E-06  2.009E-06  7.679E-06  6.999E-07  1.399E-06  4.102E-07
                3.423E-06  1.367E-06  4.726E-06  3.934E-08  1.160E-06  1.430E-06
                2.154E-05  8.715E-06  1.491E-09  1.764E-09  8.617E-10  6.066E-10
                6.044E-10  1.600E-06  8.233E-07  3.308E-06  1.754E-06  7.740E-07
                2.652E-06  2.596E-07  7.871E-06  9.521E-06  2.314E-07  3.740E-07
                4.876E-07  6.853E-08  1.836E-07  3.800E-07  7.600E-07  7.635E-07
                5.819E-08  7.804E-08  2.666E-06  6.487E-06  2.512E-05  5.491E-06
                2.698E-07  6.712E-07  3.488E-06  3.267E-06  3.346E-07  4.753E-07
                3.736E-07  8.104E-07  1.631E-05  3.287E-07  1.860E-06  1.992E-06
                4.992E-06  6.073E-06  2.534E-05  5.898E-07  3.209E-06  3.368E-06
                4.343E-06  3.767E-07  3.700E-07  2.255E-07  2.333E-07  6.142E-07
                9.541E-07  1.038E-06  1.459E-08  5.931E-07  1.061E-06  3.008E-06
                5.588E-06  2.467E-07  2.275E-07  1.125E-06  3.938E-07  2.314E-06
                1.650E-06  3.444E-06  2.409E-06  3.888E-06  5.052E-07  3.839E-07
                5.335E-06  4.492E-07  7.150E-07  4.984E-07  1.103E-06  4.958E-07
                1.914E-06  2.309E-06  1.148E-05  4.094E-06  5.444E-07  3.274E-07
                3.525E-07  3.424E-07  1.320E-06  8.618E-07  9.379E-07  4.781E-07
                4.004E-07  1.412E-06  3.760E-06  5.830E-06  7.171E-07  3.087E-07
                1.651E-07  6.036E-07  8.373E-07  9.534E-07  6.850E-07  1.874E-07
                3.660E-06  7.356E-07  2.755E-06  4.913E-07  1.047E-06  6.618E-06
                8.025E-06  5.437E-06  1.741E-06  2.129E-06  2.476E-06  8.828E-07
                1.113E-06  1.927E-06  4.223E-08  1.268E-08  8.821E-08  2.078E-07
                1.390E-06  1.388E-06  1.816E-06  3.218E-06  2.576E-06  7.698E-08
                8.165E-08  2.349E-07  1.957E-07  1.690E-06  4.555E-06
1.11289515E+02  6.052E-03  4.853E-03  2.362E-03  2.266E-03  3.224E-03  9.015E-06
                1.186E-02  2.432E-03  2.680E-05  1.205E-05  1.420E-04  2.363E-03
                4.325E-03  1.038E-04  9.890E-05  4.741E-07  1.542E-06  2.878E-06
                1.735E-06  2.773E-06  9.401E-07  2.059E-06  1.410E-06  1.774E-07
                4.157E-07  1.299E-06  2.142E-06  1.752E-06  1.943E-06  4.714E-06
                3.201E-06  6.205E-07  9.379E-06  3.713E-06  1.555E-06  1.400E-06
                2.354E-09  1.142E-06  4.002E-07  7.039E-06  3.904E-06  2.353E-06
                3.568E-06  9.489E-08  1.835E-07  3.347E-07  1.490E-07  5.448E-07
                2.010E-05  6.137E-07  4.356E-07  1.001E-06  8.098E-08  1.837E-06
                3.444E-06  2.020E-06  1.726E-06  5.096E-06  7.323E-06  1.875E-06
                6.058E-07  4.793E-09  9.332E-09  5.121E-10  9.914E-07  6.134E-07
                1.665E-07  4.470E-08  1.486E-06  1.442E-06  1.892E-06  2.788E-06
                4.618E-06  1.526E-06  5.104E-06  4.235E-07  9.314E-07  2.350E-07
                2.473E-06  9.883E-07  3.411E-06  3.011E-08  7.571E-07  8.893E-07
                1.494E-05  6.031E-06  1.110E-09  1.282E-09  5.907E-10  4.280E-10
                3.997E-10  1.175E-06  5.967E-07  2.391E-06  1.406E-06  6.070E-07
                2.136E-06  1.908E-07  5.462E-06  6.604E-06  1.774E-07  2.882E-07
                3.754E-07  5.260E-08  1.407E-07  2.867E-07  5.786E-07  5.875E-07
                4.018E-08  6.177E-08  2.018E-06  4.915E-06  1.765E-05  3.857E-06
                1.952E-07  5.076E-07  2.532E-06  2.292E-06  2.528E-07  3.622E-07
                2.887E-07  6.073E-07  1.132E-05  2.604E-07  1.423E-06  1.369E-06
                3.422E-06  4.339E-06  1.809E-05  4.430E-07  2.449E-06  2.580E-06
                3.109E-06  2.399E-07  2.305E-07  1.315E-07  1.542E-07  3.861E-07
                5.994E-07  6.545E-07  1.221E-08  4.154E-07  7.701E-07  2.223E-06
                4.185E-06  1.365E-07  1.552E-07  6.391E-07  2.220E-07  1.589E-06
                1.139E-06  2.561E-06  1.791E-06  2.899E-06  3.557E-07  2.477E-07
                3.974E-06  2.830E-07  4.522E-07  3.277E-07  7.157E-07  3.579E-07
                1.409E-06  1.640E-06  8.090E-06  3.080E-06  3.676E-07  2.027E-07
                2.296E-07  2.262E-07  1.040E-06  6.340E-07  6.834E-07  3.781E-07
                2.749E-07  1.060E-06  2.803E-06  4.312E-06  4.861E-07  2.449E-07
                1.253E-07  3.887E-07  5.606E-07  6.073E-07  4.533E-07  1.208E-07
                2.671E-06  4.912E-07  2.014E-06  3.815E-07  7.818E-07  4.906E-06
                5.928E-06  4.036E-06  1.135E-06  1.365E-06  1.472E-06  5.700E-07
                7.251E-07  1.248E-06  2.824E-08  9.294E-09  4.648E-08  1.242E-07
                1.088E-06  1.087E-06  1.389E-06  2.418E-06  1.890E-06  5.317E-08
                5.103E-08  1.715E-07  1.491E-07  1.304E-06  3.503E-06
1.24897515E+02  4.148E-03  3.334E-03  1.623E-03  1.561E-03  2.221E-03  5.648E-06
                9.337E-03  1.915E-03  1.902E-05  7.516E-06  1.125E-04  1.883E-03
                3.450E-03  7.575E-05  7.240E-05  3.258E-07  1.123E-06  1.877E-06
                1.203E-06  1.798E-06  6.056E-07  1.324E-06  9.513E-07  1.229E-07
                3.873E-07  1.227E-06  2.096E-06  1.123E-06  1.233E-06  3.020E-06
                2.108E-06  3.986E-07  5.914E-06  2.693E-06  1.013E-06  9.073E-07
                1.513E-09  7.044E-07  2.495E-07  4.520E-06  2.588E-06  1.527E-06
                2.323E-06  6.029E-08  1.215E-07  2.283E-07  1.465E-07  4.219E-07
                1.385E-05  5.196E-07  2.723E-07  8.233E-07  4.672E-08  1.559E-06
                2.237E-06  1.304E-06  1.101E-06  3.246E-06  5.693E-06  1.383E-06
                4.051E-07  3.679E-09  6.559E-09  3.653E-10  6.158E-07  3.904E-07
                1.244E-07  3.621E-08  1.009E-06  9.641E-07  1.251E-06  2.062E-06
                3.483E-06  1.141E-06  3.399E-06  2.650E-07  6.117E-07  1.438E-07
                1.639E-06  6.558E-07  2.263E-06  2.606E-08  4.985E-07  5.705E-07
                1.045E-05  4.227E-06  8.406E-10  9.318E-10  3.906E-10  3.070E-10
                2.885E-10  7.770E-07  3.975E-07  1.589E-06  1.131E-06  4.809E-07
                1.719E-06  1.375E-07  3.843E-06  4.664E-06  1.315E-07  2.124E-07
                2.762E-07  3.767E-08  1.043E-07  2.090E-07  4.142E-07  4.264E-07
                3.600E-08  4.014E-08  1.377E-06  3.359E-06  1.352E-05  2.955E-06
                1.375E-07  3.725E-07  1.925E-06  1.740E-06  1.815E-07  2.729E-07
                2.145E-07  4.268E-07  7.789E-06  1.936E-07  1.054E-06  9.737E-07
                2.439E-06  3.376E-06  1.408E-05  3.321E-07  1.690E-06  1.772E-06
                2.092E-06  1.647E-07  1.542E-07  8.146E-08  1.095E-07  2.670E-07
                4.148E-07  4.549E-07  1.099E-08  2.980E-07  5.742E-07  1.677E-06
                3.185E-06  8.075E-08  1.112E-07  4.266E-07  1.490E-07  1.139E-06
                8.127E-07  1.925E-06  1.347E-06  2.186E-06  2.597E-07  1.689E-07
                2.992E-06  1.874E-07  3.015E-07  2.154E-07  4.645E-07  2.804E-07
                1.072E-06  1.272E-06  6.250E-06  2.027E-06  2.608E-07  1.310E-07
                1.557E-07  1.557E-07  7.193E-07  4.752E-07  5.087E-07  2.629E-07
                1.973E-07  8.068E-07  2.123E-06  3.240E-06  3.355E-07  1.966E-07
                9.767E-08  2.562E-07  3.829E-07  3.975E-07  3.103E-07  8.059E-08
                2.125E-06  3.348E-07  1.578E-06  2.584E-07  6.071E-07  3.905E-06
                4.753E-06  3.250E-06  7.717E-07  9.282E-07  9.250E-07  3.794E-07
                4.950E-07  8.455E-07  2.192E-08  7.823E-09  2.938E-08  8.154E-08
                8.513E-07  8.529E-07  1.077E-06  1.861E-06  1.428E-06  3.719E-08
                3.284E-08  1.271E-07  1.150E-07  1.015E-06  2.738E-06
1.38505515E+02  2.942E-03  2.361E-03  1.149E-03  1.104E-03  1.573E-03  4.369E-06
                7.199E-03  1.476E-03  1.423E-05  5.414E-06  8.728E-05  1.466E-03
                2.688E-03  5.226E-05  4.979E-05  2.340E-07  8.116E-07  1.134E-06
                8.860E-07  1.136E-06  4.257E-07  9.312E-07  7.508E-07  1.068E-07
                2.726E-07  8.208E-07  1.376E-06  7.780E-07  8.146E-07  2.018E-06
                1.449E-06  2.804E-07  4.363E-06  1.829E-06  7.224E-07  6.291E-07
                9.969E-10  4.592E-07  1.624E-07  3.180E-06  1.827E-06  1.081E-06
                1.639E-06  4.162E-08  8.905E-08  1.704E-07  1.399E-07  3.498E-07
                1.013E-05  4.426E-07  1.807E-07  6.907E-07  2.986E-08  1.331E-06
                1.557E-06  9.138E-07  7.405E-07  2.185E-06  4.541E-06  1.068E-06
                2.911E-07  2.957E-09  4.825E-09  2.565E-10  4.069E-07  2.681E-07
                9.161E-08  2.752E-08  7.195E-07  6.846E-07  8.990E-07  1.575E-06
                2.633E-06  8.801E-07  2.421E-06  1.804E-07  4.471E-07  9.332E-08
                1.219E-06  4.907E-07  1.687E-06  1.894E-08  3.527E-07  3.936E-07
                7.845E-06  3.162E-06  6.477E-10  7.129E-10  2.892E-10  2.217E-10
                1.955E-10  5.876E-07  2.887E-07  1.207E-06  9.063E-07  3.794E-07
                1.388E-06  1.171E-07  2.884E-06  3.490E-06  1.024E-07  1.644E-07
                2.150E-07  2.881E-08  8.529E-08  1.600E-07  3.202E-07  3.357E-07
                3.549E-08  3.317E-08  1.030E-06  2.509E-06  1.007E-05  2.202E-06
                1.027E-07  2.917E-07  1.466E-06  1.295E-06  1.353E-07  2.109E-07
                1.643E-07  3.149E-07  5.838E-06  1.522E-07  8.183E-07  7.070E-07
                1.771E-06  2.542E-06  1.060E-05  2.440E-07  1.280E-06  1.344E-06
                1.593E-06  1.109E-07  1.026E-07  5.086E-08  7.523E-08  1.804E-07
                2.803E-07  3.083E-07  8.556E-09  2.223E-07  4.407E-07  1.300E-06
                2.489E-06  4.862E-08  8.099E-08  2.914E-07  1.023E-07  8.282E-07
                5.892E-07  1.502E-06  1.050E-06  1.707E-06  1.971E-07  1.206E-07
                2.338E-06  1.287E-07  2.093E-07  1.495E-07  3.146E-07  2.255E-07
                8.126E-07  9.621E-07  4.745E-06  1.555E-06  1.825E-07  8.580E-08
                1.077E-07  1.073E-07  5.832E-07  3.697E-07  3.937E-07  2.145E-07
                1.474E-07  6.326E-07  1.656E-06  2.514E-06  2.330E-07  1.564E-07
                7.588E-08  1.754E-07  2.784E-07  2.674E-07  2.263E-07  5.530E-08
                1.599E-06  2.346E-07  1.195E-06  2.126E-07  4.778E-07  2.943E-06
                3.578E-06  2.450E-06  5.491E-07  6.615E-07  6.175E-07  2.638E-07
                3.531E-07  6.019E-07  2.436E-08  9.143E-09  1.795E-08  5.316E-08
                6.831E-07  6.855E-07  8.439E-07  1.453E-06  1.098E-06  2.827E-08
                2.345E-08  9.739E-08  9.102E-08  8.062E-07  2.169E-06
1.52113515E+02  2.169E-03  1.750E-03  8.520E-04  8.230E-04  1.167E-03  2.868E-06
                5.982E-03  1.227E-03  1.081E-05  3.544E-06  7.254E-05  1.221E-03
                2.240E-03  4.147E-05  3.968E-05  1.732E-07  6.879E-07  8.472E-07
                6.655E-07  8.132E-07  2.763E-07  6.030E-07  5.142E-07  7.446E-08
                2.828E-07  8.866E-07  1.525E-06  5.071E-07  5.303E-07  1.326E-06
                1.043E-06  1.814E-07  2.978E-06  1.485E-06  4.866E-07  4.155E-07
                6.440E-10  2.983E-07  1.085E-07  2.259E-06  1.350E-06  7.604E-07
                1.160E-06  2.978E-08  6.658E-08  1.306E-07  1.302E-07  2.837E-07
                7.343E-06  3.779E-07  1.209E-07  5.806E-07  2.142E-08  1.135E-06
                1.093E-06  6.430E-07  4.971E-07  1.471E-06  3.701E-06  8.511E-07
                2.070E-07  2.353E-09  3.516E-09  1.871E-10  2.913E-07  1.951E-07
                6.756E-08  2.137E-08  5.079E-07  4.764E-07  6.178E-07  1.183E-06
                2.075E-06  6.707E-07  1.678E-06  1.260E-07  3.145E-07  6.466E-08
                7.836E-07  3.155E-07  1.087E-06  1.845E-08  2.454E-07  2.744E-07
                5.619E-06  2.280E-06  5.136E-10  5.364E-10  1.922E-10  1.657E-10
                1.538E-10  3.722E-07  1.884E-07  7.763E-07  7.507E-07  3.112E-07
                1.145E-06  8.327E-08  2.084E-06  2.529E-06  7.559E-08  1.200E-07
                1.564E-07  2.034E-08  6.478E-08  1.159E-07  2.270E-07  2.422E-07
                3.484E-08  2.141E-08  6.979E-07  1.701E-06  8.334E-06  1.821E-06
                7.606E-08  2.147E-07  1.172E-06  1.059E-06  9.545E-08  1.594E-07
                1.200E-07  2.169E-07  4.022E-06  1.129E-07  6.159E-07  5.254E-07
                1.317E-06  2.126E-06  8.879E-06  1.822E-07  8.766E-07  9.144E-07
                1.040E-06  8.369E-08  7.549E-08  3.452E-08  5.814E-08  1.397E-07
                2.174E-07  2.394E-07  6.809E-09  1.663E-07  3.449E-07  1.024E-06
                1.971E-06  3.117E-08  6.506E-08  2.235E-07  7.901E-08  6.199E-07
                4.399E-07  1.174E-06  8.230E-07  1.339E-06  1.547E-07  9.083E-08
                1.810E-06  9.476E-08  1.558E-07  1.028E-07  2.149E-07  1.865E-07
                6.480E-07  8.041E-07  3.961E-06  9.896E-07  1.400E-07  5.953E-08
                7.847E-08  7.951E-08  4.029E-07  2.893E-07  3.054E-07  1.495E-07
                1.129E-07  4.992E-07  1.303E-06  1.966E-06  1.724E-07  1.245E-07
                5.960E-08  1.225E-07  2.005E-07  1.870E-07  1.635E-07  3.986E-08
                1.355E-06  1.705E-07  9.948E-07  1.430E-07  3.913E-07  2.477E-06
                3.047E-06  2.089E-06  4.011E-07  4.917E-07  4.382E-07  1.871E-07
                2.572E-07  4.395E-07  1.902E-08  7.253E-09  1.290E-08  3.789E-08
                5.499E-07  5.527E-07  6.739E-07  1.157E-06  8.621E-07  2.097E-08
                1.664E-08  7.616E-08  7.276E-08  6.455E-07  1.749E-06
1.65721515E+02  1.566E-03  1.256E-03  6.119E-04  5.892E-04  8.419E-04  2.125E-06
                4.720E-03  9.681E-04  8.263E-06  2.494E-06  5.823E-05  9.850E-04
                1.809E-03  2.922E-05  2.787E-05  1.357E-07  5.627E-07  5.495E-07
                5.370E-07  5.560E-07  2.027E-07  4.432E-07  4.373E-07  6.934E-08
                1.777E-07  5.171E-07  8.470E-07  3.712E-07  3.585E-07  9.061E-07
                7.391E-07  1.329E-07  2.345E-06  9.702E-07  3.615E-07  2.966E-07
                4.443E-10  2.089E-07  7.537E-08  1.635E-06  9.625E-07  5.531E-07
                8.421E-07  2.212E-08  5.258E-08  1.052E-07  1.198E-07  2.441E-07
                5.502E-06  3.287E-07  8.657E-08  5.009E-07  1.729E-08  9.883E-07
                7.842E-07  4.615E-07  3.498E-07  1.043E-06  3.076E-06  6.845E-07
                1.600E-07  1.984E-09  2.751E-09  1.412E-10  1.934E-07  1.374E-07
                4.978E-08  1.596E-08  3.769E-07  3.540E-07  4.666E-07  9.349E-07
                1.555E-06  5.185E-07  1.251E-06  8.651E-08  2.375E-07  4.147E-08
                6.228E-07  2.522E-07  8.660E-07  1.259E-08  1.798E-07  1.937E-07
                4.317E-06  1.744E-06  3.958E-10  4.183E-10  1.517E-10  1.205E-10
                1.030E-10  3.001E-07  1.449E-07  6.252E-07  5.885E-07  2.413E-07
                9.049E-07  7.823E-08  1.591E-06  1.926E-06  6.086E-08  9.437E-08
                1.231E-07  1.632E-08  5.589E-08  9.396E-08  1.851E-07  2.005E-07
                3.642E-08  1.910E-08  5.629E-07  1.370E-06  6.123E-06  1.340E-06
                5.649E-08  1.709E-07  8.884E-07  7.815E-07  7.389E-08  1.241E-07
                9.311E-08  1.688E-07  3.134E-06  9.287E-08  4.957E-07  3.899E-07
                9.772E-07  1.580E-06  6.595E-06  1.339E-07  7.061E-07  7.390E-07
                8.402E-07  5.736E-08  5.139E-08  2.213E-08  4.035E-08  9.658E-08
                1.502E-07  1.659E-07  5.002E-09  1.273E-07  2.667E-07  7.955E-07
                1.539E-06  1.898E-08  4.590E-08  1.776E-07  6.348E-08  4.601E-07
                3.257E-07  9.163E-07  6.414E-07  1.044E-06  1.195E-07  6.629E-08
                1.421E-06  6.553E-08  1.083E-07  7.531E-08  1.527E-07  1.549E-07
                4.895E-07  6.090E-07  3.039E-06  8.228E-07  9.928E-08  3.986E-08
                5.514E-08  5.552E-08  3.513E-07  2.250E-07  2.375E-07  1.310E-07
                8.560E-08  3.909E-07  1.016E-06  1.530E-06  1.217E-07  9.750E-08
                4.661E-08  8.765E-08  1.570E-07  1.322E-07  1.290E-07  2.805E-08
                1.011E-06  1.227E-07  7.524E-07  1.288E-07  3.141E-07  1.841E-06
                2.260E-06  1.552E-06  2.956E-07  3.681E-07  3.214E-07  1.341E-07
                1.899E-07  3.256E-07  1.996E-08  7.578E-09  8.666E-09  2.590E-08
                4.385E-07  4.415E-07  5.235E-07  9.047E-07  6.656E-07  1.636E-08
                1.292E-08  5.911E-08  5.784E-08  5.106E-07  1.379E-06
1.79329515E+02  1.282E-03  1.035E-03  5.042E-04  4.876E-04  6.894E-04  1.842E-06
                3.947E-03  8.092E-04  6.740E-06  2.019E-06  4.776E-05  8.067E-04
                1.481E-03  2.340E-05  2.233E-05  1.069E-07  5.075E-07  4.636E-07
                4.292E-07  4.312E-07  1.357E-07  2.950E-07  2.911E-07  4.776E-08
                1.930E-07  5.989E-07  1.010E-06  2.370E-07  2.369E-07  6.025E-07
                5.806E-07  8.881E-08  1.772E-06  8.580E-07  2.546E-07  2.015E-07
                2.772E-10  1.374E-07  5.157E-08  1.342E-06  8.191E-07  4.397E-07
                6.713E-07  1.776E-08  4.449E-08  9.004E-08  1.114E-07  2.081E-07
                4.332E-06  2.856E-07  6.143E-08  4.317E-07  1.595E-08  8.563E-07
                6.146E-07  3.707E-07  2.514E-07  7.332E-07  2.600E-06  5.831E-07
                1.231E-07  1.574E-09  1.840E-09  9.867E-11  1.623E-07  1.139E-07
                3.771E-08  1.262E-08  2.772E-07  2.561E-07  3.384E-07  6.633E-07
                1.279E-06  4.107E-07  9.052E-07  6.877E-08  1.820E-07  3.371E-08
                3.707E-07  1.512E-07  5.187E-07  1.153E-08  1.333E-07  1.487E-07
                3.301E-06  1.351E-06  3.243E-10  3.237E-10  1.015E-10  9.371E-11
                8.144E-11  1.767E-07  8.775E-08  3.873E-07  4.994E-07  2.036E-07
                7.654E-07  6.048E-08  1.238E-06  1.494E-06  4.534E-08  6.931E-08
                9.100E-08  1.111E-08  4.373E-08  6.731E-08  1.293E-07  1.441E-07
                3.456E-08  1.146E-08  3.349E-07  8.143E-07  5.489E-06  1.199E-06
                4.393E-08  1.327E-07  7.599E-07  6.902E-07  5.052E-08  9.661E-08
                6.729E-08  1.099E-07  2.231E-06  6.548E-08  3.657E-07  3.086E-07
                7.731E-07  1.424E-06  5.957E-06  9.716E-08  4.358E-07  4.505E-07
                5.339E-07  4.215E-08  3.742E-08  1.499E-08  2.988E-08  7.211E-08
                1.123E-07  1.240E-07  4.035E-09  1.024E-07  2.168E-07  6.491E-07
                1.259E-06  1.367E-08  4.069E-08  1.245E-07  4.494E-08  3.646E-07
                2.573E-07  7.416E-07  5.201E-07  8.473E-07  9.885E-08  5.540E-08
                1.144E-06  5.394E-08  9.101E-08  5.384E-08  1.069E-07  1.363E-07
                4.121E-07  5.429E-07  2.703E-06  4.775E-07  7.209E-08  2.753E-08
                4.113E-08  4.038E-08  2.178E-07  1.839E-07  1.925E-07  8.196E-08
                6.896E-08  3.194E-07  8.282E-07  1.238E-06  8.732E-08  8.061E-08
                3.701E-08  6.257E-08  1.107E-07  9.283E-08  9.102E-08  2.139E-08
                8.931E-07  9.260E-08  6.521E-07  7.805E-08  2.569E-07  1.607E-06
                2.000E-06  1.370E-06  2.231E-07  2.744E-07  2.116E-07  1.008E-07
                1.456E-07  2.445E-07  2.054E-08  8.010E-09  7.153E-09  2.045E-08
                3.595E-07  3.622E-07  4.273E-07  7.307E-07  5.292E-07  1.420E-08
                1.049E-08  4.765E-08  4.713E-08  4.152E-07  1.128E-06
1.92937515E+02  9.034E-04  7.321E-04  3.566E-04  3.471E-04  4.925E-04  9.135E-07
                3.441E-03  7.058E-04  5.251E-06  1.049E-06  4.297E-05  7.302E-04
                1.342E-03  1.918E-05  1.842E-05  8.748E-08  4.402E-07  3.273E-07
                3.596E-07  3.242E-07  9.678E-08  2.112E-07  2.480E-07  4.181E-08
                1.421E-07  4.246E-07  7.037E-07  1.822E-07  1.660E-07  4.231E-07
                4.135E-07  6.292E-08  1.218E-06  6.099E-07  1.774E-07  1.371E-07
                2.040E-10  1.039E-07  3.952E-08  8.889E-07  5.518E-07  2.883E-07
                4.430E-07  1.223E-08  3.353E-08  7.190E-08  9.945E-08  1.752E-07
                2.995E-06  2.512E-07  4.541E-08  3.764E-07  1.402E-08  7.523E-07
                4.090E-07  2.410E-07  1.704E-07  5.123E-07  2.223E-06  4.755E-07
                9.460E-08  1.401E-09  1.718E-09  8.387E-11  1.033E-07  7.798E-08
                2.637E-08  8.981E-09  1.975E-07  1.837E-07  2.413E-07  5.996E-07
                9.756E-07  3.125E-07  6.445E-07  4.497E-08  1.310E-07  1.999E-08
                3.141E-07  1.260E-07  4.367E-07  1.088E-08  9.240E-08  9.952E-08
                2.283E-06  9.310E-07  2.494E-10  2.466E-10  7.548E-11  6.734E-11
                6.045E-11  1.473E-07  7.610E-08  3.034E-07  3.978E-07  1.610E-07
                6.081E-07  4.431E-08  8.490E-07  1.028E-06  3.565E-08  5.264E-08
                6.771E-08  9.289E-09  3.771E-08  5.496E-08  1.052E-07  1.172E-07
                3.432E-08  1.122E-08  3.333E-07  8.101E-07  3.979E-06  8.692E-07
                3.404E-08  1.009E-07  5.614E-07  5.045E-07  4.048E-08  7.276E-08
                5.184E-08  9.196E-08  1.583E-06  6.031E-08  3.170E-07  2.206E-07
                5.502E-07  1.044E-06  4.365E-06  7.741E-08  4.202E-07  4.386E-07
                4.167E-07  3.324E-08  2.906E-08  1.104E-08  2.396E-08  5.851E-08
                9.106E-08  1.005E-07  2.603E-09  7.648E-08  1.668E-07  4.991E-07
                9.736E-07  8.760E-09  3.169E-08  1.088E-07  3.891E-08  2.607E-07
                1.874E-07  5.642E-07  3.965E-07  6.455E-07  8.184E-08  4.352E-08
                8.685E-07  4.024E-08  6.810E-08  3.927E-08  7.880E-08  1.077E-07
                3.078E-07  4.098E-07  2.064E-06  4.328E-07  5.942E-08  2.032E-08
                3.063E-08  3.153E-08  2.237E-07  1.380E-07  1.449E-07  8.448E-08
                5.187E-08  2.447E-07  6.319E-07  9.440E-07  6.869E-08  6.014E-08
                2.888E-08  4.670E-08  8.753E-08  7.209E-08  7.176E-08  1.633E-08
                6.860E-07  7.116E-08  5.053E-07  7.983E-08  2.177E-07  1.236E-06
                1.534E-06  1.054E-06  1.667E-07  2.173E-07  1.870E-07  7.164E-08
                1.059E-07  1.842E-07  1.017E-08  3.804E-09  4.455E-09  1.384E-08
                2.918E-07  2.942E-07  3.391E-07  5.868E-07  4.201E-07  8.985E-09
                7.004E-09  3.830E-08  3.834E-08  3.346E-07  9.129E-07
