           0           2           0           1
   -0.279405E+02   520
2.79405147E+01  2.815E-01
2.82807147E+01  2.025E+00
2.86209147E+01  4.059E-01
2.89611147E+01  6.528E-01
2.93013147E+01  8.731E-01
2.96415147E+01  8.892E-01
2.99817147E+01  9.431E-01
3.03219147E+01  1.018E+00
3.06621147E+01  7.788E-01
3.10023147E+01  7.761E-01
3.13425147E+01  7.188E-01
3.16827147E+01  8.655E-01
3.20229147E+01  8.545E-01
3.23631147E+01  8.308E-01
3.27033147E+01  8.123E-01
3.30435147E+01  7.924E-01
3.33837147E+01  7.615E-01
3.37239147E+01  7.501E-01
3.40641147E+01  7.865E-01
3.44043147E+01  7.720E-01
3.47445147E+01  7.605E-01
3.50847147E+01  7.374E-01
3.54249147E+01  7.376E-01
3.57651147E+01  7.094E-01
3.61053147E+01  7.016E-01
3.64455147E+01  6.839E-01
3.67857147E+01  6.656E-01
3.71259147E+01  6.513E-01
3.74661147E+01  6.421E-01
3.78063147E+01  6.310E-01
3.81465147E+01  6.237E-01
3.84867147E+01  5.826E-01
3.88269147E+01  6.123E-01
3.91671147E+01  5.532E-01
3.95073147E+01  5.354E-01
3.98475147E+01  5.422E-01
4.01877147E+01  5.365E-01
4.05279147E+01  5.315E-01
4.08681147E+01  5.232E-01
4.12083147E+01  4.969E-01
4.15485147E+01  4.880E-01
4.18887147E+01  4.881E-01
4.22289147E+01  4.747E-01
4.25691147E+01  5.277E-01
4.29093147E+01  4.526E-01
4.32495147E+01  4.522E-01
4.35897147E+01  4.644E-01
4.39299147E+01  4.185E-01
4.42701147E+01  4.270E-01
4.46103147E+01  4.135E-01
4.49505147E+01  4.089E-01
4.52907147E+01  4.072E-01
4.56309147E+01  4.004E-01
4.59711147E+01  3.661E-01
4.63113147E+01  3.818E-01
4.66515147E+01  3.667E-01
4.69917147E+01  3.749E-01
4.73319147E+01  3.623E-01
4.76721147E+01  3.580E-01
4.80123147E+01  3.547E-01
4.83525147E+01  3.595E-01
4.86927147E+01  3.398E-01
4.90329147E+01  3.340E-01
4.93731147E+01  3.263E-01
4.97133147E+01  3.220E-01
5.00535147E+01  3.148E-01
5.03937147E+01  3.076E-01
5.07339147E+01  3.047E-01
5.10741147E+01  2.994E-01
5.14143147E+01  2.961E-01
5.17545147E+01  2.909E-01
5.20947147E+01  2.853E-01
5.24349147E+01  2.817E-01
5.27751147E+01  2.770E-01
5.31153147E+01  2.726E-01
5.34555147E+01  2.684E-01
5.37957147E+01  2.643E-01
5.41359147E+01  2.602E-01
5.44761147E+01  2.561E-01
5.48163147E+01  2.522E-01
5.51565147E+01  2.484E-01
5.54967147E+01  2.446E-01
5.58369147E+01  2.410E-01
5.61771147E+01  2.374E-01
5.65173147E+01  2.338E-01
5.68575147E+01  2.304E-01
5.71977147E+01  2.270E-01
5.75379147E+01  2.237E-01
5.78781147E+01  2.204E-01
5.82183147E+01  2.172E-01
5.85585147E+01  2.141E-01
5.88987147E+01  2.110E-01
5.92389147E+01  2.079E-01
5.95791147E+01  2.050E-01
5.99193147E+01  2.021E-01
6.02595147E+01  1.993E-01
6.05997147E+01  1.964E-01
6.09399147E+01  1.936E-01
6.12801147E+01  1.909E-01
6.16203147E+01  1.883E-01
6.19605147E+01  1.857E-01
6.23007147E+01  1.831E-01
6.26409147E+01  1.806E-01
6.29811147E+01  1.781E-01
6.33213147E+01  1.757E-01
6.36615147E+01  1.734E-01
6.40017147E+01  1.710E-01
6.43419147E+01  1.687E-01
6.46821147E+01  1.665E-01
6.50223147E+01  1.643E-01
6.53625147E+01  1.622E-01
6.57027147E+01  1.600E-01
6.60429147E+01  1.580E-01
6.63831147E+01  1.559E-01
6.67233147E+01  1.539E-01
6.70635147E+01  1.520E-01
6.74037147E+01  1.500E-01
6.77439147E+01  1.481E-01
6.80841147E+01  1.463E-01
6.84243147E+01  1.444E-01
6.87645147E+01  1.426E-01
6.91047147E+01  1.408E-01
6.94449147E+01  1.391E-01
6.97851147E+01  1.374E-01
7.01253147E+01  1.357E-01
7.04655147E+01  1.341E-01
7.08057147E+01  1.324E-01
7.11459147E+01  1.308E-01
7.14861147E+01  1.292E-01
7.18263147E+01  1.277E-01
7.21665147E+01  1.262E-01
7.25067147E+01  1.247E-01
7.28469147E+01  1.232E-01
7.31871147E+01  1.217E-01
7.35273147E+01  1.203E-01
7.38675147E+01  1.189E-01
7.42077147E+01  1.175E-01
7.45479147E+01  1.161E-01
7.48881147E+01  1.148E-01
7.52283147E+01  1.135E-01
7.55685147E+01  1.122E-01
7.59087147E+01  1.109E-01
7.62489147E+01  1.096E-01
7.65891147E+01  1.083E-01
7.69293147E+01  1.071E-01
7.72695147E+01  1.059E-01
7.76097147E+01  1.047E-01
7.79499147E+01  1.035E-01
7.82901147E+01  1.023E-01
7.86303147E+01  1.012E-01
7.89705147E+01  1.001E-01
7.93107147E+01  9.894E-02
7.96509147E+01  9.784E-02
7.99911147E+01  9.675E-02
8.03313147E+01  9.568E-02
8.06715147E+01  9.463E-02
8.10117147E+01  9.359E-02
8.13519147E+01  9.257E-02
8.16921147E+01  9.156E-02
8.20323147E+01  9.056E-02
8.23725147E+01  8.958E-02
8.27127147E+01  8.862E-02
8.30529147E+01  8.767E-02
8.33931147E+01  8.674E-02
8.37333147E+01  8.582E-02
8.40735147E+01  8.491E-02
8.44137147E+01  8.402E-02
8.47539147E+01  8.314E-02
8.50941147E+01  8.228E-02
8.54343147E+01  8.143E-02
8.57745147E+01  8.059E-02
8.61147147E+01  7.976E-02
8.64549147E+01  7.895E-02
8.67951147E+01  7.815E-02
8.71353147E+01  7.737E-02
8.74755147E+01  7.659E-02
8.78157147E+01  7.583E-02
8.81559147E+01  7.507E-02
8.84961147E+01  7.433E-02
8.88363147E+01  7.360E-02
8.91765147E+01  7.288E-02
8.95167147E+01  7.217E-02
8.98569147E+01  7.147E-02
9.01971147E+01  7.078E-02
9.05373147E+01  7.010E-02
9.08775147E+01  6.943E-02
9.12177147E+01  6.876E-02
9.15579147E+01  6.811E-02
9.18981147E+01  6.746E-02
9.22383147E+01  6.683E-02
9.25785147E+01  6.620E-02
9.29187147E+01  6.558E-02
9.32589147E+01  6.496E-02
9.35991147E+01  6.436E-02
9.39393147E+01  6.376E-02
9.42795147E+01  6.316E-02
9.46197147E+01  6.258E-02
9.49599147E+01  6.200E-02
9.53001147E+01  6.143E-02
9.56403147E+01  6.086E-02
9.59805147E+01  6.030E-02
9.63207147E+01  5.975E-02
9.66609147E+01  5.920E-02
9.70011147E+01  5.865E-02
9.73413147E+01  5.812E-02
9.76815147E+01  5.758E-02
9.80217147E+01  5.706E-02
9.83619147E+01  5.653E-02
9.87021147E+01  5.602E-02
9.90423147E+01  5.551E-02
9.93825147E+01  5.500E-02
9.97227147E+01  5.450E-02
1.00062915E+02  5.400E-02
1.00403115E+02  5.351E-02
1.00743315E+02  5.302E-02
1.01083515E+02  5.254E-02
1.01423715E+02  5.206E-02
1.01763915E+02  5.159E-02
1.02104115E+02  5.112E-02
1.02444315E+02  5.066E-02
1.02784515E+02  5.021E-02
1.03124715E+02  4.976E-02
1.03464915E+02  4.931E-02
1.03805115E+02  4.887E-02
1.04145315E+02  4.843E-02
1.04485515E+02  4.800E-02
1.04825715E+02  4.758E-02
1.05165915E+02  4.716E-02
1.05506115E+02  4.674E-02
1.05846315E+02  4.633E-02
1.06186515E+02  4.593E-02
1.06526715E+02  4.553E-02
1.06866915E+02  4.514E-02
1.07207115E+02  4.475E-02
1.07547315E+02  4.437E-02
1.07887515E+02  4.399E-02
1.08227715E+02  4.362E-02
1.08567915E+02  4.325E-02
1.08908115E+02  4.289E-02
1.09248315E+02  4.253E-02
1.09588515E+02  4.218E-02
1.09928715E+02  4.183E-02
1.10268915E+02  4.149E-02
1.10609115E+02  4.116E-02
1.10949315E+02  4.082E-02
1.11289515E+02  4.050E-02
1.11629715E+02  4.017E-02
1.11969915E+02  3.986E-02
1.12310115E+02  3.954E-02
1.12650315E+02  3.924E-02
1.12990515E+02  3.893E-02
1.13330715E+02  3.863E-02
1.13670915E+02  3.833E-02
1.14011115E+02  3.804E-02
1.14351315E+02  3.775E-02
1.14691515E+02  3.747E-02
1.15031715E+02  3.719E-02
1.15371915E+02  3.691E-02
1.15712115E+02  3.663E-02
1.16052315E+02  3.636E-02
1.16392515E+02  3.609E-02
1.16732715E+02  3.583E-02
1.17072915E+02  3.557E-02
1.17413115E+02  3.530E-02
1.17753315E+02  3.505E-02
1.18093515E+02  3.479E-02
1.18433715E+02  3.454E-02
1.18773915E+02  3.429E-02
1.19114115E+02  3.404E-02
1.19454315E+02  3.379E-02
1.19794515E+02  3.355E-02
1.20134715E+02  3.330E-02
1.20474915E+02  3.306E-02
1.20815115E+02  3.282E-02
1.21155315E+02  3.258E-02
1.21495515E+02  3.234E-02
1.21835715E+02  3.211E-02
1.22175915E+02  3.187E-02
1.22516115E+02  3.164E-02
1.22856315E+02  3.140E-02
1.23196515E+02  3.117E-02
1.23536715E+02  3.094E-02
1.23876915E+02  3.071E-02
1.24217115E+02  3.048E-02
1.24557315E+02  3.026E-02
1.24897515E+02  3.003E-02
1.25237715E+02  2.981E-02
1.25577915E+02  2.958E-02
1.25918115E+02  2.936E-02
1.26258315E+02  2.914E-02
1.26598515E+02  2.892E-02
1.26938715E+02  2.870E-02
1.27278915E+02  2.848E-02
1.27619115E+02  2.826E-02
1.27959315E+02  2.805E-02
1.28299515E+02  2.784E-02
1.28639715E+02  2.762E-02
1.28979915E+02  2.741E-02
1.29320115E+02  2.720E-02
1.29660315E+02  2.700E-02
1.30000515E+02  2.679E-02
1.30340715E+02  2.659E-02
1.30680915E+02  2.639E-02
1.31021115E+02  2.619E-02
1.31361315E+02  2.599E-02
1.31701515E+02  2.579E-02
1.32041715E+02  2.560E-02
1.32381915E+02  2.541E-02
1.32722115E+02  2.522E-02
1.33062315E+02  2.503E-02
1.33402515E+02  2.484E-02
1.33742715E+02  2.466E-02
1.34082915E+02  2.448E-02
1.34423115E+02  2.430E-02
1.34763315E+02  2.413E-02
1.35103515E+02  2.396E-02
1.35443715E+02  2.379E-02
1.35783915E+02  2.362E-02
1.36124115E+02  2.345E-02
1.36464315E+02  2.329E-02
1.36804515E+02  2.313E-02
1.37144715E+02  2.297E-02
1.37484915E+02  2.282E-02
1.37825115E+02  2.266E-02
1.38165315E+02  2.251E-02
1.38505515E+02  2.237E-02
1.38845715E+02  2.222E-02
1.39185915E+02  2.208E-02
1.39526115E+02  2.194E-02
1.39866315E+02  2.180E-02
1.40206515E+02  2.166E-02
1.40546715E+02  2.153E-02
1.40886915E+02  2.140E-02
1.41227115E+02  2.127E-02
1.41567315E+02  2.114E-02
1.41907515E+02  2.102E-02
1.42247715E+02  2.089E-02
1.42587915E+02  2.077E-02
1.42928115E+02  2.065E-02
1.43268315E+02  2.053E-02
1.43608515E+02  2.041E-02
1.43948715E+02  2.030E-02
1.44288915E+02  2.019E-02
1.44629115E+02  2.007E-02
1.44969315E+02  1.996E-02
1.45309515E+02  1.985E-02
1.45649715E+02  1.974E-02
1.45989915E+02  1.963E-02
1.46330115E+02  1.953E-02
1.46670315E+02  1.942E-02
1.47010515E+02  1.931E-02
1.47350715E+02  1.921E-02
1.47690915E+02  1.910E-02
1.48031115E+02  1.900E-02
1.48371315E+02  1.889E-02
1.48711515E+02  1.879E-02
1.49051715E+02  1.869E-02
1.49391915E+02  1.858E-02
1.49732115E+02  1.848E-02
1.50072315E+02  1.838E-02
1.50412515E+02  1.827E-02
1.50752715E+02  1.817E-02
1.51092915E+02  1.807E-02
1.51433115E+02  1.796E-02
1.51773315E+02  1.786E-02
1.52113515E+02  1.775E-02
1.52453715E+02  1.765E-02
1.52793915E+02  1.754E-02
1.53134115E+02  1.744E-02
1.53474315E+02  1.733E-02
1.53814515E+02  1.722E-02
1.54154715E+02  1.712E-02
1.54494915E+02  1.701E-02
1.54835115E+02  1.690E-02
1.55175315E+02  1.680E-02
1.55515515E+02  1.669E-02
1.55855715E+02  1.658E-02
1.56195915E+02  1.647E-02
1.56536115E+02  1.636E-02
1.56876315E+02  1.626E-02
1.57216515E+02  1.615E-02
1.57556715E+02  1.604E-02
1.57896915E+02  1.593E-02
1.58237115E+02  1.582E-02
1.58577315E+02  1.571E-02
1.58917515E+02  1.561E-02
1.59257715E+02  1.550E-02
1.59597915E+02  1.539E-02
1.59938115E+02  1.528E-02
1.60278315E+02  1.518E-02
1.60618515E+02  1.507E-02
1.60958715E+02  1.496E-02
1.61298915E+02  1.486E-02
1.61639115E+02  1.476E-02
1.61979315E+02  1.465E-02
1.62319515E+02  1.455E-02
1.62659715E+02  1.445E-02
1.62999915E+02  1.435E-02
1.63340115E+02  1.425E-02
1.63680315E+02  1.415E-02
1.64020515E+02  1.405E-02
1.64360715E+02  1.396E-02
1.64700915E+02  1.386E-02
1.65041115E+02  1.377E-02
1.65381315E+02  1.368E-02
1.65721515E+02  1.359E-02
1.66061715E+02  1.350E-02
1.66401915E+02  1.341E-02
1.66742115E+02  1.333E-02
1.67082315E+02  1.324E-02
1.67422515E+02  1.316E-02
1.67762715E+02  1.308E-02
1.68102915E+02  1.300E-02
1.68443115E+02  1.292E-02
1.68783315E+02  1.285E-02
1.69123515E+02  1.278E-02
1.69463715E+02  1.270E-02
1.69803915E+02  1.263E-02
1.70144115E+02  1.256E-02
1.70484315E+02  1.250E-02
1.70824515E+02  1.243E-02
1.71164715E+02  1.237E-02
1.71504915E+02  1.231E-02
1.71845115E+02  1.225E-02
1.72185315E+02  1.219E-02
1.72525515E+02  1.213E-02
1.72865715E+02  1.208E-02
1.73205915E+02  1.202E-02
1.73546115E+02  1.197E-02
1.73886315E+02  1.192E-02
1.74226515E+02  1.187E-02
1.74566715E+02  1.182E-02
1.74906915E+02  1.177E-02
1.75247115E+02  1.173E-02
1.75587315E+02  1.168E-02
1.75927515E+02  1.164E-02
1.76267715E+02  1.160E-02
1.76607915E+02  1.155E-02
1.76948115E+02  1.151E-02
1.77288315E+02  1.147E-02
1.77628515E+02  1.143E-02
1.77968715E+02  1.139E-02
1.78308915E+02  1.135E-02
1.78649115E+02  1.131E-02
1.78989315E+02  1.127E-02
1.79329515E+02  1.124E-02
1.79669715E+02  1.120E-02
1.80009915E+02  1.116E-02
1.80350115E+02  1.112E-02
1.80690315E+02  1.108E-02
1.81030515E+02  1.104E-02
1.81370715E+02  1.101E-02
1.81710915E+02  1.097E-02
1.82051115E+02  1.093E-02
1.82391315E+02  1.089E-02
1.82731515E+02  1.085E-02
1.83071715E+02  1.081E-02
1.83411915E+02  1.076E-02
1.83752115E+02  1.072E-02
1.84092315E+02  1.068E-02
1.84432515E+02  1.063E-02
1.84772715E+02  1.059E-02
1.85112915E+02  1.054E-02
1.85453115E+02  1.050E-02
1.85793315E+02  1.045E-02
1.86133515E+02  1.040E-02
1.86473715E+02  1.035E-02
1.86813915E+02  1.030E-02
1.87154115E+02  1.025E-02
1.87494315E+02  1.019E-02
1.87834515E+02  1.014E-02
1.88174715E+02  1.008E-02
1.88514915E+02  1.003E-02
1.88855115E+02  9.968E-03
1.89195315E+02  9.910E-03
1.89535515E+02  9.850E-03
1.89875715E+02  9.789E-03
1.90215915E+02  9.728E-03
1.90556115E+02  9.665E-03
1.90896315E+02  9.602E-03
1.91236515E+02  9.538E-03
1.91576715E+02  9.473E-03
1.91916915E+02  9.407E-03
1.92257115E+02  9.341E-03
1.92597315E+02  9.274E-03
1.92937515E+02  9.207E-03
1.93277715E+02  9.139E-03
1.93617915E+02  9.071E-03
1.93958115E+02  9.002E-03
1.94298315E+02  8.933E-03
1.94638515E+02  8.865E-03
1.94978715E+02  8.796E-03
1.95318915E+02  8.727E-03
1.95659115E+02  8.658E-03
1.95999315E+02  8.589E-03
1.96339515E+02  8.521E-03
1.96679715E+02  8.453E-03
1.97019915E+02  8.386E-03
1.97360115E+02  8.319E-03
1.97700315E+02  8.252E-03
1.98040515E+02  8.187E-03
1.98380715E+02  8.122E-03
1.98720915E+02  8.058E-03
1.99061115E+02  7.995E-03
1.99401315E+02  7.933E-03
1.99741515E+02  7.872E-03
2.00081715E+02  7.812E-03
2.00421915E+02  7.753E-03
2.00762115E+02  7.696E-03
2.01102315E+02  7.640E-03
2.01442515E+02  7.586E-03
2.01782715E+02  7.533E-03
2.02122915E+02  7.481E-03
2.02463115E+02  7.431E-03
2.02803315E+02  7.383E-03
2.03143515E+02  7.337E-03
2.03483715E+02  7.292E-03
2.03823915E+02  7.250E-03
2.04164115E+02  7.209E-03
2.04504315E+02  7.170E-03
