1.14056951E+00  1.366E+00
1.14076951E+00  1.328E+00
1.14096951E+00  1.317E+00
1.14116951E+00  1.301E+00
1.14136951E+00  1.275E+00
1.14156951E+00  1.292E+00
1.14176951E+00  1.287E+00
1.14196951E+00  1.289E+00
1.14216951E+00  1.292E+00
1.14236951E+00  1.219E+00
1.14256951E+00  1.340E+00
1.14276951E+00  1.279E+00
1.14296951E+00  1.407E+00
1.14316951E+00  1.458E+00
1.14336951E+00  1.473E+00
1.14356951E+00  1.784E+00
1.14376951E+00  1.859E+00
1.14396951E+00  2.070E+00
1.14416951E+00  2.348E+00
1.14436951E+00  2.575E+00
1.14456951E+00  3.148E+00
1.14476951E+00  3.839E+00
1.14496951E+00  4.408E+00
1.14516951E+00  4.185E+00
1.14536951E+00  5.157E+00
1.14556951E+00  5.483E+00
1.14576951E+00  5.407E+00
1.14596951E+00  5.266E+00
1.14616951E+00  5.289E+00
1.14636951E+00  4.992E+00
1.14656951E+00  4.831E+00
1.14676951E+00  4.691E+00
1.14696951E+00  4.282E+00
1.14716951E+00  4.278E+00
1.14736951E+00  3.990E+00
1.14756951E+00  3.928E+00
1.14776951E+00  3.558E+00
1.14796951E+00  3.329E+00
1.14816951E+00  3.488E+00
1.14836951E+00  3.339E+00
1.14856951E+00  3.125E+00
1.14876951E+00  3.004E+00
1.14896951E+00  2.979E+00
1.14916951E+00  2.858E+00
1.14936951E+00  2.799E+00
1.14956951E+00  2.633E+00
1.14976951E+00  2.602E+00
1.14996951E+00  2.508E+00
1.15016951E+00  2.423E+00
1.15036951E+00  2.544E+00
1.15056951E+00  2.403E+00
1.15076951E+00  2.291E+00
1.15096951E+00  2.226E+00
1.15116951E+00  2.169E+00
1.15136951E+00  2.117E+00
1.15156951E+00  2.069E+00
1.15176951E+00  2.024E+00
1.15196951E+00  1.978E+00
1.15216951E+00  1.926E+00
1.15236951E+00  1.855E+00
1.15256951E+00  1.756E+00
1.15276951E+00  1.774E+00
1.15296951E+00  1.806E+00
1.15316951E+00  1.803E+00
1.15336951E+00  1.808E+00
1.15356951E+00  1.788E+00
1.15376951E+00  1.772E+00
1.15396951E+00  1.755E+00
1.15416951E+00  1.738E+00
1.15436951E+00  1.725E+00
1.15456951E+00  1.722E+00
1.15476951E+00  1.675E+00
1.15496951E+00  1.658E+00
1.15516951E+00  1.642E+00
1.15536951E+00  1.630E+00
1.15556951E+00  1.626E+00
1.15576951E+00  1.624E+00
1.15596951E+00  1.614E+00
1.15616951E+00  1.587E+00
1.15636951E+00  1.573E+00
1.15656951E+00  1.576E+00
1.15676951E+00  1.573E+00
1.15696951E+00  1.576E+00
1.15716951E+00  1.578E+00
1.15736951E+00  1.580E+00
1.15756951E+00  1.583E+00
1.15776951E+00  1.562E+00
1.15796951E+00  1.563E+00
1.15816951E+00  1.562E+00
1.15836951E+00  1.550E+00
1.15856951E+00  1.552E+00
1.15876951E+00  1.555E+00
1.15896951E+00  1.547E+00
1.15916951E+00  1.554E+00
1.15936951E+00  1.553E+00
1.15956951E+00  1.548E+00
1.15976951E+00  1.538E+00
1.15996951E+00  1.533E+00
1.16016951E+00  1.527E+00
1.16036951E+00  1.514E+00
1.16056951E+00  1.482E+00
1.16076951E+00  1.387E+00
1.16096951E+00  1.531E+00
1.16116951E+00  1.552E+00
1.16136951E+00  1.550E+00
1.16156951E+00  1.523E+00
1.16176951E+00  1.522E+00
1.16196951E+00  1.534E+00
1.16216951E+00  1.520E+00
1.16236951E+00  1.536E+00
1.16256951E+00  1.531E+00
1.16276951E+00  1.531E+00
1.16296951E+00  1.528E+00
1.16316951E+00  1.494E+00
1.16336951E+00  1.493E+00
1.16356951E+00  1.492E+00
1.16376951E+00  1.490E+00
1.16396951E+00  1.471E+00
1.16416951E+00  1.454E+00
1.16436951E+00  1.507E+00
1.16456951E+00  1.499E+00
1.16476951E+00  1.491E+00
1.16496951E+00  1.510E+00
1.16516951E+00  1.496E+00
1.16536951E+00  1.500E+00
1.16556951E+00  1.479E+00
1.16576951E+00  1.438E+00
1.16596951E+00  1.437E+00
1.16616951E+00  1.511E+00
1.16636951E+00  1.507E+00
1.16656951E+00  1.507E+00
1.16676951E+00  1.493E+00
1.16696951E+00  1.498E+00
1.16716951E+00  1.500E+00
1.16736951E+00  1.503E+00
1.16756951E+00  1.471E+00
1.16776951E+00  1.483E+00
1.16796951E+00  1.488E+00
1.16816951E+00  1.498E+00
1.16836951E+00  1.492E+00
1.16856951E+00  1.483E+00
1.16876951E+00  1.463E+00
1.16896951E+00  1.444E+00
1.16916951E+00  1.422E+00
1.16936951E+00  1.386E+00
1.16956951E+00  1.494E+00
1.16976951E+00  1.514E+00
1.16996951E+00  1.510E+00
1.17016951E+00  1.506E+00
1.17036951E+00  1.500E+00
1.17056951E+00  1.492E+00
1.17076951E+00  1.484E+00
1.17096951E+00  1.474E+00
1.17116951E+00  1.473E+00
1.17136951E+00  1.469E+00
1.17156951E+00  1.463E+00
1.17176951E+00  1.445E+00
1.17196951E+00  1.417E+00
1.17216951E+00  1.470E+00
1.17236951E+00  1.473E+00
1.17256951E+00  1.472E+00
1.17276951E+00  1.470E+00
1.17296951E+00  1.446E+00
1.17316951E+00  1.449E+00
1.17336951E+00  1.443E+00
1.17356951E+00  1.431E+00
1.17376951E+00  1.399E+00
1.17396951E+00  1.461E+00
1.17416951E+00  1.458E+00
1.17436951E+00  1.458E+00
1.17456951E+00  1.439E+00
1.17476951E+00  1.437E+00
1.17496951E+00  1.423E+00
1.17516951E+00  1.448E+00
1.17536951E+00  1.454E+00
1.17556951E+00  1.455E+00
1.17576951E+00  1.424E+00
1.17596951E+00  1.427E+00
1.17616951E+00  1.366E+00
1.17636951E+00  1.451E+00
1.17656951E+00  1.436E+00
1.17676951E+00  1.417E+00
1.17696951E+00  1.398E+00
1.17716951E+00  1.444E+00
1.17736951E+00  1.419E+00
1.17756951E+00  1.418E+00
1.17776951E+00  1.444E+00
1.17796951E+00  1.421E+00
1.17816951E+00  1.403E+00
1.17836951E+00  1.434E+00
1.17856951E+00  1.414E+00
1.17876951E+00  1.434E+00
1.17896951E+00  1.398E+00
1.17916951E+00  1.419E+00
1.17936951E+00  1.396E+00
1.17956951E+00  1.383E+00
1.17976951E+00  1.402E+00
1.17996951E+00  1.410E+00
1.18016951E+00  1.426E+00
1.18036951E+00  1.429E+00
1.18056951E+00  1.383E+00
1.18076951E+00  1.422E+00
1.18096951E+00  1.424E+00
1.18116951E+00  1.388E+00
1.18136951E+00  1.423E+00
1.18156951E+00  1.423E+00
1.18176951E+00  1.395E+00
1.18196951E+00  1.398E+00
1.18216951E+00  1.412E+00
1.18236951E+00  1.400E+00
1.18256951E+00  1.404E+00
1.18276951E+00  1.385E+00
1.18296951E+00  1.404E+00
1.18316951E+00  1.410E+00
1.18336951E+00  1.404E+00
1.18356951E+00  1.371E+00
1.18376951E+00  1.399E+00
1.18396951E+00  1.389E+00
1.18416951E+00  1.385E+00
1.18436951E+00  1.388E+00
1.18456951E+00  1.382E+00
1.18476951E+00  1.380E+00
1.18496951E+00  1.373E+00
1.18516951E+00  1.371E+00
1.18536951E+00  1.360E+00
1.18556951E+00  1.364E+00
1.18576951E+00  1.368E+00
1.18596951E+00  1.358E+00
1.18616951E+00  1.360E+00
1.18636951E+00  1.356E+00
1.18656951E+00  1.353E+00
1.18676951E+00  1.348E+00
1.18696951E+00  1.342E+00
1.18716951E+00  1.331E+00
1.18736951E+00  1.334E+00
1.18756951E+00  1.328E+00
1.18776951E+00  1.323E+00
1.18796951E+00  1.312E+00
1.18816951E+00  1.286E+00
1.18836951E+00  1.309E+00
1.18856951E+00  1.322E+00
1.18876951E+00  1.328E+00
1.18896951E+00  1.332E+00
1.18916951E+00  1.333E+00
1.18936951E+00  1.332E+00
1.18956951E+00  1.328E+00
1.18976951E+00  1.321E+00
1.18996951E+00  1.312E+00
1.19016951E+00  1.303E+00
1.19036951E+00  1.302E+00
1.19056951E+00  1.305E+00
1.19076951E+00  1.306E+00
1.19096951E+00  1.302E+00
1.19116951E+00  1.296E+00
1.19136951E+00  1.289E+00
1.19156951E+00  1.282E+00
1.19176951E+00  1.275E+00
1.19196951E+00  1.267E+00
1.19216951E+00  1.260E+00
1.19236951E+00  1.254E+00
1.19256951E+00  1.252E+00
1.19276951E+00  1.255E+00
1.19296951E+00  1.265E+00
1.19316951E+00  1.277E+00
1.19336951E+00  1.284E+00
1.19356951E+00  1.278E+00
1.19376951E+00  1.281E+00
1.19396951E+00  1.274E+00
1.19416951E+00  1.256E+00
1.19436951E+00  1.221E+00
1.19456951E+00  1.162E+00
1.19476951E+00  1.080E+00
1.19496951E+00  1.034E+00
1.19516951E+00  1.052E+00
1.19536951E+00  9.882E-01
1.19556951E+00  9.548E-01
1.19576951E+00  9.463E-01
1.19596951E+00  9.529E-01
1.19616951E+00  9.673E-01
1.19636951E+00  9.962E-01
1.19656951E+00  1.054E+00
1.19676951E+00  1.167E+00
1.19696951E+00  1.383E+00
1.19716951E+00  1.805E+00
1.19736951E+00  2.590E+00
1.19756951E+00  4.061E+00
1.19776951E+00  6.228E+00
1.19796951E+00  7.874E+00
1.19816951E+00  8.346E+00
1.19836951E+00  9.471E+00
1.19856951E+00  9.738E+00
1.19876951E+00  9.285E+00
1.19896951E+00  6.259E+00
1.19916951E+00  4.096E+00
1.19936951E+00  3.604E+00
1.19956951E+00  3.635E+00
1.19976951E+00  3.055E+00
1.19996951E+00  2.769E+00
1.20016951E+00  2.564E+00
1.20036951E+00  2.417E+00
1.20056951E+00  2.311E+00
1.20076951E+00  2.246E+00
1.20096951E+00  2.177E+00
1.20116951E+00  2.116E+00
1.20136951E+00  2.064E+00
1.20156951E+00  1.969E+00
1.20176951E+00  1.987E+00
1.20196951E+00  1.957E+00
1.20216951E+00  1.926E+00
1.20236951E+00  1.912E+00
1.20256951E+00  1.892E+00
1.20276951E+00  1.870E+00
1.20296951E+00  1.805E+00
1.20316951E+00  1.839E+00
1.20336951E+00  1.820E+00
1.20356951E+00  1.799E+00
1.20376951E+00  1.774E+00
1.20396951E+00  1.751E+00
1.20416951E+00  1.730E+00
1.20436951E+00  1.709E+00
1.20456951E+00  1.702E+00
1.20476951E+00  1.691E+00
1.20496951E+00  1.676E+00
1.20516951E+00  1.670E+00
1.20536951E+00  1.665E+00
1.20556951E+00  1.658E+00
1.20576951E+00  1.656E+00
1.20596951E+00  1.653E+00
1.20616951E+00  1.628E+00
1.20636951E+00  1.642E+00
1.20656951E+00  1.644E+00
1.20676951E+00  1.636E+00
1.20696951E+00  1.635E+00
1.20716951E+00  1.622E+00
1.20736951E+00  1.588E+00
1.20756951E+00  1.625E+00
1.20776951E+00  1.618E+00
1.20796951E+00  1.618E+00
1.20816951E+00  1.614E+00
1.20836951E+00  1.617E+00
1.20856951E+00  1.609E+00
1.20876951E+00  1.603E+00
1.20896951E+00  1.606E+00
1.20916951E+00  1.605E+00
1.20936951E+00  1.606E+00
1.20956951E+00  1.602E+00
1.20976951E+00  1.594E+00
1.20996951E+00  1.592E+00
1.21016951E+00  1.595E+00
1.21036951E+00  1.586E+00
1.21056951E+00  1.579E+00
1.21076951E+00  1.578E+00
1.21096951E+00  1.575E+00
1.21116951E+00  1.569E+00
1.21136951E+00  1.560E+00
1.21156951E+00  1.563E+00
1.21176951E+00  1.561E+00
1.21196951E+00  1.553E+00
1.21216951E+00  1.559E+00
1.21236951E+00  1.554E+00
1.21256951E+00  1.553E+00
1.21276951E+00  1.551E+00
1.21296951E+00  1.551E+00
1.21316951E+00  1.546E+00
1.21336951E+00  1.547E+00
1.21356951E+00  1.547E+00
1.21376951E+00  1.544E+00
1.21396951E+00  1.543E+00
1.21416951E+00  1.543E+00
1.21436951E+00  1.539E+00
1.21456951E+00  1.541E+00
1.21476951E+00  1.539E+00
1.21496951E+00  1.537E+00
1.21516951E+00  1.537E+00
1.21536951E+00  1.536E+00
1.21556951E+00  1.535E+00
1.21576951E+00  1.532E+00
1.21596951E+00  1.531E+00
1.21616951E+00  1.530E+00
1.21636951E+00  1.529E+00
1.21656951E+00  1.528E+00
1.21676951E+00  1.527E+00
1.21696951E+00  1.526E+00
1.21716951E+00  1.525E+00
1.21736951E+00  1.524E+00
1.21756951E+00  1.523E+00
1.21776951E+00  1.522E+00
1.21796951E+00  1.521E+00
1.21816951E+00  1.519E+00
1.21836951E+00  1.518E+00
1.21856951E+00  1.516E+00
1.21876951E+00  1.515E+00
1.21896951E+00  1.514E+00
1.21916951E+00  1.512E+00
1.21936951E+00  1.511E+00
1.21956951E+00  1.509E+00
1.21976951E+00  1.507E+00
1.21996951E+00  1.505E+00
1.22016951E+00  1.502E+00
1.22036951E+00  1.499E+00
1.22056951E+00  1.496E+00
1.22076951E+00  1.492E+00
1.22096951E+00  1.489E+00
1.22116951E+00  1.486E+00
1.22136951E+00  1.485E+00
1.22156951E+00  1.488E+00
1.22176951E+00  1.497E+00
1.22196951E+00  1.505E+00
1.22216951E+00  1.505E+00
1.22236951E+00  1.500E+00
1.22256951E+00  1.494E+00
1.22276951E+00  1.491E+00
1.22296951E+00  1.492E+00
1.22316951E+00  1.495E+00
1.22336951E+00  1.497E+00
1.22356951E+00  1.498E+00
1.22376951E+00  1.499E+00
1.22396951E+00  1.500E+00
1.22416951E+00  1.500E+00
1.22436951E+00  1.501E+00
1.22456951E+00  1.501E+00
1.22476951E+00  1.501E+00
1.22496951E+00  1.501E+00
1.22516951E+00  1.502E+00
1.22536951E+00  1.504E+00
1.22556951E+00  1.507E+00
1.22576951E+00  1.509E+00
1.22596951E+00  1.511E+00
1.22616951E+00  1.511E+00
1.22636951E+00  1.511E+00
1.22656951E+00  1.510E+00
1.22676951E+00  1.509E+00
1.22696951E+00  1.508E+00
1.22716951E+00  1.508E+00
1.22736951E+00  1.507E+00
1.22756951E+00  1.506E+00
1.22776951E+00  1.506E+00
1.22796951E+00  1.505E+00
1.22816951E+00  1.505E+00
1.22836951E+00  1.504E+00
1.22856951E+00  1.504E+00
1.22876951E+00  1.503E+00
1.22896951E+00  1.503E+00
1.22916951E+00  1.502E+00
1.22936951E+00  1.502E+00
1.22956951E+00  1.501E+00
1.22976951E+00  1.501E+00
1.22996951E+00  1.500E+00
1.23016951E+00  1.500E+00
1.23036951E+00  1.500E+00
1.23056951E+00  1.499E+00
1.23076951E+00  1.499E+00
1.23096951E+00  1.499E+00
1.23116951E+00  1.498E+00
1.23136951E+00  1.498E+00
1.23156951E+00  1.497E+00
1.23176951E+00  1.496E+00
1.23196951E+00  1.496E+00
1.23216951E+00  1.495E+00
1.23236951E+00  1.495E+00
1.23256951E+00  1.494E+00
1.23276951E+00  1.494E+00
1.23296951E+00  1.493E+00
1.23316951E+00  1.492E+00
1.23336951E+00  1.490E+00
1.23356951E+00  1.489E+00
1.23376951E+00  1.488E+00
1.23396951E+00  1.488E+00
1.23416951E+00  1.487E+00
1.23436951E+00  1.487E+00
1.23456951E+00  1.486E+00
1.23476951E+00  1.486E+00
1.23496951E+00  1.485E+00
1.23516951E+00  1.485E+00
1.23536951E+00  1.484E+00
1.23556951E+00  1.484E+00
1.23576951E+00  1.484E+00
1.23596951E+00  1.483E+00
1.23616951E+00  1.483E+00
1.23636951E+00  1.483E+00
1.23656951E+00  1.483E+00
1.23676951E+00  1.483E+00
1.23696951E+00  1.483E+00
1.23716951E+00  1.483E+00
1.23736951E+00  1.483E+00
1.23756951E+00  1.483E+00
1.23776951E+00  1.483E+00
1.23796951E+00  1.482E+00
1.23816951E+00  1.482E+00
1.23836951E+00  1.481E+00
1.23856951E+00  1.480E+00
1.23876951E+00  1.480E+00
1.23896951E+00  1.479E+00
1.23916951E+00  1.478E+00
1.23936951E+00  1.477E+00
1.23956951E+00  1.476E+00
1.23976951E+00  1.475E+00
1.23996951E+00  1.473E+00
1.24016951E+00  1.472E+00
1.24036951E+00  1.470E+00
1.24056951E+00  1.469E+00
1.24076951E+00  1.467E+00
1.24096951E+00  1.465E+00
1.24116951E+00  1.463E+00
1.24136951E+00  1.461E+00
1.24156951E+00  1.459E+00
1.24176951E+00  1.456E+00
1.24196951E+00  1.454E+00
1.24216951E+00  1.451E+00
1.24236951E+00  1.449E+00
1.24256951E+00  1.446E+00
1.24276951E+00  1.443E+00
1.24296951E+00  1.441E+00
1.24316951E+00  1.440E+00
1.24336951E+00  1.442E+00
1.24356951E+00  1.443E+00
1.24376951E+00  1.442E+00
1.24396951E+00  1.439E+00
1.24416951E+00  1.435E+00
1.24436951E+00  1.431E+00
1.24456951E+00  1.426E+00
1.24476951E+00  1.422E+00
1.24496951E+00  1.418E+00
1.24516951E+00  1.413E+00
1.24536951E+00  1.408E+00
1.24556951E+00  1.402E+00
1.24576951E+00  1.397E+00
1.24596951E+00  1.390E+00
1.24616951E+00  1.384E+00
1.24636951E+00  1.377E+00
1.24656951E+00  1.369E+00
1.24676951E+00  1.361E+00
1.24696951E+00  1.353E+00
1.24716951E+00  1.345E+00
1.24736951E+00  1.337E+00
1.24756951E+00  1.330E+00
1.24776951E+00  1.325E+00
1.24796951E+00  1.323E+00
1.24816951E+00  1.325E+00
1.24836951E+00  1.332E+00
1.24856951E+00  1.343E+00
1.24876951E+00  1.358E+00
1.24896951E+00  1.373E+00
1.24916951E+00  1.388E+00
1.24936951E+00  1.401E+00
1.24956951E+00  1.414E+00
1.24976951E+00  1.427E+00
1.24996951E+00  1.442E+00
1.25016951E+00  1.457E+00
1.25036951E+00  1.472E+00
1.25056951E+00  1.483E+00
1.25076951E+00  1.491E+00
1.25096951E+00  1.496E+00
1.25116951E+00  1.499E+00
1.25136951E+00  1.499E+00
1.25156951E+00  1.498E+00
1.25176951E+00  1.495E+00
1.25196951E+00  1.492E+00
1.25216951E+00  1.488E+00
1.25236951E+00  1.483E+00
1.25256951E+00  1.479E+00
1.25276951E+00  1.474E+00
1.25296951E+00  1.469E+00
1.25316951E+00  1.465E+00
1.25336951E+00  1.460E+00
1.25356951E+00  1.455E+00
1.25376951E+00  1.449E+00
1.25396951E+00  1.443E+00
1.25416951E+00  1.436E+00
1.25436951E+00  1.429E+00
1.25456951E+00  1.421E+00
1.25476951E+00  1.411E+00
1.25496951E+00  1.398E+00
1.25516951E+00  1.408E+00
1.25536951E+00  1.400E+00
1.25556951E+00  1.390E+00
1.25576951E+00  1.381E+00
1.25596951E+00  1.372E+00
1.25616951E+00  1.362E+00
1.25636951E+00  1.353E+00
1.25656951E+00  1.343E+00
1.25676951E+00  1.332E+00
1.25696951E+00  1.321E+00
1.25716951E+00  1.309E+00
1.25736951E+00  1.296E+00
1.25756951E+00  1.283E+00
1.25776951E+00  1.268E+00
1.25796951E+00  1.253E+00
1.25816951E+00  1.236E+00
1.25836951E+00  1.216E+00
1.25856951E+00  1.195E+00
1.25876951E+00  1.172E+00
1.25896951E+00  1.143E+00
1.25916951E+00  1.109E+00
1.25936951E+00  1.085E+00
1.25956951E+00  1.075E+00
1.25976951E+00  1.070E+00
1.25996951E+00  1.071E+00
1.26016951E+00  1.088E+00
1.26036951E+00  1.144E+00
1.26056951E+00  1.289E+00
1.26076951E+00  1.657E+00
1.26096951E+00  2.650E+00
1.26116951E+00  5.517E+00
1.26136951E+00  1.116E+01
1.26156951E+00  1.052E+01
1.26176951E+00  6.719E+00
1.26196951E+00  4.998E+00
1.26216951E+00  6.300E+00
1.26236951E+00  4.516E+00
1.26256951E+00  3.098E+00
1.26276951E+00  3.043E+00
1.26296951E+00  4.339E+00
1.26316951E+00  7.647E+00
1.26336951E+00  1.282E+01
1.26356951E+00  1.208E+01
1.26376951E+00  6.983E+00
1.26396951E+00  6.829E+00
1.26416951E+00  4.649E+00
1.26436951E+00  3.899E+00
1.26456951E+00  3.475E+00
1.26476951E+00  3.193E+00
1.26496951E+00  2.988E+00
1.26516951E+00  2.834E+00
1.26536951E+00  2.712E+00
1.26556951E+00  2.613E+00
1.26576951E+00  2.531E+00
1.26596951E+00  2.462E+00
1.26616951E+00  2.403E+00
1.26636951E+00  2.352E+00
1.26656951E+00  2.308E+00
1.26676951E+00  2.268E+00
1.26696951E+00  2.233E+00
1.26716951E+00  2.201E+00
1.26736951E+00  2.173E+00
1.26756951E+00  2.147E+00
1.26776951E+00  2.123E+00
1.26796951E+00  2.102E+00
1.26816951E+00  2.082E+00
1.26836951E+00  2.063E+00
1.26856951E+00  2.047E+00
1.26876951E+00  2.032E+00
1.26896951E+00  2.018E+00
1.26916951E+00  2.008E+00
1.26936951E+00  2.003E+00
1.26956951E+00  2.011E+00
1.26976951E+00  2.120E+00
1.26996951E+00  1.843E+00
1.27016951E+00  1.828E+00
1.27036951E+00  1.866E+00
1.27056951E+00  1.869E+00
1.27076951E+00  1.867E+00
1.27096951E+00  1.861E+00
1.27116951E+00  1.853E+00
1.27136951E+00  1.843E+00
1.27156951E+00  1.830E+00
1.27176951E+00  1.811E+00
1.27196951E+00  1.775E+00
1.27216951E+00  1.652E+00
1.27236951E+00  2.282E+00
1.27256951E+00  1.939E+00
1.27276951E+00  1.887E+00
1.27296951E+00  1.863E+00
1.27316951E+00  1.847E+00
1.27336951E+00  1.835E+00
1.27356951E+00  1.825E+00
1.27376951E+00  1.816E+00
1.27396951E+00  1.809E+00
1.27416951E+00  1.801E+00
1.27436951E+00  1.795E+00
1.27456951E+00  1.788E+00
1.27476951E+00  1.782E+00
1.27496951E+00  1.777E+00
1.27516951E+00  1.771E+00
1.27536951E+00  1.766E+00
1.27556951E+00  1.760E+00
1.27576951E+00  1.755E+00
1.27596951E+00  1.749E+00
1.27616951E+00  1.744E+00
1.27636951E+00  1.739E+00
1.27656951E+00  1.733E+00
1.27676951E+00  1.728E+00
1.27696951E+00  1.722E+00
1.27716951E+00  1.715E+00
1.27736951E+00  1.703E+00
1.27756951E+00  1.672E+00
1.27776951E+00  1.630E+00
1.27796951E+00  1.620E+00
1.27816951E+00  1.613E+00
1.27836951E+00  1.597E+00
1.27856951E+00  1.577E+00
1.27876951E+00  1.587E+00
1.27896951E+00  1.759E+00
1.27916951E+00  1.793E+00
1.27936951E+00  1.718E+00
1.27956951E+00  1.745E+00
1.27976951E+00  1.714E+00
1.27996951E+00  1.665E+00
1.28016951E+00  1.640E+00
1.28036951E+00  1.625E+00
1.28056951E+00  1.614E+00
1.28076951E+00  1.604E+00
1.28096951E+00  1.594E+00
1.28116951E+00  1.583E+00
1.28136951E+00  1.571E+00
1.28156951E+00  1.557E+00
1.28176951E+00  1.542E+00
1.28196951E+00  1.525E+00
1.28216951E+00  1.506E+00
1.28236951E+00  1.485E+00
1.28256951E+00  1.463E+00
1.28276951E+00  1.441E+00
1.28296951E+00  1.422E+00
1.28316951E+00  1.411E+00
1.28336951E+00  1.406E+00
1.28356951E+00  1.398E+00
1.28376951E+00  1.380E+00
1.28396951E+00  1.353E+00
1.28416951E+00  1.326E+00
1.28436951E+00  1.309E+00
1.28456951E+00  1.325E+00
1.28476951E+00  1.429E+00
1.28496951E+00  1.785E+00
1.28516951E+00  2.850E+00
1.28536951E+00  4.886E+00
1.28556951E+00  5.272E+00
1.28576951E+00  4.116E+00
1.28596951E+00  3.211E+00
1.28616951E+00  2.633E+00
1.28636951E+00  2.264E+00
1.28656951E+00  2.945E+00
1.28676951E+00  4.270E+00
1.28696951E+00  3.062E+00
1.28716951E+00  2.615E+00
1.28736951E+00  2.384E+00
1.28756951E+00  2.235E+00
1.28776951E+00  2.126E+00
1.28796951E+00  2.040E+00
1.28816951E+00  1.971E+00
1.28836951E+00  1.915E+00
1.28856951E+00  1.874E+00
1.28876951E+00  1.855E+00
1.28896951E+00  1.877E+00
1.28916951E+00  2.014E+00
1.28936951E+00  2.740E+00
1.28956951E+00  4.176E+00
1.28976951E+00  1.074E+00
1.28996951E+00  1.172E+00
1.29016951E+00  1.343E+00
1.29036951E+00  1.649E+00
1.29056951E+00  2.234E+00
1.29076951E+00  3.303E+00
1.29096951E+00  4.972E+00
1.29116951E+00  6.640E+00
1.29136951E+00  7.018E+00
1.29156951E+00  6.232E+00
1.29176951E+00  4.537E+00
1.29196951E+00  3.307E+00
1.29216951E+00  2.475E+00
1.29236951E+00  1.951E+00
1.29256951E+00  1.651E+00
1.29276951E+00  1.548E+00
1.29296951E+00  1.247E+00
1.29316951E+00  1.259E+00
1.29336951E+00  1.310E+00
1.29356951E+00  1.352E+00
1.29376951E+00  1.399E+00
1.29396951E+00  1.444E+00
1.29416951E+00  1.487E+00
1.29436951E+00  1.525E+00
1.29456951E+00  1.557E+00
1.29476951E+00  1.581E+00
1.29496951E+00  1.588E+00
1.29516951E+00  1.504E+00
1.29536951E+00  1.870E+00
1.29556951E+00  1.774E+00
1.29576951E+00  1.771E+00
1.29596951E+00  1.779E+00
1.29616951E+00  1.789E+00
1.29636951E+00  1.798E+00
1.29656951E+00  1.806E+00
1.29676951E+00  1.813E+00
1.29696951E+00  1.820E+00
1.29716951E+00  1.827E+00
1.29736951E+00  1.834E+00
1.29756951E+00  1.840E+00
1.29776951E+00  1.845E+00
1.29796951E+00  1.848E+00
1.29816951E+00  1.853E+00
1.29836951E+00  1.861E+00
1.29856951E+00  1.864E+00
1.29876951E+00  1.867E+00
1.29896951E+00  1.878E+00
1.29916951E+00  1.884E+00
1.29936951E+00  1.891E+00
1.29956951E+00  1.898E+00
1.29976951E+00  1.904E+00
1.29996951E+00  1.907E+00
1.30016951E+00  1.905E+00
1.30036951E+00  1.893E+00
1.30056951E+00  1.868E+00
1.30076951E+00  1.836E+00
1.30096951E+00  1.805E+00
1.30116951E+00  1.781E+00
1.30136951E+00  1.765E+00
1.30156951E+00  1.762E+00
1.30176951E+00  1.770E+00
1.30196951E+00  1.784E+00
1.30216951E+00  1.801E+00
1.30236951E+00  1.824E+00
1.30256951E+00  1.856E+00
1.30276951E+00  1.906E+00
1.30296951E+00  2.001E+00
1.30316951E+00  2.249E+00
1.30336951E+00  3.886E+00
1.30356951E+00  1.994E+00
1.30376951E+00  1.465E+00
1.30396951E+00  1.513E+00
1.30416951E+00  1.543E+00
1.30436951E+00  1.556E+00
1.30456951E+00  1.557E+00
1.30476951E+00  1.545E+00
1.30496951E+00  1.514E+00
1.30516951E+00  1.440E+00
1.30536951E+00  1.694E+00
1.30556951E+00  2.440E+00
1.30576951E+00  2.082E+00
1.30596951E+00  1.903E+00
1.30616951E+00  1.844E+00
1.30636951E+00  1.817E+00
1.30656951E+00  1.800E+00
1.30676951E+00  1.788E+00
1.30696951E+00  1.776E+00
1.30716951E+00  1.764E+00
1.30736951E+00  1.751E+00
1.30756951E+00  1.721E+00
1.30776951E+00  2.021E+00
1.30796951E+00  1.798E+00
1.30816951E+00  1.781E+00
1.30836951E+00  1.775E+00
1.30856951E+00  1.779E+00
1.30876951E+00  1.776E+00
1.30896951E+00  1.777E+00
1.30916951E+00  1.779E+00
1.30936951E+00  1.782E+00
1.30956951E+00  1.785E+00
1.30976951E+00  1.789E+00
1.30996951E+00  1.794E+00
1.31016951E+00  1.801E+00
1.31036951E+00  1.810E+00
1.31056951E+00  1.823E+00
1.31076951E+00  1.845E+00
1.31096951E+00  1.882E+00
1.31116951E+00  1.959E+00
1.31136951E+00  2.166E+00
1.31156951E+00  3.373E+00
1.31176951E+00  2.930E+00
1.31196951E+00  1.502E+00
1.31216951E+00  1.511E+00
1.31236951E+00  1.533E+00
1.31256951E+00  1.547E+00
1.31276951E+00  1.573E+00
1.31296951E+00  1.392E+00
1.31316951E+00  1.460E+00
1.31336951E+00  1.415E+00
1.31356951E+00  1.286E+00
1.31376951E+00  8.786E-01
1.31396951E+00  2.533E+00
1.31416951E+00  1.871E+00
1.31436951E+00  1.753E+00
1.31456951E+00  1.694E+00
1.31476951E+00  1.654E+00
1.31496951E+00  1.615E+00
1.31516951E+00  1.534E+00
1.31536951E+00  1.631E+00
1.31556951E+00  1.590E+00
1.31576951E+00  1.569E+00
1.31596951E+00  1.553E+00
1.31616951E+00  1.541E+00
1.31636951E+00  1.532E+00
1.31656951E+00  1.528E+00
1.31676951E+00  1.564E+00
1.31696951E+00  2.282E+00
1.31716951E+00  2.308E+00
1.31736951E+00  1.800E+00
1.31756951E+00  1.717E+00
1.31776951E+00  1.516E+00
1.31796951E+00  1.610E+00
1.31816951E+00  1.602E+00
1.31836951E+00  1.584E+00
1.31856951E+00  1.554E+00
1.31876951E+00  1.497E+00
1.31896951E+00  1.344E+00
1.31916951E+00  1.335E+01
1.31936951E+00  2.084E+00
1.31956951E+00  1.850E+00
1.31976951E+00  1.768E+00
1.31996951E+00  1.704E+00
1.32016951E+00  1.755E+00
1.32036951E+00  1.672E+00
1.32056951E+00  1.769E+00
1.32076951E+00  1.700E+00
1.32096951E+00  1.665E+00
1.32116951E+00  1.532E+00
1.32136951E+00  1.532E+00
1.32156951E+00  1.508E+00
1.32176951E+00  1.504E+00
1.32196951E+00  1.518E+00
1.32216951E+00  1.527E+00
1.32236951E+00  1.521E+00
1.32256951E+00  1.466E+00
1.32276951E+00  9.746E-01
1.32296951E+00  1.685E+00
1.32316951E+00  2.171E+00
1.32336951E+00  1.706E+00
1.32356951E+00  1.702E+00
1.32376951E+00  1.676E+00
1.32396951E+00  1.657E+00
1.32416951E+00  1.624E+00
1.32436951E+00  1.614E+00
1.32456951E+00  1.577E+00
1.32476951E+00  1.526E+00
1.32496951E+00  3.070E+00
1.32516951E+00  1.488E+00
1.32536951E+00  4.731E+00
1.32556951E+00  1.621E+00
1.32576951E+00  1.428E+00
1.32596951E+00  1.469E+00
1.32616951E+00  1.349E+00
1.32636951E+00  1.731E+00
1.32656951E+00  1.710E+00
1.32676951E+00  5.508E+00
1.32696951E+00  3.114E+00
1.32716951E+00  1.953E+00
1.32736951E+00  2.267E+00
1.32756951E+00  2.284E+00
1.32776951E+00  1.946E+00
1.32796951E+00  1.840E+00
1.32816951E+00  1.699E+00
1.32836951E+00  1.895E+00
1.32856951E+00  2.415E+00
1.32876951E+00  2.231E+00
1.32896951E+00  1.954E+00
1.32916951E+00  1.963E+00
1.32936951E+00  1.899E+00
1.32956951E+00  1.899E+00
1.32976951E+00  2.152E+00
1.32996951E+00  1.918E+00
1.33016951E+00  1.850E+00
1.33036951E+00  1.788E+00
1.33056951E+00  1.250E+00
1.33076951E+00  1.960E+00
1.33096951E+00  1.804E+00
1.33116951E+00  1.729E+00
1.33136951E+00  1.852E+00
1.33156951E+00  1.777E+00
1.33176951E+00  1.685E+00
1.33196951E+00  1.821E+00
1.33216951E+00  1.729E+00
1.33236951E+00  1.835E+00
1.33256951E+00  1.723E+00
1.33276951E+00  1.742E+00
1.33296951E+00  1.680E+00
1.33316951E+00  1.712E+00
1.33336951E+00  1.594E+00
1.33356951E+00  1.964E+00
1.33376951E+00  3.247E+00
1.33396951E+00  1.803E+00
1.33416951E+00  1.726E+00
1.33436951E+00  1.269E+00
1.33456951E+00  1.616E+00
1.33476951E+00  1.802E+00
1.33496951E+00  1.718E+00
1.33516951E+00  1.617E+00
1.33536951E+00  1.554E+00
1.33556951E+00  1.836E+00
1.33576951E+00  1.875E+00
1.33596951E+00  1.823E+00
1.33616951E+00  1.805E+00
1.33636951E+00  1.792E+00
1.33656951E+00  1.783E+00
1.33676951E+00  1.766E+00
1.33696951E+00  1.804E+00
1.33716951E+00  1.811E+00
1.33736951E+00  1.798E+00
1.33756951E+00  1.796E+00
1.33776951E+00  1.792E+00
1.33796951E+00  1.785E+00
1.33816951E+00  1.781E+00
1.33836951E+00  1.781E+00
1.33856951E+00  1.778E+00
1.33876951E+00  1.775E+00
1.33896951E+00  1.772E+00
1.33916951E+00  1.773E+00
1.33936951E+00  1.768E+00
1.33956951E+00  1.766E+00
1.33976951E+00  1.764E+00
1.33996951E+00  1.762E+00
1.34016951E+00  1.760E+00
1.34036951E+00  1.757E+00
1.34056951E+00  1.756E+00
1.34076951E+00  1.754E+00
1.34096951E+00  1.751E+00
1.34116951E+00  1.749E+00
1.34136951E+00  1.747E+00
1.34156951E+00  1.744E+00
1.34176951E+00  1.740E+00
1.34196951E+00  1.740E+00
1.34216951E+00  1.737E+00
1.34236951E+00  1.732E+00
1.34256951E+00  1.722E+00
1.34276951E+00  1.715E+00
1.34296951E+00  1.716E+00
1.34316951E+00  1.715E+00
1.34336951E+00  1.715E+00
1.34356951E+00  1.710E+00
1.34376951E+00  1.706E+00
1.34396951E+00  1.701E+00
1.34416951E+00  1.697E+00
1.34436951E+00  1.691E+00
1.34456951E+00  1.685E+00
1.34476951E+00  1.677E+00
1.34496951E+00  1.668E+00
1.34516951E+00  1.654E+00
1.34536951E+00  1.634E+00
1.34556951E+00  1.621E+00
1.34576951E+00  1.611E+00
1.34596951E+00  1.594E+00
1.34616951E+00  1.586E+00
1.34636951E+00  1.573E+00
1.34656951E+00  1.555E+00
1.34676951E+00  1.534E+00
1.34696951E+00  1.508E+00
1.34716951E+00  1.480E+00
1.34736951E+00  1.448E+00
1.34756951E+00  1.414E+00
1.34776951E+00  1.378E+00
1.34796951E+00  1.343E+00
1.34816951E+00  1.309E+00
1.34836951E+00  1.280E+00
1.34856951E+00  1.259E+00
1.34876951E+00  1.244E+00
1.34896951E+00  1.238E+00
1.34916951E+00  1.240E+00
1.34936951E+00  1.249E+00
1.34956951E+00  1.260E+00
1.34976951E+00  1.271E+00
1.34996951E+00  1.282E+00
1.35016951E+00  1.289E+00
1.35036951E+00  1.292E+00
1.35056951E+00  1.286E+00
1.35076951E+00  1.267E+00
1.35096951E+00  1.225E+00
1.35116951E+00  1.178E+00
1.35136951E+00  1.319E+00
1.35156951E+00  4.564E+00
1.35176951E+00  2.017E+00
1.35196951E+00  1.605E+00
1.35216951E+00  2.213E+00
1.35236951E+00  1.894E+00
1.35256951E+00  1.774E+00
1.35276951E+00  1.702E+00
1.35296951E+00  1.680E+00
1.35316951E+00  1.652E+00
1.35336951E+00  1.618E+00
1.35356951E+00  1.582E+00
1.35376951E+00  1.536E+00
1.35396951E+00  1.473E+00
1.35416951E+00  1.382E+00
1.35436951E+00  1.637E+00
1.35456951E+00  3.732E+00
1.35476951E+00  2.194E+00
1.35496951E+00  2.029E+00
1.35516951E+00  1.967E+00
1.35536951E+00  1.840E+00
1.35556951E+00  1.706E+00
1.35576951E+00  1.524E+00
1.35596951E+00  2.054E+00
1.35616951E+00  1.891E+00
1.35636951E+00  1.805E+00
1.35656951E+00  1.814E+00
1.35676951E+00  1.820E+00
1.35696951E+00  1.819E+00
1.35716951E+00  1.806E+00
1.35736951E+00  1.787E+00
1.35756951E+00  1.791E+00
1.35776951E+00  1.799E+00
1.35796951E+00  1.799E+00
1.35816951E+00  1.783E+00
1.35836951E+00  1.726E+00
1.35856951E+00  2.105E+00
1.35876951E+00  1.893E+00
1.35896951E+00  1.879E+00
1.35916951E+00  1.896E+00
1.35936951E+00  1.772E+00
1.35956951E+00  1.646E+00
1.35976951E+00  1.699E+00
1.35996951E+00  1.760E+00
1.36016951E+00  1.754E+00
1.36036951E+00  1.731E+00
1.36056951E+00  1.655E+00
1.36076951E+00  1.800E+00
1.36096951E+00  1.777E+00
1.36116951E+00  1.771E+00
1.36136951E+00  1.767E+00
1.36156951E+00  1.767E+00
1.36176951E+00  1.772E+00
1.36196951E+00  1.778E+00
1.36216951E+00  1.781E+00
1.36236951E+00  1.779E+00
1.36256951E+00  1.771E+00
1.36276951E+00  1.782E+00
1.36296951E+00  1.788E+00
1.36316951E+00  1.792E+00
1.36336951E+00  1.791E+00
1.36356951E+00  1.736E+00
1.36376951E+00  1.715E+00
1.36396951E+00  1.737E+00
1.36416951E+00  1.734E+00
1.36436951E+00  1.741E+00
1.36456951E+00  1.742E+00
1.36476951E+00  1.736E+00
1.36496951E+00  1.736E+00
1.36516951E+00  1.672E+00
1.36536951E+00  1.655E+00
1.36556951E+00  1.631E+00
1.36576951E+00  1.619E+00
1.36596951E+00  1.601E+00
1.36616951E+00  1.632E+00
1.36636951E+00  1.681E+00
1.36656951E+00  1.662E+00
1.36676951E+00  1.760E+00
1.36696951E+00  1.782E+00
1.36716951E+00  1.786E+00
1.36736951E+00  1.796E+00
1.36756951E+00  1.803E+00
1.36776951E+00  1.806E+00
1.36796951E+00  1.773E+00
1.36816951E+00  1.633E+00
1.36836951E+00  1.458E+00
1.36856951E+00  1.338E+00
1.36876951E+00  2.085E+00
1.36896951E+00  2.464E+00
1.36916951E+00  1.936E+00
1.36936951E+00  1.820E+00
1.36956951E+00  1.760E+00
1.36976951E+00  1.662E+00
1.36996951E+00  1.562E+00
1.37016951E+00  1.643E+00
1.37036951E+00  1.573E+00
1.37056951E+00  1.650E+00
1.37076951E+00  1.562E+00
1.37096951E+00  1.283E+00
1.37116951E+00  2.177E+00
1.37136951E+00  1.523E+00
1.37156951E+00  1.570E+00
1.37176951E+00  1.643E+00
1.37196951E+00  1.683E+00
1.37216951E+00  1.675E+00
1.37236951E+00  1.674E+00
1.37256951E+00  1.656E+00
1.37276951E+00  1.655E+00
1.37296951E+00  1.648E+00
1.37316951E+00  1.643E+00
1.37336951E+00  1.652E+00
1.37356951E+00  1.647E+00
1.37376951E+00  1.629E+00
1.37396951E+00  1.609E+00
1.37416951E+00  1.607E+00
1.37436951E+00  1.592E+00
1.37456951E+00  1.584E+00
1.37476951E+00  1.572E+00
1.37496951E+00  1.580E+00
1.37516951E+00  1.544E+00
1.37536951E+00  1.527E+00
1.37556951E+00  1.506E+00
1.37576951E+00  1.493E+00
1.37596951E+00  1.479E+00
1.37616951E+00  1.461E+00
1.37636951E+00  1.435E+00
1.37656951E+00  1.396E+00
1.37676951E+00  1.351E+00
1.37696951E+00  1.239E+00
1.37716951E+00  1.132E+01
1.37736951E+00  1.797E+00
1.37756951E+00  1.636E+00
1.37776951E+00  1.587E+00
1.37796951E+00  1.570E+00
1.37816951E+00  1.593E+00
1.37836951E+00  1.582E+00
1.37856951E+00  1.926E+00
1.37876951E+00  1.869E+00
1.37896951E+00  1.568E+00
1.37916951E+00  1.470E+00
1.37936951E+00  1.532E+00
1.37956951E+00  2.297E+00
1.37976951E+00  2.108E+00
1.37996951E+00  2.003E+00
1.38016951E+00  1.792E+00
1.38036951E+00  1.878E+00
1.38056951E+00  1.835E+00
1.38076951E+00  1.788E+00
1.38096951E+00  1.751E+00
1.38116951E+00  1.724E+00
1.38136951E+00  1.685E+00
1.38156951E+00  1.658E+00
1.38176951E+00  1.628E+00
1.38196951E+00  1.598E+00
1.38216951E+00  1.556E+00
1.38236951E+00  1.433E+00
1.38256951E+00  2.813E+00
1.38276951E+00  1.858E+00
1.38296951E+00  1.761E+00
1.38316951E+00  1.714E+00
1.38336951E+00  1.636E+00
1.38356951E+00  1.580E+00
1.38376951E+00  1.640E+00
1.38396951E+00  4.476E+00
1.38416951E+00  1.795E+00
1.38436951E+00  1.740E+00
1.38456951E+00  1.733E+00
1.38476951E+00  1.716E+00
1.38496951E+00  1.765E+00
1.38516951E+00  1.767E+00
1.38536951E+00  1.854E+00
1.38556951E+00  2.031E+00
1.38576951E+00  1.939E+00
1.38596951E+00  1.813E+00
1.38616951E+00  2.996E+00
1.38636951E+00  2.325E+00
1.38656951E+00  2.138E+00
1.38676951E+00  3.225E+00
1.38696951E+00  2.137E+00
1.38716951E+00  2.034E+00
1.38736951E+00  1.864E+00
1.38756951E+00  4.179E+00
1.38776951E+00  1.695E+00
1.38796951E+00  1.465E+00
1.38816951E+00  1.365E+00
1.38836951E+00  1.254E+00
1.38856951E+00  1.341E+00
1.38876951E+00  1.842E+00
1.38896951E+00  1.675E+00
1.38916951E+00  1.716E+00
1.38936951E+00  1.821E+00
1.38956951E+00  1.900E+00
1.38976951E+00  1.407E+00
1.38996951E+00  1.582E+00
1.39016951E+00  1.846E+00
1.39036951E+00  1.799E+00
1.39056951E+00  3.496E+00
1.39076951E+00  1.992E+00
1.39096951E+00  2.035E+00
1.39116951E+00  1.963E+00
1.39136951E+00  1.876E+00
1.39156951E+00  1.834E+00
1.39176951E+00  1.796E+00
1.39196951E+00  1.079E+01
1.39216951E+00  1.664E+00
1.39236951E+00  1.608E+00
1.39256951E+00  1.785E+00
1.39276951E+00  1.717E+00
1.39296951E+00  1.520E+00
1.39316951E+00  1.667E+00
1.39336951E+00  1.510E+00
1.39356951E+00  1.580E+00
1.39376951E+00  1.520E+00
1.39396951E+00  2.998E+00
1.39416951E+00  2.420E+00
1.39436951E+00  1.995E+00
1.39456951E+00  1.984E+00
1.39476951E+00  2.042E+00
1.39496951E+00  1.922E+00
1.39516951E+00  1.681E+00
1.39536951E+00  1.975E+00
1.39556951E+00  1.754E+00
1.39576951E+00  1.850E+00
1.39596951E+00  1.863E+00
1.39616951E+00  1.799E+00
1.39636951E+00  1.550E+00
1.39656951E+00  1.817E+00
1.39676951E+00  1.925E+00
1.39696951E+00  1.929E+00
1.39716951E+00  1.956E+00
1.39736951E+00  1.841E+00
1.39756951E+00  1.846E+00
1.39776951E+00  1.863E+00
1.39796951E+00  1.913E+00
1.39816951E+00  2.177E+00
1.39836951E+00  1.912E+00
1.39856951E+00  1.936E+00
1.39876951E+00  2.088E+00
1.39896951E+00  1.840E+00
1.39916951E+00  2.099E+00
1.39936951E+00  1.894E+00
1.39956951E+00  1.870E+00
1.39976951E+00  1.905E+00
1.39996951E+00  1.857E+00
1.40016951E+00  1.818E+00
1.40036951E+00  1.794E+00
1.40056951E+00  1.904E+00
1.40076951E+00  1.783E+00
1.40096951E+00  1.869E+00
1.40116951E+00  1.857E+00
1.40136951E+00  1.818E+00
1.40156951E+00  1.809E+00
1.40176951E+00  1.798E+00
1.40196951E+00  1.747E+00
1.40216951E+00  1.570E+00
1.40236951E+00  2.732E+00
1.40256951E+00  2.121E+00
1.40276951E+00  2.031E+00
1.40296951E+00  1.929E+00
1.40316951E+00  1.982E+00
1.40336951E+00  1.921E+00
1.40356951E+00  1.914E+00
1.40376951E+00  1.964E+00
1.40396951E+00  1.993E+00
1.40416951E+00  1.990E+00
1.40436951E+00  1.846E+00
1.40456951E+00  1.799E+00
1.40476951E+00  1.816E+00
1.40496951E+00  1.837E+00
1.40516951E+00  1.858E+00
1.40536951E+00  1.882E+00
1.40556951E+00  1.893E+00
1.40576951E+00  1.905E+00
1.40596951E+00  1.926E+00
1.40616951E+00  1.976E+00
1.40636951E+00  1.791E+00
1.40656951E+00  1.742E+00
1.40676951E+00  1.781E+00
1.40696951E+00  1.783E+00
1.40716951E+00  1.775E+00
1.40736951E+00  1.723E+00
1.40756951E+00  2.955E+00
1.40776951E+00  2.142E+00
1.40796951E+00  1.989E+00
1.40816951E+00  1.941E+00
1.40836951E+00  1.920E+00
1.40856951E+00  1.921E+00
1.40876951E+00  1.903E+00
1.40896951E+00  1.914E+00
1.40916951E+00  1.917E+00
1.40936951E+00  1.917E+00
1.40956951E+00  1.919E+00
1.40976951E+00  1.913E+00
1.40996951E+00  1.895E+00
1.41016951E+00  1.891E+00
1.41036951E+00  1.855E+00
1.41056951E+00  1.842E+00
1.41076951E+00  1.832E+00
1.41096951E+00  1.788E+00
1.41116951E+00  1.936E+00
1.41136951E+00  2.107E+00
1.41156951E+00  1.880E+00
1.41176951E+00  1.802E+00
1.41196951E+00  1.731E+00
1.41216951E+00  1.701E+00
1.41236951E+00  1.687E+00
1.41256951E+00  1.695E+00
1.41276951E+00  1.721E+00
1.41296951E+00  1.713E+00
1.41316951E+00  1.717E+00
1.41336951E+00  1.744E+00
1.41356951E+00  1.788E+00
1.41376951E+00  5.393E+00
1.41396951E+00  1.795E+00
1.41416951E+00  1.772E+00
1.41436951E+00  1.798E+00
1.41456951E+00  1.803E+00
1.41476951E+00  1.845E+00
1.41496951E+00  1.826E+00
1.41516951E+00  1.813E+00
1.41536951E+00  1.786E+00
1.41556951E+00  1.754E+00
1.41576951E+00  1.960E+00
1.41596951E+00  1.886E+00
1.41616951E+00  1.908E+00
1.41636951E+00  1.849E+00
1.41656951E+00  1.870E+00
1.41676951E+00  1.878E+00
1.41696951E+00  1.793E+00
1.41716951E+00  1.990E+00
1.41736951E+00  1.926E+00
1.41756951E+00  1.893E+00
1.41776951E+00  1.861E+00
1.41796951E+00  1.862E+00
1.41816951E+00  3.359E+00
1.41836951E+00  1.939E+00
1.41856951E+00  2.024E+00
1.41876951E+00  2.006E+00
1.41896951E+00  1.950E+00
1.41916951E+00  2.019E+00
1.41936951E+00  2.009E+00
1.41956951E+00  1.999E+00
1.41976951E+00  2.103E+00
1.41996951E+00  2.032E+00
1.42016951E+00  2.002E+00
1.42036951E+00  2.065E+00
1.42056951E+00  2.032E+00
1.42076951E+00  2.562E+00
1.42096951E+00  2.058E+00
1.42116951E+00  2.222E+00
1.42136951E+00  2.057E+00
1.42156951E+00  2.081E+00
1.42176951E+00  2.731E+00
1.42196951E+00  2.016E+00
1.42216951E+00  2.032E+00
1.42236951E+00  2.000E+00
1.42256951E+00  2.107E+00
1.42276951E+00  2.004E+00
1.42296951E+00  1.895E+00
1.42316951E+00  1.796E+00
1.42336951E+00  1.836E+00
1.42356951E+00  1.984E+00
1.42376951E+00  1.996E+00
1.42396951E+00  2.014E+00
1.42416951E+00  2.139E+00
1.42436951E+00  2.177E+00
1.42456951E+00  2.143E+00
1.42476951E+00  1.996E+00
1.42496951E+00  1.912E+00
1.42516951E+00  1.966E+00
1.42536951E+00  1.998E+00
1.42556951E+00  2.034E+00
1.42576951E+00  2.053E+00
1.42596951E+00  2.056E+00
1.42616951E+00  1.922E+00
1.42636951E+00  1.945E+00
1.42656951E+00  1.976E+00
1.42676951E+00  2.026E+00
1.42696951E+00  2.061E+00
1.42716951E+00  2.078E+00
1.42736951E+00  2.119E+00
1.42756951E+00  2.131E+00
1.42776951E+00  2.145E+00
1.42796951E+00  2.152E+00
1.42816951E+00  2.140E+00
1.42836951E+00  2.068E+00
1.42856951E+00  2.163E+00
1.42876951E+00  2.107E+00
1.42896951E+00  2.010E+00
1.42916951E+00  1.925E+00
1.42936951E+00  1.876E+00
1.42956951E+00  1.872E+00
1.42976951E+00  1.851E+00
1.42996951E+00  1.847E+00
1.43016951E+00  1.843E+00
1.43036951E+00  1.844E+00
1.43056951E+00  1.841E+00
1.43076951E+00  1.846E+00
1.43096951E+00  1.838E+00
1.43116951E+00  1.814E+00
1.43136951E+00  1.791E+00
1.43156951E+00  1.788E+00
1.43176951E+00  1.796E+00
1.43196951E+00  1.820E+00
1.43216951E+00  1.821E+00
1.43236951E+00  1.843E+00
1.43256951E+00  1.863E+00
1.43276951E+00  1.887E+00
1.43296951E+00  1.866E+00
1.43316951E+00  1.873E+00
1.43336951E+00  1.901E+00
1.43356951E+00  1.884E+00
1.43376951E+00  1.897E+00
1.43396951E+00  1.918E+00
1.43416951E+00  1.930E+00
1.43436951E+00  1.944E+00
1.43456951E+00  1.964E+00
1.43476951E+00  2.018E+00
1.43496951E+00  1.953E+00
1.43516951E+00  1.947E+00
1.43536951E+00  1.949E+00
1.43556951E+00  2.032E+00
1.43576951E+00  2.076E+00
1.43596951E+00  1.971E+00
1.43616951E+00  2.013E+00
1.43636951E+00  1.704E+00
1.43656951E+00  1.848E+00
1.43676951E+00  1.777E+00
1.43696951E+00  1.808E+00
1.43716951E+00  1.891E+00
1.43736951E+00  1.817E+00
1.43756951E+00  1.772E+00
1.43776951E+00  1.616E+00
1.43796951E+00  1.577E+00
1.43816951E+00  1.852E+00
1.43836951E+00  1.893E+00
1.43856951E+00  1.902E+00
1.43876951E+00  1.882E+00
1.43896951E+00  1.883E+00
1.43916951E+00  1.816E+00
1.43936951E+00  1.791E+00
1.43956951E+00  1.808E+00
1.43976951E+00  1.912E+00
1.43996951E+00  1.838E+00
1.44016951E+00  1.866E+00
1.44036951E+00  1.863E+00
1.44056951E+00  1.889E+00
1.44076951E+00  1.862E+00
1.44096951E+00  1.858E+00
1.44116951E+00  1.824E+00
1.44136951E+00  1.668E+00
1.44156951E+00  1.812E+00
1.44176951E+00  1.813E+00
1.44196951E+00  1.864E+00
1.44216951E+00  1.839E+00
1.44236951E+00  1.882E+00
1.44256951E+00  1.832E+00
1.44276951E+00  1.837E+00
1.44296951E+00  1.846E+00
1.44316951E+00  1.844E+00
1.44336951E+00  1.840E+00
1.44356951E+00  1.855E+00
1.44376951E+00  1.849E+00
1.44396951E+00  1.837E+00
1.44416951E+00  1.856E+00
1.44436951E+00  1.857E+00
1.44456951E+00  1.845E+00
1.44476951E+00  1.835E+00
1.44496951E+00  1.854E+00
1.44516951E+00  1.837E+00
1.44536951E+00  1.804E+00
1.44556951E+00  1.817E+00
1.44576951E+00  1.768E+00
1.44596951E+00  1.790E+00
1.44616951E+00  1.766E+00
1.44636951E+00  1.747E+00
1.44656951E+00  1.724E+00
1.44676951E+00  1.695E+00
1.44696951E+00  1.745E+00
1.44716951E+00  1.806E+00
1.44736951E+00  1.836E+00
1.44756951E+00  1.785E+00
1.44776951E+00  1.821E+00
1.44796951E+00  1.842E+00
1.44816951E+00  1.891E+00
1.44836951E+00  1.728E+00
1.44856951E+00  1.750E+00
1.44876951E+00  1.740E+00
1.44896951E+00  1.716E+00
1.44916951E+00  1.657E+00
1.44936951E+00  1.615E+00
1.44956951E+00  1.660E+00
1.44976951E+00  1.713E+00
1.44996951E+00  1.737E+00
1.45016951E+00  1.733E+00
1.45036951E+00  1.744E+00
1.45056951E+00  1.712E+00
1.45076951E+00  1.657E+00
1.45096951E+00  1.612E+00
1.45116951E+00  1.589E+00
1.45136951E+00  1.604E+00
1.45156951E+00  1.669E+00
1.45176951E+00  1.740E+00
1.45196951E+00  1.784E+00
1.45216951E+00  1.803E+00
1.45236951E+00  1.794E+00
1.45256951E+00  1.751E+00
1.45276951E+00  1.697E+00
1.45296951E+00  1.684E+00
1.45316951E+00  1.694E+00
1.45336951E+00  1.747E+00
1.45356951E+00  1.759E+00
1.45376951E+00  1.769E+00
1.45396951E+00  1.792E+00
1.45416951E+00  1.800E+00
1.45436951E+00  1.810E+00
1.45456951E+00  1.819E+00
1.45476951E+00  1.829E+00
1.45496951E+00  1.841E+00
1.45516951E+00  1.860E+00
1.45536951E+00  1.885E+00
1.45556951E+00  1.759E+00
1.45576951E+00  1.818E+00
1.45596951E+00  1.852E+00
1.45616951E+00  1.904E+00
1.45636951E+00  1.919E+00
1.45656951E+00  1.929E+00
1.45676951E+00  1.954E+00
1.45696951E+00  1.948E+00
1.45716951E+00  1.956E+00
1.45736951E+00  1.963E+00
1.45756951E+00  2.094E+00
1.45776951E+00  2.135E+00
1.45796951E+00  2.070E+00
1.45816951E+00  2.057E+00
1.45836951E+00  2.061E+00
1.45856951E+00  2.056E+00
1.45876951E+00  2.042E+00
1.45896951E+00  2.022E+00
1.45916951E+00  2.034E+00
1.45936951E+00  2.049E+00
1.45956951E+00  2.085E+00
1.45976951E+00  2.076E+00
1.45996951E+00  2.118E+00
1.46016951E+00  2.162E+00
1.46036951E+00  2.102E+00
1.46056951E+00  1.923E+00
1.46076951E+00  1.973E+00
1.46096951E+00  1.983E+00
1.46116951E+00  1.971E+00
1.46136951E+00  1.949E+00
1.46156951E+00  1.908E+00
1.46176951E+00  1.845E+00
1.46196951E+00  2.051E+00
1.46216951E+00  2.132E+00
1.46236951E+00  1.935E+00
1.46256951E+00  1.978E+00
1.46276951E+00  2.009E+00
1.46296951E+00  2.026E+00
1.46316951E+00  2.041E+00
1.46336951E+00  2.060E+00
1.46356951E+00  2.111E+00
1.46376951E+00  2.010E+00
1.46396951E+00  2.038E+00
1.46416951E+00  2.044E+00
1.46436951E+00  2.036E+00
1.46456951E+00  1.855E+00
1.46476951E+00  2.052E+00
1.46496951E+00  2.065E+00
1.46516951E+00  2.063E+00
1.46536951E+00  2.068E+00
1.46556951E+00  2.031E+00
1.46576951E+00  2.048E+00
1.46596951E+00  2.036E+00
1.46616951E+00  2.026E+00
1.46636951E+00  2.053E+00
1.46656951E+00  2.011E+00
1.46676951E+00  2.004E+00
1.46696951E+00  2.050E+00
1.46716951E+00  2.056E+00
1.46736951E+00  2.060E+00
1.46756951E+00  2.075E+00
1.46776951E+00  2.018E+00
1.46796951E+00  2.041E+00
1.46816951E+00  2.041E+00
1.46836951E+00  2.113E+00
1.46856951E+00  2.099E+00
1.46876951E+00  2.046E+00
1.46896951E+00  2.118E+00
1.46916951E+00  2.098E+00
1.46936951E+00  1.885E+00
1.46956951E+00  2.098E+00
1.46976951E+00  2.072E+00
1.46996951E+00  1.936E+00
1.47016951E+00  1.988E+00
1.47036951E+00  1.986E+00
1.47056951E+00  2.013E+00
1.47076951E+00  2.037E+00
1.47096951E+00  1.973E+00
1.47116951E+00  1.911E+00
1.47136951E+00  1.971E+00
1.47156951E+00  1.999E+00
1.47176951E+00  1.920E+00
1.47196951E+00  2.004E+00
1.47216951E+00  2.028E+00
1.47236951E+00  2.010E+00
1.47256951E+00  2.021E+00
1.47276951E+00  2.016E+00
1.47296951E+00  2.024E+00
1.47316951E+00  1.973E+00
1.47336951E+00  1.887E+00
1.47356951E+00  1.978E+00
1.47376951E+00  1.986E+00
1.47396951E+00  2.023E+00
1.47416951E+00  1.821E+00
1.47436951E+00  2.043E+00
1.47456951E+00  1.948E+00
1.47476951E+00  2.040E+00
1.47496951E+00  2.052E+00
1.47516951E+00  2.037E+00
1.47536951E+00  2.030E+00
1.47556951E+00  2.018E+00
1.47576951E+00  2.033E+00
1.47596951E+00  2.054E+00
1.47616951E+00  2.015E+00
1.47636951E+00  2.039E+00
1.47656951E+00  2.022E+00
1.47676951E+00  1.987E+00
1.47696951E+00  1.951E+00
1.47716951E+00  1.959E+00
1.47736951E+00  1.966E+00
1.47756951E+00  1.978E+00
1.47776951E+00  1.989E+00
1.47796951E+00  1.999E+00
1.47816951E+00  2.011E+00
1.47836951E+00  2.020E+00
1.47856951E+00  2.015E+00
1.47876951E+00  2.000E+00
1.47896951E+00  2.000E+00
1.47916951E+00  1.983E+00
1.47936951E+00  1.951E+00
1.47956951E+00  1.945E+00
1.47976951E+00  1.955E+00
1.47996951E+00  1.967E+00
1.48016951E+00  1.976E+00
1.48036951E+00  1.982E+00
1.48056951E+00  1.989E+00
1.48076951E+00  2.001E+00
1.48096951E+00  2.015E+00
1.48116951E+00  2.029E+00
1.48136951E+00  2.043E+00
1.48156951E+00  2.065E+00
1.48176951E+00  2.044E+00
1.48196951E+00  1.979E+00
1.48216951E+00  1.963E+00
1.48236951E+00  1.989E+00
1.48256951E+00  1.995E+00
1.48276951E+00  1.984E+00
1.48296951E+00  1.998E+00
1.48316951E+00  2.022E+00
1.48336951E+00  2.032E+00
1.48356951E+00  2.025E+00
1.48376951E+00  2.002E+00
1.48396951E+00  1.963E+00
1.48416951E+00  1.949E+00
1.48436951E+00  1.965E+00
1.48456951E+00  2.017E+00
1.48476951E+00  2.040E+00
1.48496951E+00  2.050E+00
1.48516951E+00  2.056E+00
1.48536951E+00  2.066E+00
1.48556951E+00  2.077E+00
1.48576951E+00  2.061E+00
1.48596951E+00  2.017E+00
1.48616951E+00  1.915E+00
1.48636951E+00  2.009E+00
1.48656951E+00  2.046E+00
1.48676951E+00  2.069E+00
1.48696951E+00  2.084E+00
1.48716951E+00  2.093E+00
1.48736951E+00  2.097E+00
1.48756951E+00  2.103E+00
1.48776951E+00  2.109E+00
1.48796951E+00  2.015E+00
1.48816951E+00  2.029E+00
1.48836951E+00  2.076E+00
1.48856951E+00  2.092E+00
1.48876951E+00  2.102E+00
1.48896951E+00  2.107E+00
1.48916951E+00  2.132E+00
1.48936951E+00  1.982E+00
1.48956951E+00  2.062E+00
1.48976951E+00  2.055E+00
1.48996951E+00  2.024E+00
1.49016951E+00  1.960E+00
1.49036951E+00  1.908E+00
1.49056951E+00  1.908E+00
1.49076951E+00  1.980E+00
1.49096951E+00  1.990E+00
1.49116951E+00  1.875E+00
1.49136951E+00  1.946E+00
1.49156951E+00  1.945E+00
1.49176951E+00  1.933E+00
1.49196951E+00  1.850E+00
1.49216951E+00  1.929E+00
1.49236951E+00  1.927E+00
1.49256951E+00  1.941E+00
1.49276951E+00  1.949E+00
1.49296951E+00  1.959E+00
1.49316951E+00  1.983E+00
1.49336951E+00  1.966E+00
1.49356951E+00  1.998E+00
1.49376951E+00  1.982E+00
1.49396951E+00  2.023E+00
1.49416951E+00  2.048E+00
1.49436951E+00  2.017E+00
1.49456951E+00  2.051E+00
1.49476951E+00  2.007E+00
1.49496951E+00  1.968E+00
1.49516951E+00  1.985E+00
1.49536951E+00  2.009E+00
1.49556951E+00  2.014E+00
1.49576951E+00  1.929E+00
1.49596951E+00  2.027E+00
1.49616951E+00  2.028E+00
1.49636951E+00  2.006E+00
1.49656951E+00  1.933E+00
1.49676951E+00  2.029E+00
1.49696951E+00  1.997E+00
1.49716951E+00  2.053E+00
1.49736951E+00  2.053E+00
1.49756951E+00  2.038E+00
1.49776951E+00  2.052E+00
1.49796951E+00  2.067E+00
1.49816951E+00  2.091E+00
1.49836951E+00  2.063E+00
1.49856951E+00  2.036E+00
1.49876951E+00  1.933E+00
1.49896951E+00  1.959E+00
1.49916951E+00  1.982E+00
1.49936951E+00  2.020E+00
1.49956951E+00  2.038E+00
1.49976951E+00  2.045E+00
1.49996951E+00  2.047E+00
1.50016951E+00  2.056E+00
1.50036951E+00  2.046E+00
1.50056951E+00  2.031E+00
1.50076951E+00  2.020E+00
1.50096951E+00  1.991E+00
1.50116951E+00  1.997E+00
1.50136951E+00  2.013E+00
1.50156951E+00  2.027E+00
1.50176951E+00  2.026E+00
1.50196951E+00  2.025E+00
1.50216951E+00  2.031E+00
1.50236951E+00  2.039E+00
1.50256951E+00  2.029E+00
1.50276951E+00  2.042E+00
1.50296951E+00  2.051E+00
1.50316951E+00  2.057E+00
1.50336951E+00  2.058E+00
1.50356951E+00  2.048E+00
1.50376951E+00  2.043E+00
1.50396951E+00  2.024E+00
1.50416951E+00  2.083E+00
1.50436951E+00  2.088E+00
1.50456951E+00  1.989E+00
1.50476951E+00  1.825E+00
1.50496951E+00  1.790E+00
1.50516951E+00  1.802E+00
1.50536951E+00  1.817E+00
1.50556951E+00  1.803E+00
1.50576951E+00  1.843E+00
1.50596951E+00  1.847E+00
1.50616951E+00  1.822E+00
1.50636951E+00  1.855E+00
1.50656951E+00  1.871E+00
1.50676951E+00  1.832E+00
1.50696951E+00  1.856E+00
1.50716951E+00  1.846E+00
1.50736951E+00  1.866E+00
1.50756951E+00  1.842E+00
1.50776951E+00  1.887E+00
1.50796951E+00  1.898E+00
1.50816951E+00  1.886E+00
1.50836951E+00  1.879E+00
1.50856951E+00  1.872E+00
1.50876951E+00  1.868E+00
1.50896951E+00  1.769E+00
1.50916951E+00  1.781E+00
1.50936951E+00  1.784E+00
1.50956951E+00  1.798E+00
1.50976951E+00  1.745E+00
1.50996951E+00  1.745E+00
1.51016951E+00  1.815E+00
1.51036951E+00  1.814E+00
1.51056951E+00  1.793E+00
1.51076951E+00  1.805E+00
1.51096951E+00  1.808E+00
1.51116951E+00  1.821E+00
1.51136951E+00  1.822E+00
1.51156951E+00  1.864E+00
1.51176951E+00  1.838E+00
1.51196951E+00  1.869E+00
1.51216951E+00  1.868E+00
1.51236951E+00  1.896E+00
1.51256951E+00  1.944E+00
1.51276951E+00  1.842E+00
1.51296951E+00  1.876E+00
1.51316951E+00  1.886E+00
1.51336951E+00  1.908E+00
1.51356951E+00  1.926E+00
1.51376951E+00  1.947E+00
1.51396951E+00  1.947E+00
1.51416951E+00  1.975E+00
1.51436951E+00  2.021E+00
1.51456951E+00  1.962E+00
1.51476951E+00  1.954E+00
1.51496951E+00  1.960E+00
1.51516951E+00  1.979E+00
1.51536951E+00  1.992E+00
1.51556951E+00  1.985E+00
1.51576951E+00  1.960E+00
1.51596951E+00  2.021E+00
1.51616951E+00  2.018E+00
1.51636951E+00  1.925E+00
1.51656951E+00  1.857E+00
1.51676951E+00  1.839E+00
1.51696951E+00  1.896E+00
1.51716951E+00  1.952E+00
1.51736951E+00  1.943E+00
1.51756951E+00  2.047E+00
1.51776951E+00  2.125E+00
1.51796951E+00  2.074E+00
1.51816951E+00  2.055E+00
1.51836951E+00  2.040E+00
1.51856951E+00  2.036E+00
1.51876951E+00  2.054E+00
1.51896951E+00  2.039E+00
1.51916951E+00  2.072E+00
1.51936951E+00  2.051E+00
1.51956951E+00  1.972E+00
1.51976951E+00  2.054E+00
1.51996951E+00  1.581E+00
1.52016951E+00  1.732E+00
1.52036951E+00  1.536E+00
1.52056951E+00  1.472E+00
1.52076951E+00  1.451E+00
1.52096951E+00  1.551E+00
1.52116951E+00  1.606E+00
1.52136951E+00  1.712E+00
1.52156951E+00  1.766E+00
1.52176951E+00  1.772E+00
1.52196951E+00  1.808E+00
1.52216951E+00  1.832E+00
1.52236951E+00  1.852E+00
1.52256951E+00  1.883E+00
1.52276951E+00  1.902E+00
1.52296951E+00  1.916E+00
1.52316951E+00  1.919E+00
1.52336951E+00  1.920E+00
1.52356951E+00  1.902E+00
1.52376951E+00  1.940E+00
1.52396951E+00  1.902E+00
1.52416951E+00  1.939E+00
1.52436951E+00  1.956E+00
1.52456951E+00  1.971E+00
1.52476951E+00  1.939E+00
1.52496951E+00  1.933E+00
1.52516951E+00  1.933E+00
1.52536951E+00  1.936E+00
1.52556951E+00  1.938E+00
1.52576951E+00  1.935E+00
1.52596951E+00  1.923E+00
1.52616951E+00  1.905E+00
1.52636951E+00  1.881E+00
1.52656951E+00  1.877E+00
1.52676951E+00  1.897E+00
1.52696951E+00  1.920E+00
1.52716951E+00  1.945E+00
1.52736951E+00  1.969E+00
1.52756951E+00  1.992E+00
1.52776951E+00  1.980E+00
1.52796951E+00  1.953E+00
1.52816951E+00  1.940E+00
1.52836951E+00  1.940E+00
1.52856951E+00  1.950E+00
1.52876951E+00  1.932E+00
1.52896951E+00  1.941E+00
1.52916951E+00  1.925E+00
1.52936951E+00  1.930E+00
1.52956951E+00  1.932E+00
1.52976951E+00  1.924E+00
1.52996951E+00  1.924E+00
1.53016951E+00  1.926E+00
1.53036951E+00  1.924E+00
1.53056951E+00  1.910E+00
1.53076951E+00  1.887E+00
1.53096951E+00  1.891E+00
1.53116951E+00  1.914E+00
1.53136951E+00  1.929E+00
1.53156951E+00  1.931E+00
1.53176951E+00  1.893E+00
1.53196951E+00  1.919E+00
1.53216951E+00  1.941E+00
1.53236951E+00  1.949E+00
1.53256951E+00  1.955E+00
1.53276951E+00  1.955E+00
1.53296951E+00  1.945E+00
1.53316951E+00  1.933E+00
1.53336951E+00  1.925E+00
1.53356951E+00  1.909E+00
1.53376951E+00  1.874E+00
1.53396951E+00  1.880E+00
1.53416951E+00  1.898E+00
1.53436951E+00  1.895E+00
1.53456951E+00  1.881E+00
1.53476951E+00  1.879E+00
1.53496951E+00  1.888E+00
1.53516951E+00  1.900E+00
1.53536951E+00  1.934E+00
1.53556951E+00  1.926E+00
1.53576951E+00  1.908E+00
1.53596951E+00  1.873E+00
1.53616951E+00  1.919E+00
1.53636951E+00  1.944E+00
1.53656951E+00  1.956E+00
1.53676951E+00  1.964E+00
1.53696951E+00  1.963E+00
1.53716951E+00  1.925E+00
1.53736951E+00  1.908E+00
1.53756951E+00  1.874E+00
1.53776951E+00  1.924E+00
1.53796951E+00  1.942E+00
1.53816951E+00  1.952E+00
1.53836951E+00  1.943E+00
1.53856951E+00  1.906E+00
1.53876951E+00  1.869E+00
1.53896951E+00  1.922E+00
1.53916951E+00  1.944E+00
1.53936951E+00  1.951E+00
1.53956951E+00  1.906E+00
1.53976951E+00  1.878E+00
1.53996951E+00  1.942E+00
1.54016951E+00  1.959E+00
1.54036951E+00  1.909E+00
1.54056951E+00  1.911E+00
1.54076951E+00  1.957E+00
1.54096951E+00  1.915E+00
1.54116951E+00  1.913E+00
1.54136951E+00  1.954E+00
1.54156951E+00  1.898E+00
1.54176951E+00  1.916E+00
1.54196951E+00  1.882E+00
1.54216951E+00  1.883E+00
1.54236951E+00  1.859E+00
1.54256951E+00  1.855E+00
1.54276951E+00  1.819E+00
1.54296951E+00  1.785E+00
1.54316951E+00  1.772E+00
1.54336951E+00  1.750E+00
1.54356951E+00  1.711E+00
1.54376951E+00  1.736E+00
1.54396951E+00  1.707E+00
1.54416951E+00  1.724E+00
1.54436951E+00  1.790E+00
1.54456951E+00  1.766E+00
1.54476951E+00  1.777E+00
1.54496951E+00  1.797E+00
1.54516951E+00  1.790E+00
1.54536951E+00  1.764E+00
1.54556951E+00  1.800E+00
1.54576951E+00  1.787E+00
1.54596951E+00  1.753E+00
1.54616951E+00  1.746E+00
1.54636951E+00  2.116E+00
1.54656951E+00  2.007E+00
1.54676951E+00  1.944E+00
1.54696951E+00  1.953E+00
1.54716951E+00  1.946E+00
1.54736951E+00  1.940E+00
1.54756951E+00  1.937E+00
1.54776951E+00  1.935E+00
1.54796951E+00  1.934E+00
1.54816951E+00  1.931E+00
1.54836951E+00  1.933E+00
1.54856951E+00  1.939E+00
1.54876951E+00  1.944E+00
1.54896951E+00  1.950E+00
1.54916951E+00  1.957E+00
1.54936951E+00  1.940E+00
1.54956951E+00  1.925E+00
1.54976951E+00  1.926E+00
1.54996951E+00  1.928E+00
1.55016951E+00  1.919E+00
1.55036951E+00  1.940E+00
1.55056951E+00  1.947E+00
1.55076951E+00  1.958E+00
1.55096951E+00  1.947E+00
1.55116951E+00  1.937E+00
1.55136951E+00  1.918E+00
1.55156951E+00  1.882E+00
1.55176951E+00  1.906E+00
1.55196951E+00  1.921E+00
1.55216951E+00  1.927E+00
1.55236951E+00  1.931E+00
1.55256951E+00  1.933E+00
1.55276951E+00  1.935E+00
1.55296951E+00  1.937E+00
1.55316951E+00  1.938E+00
1.55336951E+00  1.939E+00
1.55356951E+00  1.940E+00
1.55376951E+00  1.938E+00
1.55396951E+00  1.936E+00
1.55416951E+00  1.943E+00
1.55436951E+00  1.902E+00
1.55456951E+00  1.874E+00
1.55476951E+00  1.882E+00
1.55496951E+00  1.905E+00
1.55516951E+00  1.917E+00
1.55536951E+00  1.924E+00
1.55556951E+00  1.922E+00
1.55576951E+00  1.882E+00
1.55596951E+00  1.919E+00
1.55616951E+00  1.935E+00
1.55636951E+00  1.939E+00
1.55656951E+00  1.938E+00
1.55676951E+00  1.935E+00
1.55696951E+00  1.938E+00
1.55716951E+00  1.951E+00
1.55736951E+00  1.953E+00
1.55756951E+00  1.949E+00
1.55776951E+00  1.923E+00
1.55796951E+00  1.931E+00
1.55816951E+00  1.930E+00
1.55836951E+00  1.930E+00
1.55856951E+00  1.919E+00
1.55876951E+00  1.877E+00
1.55896951E+00  1.920E+00
1.55916951E+00  1.927E+00
1.55936951E+00  1.932E+00
1.55956951E+00  1.935E+00
1.55976951E+00  1.938E+00
1.55996951E+00  1.944E+00
1.56016951E+00  1.918E+00
1.56036951E+00  1.913E+00
1.56056951E+00  1.867E+00
1.56076951E+00  2.027E+00
1.56096951E+00  1.978E+00
1.56116951E+00  1.982E+00
1.56136951E+00  2.002E+00
1.56156951E+00  2.001E+00
1.56176951E+00  1.996E+00
1.56196951E+00  1.965E+00
1.56216951E+00  1.924E+00
1.56236951E+00  1.912E+00
1.56256951E+00  1.927E+00
1.56276951E+00  1.950E+00
1.56296951E+00  1.951E+00
1.56316951E+00  1.971E+00
1.56336951E+00  1.950E+00
1.56356951E+00  1.973E+00
1.56376951E+00  1.974E+00
1.56396951E+00  1.987E+00
1.56416951E+00  1.986E+00
1.56436951E+00  2.001E+00
1.56456951E+00  1.991E+00
1.56476951E+00  1.999E+00
1.56496951E+00  1.991E+00
1.56516951E+00  1.980E+00
1.56536951E+00  1.904E+00
1.56556951E+00  1.904E+00
1.56576951E+00  1.896E+00
1.56596951E+00  1.826E+00
1.56616951E+00  1.843E+00
1.56636951E+00  1.892E+00
1.56656951E+00  1.891E+00
1.56676951E+00  1.925E+00
1.56696951E+00  1.938E+00
1.56716951E+00  1.921E+00
1.56736951E+00  1.939E+00
1.56756951E+00  1.864E+00
1.56776951E+00  1.837E+00
1.56796951E+00  1.827E+00
1.56816951E+00  1.839E+00
1.56836951E+00  1.832E+00
1.56856951E+00  1.816E+00
1.56876951E+00  1.875E+00
1.56896951E+00  1.934E+00
1.56916951E+00  2.064E+00
1.56936951E+00  1.934E+00
1.56956951E+00  1.864E+00
1.56976951E+00  1.818E+00
1.56996951E+00  1.810E+00
1.57016951E+00  1.675E+00
1.57036951E+00  1.605E+00
1.57056951E+00  1.642E+00
1.57076951E+00  1.675E+00
1.57096951E+00  1.706E+00
1.57116951E+00  1.731E+00
1.57136951E+00  1.750E+00
1.57156951E+00  1.757E+00
1.57176951E+00  1.736E+00
1.57196951E+00  1.736E+00
1.57216951E+00  1.762E+00
1.57236951E+00  1.781E+00
1.57256951E+00  1.790E+00
1.57276951E+00  1.829E+00
1.57296951E+00  1.829E+00
1.57316951E+00  1.833E+00
1.57336951E+00  1.838E+00
1.57356951E+00  1.842E+00
1.57376951E+00  1.842E+00
1.57396951E+00  1.843E+00
1.57416951E+00  1.838E+00
1.57436951E+00  1.797E+00
1.57456951E+00  1.932E+00
1.57476951E+00  1.895E+00
1.57496951E+00  1.893E+00
1.57516951E+00  1.885E+00
1.57536951E+00  1.897E+00
1.57556951E+00  1.915E+00
1.57576951E+00  1.902E+00
1.57596951E+00  1.909E+00
1.57616951E+00  1.909E+00
1.57636951E+00  1.896E+00
1.57656951E+00  1.854E+00
1.57676951E+00  1.755E+00
1.57696951E+00  1.580E+00
1.57716951E+00  1.409E+00
1.57736951E+00  1.334E+00
1.57756951E+00  1.308E+00
1.57776951E+00  1.336E+00
1.57796951E+00  1.424E+00
1.57816951E+00  1.384E+00
1.57836951E+00  1.426E+00
1.57856951E+00  1.521E+00
1.57876951E+00  1.631E+00
1.57896951E+00  1.715E+00
1.57916951E+00  1.748E+00
1.57936951E+00  1.747E+00
1.57956951E+00  1.774E+00
1.57976951E+00  1.798E+00
1.57996951E+00  1.817E+00
1.58016951E+00  1.839E+00
1.58036951E+00  1.855E+00
1.58056951E+00  1.940E+00
1.58076951E+00  1.874E+00
1.58096951E+00  1.882E+00
1.58116951E+00  1.904E+00
1.58136951E+00  1.921E+00
1.58156951E+00  1.938E+00
1.58176951E+00  1.956E+00
1.58196951E+00  1.969E+00
1.58216951E+00  1.989E+00
1.58236951E+00  2.029E+00
1.58256951E+00  2.116E+00
1.58276951E+00  2.159E+00
1.58296951E+00  2.140E+00
1.58316951E+00  2.138E+00
1.58336951E+00  2.139E+00
1.58356951E+00  2.158E+00
1.58376951E+00  2.164E+00
1.58396951E+00  2.164E+00
1.58416951E+00  2.192E+00
1.58436951E+00  2.206E+00
1.58456951E+00  2.186E+00
1.58476951E+00  2.168E+00
1.58496951E+00  2.122E+00
1.58516951E+00  2.160E+00
1.58536951E+00  2.064E+00
1.58556951E+00  1.951E+00
1.58576951E+00  1.966E+00
1.58596951E+00  2.074E+00
1.58616951E+00  2.102E+00
1.58636951E+00  2.138E+00
1.58656951E+00  2.179E+00
1.58676951E+00  2.194E+00
1.58696951E+00  2.211E+00
1.58716951E+00  2.059E+00
1.58736951E+00  2.106E+00
1.58756951E+00  2.143E+00
1.58776951E+00  2.118E+00
1.58796951E+00  2.074E+00
1.58816951E+00  1.976E+00
1.58836951E+00  1.849E+00
1.58856951E+00  1.691E+00
1.58876951E+00  1.641E+00
1.58896951E+00  1.853E+00
1.58916951E+00  2.060E+00
1.58936951E+00  2.148E+00
1.58956951E+00  2.196E+00
1.58976951E+00  2.231E+00
1.58996951E+00  2.175E+00
1.59016951E+00  1.877E+00
1.59036951E+00  2.064E+00
1.59056951E+00  2.033E+00
1.59076951E+00  2.070E+00
1.59096951E+00  2.045E+00
1.59116951E+00  2.055E+00
1.59136951E+00  2.062E+00
1.59156951E+00  2.078E+00
1.59176951E+00  2.091E+00
1.59196951E+00  2.075E+00
1.59216951E+00  2.086E+00
1.59236951E+00  2.095E+00
1.59256951E+00  2.092E+00
1.59276951E+00  2.088E+00
1.59296951E+00  2.076E+00
1.59316951E+00  2.064E+00
1.59336951E+00  2.058E+00
1.59356951E+00  2.043E+00
1.59376951E+00  2.021E+00
1.59396951E+00  2.034E+00
1.59416951E+00  2.082E+00
1.59436951E+00  2.089E+00
1.59456951E+00  2.063E+00
1.59476951E+00  2.070E+00
1.59496951E+00  2.091E+00
1.59516951E+00  2.082E+00
1.59536951E+00  2.063E+00
1.59556951E+00  2.079E+00
1.59576951E+00  2.078E+00
1.59596951E+00  2.066E+00
1.59616951E+00  2.056E+00
1.59636951E+00  2.028E+00
1.59656951E+00  2.007E+00
1.59676951E+00  1.954E+00
1.59696951E+00  1.946E+00
1.59716951E+00  1.983E+00
1.59736951E+00  1.981E+00
1.59756951E+00  1.989E+00
1.59776951E+00  2.016E+00
1.59796951E+00  2.042E+00
1.59816951E+00  2.028E+00
1.59836951E+00  2.025E+00
1.59856951E+00  2.025E+00
1.59876951E+00  2.045E+00
1.59896951E+00  2.029E+00
1.59916951E+00  2.039E+00
1.59936951E+00  2.041E+00
1.59956951E+00  2.042E+00
1.59976951E+00  2.044E+00
1.59996951E+00  2.056E+00
1.60016951E+00  2.052E+00
1.60036951E+00  2.041E+00
1.60056951E+00  2.046E+00
1.60076951E+00  2.018E+00
1.60096951E+00  2.035E+00
1.60116951E+00  1.975E+00
1.60136951E+00  2.054E+00
1.60156951E+00  2.023E+00
1.60176951E+00  2.082E+00
1.60196951E+00  2.066E+00
1.60216951E+00  2.080E+00
1.60236951E+00  2.069E+00
1.60256951E+00  2.103E+00
1.60276951E+00  2.066E+00
1.60296951E+00  1.678E+00
1.60316951E+00  1.945E+00
1.60336951E+00  2.080E+00
1.60356951E+00  1.824E+00
1.60376951E+00  1.545E+00
1.60396951E+00  1.519E+00
1.60416951E+00  1.690E+00
1.60436951E+00  1.792E+00
1.60456951E+00  1.900E+00
1.60476951E+00  1.889E+00
1.60496951E+00  1.843E+00
1.60516951E+00  1.855E+00
1.60536951E+00  1.877E+00
1.60556951E+00  1.892E+00
1.60576951E+00  1.856E+00
1.60596951E+00  1.954E+00
1.60616951E+00  1.968E+00
1.60636951E+00  1.934E+00
1.60656951E+00  1.897E+00
1.60676951E+00  1.970E+00
1.60696951E+00  2.000E+00
1.60716951E+00  1.993E+00
1.60736951E+00  2.020E+00
1.60756951E+00  2.032E+00
1.60776951E+00  2.037E+00
1.60796951E+00  2.057E+00
1.60816951E+00  2.052E+00
1.60836951E+00  2.017E+00
1.60856951E+00  2.021E+00
1.60876951E+00  2.040E+00
1.60896951E+00  2.035E+00
1.60916951E+00  2.039E+00
1.60936951E+00  2.037E+00
1.60956951E+00  2.040E+00
1.60976951E+00  2.063E+00
1.60996951E+00  2.124E+00
1.61016951E+00  1.940E+00
1.61036951E+00  1.785E+00
1.61056951E+00  1.883E+00
1.61076951E+00  1.927E+00
1.61096951E+00  1.943E+00
1.61116951E+00  1.935E+00
1.61136951E+00  1.937E+00
1.61156951E+00  1.970E+00
1.61176951E+00  1.978E+00
1.61196951E+00  1.983E+00
1.61216951E+00  1.975E+00
1.61236951E+00  1.949E+00
1.61256951E+00  1.898E+00
1.61276951E+00  1.977E+00
1.61296951E+00  1.995E+00
1.61316951E+00  2.002E+00
1.61336951E+00  2.015E+00
1.61356951E+00  2.015E+00
1.61376951E+00  2.023E+00
1.61396951E+00  2.029E+00
1.61416951E+00  2.043E+00
1.61436951E+00  2.057E+00
1.61456951E+00  2.095E+00
1.61476951E+00  2.059E+00
1.61496951E+00  1.798E+00
1.61516951E+00  1.938E+00
1.61536951E+00  1.990E+00
1.61556951E+00  1.936E+00
1.61576951E+00  1.945E+00
1.61596951E+00  2.022E+00
1.61616951E+00  1.998E+00
1.61636951E+00  1.978E+00
1.61656951E+00  1.953E+00
1.61676951E+00  2.004E+00
1.61696951E+00  2.039E+00
1.61716951E+00  2.033E+00
1.61736951E+00  2.062E+00
1.61756951E+00  2.084E+00
1.61776951E+00  2.097E+00
1.61796951E+00  2.064E+00
1.61816951E+00  2.051E+00
1.61836951E+00  1.741E+00
1.61856951E+00  1.896E+00
1.61876951E+00  1.984E+00
1.61896951E+00  2.032E+00
1.61916951E+00  2.054E+00
1.61936951E+00  1.994E+00
1.61956951E+00  2.007E+00
1.61976951E+00  2.032E+00
1.61996951E+00  2.044E+00
1.62016951E+00  2.050E+00
1.62036951E+00  2.090E+00
1.62056951E+00  2.055E+00
1.62076951E+00  1.894E+00
1.62096951E+00  2.054E+00
1.62116951E+00  2.061E+00
1.62136951E+00  2.054E+00
1.62156951E+00  2.029E+00
1.62176951E+00  2.051E+00
1.62196951E+00  2.041E+00
1.62216951E+00  2.088E+00
1.62236951E+00  2.138E+00
1.62256951E+00  2.010E+00
1.62276951E+00  1.996E+00
1.62296951E+00  2.014E+00
1.62316951E+00  2.050E+00
1.62336951E+00  2.086E+00
1.62356951E+00  2.110E+00
1.62376951E+00  2.182E+00
1.62396951E+00  1.974E+00
1.62416951E+00  2.022E+00
1.62436951E+00  2.059E+00
1.62456951E+00  2.090E+00
1.62476951E+00  2.108E+00
1.62496951E+00  2.002E+00
1.62516951E+00  1.957E+00
1.62536951E+00  2.078E+00
1.62556951E+00  2.091E+00
1.62576951E+00  2.032E+00
1.62596951E+00  2.067E+00
1.62616951E+00  2.105E+00
1.62636951E+00  2.016E+00
1.62656951E+00  2.035E+00
1.62676951E+00  1.992E+00
1.62696951E+00  1.990E+00
1.62716951E+00  2.080E+00
1.62736951E+00  2.013E+00
1.62756951E+00  2.000E+00
1.62776951E+00  1.912E+00
1.62796951E+00  1.874E+00
1.62816951E+00  2.041E+00
1.62836951E+00  2.049E+00
1.62856951E+00  2.034E+00
1.62876951E+00  2.090E+00
1.62896951E+00  2.085E+00
1.62916951E+00  2.021E+00
1.62936951E+00  1.813E+00
1.62956951E+00  1.814E+00
1.62976951E+00  1.658E+00
1.62996951E+00  1.498E+00
1.63016951E+00  1.313E+00
1.63036951E+00  1.623E+00
1.63056951E+00  1.715E+00
1.63076951E+00  1.791E+00
1.63096951E+00  1.848E+00
1.63116951E+00  1.889E+00
1.63136951E+00  1.911E+00
1.63156951E+00  1.794E+00
1.63176951E+00  1.830E+00
1.63196951E+00  1.814E+00
1.63216951E+00  1.864E+00
1.63236951E+00  1.866E+00
1.63256951E+00  1.868E+00
1.63276951E+00  1.870E+00
1.63296951E+00  1.883E+00
1.63316951E+00  1.896E+00
1.63336951E+00  1.899E+00
1.63356951E+00  1.911E+00
1.63376951E+00  1.901E+00
1.63396951E+00  1.897E+00
1.63416951E+00  1.909E+00
1.63436951E+00  1.917E+00
1.63456951E+00  1.922E+00
1.63476951E+00  1.924E+00
1.63496951E+00  1.935E+00
1.63516951E+00  1.932E+00
1.63536951E+00  1.938E+00
1.63556951E+00  1.907E+00
1.63576951E+00  1.867E+00
1.63596951E+00  1.892E+00
1.63616951E+00  1.865E+00
1.63636951E+00  1.879E+00
1.63656951E+00  1.898E+00
1.63676951E+00  1.910E+00
1.63696951E+00  1.917E+00
1.63716951E+00  1.906E+00
1.63736951E+00  1.851E+00
1.63756951E+00  1.862E+00
1.63776951E+00  1.890E+00
1.63796951E+00  1.910E+00
1.63816951E+00  1.895E+00
1.63836951E+00  1.902E+00
1.63856951E+00  1.905E+00
1.63876951E+00  1.922E+00
1.63896951E+00  1.905E+00
1.63916951E+00  1.901E+00
1.63936951E+00  1.901E+00
1.63956951E+00  1.849E+00
1.63976951E+00  1.846E+00
1.63996951E+00  1.805E+00
1.64016951E+00  1.748E+00
1.64036951E+00  1.770E+00
1.64056951E+00  1.809E+00
1.64076951E+00  1.815E+00
1.64096951E+00  1.853E+00
1.64116951E+00  1.842E+00
1.64136951E+00  1.862E+00
1.64156951E+00  1.872E+00
1.64176951E+00  1.863E+00
1.64196951E+00  1.883E+00
1.64216951E+00  1.880E+00
1.64236951E+00  1.865E+00
1.64256951E+00  1.867E+00
1.64276951E+00  1.872E+00
1.64296951E+00  1.848E+00
1.64316951E+00  1.860E+00
1.64336951E+00  1.791E+00
1.64356951E+00  1.794E+00
1.64376951E+00  1.781E+00
1.64396951E+00  1.824E+00
1.64416951E+00  1.844E+00
1.64436951E+00  1.857E+00
1.64456951E+00  1.821E+00
1.64476951E+00  1.821E+00
1.64496951E+00  1.802E+00
1.64516951E+00  1.794E+00
1.64536951E+00  1.771E+00
1.64556951E+00  1.772E+00
1.64576951E+00  1.743E+00
1.64596951E+00  1.731E+00
1.64616951E+00  1.745E+00
1.64636951E+00  1.749E+00
1.64656951E+00  1.746E+00
1.64676951E+00  1.736E+00
1.64696951E+00  1.736E+00
1.64716951E+00  1.735E+00
1.64736951E+00  1.736E+00
1.64756951E+00  1.750E+00
1.64776951E+00  1.751E+00
1.64796951E+00  1.753E+00
1.64816951E+00  1.752E+00
1.64836951E+00  1.723E+00
1.64856951E+00  1.694E+00
1.64876951E+00  1.689E+00
1.64896951E+00  1.676E+00
1.64916951E+00  1.662E+00
1.64936951E+00  1.671E+00
1.64956951E+00  1.655E+00
1.64976951E+00  1.640E+00
1.64996951E+00  1.610E+00
1.65016951E+00  1.610E+00
1.65036951E+00  1.609E+00
1.65056951E+00  1.598E+00
1.65076951E+00  1.598E+00
1.65096951E+00  1.554E+00
1.65116951E+00  1.540E+00
1.65136951E+00  1.567E+00
1.65156951E+00  1.510E+00
1.65176951E+00  1.500E+00
1.65196951E+00  1.454E+00
1.65216951E+00  1.287E+00
1.65236951E+00  1.348E+00
1.65256951E+00  1.419E+00
1.65276951E+00  1.469E+00
1.65296951E+00  1.488E+00
1.65316951E+00  1.507E+00
1.65336951E+00  1.534E+00
1.65356951E+00  1.537E+00
1.65376951E+00  1.558E+00
1.65396951E+00  1.564E+00
1.65416951E+00  1.562E+00
1.65436951E+00  1.623E+00
1.65456951E+00  1.637E+00
1.65476951E+00  1.628E+00
1.65496951E+00  1.384E+00
1.65516951E+00  1.483E+00
1.65536951E+00  1.595E+00
1.65556951E+00  1.575E+00
1.65576951E+00  1.560E+00
1.65596951E+00  1.547E+00
1.65616951E+00  1.601E+00
1.65636951E+00  1.612E+00
1.65656951E+00  1.599E+00
1.65676951E+00  1.615E+00
1.65696951E+00  1.597E+00
1.65716951E+00  1.596E+00
1.65736951E+00  1.616E+00
1.65756951E+00  1.573E+00
1.65776951E+00  1.605E+00
1.65796951E+00  1.592E+00
1.65816951E+00  1.609E+00
1.65836951E+00  1.615E+00
1.65856951E+00  1.605E+00
1.65876951E+00  1.630E+00
1.65896951E+00  1.619E+00
1.65916951E+00  1.623E+00
1.65936951E+00  1.605E+00
1.65956951E+00  1.567E+00
1.65976951E+00  1.599E+00
1.65996951E+00  1.569E+00
1.66016951E+00  1.576E+00
1.66036951E+00  1.569E+00
1.66056951E+00  1.592E+00
1.66076951E+00  1.652E+00
1.66096951E+00  1.640E+00
1.66116951E+00  1.648E+00
1.66136951E+00  1.650E+00
1.66156951E+00  1.673E+00
1.66176951E+00  1.617E+00
1.66196951E+00  1.661E+00
1.66216951E+00  1.673E+00
1.66236951E+00  1.674E+00
1.66256951E+00  1.683E+00
1.66276951E+00  1.690E+00
1.66296951E+00  1.708E+00
1.66316951E+00  1.733E+00
