   3980.0000000000000        205.35086295394450        204.25149196172930        193.79818268454193        126.06719122994589        27.448817923225707        5.4838368415302607     
   5010.0000000000000        59.330643913055468        59.046389430497285        56.330035922472540        38.055526609657100        8.8158411815592981        1.7328803963066752     
   6310.0000000000000        21.483924385627514        21.391860780901577        20.508189945730660        14.354033679433881        3.5506607676565975       0.69578418290168853     
   7940.0000000000000        9.4836051871826896        9.4470057500248839        9.0944300627171284        6.5653004984529391        1.7296860188873635       0.34031940922958309     
   10000.000000000000        4.8732218704644499        4.8562126772103635        4.6918536752313518        3.4819018792492691       0.97504813087177666       0.19372583327685172     
   12600.000000000000        2.8694829913934248        2.8603316743384943        2.7716902628895452        2.1052462573648834       0.62314337037524159       0.12519419999615802     
   15900.000000000000        1.8829526983693228        1.8774175901810244        1.8237040233036832        1.4129127403434836       0.44009418465396599        8.9575030121354926E-002
   20000.000000000000        1.3638744175354558        1.3601529339688441        1.3239832501497431        1.0433377039079750       0.34037786963056194        7.0197134567041089E-002
   25100.000000000000        1.0749775909959298        1.0722179357027686        1.0453663999315077       0.83476220376239385       0.28297121994546109        5.9060169415863589E-002
   31600.000000000000       0.89578233230310078       0.89360835473129474       0.87243503718159898       0.70480020957513867       0.24737379096222412        5.2272570837267836E-002
   39800.000000000000       0.78590581426518513       0.78409043011388369       0.76639583346557738       0.62521286581782154       0.22612750675637952        4.8259491511155710E-002
