   100.00000000000000        61.511978527920995        17.772242307285087        6.4354182714127894        2.8407736410248012        1.4597529065413952       0.85954143855929899       0.56403048073463113       0.40854278710792347       0.32200497014793639       0.26832779174966165       0.23541474760147704     
   164.96478772236279        61.488104902294083        17.766072194078102        6.4334206753599759        2.8399797536012463        1.4593840525210815       0.85934302755522185       0.56391049202933363       0.40846212420229921       0.32194516042003124       0.26828067917752335       0.23537540872335957     
   272.13381188284217        61.448756921878989        17.755901838828223        6.4301277265127350        2.8386709811326489        1.4587759410144314       0.85901590330010869       0.56371265783408320       0.40832912577541375       0.32184654317360212       0.26820299633234096       0.23531054287298378     
   448.92521154378045        61.383941877957163        17.739146482663489        6.4247019847836899        2.8365143080388733        1.4577737693825392       0.85847676298666242       0.56338658582085810       0.40810990692769844       0.32168398899906719       0.26807494551230854       0.23520361695410474     
   740.56852225536556        61.277278810701119        17.711566267335801        6.4157690043109978        2.8329629251653401        1.4561232556877624       0.85758873098761501       0.56284945698993305       0.40774876779023778       0.32141618461205118       0.26786397502363513       0.23502744440333403     
   1221.6772906772030        61.102023747703917        17.666231824695121        6.4010803949929347        2.8271216601190559        1.4534078555091063       0.85612747786944499       0.56196548552093406       0.40715435694861685       0.32097535814289008       0.26751667536388352       0.23473741156929123     
   2015.3373492179610        60.814810282748951        17.591887314519159        6.3769783314366366        2.8175323670570944        1.4489483458461583       0.85372690881873670       0.56051293594813190       0.40617742128077039       0.32025073967491230       0.26694572272588646       0.23426055658107361     
   3324.5969800269027        60.346109536605390        17.470433842139823        6.3375661080091774        2.8018394896324033        1.4416455502060661       0.84979376573664600       0.55813210630276466       0.40457562834915356       0.31906236551152956       0.26600916791187701       0.23347822411519928     
   5484.4173615549589        59.586539721969224        17.273259014605170        6.2734814685995977        2.7762899453974970        1.4297429821046694       0.84337783129788046       0.55424583865282362       0.40195956948767064       0.31712073895599246       0.26447845520569752       0.23219922241868177     
   9047.3574582975489        58.369469487083904        16.956410159774581        6.1702369080601649        2.7350412602972005        1.4104924969652186       0.83298656226031453       0.54794480166232418       0.39771416346554900       0.31396775254805492       0.26199134030968818       0.23012013977611312     
   14924.954025563909        56.454782391235774        16.455620094071037        6.0063765446063444        2.6693501820257035        1.3797452918963851       0.81635119464998906       0.53783934968478497       0.39089526650686651       0.30889794818377403       0.25798844443423624       0.22677139708477270     
   24620.932242304425        53.529564230772252        15.684845374398810        5.7524955915971265        2.5670052563811425        1.3316141984719789       0.79021217197109328       0.52191348628047962       0.38012214954913176       0.30087360052424617       0.25164279267177836       0.22145594766270113     
   40615.846311528774        49.260197642029411        14.546970003347944        5.3737899282938386        2.4129984769295327        1.2586361609862668       0.75033708804515120       0.49749985921724443       0.36353964549257772       0.28848464955022585       0.24181988706714858       0.21321005621661476     
   67001.881432074762        43.441533542938679        12.969863695471179        4.8406943543936238        2.1932980230883596        1.1533011512673950       0.69222872086259879       0.46164380881243317       0.33902350871510945       0.27007737626741324       0.22716215372620185       0.20086152360767820     
   110529.45079604001        36.236864711582072        10.971774952397030        4.1505456890538843        1.9034181873890530        1.0119292533574020       0.61312253642527981       0.41224592148607714       0.30490223410696832       0.24425823643140041       0.20646165904608865       0.18332209066068395     
   182334.77397432731        28.338054864282761        8.7187112574451167        3.3508955132319667        1.5592012992462685       0.84022479734113376       0.51516402148549478       0.35004582938374451       0.26130985506214705       0.21089700314144544       0.17944465742734617       0.16023422104193552     
   300788.33795725461        20.779129996566411        6.4960664098769252        2.5378945281217344        1.1993004774630445       0.65588488190787020       0.40750746141753585       0.28025080702633537       0.21148355819263917       0.17219876298773507       0.14768799605516980       0.13278347744858879     
   496194.57080430136        14.441106454487178        4.5775903679635173        1.8151745733121836       0.87027457282979459       0.48272911822718806       0.30385536719072731       0.21151422648908033       0.16139470739961628       0.13263692799318208       0.11472178686266402       0.10390199268593384     
   818546.76978212281        9.6913741165160108        3.1036140998961099        1.2453797565456883       0.60430440950820741       0.33927454161388376       0.21599190310987196       0.15197887607655733       0.11713452110655150        9.7087368463170745E-002   8.4637216736585155E-002   7.7180948274558944E-002
   1350313.1998854538        6.4209405266568949        2.0683806474400415       0.83670262602114887       0.40957791342319311       0.23208304816147887       0.14906168429992994       0.10578510355661279        8.2190623558469733E-002   6.8599401584125155E-002   6.0192166423080062E-002   5.5198102706435478E-002
   2227542.5266519636        4.2949778954478228        1.3852349778160549       0.56257057694942658       0.27681948854915012       0.15781228458366320       0.10197075496085559        7.2802755873728073E-002   5.6889575981916934E-002   4.7720601997825775E-002   4.2072057367373350E-002   3.8736710657843183E-002
   3674658.7832054677        2.9614305420141682       0.95195685040584832       0.38651115996017665       0.19046156691696930       0.10887838672313498        7.0566067690501666E-002   5.0551655272001096E-002   3.9633609003440651E-002   3.3344779736154385E-002   2.9485323090785692E-002   2.7212435400202763E-002
   6061896.3890893646        2.1416464592729647       0.68346324628749389       0.27636100093305893       0.13588307504566235        7.7630805048138407E-002   5.0313017989676613E-002   3.6067312722937860E-002   2.8303460247790031E-002   2.3835164198193173E-002   2.1102636515789950E-002   1.9492257567313768E-002
   10000000.000000000        1.6426600268170533       0.51907696026082828       0.20841919582443913       0.10194123312673796        5.8029750279169255E-002   3.7501390698859945E-002   2.6831819697287627E-002   2.1027253414454040E-002   1.7691222820810627E-002   1.5658026504920930E-002   1.4455925643070567E-002