   3980.0000000000000        61.511978527920995        61.182666618077576        58.051422236853433        37.762891513881442        8.2221767876814305        1.6426600268170533     
   5010.0000000000000        17.772242307285087        17.687095084740886        16.873422932326623        11.399371310199740        2.6407477702553317       0.51907696026082828     
   6310.0000000000000        6.4354182714127894        6.4078410097658542        6.1431411655242716        4.2996898029905823        1.0635853473331061       0.20841919582443913     
   7940.0000000000000        2.8407736410248012        2.8298104351234468        2.7241978859713849        1.9666078704561338       0.51812009807675818       0.10194123312673796     
   10000.000000000000        1.4597529065413952        1.4546578749687387        1.4054248342345932        1.0429889144451476       0.29207152493596156        5.8029750279169255E-002
   12600.000000000000       0.85954143855929899       0.85680020041650451       0.83024804222588966       0.63061757187773870       0.18665994905964869        3.7501390698859945E-002
   15900.000000000000       0.56403048073463113       0.56237246259372520       0.54628279184733020       0.42323200835696778       0.13182834319410228        2.6831819697287627E-002
   20000.000000000000       0.40854278710792347       0.40742803251693466       0.39659355740230495       0.31252737639846861       0.10195874469147169        2.1027253414454040E-002
   25100.000000000000       0.32200497014793639       0.32117832712975986       0.31313506367303934       0.25004947150024176        8.4762826680736203E-002   1.7691222820810627E-002
   31600.000000000000       0.26832779174966165       0.26767658600456035       0.26133420869118218       0.21111990830826644        7.4099768070862451E-002   1.5658026504920930E-002
   39800.000000000000       0.23541474760147704       0.23487095699193944       0.22957061574460341       0.18727985762685137        6.7735533905646753E-002   1.4455925643070567E-002