           2           1   2.19000006      0.986486495    
           3           1  0.713999987      0.994428933    
           4           1  0.243000001      0.995901644    
           5           1   1.13000000      0.991228104    
           6           1  0.453000009      0.991247296    
           7           1  0.163000003      0.987878740    
           8           1   1.15999997       1.00869560    
           9           1  0.284000009       1.00709224    
          10           1  0.289999992       1.00346017    
          11           1   7.78999999E-02  0.972534359    
          12           1   1.26999998       1.00000000    
          13           1  0.467000008      0.993617058    
          14           1  0.286000013      0.976109207    
          15           1   8.20999965E-02  0.998783410    
          16           1  0.128999993      0.992307663    
          17           1  0.514999986      0.992292881    
          18           1   1.29999995       1.00000000    
          19           1  0.734000027      0.990553319    
          20           1  0.349000007      0.988668621    
          21           1  0.140000001      0.965517282    
          22           1   4.58000004E-02  0.974468112    
          23           1   1.71000004      0.994186044    
          24           1  0.615000010      0.988746047    
          25           1  0.196999997      0.938095272    
          26           1   5.92000000E-02  0.962601602    
          27           1   7.10999966E-02  0.987500012    
          28           1  0.187999994       1.00000000    
          29           1  0.523000002      0.973929226    
          30           1   1.32000005      0.956521809    
          31           1  0.615000010      0.949074090    
          32           1  0.263000011      0.922807097    
          33           1   8.43999982E-02  0.915401220    
          34           1  0.119000003       1.04385972    
          35           1   2.59000007E-02   1.11158800    
          36           1   1.25999999      0.874999940    
          37           1  0.460999995      0.946611941    
          38           1  0.149000004      0.961290359    
          39           1   4.91000004E-02  0.958984435    
          40           1   1.12000000      0.957265019    
           3           2   1.58000004      0.993710697    
           4           2  0.609000027      0.991856694    
           5           2  0.737999976      0.985313714    
           6           2  0.510999978      0.990310073    
           7           2  0.202000007      0.985365868    
           8           2  0.662999988      0.992514968    
           9           2  0.497000009      0.994000018    
          10           2  0.261999995      0.996197641    
          11           2  0.104000002      0.990476251    
          12           2  0.660000026      0.983606577    
          13           2  0.342999995      0.991329491    
          14           2  0.544000030      0.964539051    
          15           2  0.191000000      0.984536052    
          16           2  0.226999998      0.986956477    
          17           2  0.316000015      0.969325185    
          18           2  0.574000001      0.987951875    
          19           2  0.560000002      0.979020953    
          20           2  0.456000000      0.982758641    
          21           2  0.275000006      0.992779791    
          22           2   9.69000012E-02  0.982758641    
          23           2  0.802999973      0.985276043    
          24           2  0.703000009      0.992937863    
          25           2  0.433999985      0.973094106    
          26           2  0.130999997      0.963235199    
          27           2   9.14999992E-02  0.987055063    
          28           2  0.140000001       1.00000000    
          29           2  0.277000010      0.989285767    
          30           2  0.358999997      0.954787254    
          31           2  0.663999975      0.960926175    
          32           2  0.456000000      0.968152881    
          33           2  0.206000000      0.944954157    
          34           2  0.254999995       1.05809128    
          35           2   5.88999987E-02   1.04618120    
          36           2  0.363999993      0.907730699    
          37           2  0.629000008      0.996830463    
          38           2  0.342000008      0.971590936    
          39           2  0.122000001      0.931297719    
          40           2  0.455000013      0.991285443    
           4           3   1.16999996      0.991525412    
           5           3  0.477999985      0.985566974    
           6           3  0.416999996      0.988151670    
           7           3  0.237000003      0.987500012    
           8           3  0.328999996      0.993957698    
           9           3  0.527000010      0.992467046    
          10           3  0.194000006      0.984771609    
          11           3  0.115999997      0.974789858    
          12           3  0.284999996      0.989583373    
          13           3  0.238999993      0.983539045    
          14           3  0.580999970      0.969949901    
          15           3  0.238000005      0.991666734    
          16           3  0.247999996      0.984126925    
          17           3  0.162000000      0.981818140    
          18           3  0.216999993      0.981900394    
          19           3  0.404000014      0.980582535    
          20           3  0.354000002      0.986072421    
          21           3  0.282999992      0.986062706    
          22           3  0.178000003      0.983425438    
          23           3  0.319999993      0.990711987    
          24           3  0.569999993      0.981067181    
          25           3  0.419999987      0.952380896    
          26           3  0.263000011      0.985018790    
          27           3   9.30999964E-02  0.984143734    
          28           3   9.52999964E-02  0.993743479    
          29           3  0.140000001      0.985915482    
          30           3   7.41000026E-02  0.904761910    
          31           3  0.259999990      0.973782778    
          32           3  0.462000012      0.980891764    
          33           3  0.372999996      0.966321230    
          34           3  0.203999996       1.00990093    
          35           3  0.107000001      0.990740716    
          36           3  0.136999995      0.958041847    
          37           3  0.282999992      0.979238689    
          38           3  0.409000009      0.985542238    
          39           3  0.259000003      0.973684192    
          40           3  0.128000006      0.984615445    
           5           4  0.263000011      0.970479727    
           6           4  0.277999997      0.982332170    
           7           4  0.217999995      0.981981933    
           8           4  0.133000001      0.992537320    
           9           4  0.421999991      0.995283008    
          10           4  0.119999997      0.991735518    
          11           4  0.100000001      0.990099013    
          12           4   8.83999988E-02  0.993258417    
          13           4  0.130999997      0.977611899    
          14           4  0.469000012      0.977083385    
          15           4  0.213000000      0.995327115    
          16           4  0.197999999      0.985074580    
          17           4   7.05000013E-02  0.988779843    
          18           4   8.41000006E-02  0.991745293    
          19           4  0.172999993      0.988571405    
          20           4  0.282000005      0.986013949    
          21           4  0.273999989      0.968197882    
          22           4  0.143000007      0.979452133    
          23           4  0.125000000      0.992063463    
          24           4  0.270999998      0.974820137    
          25           4  0.393000007      0.997461975    
          26           4  0.244000003       1.00000000    
          27           4   7.42999986E-02  0.978919566    
          28           4   5.46000004E-02  0.994535506    
          29           4   6.67999983E-02  0.976608098    
          30           4   2.04000007E-02  0.935779870    
          31           4   6.41999990E-02  0.972727239    
          32           4  0.204999998      0.957943916    
          33           4  0.449000001      0.978213549    
          34           4  0.118000001       1.00000000    
          35           4  0.123999998      0.991999984    
          36           4   5.53999990E-02  0.966841161    
          37           4  0.111000001      0.973684251    
          38           4  0.238000005      0.971428573    
          39           4  0.393999994      0.984999955    
          40           4   4.01000008E-02  0.966265142    
           6           5  0.677999973      0.984034777    
           7           5  0.298999995      0.986798644    
           8           5  0.289000005      0.976351380    
           9           5  0.130999997      0.992424250    
          10           5  0.270999998      0.996323466    
          11           5   7.68000036E-02  0.993531764    
          12           5  0.407999992      0.976076484    
          13           5  0.284000009      0.982698977    
          14           5  0.115000002      0.991379380    
          15           5  0.157000005      0.934523880    
          16           5  0.379000008      0.981865287    
          17           5  0.351999998      0.985994399    
          18           5  0.554000020      0.992831528    
          19           5  0.430999994      0.993087590    
          20           5  0.293000013      0.989864886    
          21           5  0.165999994      0.982248485    
          22           5   6.76999986E-02  0.975504339    
          23           5   1.01999998       1.00990093    
          24           5  0.657999992      0.998482585    
          25           5  0.314999998      0.990566075    
          26           5  0.107000001      0.990740716    
          27           5  0.159999996      0.987654269    
          28           5  0.273999989       1.00000000    
          29           5  0.185000002      0.963541687    
          30           5  0.107000001      0.930434763    
          31           5   8.64000022E-02  0.935064971    
          32           5   6.03000000E-02  0.945141077    
          33           5   4.17000018E-02  0.926666677    
          34           5   7.01000020E-02  0.990113020    
          35           5   2.44999994E-02   1.02941167    
          36           5  0.308999985      0.968651950    
          37           5  0.180999994       1.00000000    
          38           5   9.58999991E-02  0.949504912    
          39           5   4.72999997E-02  0.947895825    
          40           5  0.153999999      0.841530085    
           7           6  0.273999989      0.989169598    
           8           6  0.133000001      0.992537320    
           9           6  0.150000006       1.00000000    
          10           6  0.209999993      0.985915482    
          11           6   9.61000025E-02  0.988683164    
          12           6  0.136999995      0.992753625    
          13           6  0.174999997      0.956284165    
          14           6  0.193000004      0.979695439    
          15           6  0.125000000      0.992063463    
          16           6  0.209000006      0.976635516    
          17           6  0.286000013      0.986206949    
          18           6  0.277000010      0.982269526    
          19           6  0.208000004      0.981132090    
          20           6  0.204999998      0.976190507    
          21           6  0.187999994      0.969072104    
          22           6  0.108000003      0.972972989    
          23           6  0.490000010      0.960784376    
          24           6  0.337000012      0.979651153    
          25           6  0.344999999      0.966386557    
          26           6  0.224999994      0.986842096    
          27           6  0.127000004      0.984496236    
          28           6  0.153999999       1.00000000    
          29           6   8.43999982E-02  0.988290370    
          30           6   2.60000005E-02  0.844155848    
          31           6   4.89000008E-02  0.860915482    
          32           6   5.42999990E-02  0.896039546    
          33           6   4.91999984E-02  0.904411733    
          34           6   8.78000036E-02  0.994337559    
          35           6   3.42000015E-02  0.991304398    
          36           6   6.97999969E-02  0.889171898    
          37           6  0.155000001      0.956790149    
          38           6  0.138999999      0.958620727    
          39           6   8.47000033E-02  0.965792477    
          40           6   5.71000017E-02  0.962900519    
           8           7   3.73999998E-02  0.994680882    
           9           7   9.56000015E-02  0.992731094    
          10           7   8.76000002E-02  0.988713324    
          11           7   7.27000013E-02  0.993169367    
          12           7   2.30999999E-02  0.978813529    
          13           7   7.67000020E-02  0.984595656    
          14           7  0.144999996       1.00000000    
          15           7   7.56999999E-02  0.985677063    
          16           7   8.29999968E-02  0.988095224    
          17           7  0.160999998      0.993827164    
          18           7   5.55000007E-02  0.953608215    
          19           7  0.155000001      0.987261117    
          20           7  0.145999998      0.973333299    
          21           7   9.26999971E-02  0.976817727    
          22           7   3.95000018E-02  0.980148911    
          23           7  0.111000001      0.932773113    
          24           7  0.277000010      0.989285767    
          25           7  0.222000003      0.973684251    
          26           7   9.88999978E-02  0.991975963    
          27           7   7.37000033E-02  0.990591466    
          28           7   6.83000013E-02  0.979913890    
          29           7   3.18999998E-02  0.941002965    
          30           7   8.12000036E-03  0.846715391    
          31           7   1.54999997E-02  0.974842668    
          32           7   2.86999997E-02  0.972881317    
          33           7   4.05000001E-02  0.975903630    
          34           7   3.46000008E-02   1.03283584    
          35           7   3.88000011E-02  0.967581034    
          36           7   2.73000002E-02  0.944636703    
          37           7   4.14999984E-02  0.951834798    
          38           7   7.58000016E-02  0.984415591    
          39           7   8.95999968E-02  0.964477897    
          40           7   1.48999998E-02  0.949044585    
           9           8   1.22000003      0.983870983    
          10           8  0.409000009      0.997560978    
          11           8  0.177000001       1.00000000    
          12           8   1.82000005      0.973262072    
          13           8  0.736000001      0.991913795    
          14           8   1.10000002      0.982142866    
          15           8  0.368000001      0.936386764    
          16           8  0.412000000      0.980952442    
          17           8  0.861000001      0.968503952    
          18           8   9.04000029E-02  0.993406653    
          19           8   7.36000016E-02  0.957087159    
          20           8   4.63999994E-02  0.974789858    
          21           8   2.28000004E-02  0.982758641    
          22           8   7.72000011E-03  0.996129036    
          23           8  0.147000000       1.01379311    
          24           8   8.64999965E-02   1.00348020    
          25           8   4.21000011E-02   1.01445794    
          26           8   1.61000006E-02   1.00625002    
          27           8  0.108999997      0.990909100    
          28           8  0.456999987      0.987040997    
          29           8  0.105999999      0.946428537    
          30           8  0.601000011      0.957006335    
          31           8  0.474000007      0.969325185    
          32           8  0.312999994      0.969040215    
          33           8  0.167999998      0.971098304    
          34           8   5.77000007E-02  0.981292546    
          35           8   1.97999999E-02   1.04761910    
          36           8  0.597999990      0.947702050    
          37           8  0.365999997       1.00273967    
          38           8  0.172999993       1.00000000    
          39           8   6.65000007E-02  0.972222209    
          40           8  0.616999984      0.965571165    
          10           9  0.344000012      0.994219720    
          11           9  0.214000002      0.990740716    
          12           9  0.887000024      0.951716781    
          13           9  0.513999999      0.977186263    
          14           9   1.20000005      0.975609779    
          15           9  0.400999993      0.921839058    
          16           9  0.588999987      0.981666625    
          17           9  0.474000007      0.989561617    
          18           9   4.47999984E-02  0.949152470    
          19           9   5.02000004E-02  0.965384603    
          20           9   4.61999997E-02  0.964509428    
          21           9   3.18999998E-02  0.969604790    
          22           9   1.37000000E-02  0.978571415    
          23           9   8.59000012E-02  0.981714308    
          24           9   7.76000023E-02  0.991060078    
          25           9   5.51000014E-02  0.989228010    
          26           9   2.84000002E-02   1.01067615    
          27           9  0.316000015      0.990595639    
          28           9  0.178000003      0.988888860    
          29           9   7.09000006E-02  0.949129879    
          30           9  0.118000001      0.936507940    
          31           9  0.257999986      0.988505661    
          32           9  0.326000005      0.990881503    
          33           9  0.305000007      0.980707467    
          34           9   6.21999986E-02   1.00484645    
          35           9   3.31000015E-02   1.04088044    
          36           9  0.182999998      0.948186517    
          37           9  0.328999996       1.00611627    
          38           9  0.308999985      0.990384519    
          39           9  0.229000002      0.991341949    
          40           9  0.130999997      0.970370293    
          11          10  0.291000009      0.983108103    
          12          10  0.142000005      0.993007004    
          13          10  0.591000021      0.976859510    
          14          10  0.130999997      0.970370293    
          15          10  0.389999986      0.997442424    
          16          10  0.308999985      0.987220407    
          17          10  0.298999995      0.986798644    
          18          10   2.99999993E-02  0.996677756    
          19          10   3.84999998E-02  0.994832039    
          20          10   3.84999998E-02   1.00260413    
          21          10   2.96000000E-02  0.983388722    
          22          10   1.62000004E-02  0.981818199    
          23          10   8.16999972E-02  0.973778307    
          24          10   6.91000000E-02   1.00000000    
          25          10   5.38000017E-02  0.988970578    
          26          10   3.00999992E-02  0.986885190    
          27          10  0.116999999      0.983193219    
          28          10  0.184000000      0.994594574    
          29          10  0.294000000      0.933333337    
          30          10   4.05000001E-02  0.892070472    
          31          10   5.05999997E-02  0.938775539    
          32          10   5.71999997E-02  0.977777779    
          33          10   5.15000001E-02  0.982824445    
          34          10  0.218999997      0.927966058    
          35          10   8.03000033E-02  0.963985622    
          36          10  0.194999993      0.911214888    
          37          10  0.172999993       1.00581384    
          38          10  0.128000006      0.992248178    
          39          10   8.47000033E-02  0.990643263    
          40          10   4.60000001E-02  0.934959412    
          12          11   3.08999997E-02  0.971698046    
          13          11  0.291000009      0.986440778    
          14          11   7.07999989E-02   1.00000000    
          15          11  0.192000002      0.984615445    
          16          11  0.130999997      0.992424250    
          17          11  0.156000003      0.993630588    
          18          11   9.06999968E-03  0.982665181    
          19          11   1.60000008E-02  0.975609779    
          20          11   1.92000009E-02  0.989690721    
          21          11   1.52000003E-02  0.980645180    
          22          11   8.12000036E-03  0.974789977    
          23          11   3.44000012E-02  0.888888955    
          24          11   3.55999991E-02  0.941798925    
          25          11   2.91000009E-02  0.983108163    
          26          11   1.56999994E-02  0.987421274    
          27          11   8.21999982E-02  0.987980723    
          28          11   8.51000026E-02  0.992998898    
          29          11  0.131999999      0.916666687    
          30          11   8.51000007E-03  0.851000011    
          31          11   2.14000009E-02  0.963964045    
          32          11   3.33999991E-02  0.973760903    
          33          11   3.50000001E-02  0.983146071    
          34          11   9.76999998E-02  0.948543668    
          35          11   4.80999984E-02  0.991752505    
          36          11   3.29000019E-02  0.868073881    
          37          11   8.03999975E-02  0.971014440    
          38          11   8.73999968E-02  0.982022405    
          39          11   6.76999986E-02  0.982583463    
          40          11   1.54999997E-02  0.939393938    
          13          12  0.367000014      0.981283426    
          14          12   1.96000004      0.984924614    
          15          12  0.115000002      0.982905984    
          16          12  0.552999973      0.992818654    
          17          12   1.32000005      0.992481232    
          18          12   6.49000034E-02  0.958641112    
          19          12   4.54000011E-02  0.941908717    
          20          12   2.39000004E-02  0.971544743    
          21          12   9.90999956E-03  0.971568525    
          22          12   2.79000006E-03  0.972125471    
          23          12  0.103000000       1.00000000    
          24          12   5.24000004E-02   1.01550388    
          25          12   2.39000004E-02   1.00000000    
          26          12   8.05000030E-03   1.00750947    
          27          12  0.192000002      0.979591846    
          28          12  0.405000001      0.992647052    
          29          12   6.31999969E-02  0.948948860    
          30          12   1.20000005      0.960000038    
          31          12  0.759999990      0.996068120    
          32          12  0.367000014      0.986559153    
          33          12  0.108999997      0.964601755    
          34          12   3.64999995E-02  0.986486435    
          35          12   9.46999993E-03   1.02047420    
          36          12  0.266000003      0.914089322    
          37          12  0.185000002       1.02209949    
          38          12   8.17999989E-02  0.993924677    
          39          12   2.71000005E-02  0.957597196    
          40          12  0.862999976      0.975141227    
          14          13  0.246000007      0.987951815    
          15          13  0.518000007      0.979206085    
          16          13  0.344000012      0.988505781    
          17          13  0.648999989      0.981845677    
          18          13   4.12999988E-02  0.995180726    
          19          13   5.53000011E-02  0.977031827    
          20          13   4.52000014E-02  0.976241887    
          21          13   3.29999998E-02  0.988023996    
          22          13   1.67999994E-02  0.988235176    
          23          13  0.114000000      0.982758641    
          24          13   9.13999975E-02  0.989177465    
          25          13   6.23000003E-02  0.978022039    
          26          13   3.00999992E-02  0.993399262    
          27          13  0.179000005      0.978142142    
          28          13  0.282000005      0.989473701    
          29          13  0.279000014      0.985865772    
          30          13   8.52999985E-02  0.908413172    
          31          13   9.67999995E-02  0.972864330    
          32          13   8.65999982E-02  0.971941590    
          33          13   6.48000017E-02  0.990825772    
          34          13  0.192000002      0.979591846    
          35          13   8.66999999E-02   1.01048946    
          36          13  0.254999995      0.937499940    
          37          13  0.193000004       1.02659583    
          38          13  0.123999998      0.976377904    
          39          13   6.53999969E-02  0.998473227    
          40          13  0.231000006      0.946721315    
          15          14  0.248999998      0.968871593    
          16          14  0.864000022      0.990825713    
          17          14  0.734000027      0.977363586    
          18          14   5.09999990E-02  0.988372028    
          19          14   4.32000011E-02  0.968609929    
          20          14   3.70999984E-02  0.898305058    
          21          14   1.71000008E-02  0.971590936    
          22          14   6.94000022E-03  0.997126460    
          23          14   6.91000000E-02  0.988555074    
          24          14   6.10000007E-02   1.00826442    
          25          14   4.03000005E-02   1.00248766    
          26          14   1.96000002E-02   1.00512815    
          27          14  0.250000000      0.988142312    
          28          14  0.287999988      0.996539712    
          29          14   5.05000018E-02  0.921532869    
          30          14  0.179000005      0.962365568    
          31          14  0.481000006      0.985655725    
          32          14  0.625000000      0.992063522    
          33          14  0.559000015      0.991134763    
          34          14   4.19999994E-02   1.02439022    
          35          14   2.08000001E-02   1.04000008    
          36          14  0.151999995      0.932515264    
          37          14  0.178000003      0.994413376    
          38          14  0.141000003      0.952702701    
          39          14   8.90000015E-02  0.974808335    
          40          14  0.164000005      0.987951875    
          16          15  0.351000011      0.972299218    
          17          15  0.314000010      0.996825457    
          18          15   2.00999994E-02  0.995049536    
          19          15   2.85999998E-02  0.972789109    
          20          15   3.46999988E-02  0.983002782    
          21          15   2.84000002E-02  0.993007004    
          22          15   1.48000000E-02   1.00000000    
          23          15   5.97999990E-02   1.00673401    
          24          15   5.90000004E-02  0.984974980    
          25          15   4.80999984E-02  0.993801653    
          26          15   2.75999997E-02  0.985714257    
          27          15  0.137999997      0.985714257    
          28          15  0.193000004      0.989743650    
          29          15   9.07000005E-02   1.02834463    
          30          15   2.36000009E-02  0.890566111    
          31          15   4.36000004E-02  0.958241761    
          32          15   5.93999997E-02  0.964285731    
          33          15   5.97000010E-02  0.985148489    
          34          15  0.153999999      0.944785237    
          35          15   9.66999978E-02  0.920952380    
          36          15   8.13999996E-02  0.942129612    
          37          15  0.101000004       1.00000000    
          38          15   9.49999988E-02  0.976361752    
          39          15   7.66000003E-02  0.949194491    
          40          15   3.73000018E-02  0.939546585    
          17          16  0.725000024      0.982384861    
          18          16   3.15999985E-02  0.990595579    
          19          16   4.52000014E-02  0.941666663    
          20          16   4.19000015E-02  0.974418581    
          21          16   3.10999993E-02  0.981072545    
          22          16   1.61000006E-02  0.981707335    
          23          16   7.85999969E-02   1.01158297    
          24          16   8.32000002E-02   1.00726390    
          25          16   6.50999993E-02   1.01244164    
          26          16   3.59999985E-02   1.01408446    
          27          16  0.545000017      0.989110768    
          28          16  0.430999994      0.993087590    
          29          16   7.27000013E-02   1.00000000    
          30          16   4.63999994E-02  0.931726873    
          31          16  0.144999996      0.973154306    
          32          16  0.192000002      0.984615445    
          33          16  0.181999996      0.989130437    
          34          16   6.93999976E-02   1.01461983    
          35          16   3.86000015E-02   1.00783288    
          36          16  0.122000001      0.931297719    
          37          16  0.167999998       1.00598800    
          38          16  0.150999993       1.00000000    
          39          16  0.108000003      0.990825713    
          40          16   8.15000013E-02  0.984299541    
          18          17   6.19999990E-02  0.979462862    
          19          17   6.34000003E-02  0.987538934    
          20          17   4.71000001E-02  0.981249988    
          21          17   2.84000002E-02  0.975944996    
          22          17   1.15000000E-02  0.982905984    
          23          17  0.143000007       1.00704229    
          24          17   9.13000032E-02   1.00995576    
          25          17   5.18000014E-02   1.00778210    
          26          17   2.30000000E-02   1.00436676    
          27          17  0.340999991      0.994169056    
          28          17  0.927999973      0.993575990    
          29          17  0.108000003      0.972972989    
          30          17  0.314999998      0.957446814    
          31          17  0.233999997      0.975000024    
          32          17  0.148000002      0.993288577    
          33          17   7.56999999E-02  0.971758664    
          34          17   7.09000006E-02   1.00853491    
          35          17   2.80000009E-02   1.03703701    
          36          17  0.256000012      0.955223918    
          37          17  0.180999994       1.02840912    
          38          17   9.66999978E-02  0.972837031    
          39          17   4.32000011E-02  0.968609929    
          40          17  0.490000010      0.983935773    
          19          18   10.1999998       1.04187942    
          20          18   3.35999990       1.03703701    
          21          18   1.33000004       1.02307701    
          22          18  0.497999996       1.01219511    
          23          18   9.00000000       1.01465619    
          24          18   1.17999995       1.00854695    
          25          18  0.400999993      0.985257983    
          26          18  0.135000005      0.964285731    
          27          18   1.38999997E-02   1.00000000    
          28          18   3.07999998E-02   1.00653589    
          29          18  0.512000024      0.992248178    
          30          18   1.05999994      0.981481373    
          31          18  0.694999993      0.990028441    
          32          18  0.367000014      0.986559153    
          33          18  0.138999999      0.978873193    
          34          18  0.164000005       1.01863360    
          35          18   3.35999988E-02   1.00598800    
          36          18  0.745999992      0.975163400    
          37          18  0.455000013      0.989130437    
          38          18  0.234999999      0.975103736    
          39          18   8.57999995E-02  0.976109207    
          40          18  0.823000014      0.993961334    
          20          19   8.10000038       1.04247105    
          21          19   2.73000002       1.04198480    
          22          19  0.879999995       1.02206731    
          23          19   3.04999995       1.01328897    
          24          19   4.88000011       1.01035202    
          25          19  0.791000009       1.00126576    
          26          19  0.256999999      0.996124089    
          27          19   1.75999999E-02  0.994350314    
          28          19   3.28000002E-02   1.00923085    
          29          19  0.358000010      0.986225903    
          30          19  0.558000028      0.980667889    
          31          19  0.425999999      0.981566846    
          32          19  0.425999999      0.990697682    
          33          19  0.300999999      0.993399322    
          34          19  0.182999998      0.989189148    
          35          19   8.00999999E-02  0.985239863    
          36          19  0.483999997      0.958415866    
          37          19  0.374000013      0.994680941    
          38          19  0.252000004      0.988235354    
          39          19  0.202999994      0.985436857    
          40          19  0.460999995      0.942740262    
          21          20   5.73999977       1.04553735    
          22          20   1.84000003       1.04545462    
          23          20   1.00999999       1.00000000    
          24          20   2.67000008       1.02298856    
          25          20   2.66000009       1.01526725    
          26          20  0.444999993      0.997757792    
          27          20   2.08000001E-02  0.990476191    
          28          20   2.50000004E-02  0.996015966    
          29          20  0.217999995       1.00000000    
          30          20  0.238999993      0.975510180    
          31          20  0.340000004       1.00294995    
          32          20  0.321000010      0.984662592    
          33          20  0.354999989      0.991620064    
          34          20  0.172000006      0.994219720    
          35          20   9.04000029E-02  0.997792542    
          36          20  0.257999986      0.966292143    
          37          20  0.270999998      0.992673993    
          38          20  0.270000011      0.981818199    
          39          20  0.181999996       1.00000000    
          40          20  0.228000000      0.982758641    
          22          21   3.38000011       1.05295956    
          23          21  0.407000005      0.969047666    
          24          21  0.919000030       1.01323044    
          25          21   2.00000000       1.01010096    
          26          21   1.21000004       1.01680672    
          27          21   1.61000006E-02  0.975757599    
          28          21   1.90999992E-02  0.984535992    
          29          21  0.112999998      0.982608676    
          30          21   8.51999968E-02  0.950892866    
          31          21  0.217999995       1.00925922    
          32          21  0.248999998       1.00000000    
          33          21  0.277000010      0.975352108    
          34          21  0.133000001      0.956834555    
          35          21   7.63000026E-02  0.984516144    
          36          21  0.118000001      0.944000006    
          37          21  0.180999994      0.962765932    
          38          21  0.194000006      0.984771609    
          39          21  0.148000002      0.980132520    
          40          21   9.54999998E-02  0.975485146    
          23          22  0.158999994      0.969512105    
          24          22  0.284999996      0.996503413    
          25          22  0.647000015       1.00622082    
          26          22   1.16999996       1.02631581    
          27          22   9.49999969E-03  0.982419848    
          28          22   1.02000004E-02   1.00000000    
          29          22   4.83000018E-02   1.00000000    
          30          22   2.96000000E-02  0.936708927    
          31          22   8.57999995E-02   1.02264607    
          32          22  0.157000005       1.00000000    
          33          22  0.137999997      0.992805719    
          34          22   6.93000033E-02  0.988587737    
          35          22   4.56000008E-02  0.989153981    
          36          22   4.10000011E-02  0.997566938    
          37          22   8.92999992E-02  0.954059839    
          38          22   9.17999968E-02  0.977635741    
          39          22   8.73999968E-02   1.00000000    
          40          22   2.81000007E-02  0.965635717    
          24          23   4.80000019       1.01694930    
          25          23   1.40999997      0.965753376    
          26          23  0.513999999      0.977186263    
          27          23   5.53999990E-02   1.00727272    
          28          23   8.30999985E-02  0.996402800    
          29          23  0.712000012       1.03941607    
          30          23  0.472999990      0.955555499    
          31          23  0.352999985       1.00857139    
          32          23  0.226999998       1.00000000    
          33          23  0.120999999      0.975806475    
          34          23  0.252000004       1.04564321    
          35          23   6.93000033E-02   1.07441866    
          36          23  0.875000000      0.998858452    
          37          23  0.524999976       1.02539051    
          38          23  0.237000003       1.01282048    
          39          23  0.109999999      0.973451316    
          40          23  0.875999987       1.03546095    
          25          24   4.11999989       1.04040396    
          26          24  0.948000014       1.02045214    
          27          24   5.49999997E-02   1.00364959    
          28          24   6.69000000E-02   1.00299859    
          29          24  0.349000007       1.02046788    
          30          24  0.209000006      0.967592597    
          31          24  0.224000007       1.00448430    
          32          24  0.206000000      0.990384579    
          33          24  0.172000006      0.982857168    
          34          24  0.319000006       1.05980074    
          35          24  0.103000000       1.03621733    
          36          24  0.331999987      0.945868909    
          37          24  0.432999998       1.02606642    
          38          24  0.333999991       1.02453983    
          39          24  0.185000002      0.994623661    
          40          24  0.312000006       1.03311265    
          26          25   2.57999992       1.04032254    
          27          25   5.93999997E-02   1.01538467    
          28          25   4.36999984E-02   1.00000000    
          29          25  0.158999994       1.01273882    
          30          25   7.20999986E-02  0.954966903    
          31          25  0.114000000      0.982758641    
          32          25  0.157000005      0.981250048    
          33          25  0.164000005      0.987951875    
          34          25  0.215000004       1.08040202    
          35          25  0.138999999       1.04511273    
          36          25  0.147000000      0.973509967    
          37          25  0.208000004      0.967441857    
          38          25  0.259000003       1.03187263    
          39          25  0.219999999       1.02325583    
          40          25  0.119000003       1.00847459    
          27          26   2.82000005E-02   1.00000000    
          28          26   2.25000009E-02  0.995575249    
          29          26   6.08000010E-02  0.980645180    
          30          26   1.56999994E-02  0.872222245    
          31          26   5.13999984E-02  0.980915964    
          32          26   7.67000020E-02  0.987130046    
          33          26   9.61999968E-02  0.983640015    
          34          26   8.85000005E-02   1.01142859    
          35          26   9.52999964E-02   1.07319820    
          36          26   4.76000011E-02  0.937007904    
          37          26   8.86000022E-02  0.980088472    
          38          26  0.119000003       1.00000000    
          39          26  0.137999997       1.04545450    
          40          26   4.16000001E-02  0.992840052    
          28          27  0.611000001      0.995113969    
          29          27   5.73000014E-02  0.950248778    
          30          27   1.65999997E-02  0.970760167    
          31          27   3.44999991E-02   1.00000000    
          32          27   4.96000014E-02  0.984126985    
          33          27   5.29999994E-02  0.970695972    
          34          27   5.38000017E-02  0.998144746    
          35          27   2.55999994E-02   1.00787401    
          36          27   5.18000014E-02  0.950458765    
          37          27   7.11999983E-02  0.986149549    
          38          27   6.65000007E-02  0.985185146    
          39          27   5.11000007E-02  0.978927195    
          40          27   2.84000002E-02  0.996491253    
          29          28   8.96999985E-02  0.968682468    
          30          28   7.64999986E-02  0.994798422    
          31          28   7.72999972E-02   1.00782263    
          32          28   6.53000027E-02  0.996946633    
          33          28   5.04000001E-02  0.982456148    
          34          28   6.15000017E-02   1.00162864    
          35          28   2.73000002E-02   1.03802288    
          36          28  0.135000005      0.985401511    
          37          28   9.70999971E-02   1.00103092    
          38          28   6.17000014E-02  0.965571225    
          39          28   3.42000015E-02  0.977142870    
          40          28  0.145999998       1.00000000    
          30          29  0.621999979      0.928358138    
          31          29  0.486999989      0.960552216    
          32          29  0.340000004      0.974212050    
          33          29  0.224000007      0.986784160    
          34          29   2.99000001       1.03819442    
          35          29  0.300999999       1.16216218    
          36          29   1.49000001       1.04195809    
          37          29  0.948000014       1.05216420    
          38          29  0.602999985       1.05975389    
          39          29  0.330000013       1.02167177    
          40          29  0.388999999      0.967661679    
          31          30   13.0000000       1.03999996    
          32          30   1.99000001       1.01530612    
          33          30  0.398000002      0.959036171    
          34          30  0.160999998       1.01257861    
          35          30   3.31999995E-02  0.979350984    
          36          30   3.81999993      0.931707323    
          37          30   1.30999994      0.977611899    
          38          30  0.344000012      0.955555558    
          39          30   8.56000036E-02  0.872579038    
          40          30   6.65000010       1.03260875    
          32          31   12.1999998       1.02521014    
          33          31   1.36000001       1.05426359    
          34          31  0.321999997       1.05573761    
          35          31   8.50000009E-02   1.07594931    
          36          31   2.27999997      0.926829219    
          37          31   2.18000007       1.09000003    
          38          31   1.13999999       1.00884950    
          39          31  0.328999996      0.959183693    
          40          31   3.40000010       1.05263162    
          33          32   9.03999996       1.04027617    
          34          32  0.384000003       1.03783786    
          35          32  0.181999996       1.03999996    
          36          32   1.33000004      0.950000048    
          37          32   2.11999989       1.08163261    
          38          32   1.63999999       1.07189548    
          39          32  0.907000005       1.03302956    
          40          32   1.17999995       1.00854695    
          34          33  0.354000002       1.02312148    
          35          33  0.234999999       1.03070176    
          36          33  0.570999980      0.987889230    
          37          33   1.34000003       1.05511820    
          38          33   1.98000002       1.08196723    
          39          33   1.84000003       1.07602334    
          40          33  0.335000008      0.971014500    
          35          34   1.88000000       1.02173913    
          36          34  0.523999989       1.00769234    
          37          34  0.699999988       1.14192498    
          38          34  0.683000028       1.19824564    
          39          34  0.455000013       1.11793613    
          40          34  0.165999994      0.988095224    
          36          35  0.196999997       1.01546383    
          37          35  0.230000004       1.07981217    
          38          35  0.358000010       1.10835910    
          39          35  0.398000002       1.11797750    
          40          35   3.88000011E-02   1.01570690    
          37          36   4.75000000      0.920542657    
          38          36  0.823000014       1.02109182    
          39          36  0.301999986       1.01003337    
          40          36   2.30999994      0.942857087    
          38          37   5.03000021       1.01207256    
          39          37  0.773999989      0.997422636    
          40          37  0.981999993       1.01132846    
          39          38   3.72000003       1.01917803    
          40          38  0.344000012      0.977272749    
          40          39  0.108000003      0.964285731    
