           2           1   2.76999998      -1.07142758    
           3           1  0.925999999      0.108106717    
           4           1  0.321000010       0.00000000    
           5           1   1.20000005       0.00000000    
           6           1  0.495000005       0.00000000    
           7           1  0.187000006       0.00000000    
           8           1   1.19000006       0.00000000    
           9           1  0.305000007       1.66666508    
          10           1  0.303000003      0.331131428    
          11           1   8.04999992E-02  -1.22699630    
          12           1   1.34000003      0.751878977    
          13           1  0.462000012     -0.431028932    
          14           1  0.337000012     -0.589962900    
          15           1   8.64000022E-02  0.465115488    
          16           1  0.171000004      0.588236451    
          17           1  0.635999978     -0.625001252    
          18           1   1.85000002      0.543477714    
          19           1   1.10000002       0.00000000    
          20           1  0.536000013      0.186913475    
          21           1  0.209999993      -1.40845358    
          22           1   6.97999969E-02  -2.10379100    
          23           1   2.22000003      -2.63157654    
          24           1  0.851000011     -0.700114608    
          25           1  0.323000014      -7.97720718    
          26           1  0.103000000      -2.83018732    
          27           1   6.78000003E-02 -0.147277892    
          28           1  0.187000006       0.00000000    
          29           1  0.791000009      -3.77129173    
          30           1   2.01999998       0.00000000    
          31           1   1.00999999      -1.94174576    
          32           1  0.430000007      -6.92640781    
          33           1  0.136999995      -6.80272484    
          34           1  0.193000004       3.76344013    
          35           1   4.19999994E-02   9.66057301    
          36           1   1.70000005      -5.55555058    
          37           1  0.653999984     -0.909097195    
          38           1  0.233999997      -1.26582527    
          39           1   8.61999989E-02 -0.115876816    
          40           1   1.85000002      -7.03517485    
           3           2   1.94000006       0.00000000    
           4           2  0.776000023     -0.385104179    
           5           2  0.813000023      -1.21506560    
           6           2  0.560000002      0.358418316    
           7           2  0.215000004     -0.462963909    
           8           2  0.699000001      -1.13154399    
           9           2  0.504999995      0.397609174    
          10           2  0.287999988       0.00000000    
          11           2  0.112000003      0.900902689    
          12           2  0.689999998     -0.862066448    
          13           2  0.356999993     -0.279334337    
          14           2  0.564999998      -2.75386810    
          15           2  0.197999999     -0.502513587    
          16           2  0.270000011     -0.735295534    
          17           2  0.391999990      -2.24439001    
          18           2  0.845000029     -0.353769034    
          19           2  0.813000023      -1.09489083    
          20           2  0.684000015     -0.725688696    
          21           2  0.418000013     -0.476184338    
          22           2  0.138999999      -1.41844261    
          23           2   1.11000001     -0.892856240    
          24           2  0.901000023     -0.880083263    
          25           2  0.587000012      -4.55284500    
          26           2  0.204999998      -5.96330118    
          27           2   9.10999998E-02 -0.437157750    
          28           2  0.141000003     -0.704226732    
          29           2  0.463999987      0.215979949    
          30           2  0.574000001      -3.04054165    
          31           2  0.982999980      -4.56310606    
          32           2  0.684000015      -3.38982892    
          33           2  0.301999986      -5.62500191    
          34           2  0.391999990       7.69230747    
          35           2   9.26000029E-02   5.46696949    
          36           2  0.564000010      -3.75426865    
          37           2  0.713000000     -0.972226262    
          38           2  0.456000000      -4.40251541    
          39           2  0.185000002      -7.96020031    
          40           2  0.792999983     -0.626565814    
           4           3   1.39999998     -0.709219158    
           5           3  0.550000012     -0.900900006    
           6           3  0.456999987     -0.218344316    
           7           3  0.247999996     -0.800001621    
           8           3  0.361999989      0.277004749    
           9           3  0.533999979       0.00000000    
          10           3  0.221000001       0.00000000    
          11           3  0.128000006      -1.53845322    
          12           3  0.289999992     -0.684932888    
          13           3  0.263999999       0.00000000    
          14           3  0.574999988      -2.70728111    
          15           3  0.246000007     -0.404853106    
          16           3  0.287000000      -1.37457311    
          17           3  0.208000004      -1.42179680    
          18           3  0.331000000       0.00000000    
          19           3  0.583000004      -1.01867270    
          20           3  0.513999999      -1.15384281    
          21           3  0.414999992     -0.479617298    
          22           3  0.261000007      -1.13636029    
          23           3  0.504999995      -1.55945730    
          24           3  0.720000029      -2.43901730    
          25           3  0.564999998      -8.72375107    
          26           3  0.344000012      -3.37078500    
          27           3   9.48000029E-02 -0.732981086    
          28           3   9.79000032E-02 -0.305496544    
          29           3  0.263000011      0.766285062    
          30           3  0.119999997      -6.97674179    
          31           3  0.391000003      -2.73632026    
          32           3  0.686999977      -1.99714673    
          33           3  0.540000021      -2.87769318    
          34           3  0.319000006       2.24358940    
          35           3  0.160999998      -1.22699630    
          36           3  0.231000006      -2.11864209    
          37           3  0.412999988       0.00000000    
          38           3  0.467999995      -1.47368407    
          39           3  0.356999993      -2.72480106    
          40           3  0.246000007      0.408164084    
           5           4  0.319999993      -1.23457038    
           6           4  0.296000004      -1.00334156    
           7           4  0.229000002     -0.865802646    
           8           4  0.157000005       2.61438441    
           9           4  0.428999990     -0.232562080    
          10           4  0.143000007     -0.694435537    
          11           4  0.111000001       0.00000000    
          12           4   8.61999989E-02  0.583431780    
          13           4  0.143000007      -1.37930286    
          14           4  0.460999995      -1.70576036    
          15           4  0.219999999     -0.452489585    
          16           4  0.228000000     -0.869566917    
          17           4   9.76999998E-02 -0.610379100    
          18           4  0.130999997      0.769232333    
          19           4  0.246999994     -0.803214490    
          20           4  0.400000006     -0.990100980    
          21           4  0.398000002      -2.21130300    
          22           4  0.208000004      -1.42179680    
          23           4  0.213000000      -1.38889170    
          24           4  0.397000015      -2.93398380    
          25           4  0.477999985     -0.416667521    
          26           4  0.280999988     -0.354615927    
          27           4   7.67000020E-02 -0.904388845    
          28           4   5.51000014E-02 -0.181155741    
          29           4  0.134000003      0.751881182    
          30           4   3.73999998E-02 -0.795759559    
          31           4  0.104000002      -1.88678932    
          32           4  0.317000002      -4.22960663    
          33           4  0.663999975      -2.49633169    
          34           4  0.194000006       1.04166877    
          35           4  0.172000006      -2.27272344    
          36           4   9.98999998E-02  0.200605214    
          37           4  0.187999994      -1.05263376    
          38           4  0.349999994      -3.04709339    
          39           4  0.470999986      -1.46443510    
          40           4   7.71000013E-02  -2.65151310    
           6           5  0.643999994      -1.37825465    
           7           5  0.264999986      -1.11941075    
           8           5  0.303999990      -1.29870391    
           9           5  0.136000007      -2.15826702    
          10           5  0.291999996       0.00000000    
          11           5   7.99999982E-02   0.00000000    
          12           5  0.409999996      -1.67865694    
          13           5  0.270000011      -1.81818008    
          14           5  0.126000002       1.61290658    
          15           5  0.160999998      -7.47126245    
          16           5  0.368999988     -0.806457281    
          17           5  0.344999999      -1.14613414    
          18           5  0.750000000     -0.133154079    
          19           5  0.577000022     -0.517234743    
          20           5  0.402999997     -0.982802927    
          21           5  0.234999999     -0.423729658    
          22           5   9.26999971E-02  -2.42105436    
          23           5   1.38000000       0.00000000    
          24           5  0.912000000     -0.109527618    
          25           5  0.472000003     -0.840337873    
          26           5  0.172000006       0.00000000    
          27           5  0.181999996     -0.546449184    
          28           5  0.305999994       0.00000000    
          29           5  0.239999995      -5.51181602    
          30           5  0.171000004      -3.38982892    
          31           5  0.140000001      -6.66666985    
          32           5   9.75999981E-02  -6.15385008    
          33           5   6.44000024E-02  -6.93641520    
          34           5  0.101000004      -2.88461399    
          35           5   3.46999988E-02   1.75952780    
          36           5  0.442999989      -1.55555546    
          37           5  0.238999993      -1.23967195    
          38           5  0.126000002      -5.26315737    
          39           5   6.50999993E-02  -4.96350098    
          40           5  0.241999999      -12.3188391    
           7           6  0.275999993      -1.07527626    
           8           6  0.141000003       0.00000000    
           9           6  0.156000003      0.645162582    
          10           6  0.231000006       0.00000000    
          11           6   9.92999971E-02  0.100800641    
          12           6  0.135000005       0.00000000    
          13           6  0.175999999      -3.82513618    
          14           6  0.197999999      -1.00000203    
          15           6  0.127000004       0.00000000    
          16           6  0.209999993     -0.473934591    
          17           6  0.280999988     -0.706715226    
          18           6  0.363000005      -1.08992040    
          19           6  0.293000013      -1.34679401    
          20           6  0.284999996      -2.39726019    
          21           6  0.259999990      -2.25564361    
          22           6  0.143999994      -2.04082036    
          23           6  0.744000018      -6.99999905    
          24           6  0.470999986      -2.88660383    
          25           6  0.479000002      -7.52895832    
          26           6  0.317999989      -4.21686745    
          27           6  0.140000001     -0.709221303    
          28           6  0.171000004     -0.581396520    
          29           6  0.131999999       0.00000000    
          30           6   3.68999988E-02  -15.5606403    
          31           6   7.38999993E-02  -14.5664711    
          32           6   8.42999965E-02  -11.6352224    
          33           6   7.54000023E-02  -9.91636658    
          34           6  0.111000001      -3.47826147    
          35           6   4.47999984E-02  -2.39651418    
          36           6   9.74999964E-02  -12.1621666    
          37           6  0.204999998      -8.07175159    
          38           6  0.180000007      -7.21649361    
          39           6  0.114000000      -4.99999762    
          40           6   8.52999985E-02  -5.53710175    
           8           7   4.50999998E-02   1.57657802    
           9           7  0.101000004       0.00000000    
          10           7   9.69000012E-02 -0.103094518    
          11           7   7.69999996E-02  0.260411352    
          12           7   2.30000000E-02  -1.28755152    
          13           7   7.54999965E-02 -0.657896101    
          14           7  0.148000002       0.00000000    
          15           7   7.82999992E-02 -0.760459661    
          16           7   8.12000036E-02 -0.490195215    
          17           7  0.157000005       0.00000000    
          18           7   7.45000020E-02  -2.10249305    
          19           7  0.206000000      -1.43540955    
          20           7  0.202000007      -2.41545653    
          21           7  0.128000006      -2.29006958    
          22           7   5.51999994E-02  -1.95381880    
          23           7  0.202000007      -9.41703892    
          24           7  0.391999990      -2.48756719    
          25           7  0.291999996      -4.88599825    
          26           7  0.119000003       0.00000000    
          27           7   8.25999975E-02 -0.959239900    
          28           7   7.59999976E-02 -0.393191457    
          29           7   5.51000014E-02  -3.33333087    
          30           7   1.05999997E-02  -8.62069130    
          31           7   2.32999995E-02 -0.427349716    
          32           7   4.56000008E-02  -1.72413492    
          33           7   6.27000034E-02  -3.38983011    
          34           7   5.20999990E-02   4.82897329    
          35           7   4.34999987E-02  -2.02702785    
          36           7   3.86999995E-02  -1.77665150    
          37           7   5.71999997E-02  -4.34782505    
          38           7  0.105999999      -1.85185564    
          39           7  0.122000001      -4.68750334    
          40           7   1.99999996E-02  -6.10328484    
           9           8   1.26999998     -0.781249285    
          10           8  0.398999989       1.01265275    
          11           8  0.179000005       1.12994576    
          12           8   1.88000000      -2.08333135    
          13           8  0.658999979      0.304410070    
          14           8   1.19000006     -0.833332539    
          15           8  0.352999985      -7.34908819    
          16           8  0.504000008      -1.17646718    
          17           8   1.05999994      -1.85186100    
          18           8  0.128999993      -1.52672076    
          19           8  0.108999997      -6.03448248    
          20           8   7.49000013E-02  -4.46428490    
          21           8   3.51000018E-02  -2.77007842    
          22           8   1.10999998E-02  -2.63158274    
          23           8  0.234999999       2.62008619    
          24           8  0.130999997       1.55039084    
          25           8   5.66999987E-02   1.43112457    
          26           8   2.06000004E-02  0.980390429    
          27           8  0.120999999     -0.819673777    
          28           8  0.465000004     -0.852880180    
          29           8  0.181999996     -0.546449184    
          30           8  0.867999971      -4.08839798    
          31           8  0.718999982      -2.30978513    
          32           8  0.485000014      -2.21773744    
          33           8  0.247999996      -1.97628272    
          34           8   8.99000019E-02  0.671895564    
          35           8   2.86999997E-02   2.49999571    
          36           8  0.833999991      -2.45614338    
          37           8  0.533999979       3.08879781    
          38           8  0.250000000       1.21457732    
          39           8   8.86000022E-02 -0.672640443    
          40           8  0.845000029      -3.09632468    
          10           9  0.326000005      0.928789854    
          11           9  0.200000003      0.502513587    
          12           9  0.913999975      -4.49321222    
          13           9  0.476999998      -1.85185266    
          14           9   1.25999999     -0.787400842    
          15           9  0.356999993      -9.39086342    
          16           9  0.730000019     -0.409271717    
          17           9  0.600000024       0.00000000    
          18           9   6.04000017E-02  -6.06531715    
          19           9   7.37999976E-02  -4.52781343    
          20           9   7.47999996E-02  -4.22535658    
          21           9   5.07000014E-02  -3.79506683    
          22           9   2.14000009E-02  -2.28310108    
          23           9  0.130999997     -0.757577300    
          24           9  0.119999997       0.00000000    
          25           9   8.33000019E-02 -0.239516094    
          26           9   4.23999988E-02  0.712583423    
          27           9  0.317000002     -0.937497258    
          28           9  0.200000003     -0.990100980    
          29           9  0.134000003      -1.47059107    
          30           9  0.196999997      -4.83092022    
          31           9  0.411000013       0.00000000    
          32           9  0.493000001     -0.404041201    
          33           9  0.441000015     -0.898871541    
          34           9  0.107000001      0.943398118    
          35           9   5.09000011E-02   4.08998013    
          36           9  0.266999990      -2.90909672    
          37           9  0.449000001       2.51141739    
          38           9  0.430000007     -0.692838609    
          39           9  0.310999990       0.00000000    
          40           9  0.200000003      -2.43902206    
          11          10  0.317000002      0.316451609    
          12          10  0.155000001     -0.641026914    
          13          10  0.617999971      -2.06022382    
          14          10  0.150000006      -1.96077859    
          15          10  0.386999995      0.781247735    
          16          10  0.370000005     -0.537635505    
          17          10  0.356999993      -1.10803545    
          18          10   3.79000008E-02  -1.30208588    
          19          10   5.88000007E-02  -1.01009929    
          20          10   6.06000014E-02 -0.818326235    
          21          10   4.63999994E-02  -1.69492030    
          22          10   2.54999995E-02 -0.390624344    
          23          10  0.128000006      -4.47760963    
          24          10  0.104999997       1.94174421    
          25          10   8.10000002E-02  -1.69903076    
          26          10   4.54999991E-02 -0.219301954    
          27          10  0.128999993     -0.769232333    
          28          10  0.194000006     -0.512813926    
          29          10  0.428000003      -8.93616867    
          30          10   6.71000034E-02  -9.93288422    
          31          10   8.19000006E-02  -6.07798195    
          32          10   9.21000019E-02 -0.647244096    
          33          10   8.12000036E-02  -1.09621549    
          34          10  0.300999999      -10.6824961    
          35          10  0.119999997      -7.69230652    
          36          10  0.275999993      -9.21052551    
          37          10  0.246999994      -1.59362292    
          38          10  0.180999994      -2.16216660    
          39          10  0.123999998       0.00000000    
          40          10   6.53999969E-02  -5.76368999    
          12          11   4.14000005E-02  -1.42856896    
          13          11  0.296999991     -0.668897688    
          14          11   7.09000006E-02  0.567374885    
          15          11  0.187999994      -1.05263376    
          16          11  0.153999999     -0.645162582    
          17          11  0.186000004       0.00000000    
          18          11   1.26000000E-02   0.00000000    
          19          11   2.52999999E-02  -2.69231009    
          20          11   3.22999991E-02  -1.82371628    
          21          11   2.52000000E-02  -1.56249738    
          22          11   1.36000002E-02  -2.15826988    
          23          11   5.71999997E-02  -16.6180744    
          24          11   5.73999994E-02  -8.88889122    
          25          11   4.43000011E-02 -0.449437410    
          26          11   2.36000009E-02   0.00000000    
          27          11   9.30000022E-02 -0.958466828    
          28          11   8.68000016E-02 -0.686493456    
          29          11  0.197999999      -9.58904076    
          30          11   1.47000002E-02  -9.25926018    
          31          11   3.75999995E-02  -4.08163500    
          32          11   5.75999990E-02  -2.70270443    
          33          11   5.79000004E-02  -1.36285973    
          34          11  0.150000006      -9.09090900    
          35          11   6.32999986E-02  -5.80357027    
          36          11   5.24000004E-02  -13.5313540    
          37          11  0.116999999      -2.49999881    
          38          11  0.122000001      -1.61290061    
          39          11   9.51000005E-02 -0.834200919    
          40          11   2.03000009E-02  -8.96860313    
          13          12  0.404000014     -0.980386853    
          14          12   1.94000006      -1.02040720    
          15          12  0.126000002      -2.32557464    
          16          12  0.681999981      0.294113845    
          17          12   1.40999997     -0.704224706    
          18          12   8.19000006E-02  -7.24801445    
          19          12   6.56000003E-02  -8.12325096    
          20          12   3.48999985E-02  -4.64481592    
          21          12   1.33999996E-02  -3.59712291    
          22          12   3.31000006E-03  -5.15759230    
          23          12  0.163000003       0.00000000    
          24          12   7.51999989E-02   2.03527212    
          25          12   3.22999991E-02  -1.52439332    
          26          12   1.04000000E-02   1.96078086    
          27          12  0.194999993     -0.510205150    
          28          12  0.409000009     -0.728153229    
          29          12  0.115000002      -3.36134505    
          30          12   1.60000002      -4.19161272    
          31          12   1.04999995       0.00000000    
          32          12  0.515999973     -0.386106908    
          33          12  0.151999995      -1.93548775    
          34          12   6.26000017E-02   1.13085735    
          35          12   1.37000000E-02   1.48147893    
          36          12  0.391999990      -1.50754070    
          37          12  0.254000008       6.27615738    
          38          12  0.114000000      0.884957492    
          39          12   3.62000018E-02  0.277013004    
          40          12   1.15999997      -1.69491374    
          14          13  0.266000003     -0.374527007    
          15          13  0.483999997      -1.82555842    
          16          13  0.414999992     -0.240388677    
          17          13  0.699999988      -1.12994576    
          18          13   5.27999997E-02 -0.938088179    
          19          13   8.51000026E-02  -3.07517171    
          20          13   7.42999986E-02  -1.97889578    
          21          13   5.27999997E-02 -0.564974248    
          22          13   2.70000007E-02 -0.735292852    
          23          13  0.172999993      -2.80899453    
          24          13  0.141000003      -2.75861597    
          25          13   9.96999964E-02  -5.04761934    
          26          13   4.82000001E-02  -2.23123741    
          27          13  0.196999997     -0.505051553    
          28          13  0.307000011     -0.967739046    
          29          13  0.388999999      -1.01781380    
          30          13  0.128999993      -4.44445324    
          31          13  0.158000007      -1.24999321    
          32          13  0.147000000       0.00000000    
          33          13  0.108000003      0.934581339    
          34          13  0.275999993      -2.81690693    
          35          13  0.130999997      0.769232333    
          36          13  0.377999991      -4.06091452    
          37          13  0.280999988       2.18181157    
          38          13  0.178000003     -0.558660328    
          39          13   9.76999998E-02   2.62604785    
          40          13  0.324999988      -3.56083822    
          15          14  0.245000005      -1.99999809    
          16          14  0.917999983     -0.108819015    
          17          14  0.894999981     -0.885937572    
          18          14   6.65000007E-02  0.605142653    
          19          14   6.08999990E-02  -4.69483900    
          20          14   5.64999990E-02  -9.74441338    
          21          14   2.42999997E-02  -2.80000257    
          22          14   8.63999967E-03  -1.14417350    
          23          14  0.107000001     -0.925927818    
          24          14   9.58999991E-02   1.91285944    
          25          14   5.93000017E-02  0.508476913    
          26          14   2.73000002E-02 -0.364962876    
          27          14  0.246999994     -0.403226644    
          28          14  0.291000009       0.00000000    
          29          14   9.67999995E-02  -4.15841961    
          30          14  0.280999988      -2.76817155    
          31          14  0.702000022     -0.707212865    
          32          14  0.880999982      0.227528349    
          33          14  0.753000021      0.400002807    
          34          14   7.01000020E-02   3.85185075    
          35          14   3.00999992E-02   5.24475288    
          36          14  0.237000003      -3.26530671    
          37          14  0.254999995       4.08162880    
          38          14  0.194000006      -2.99999857    
          39          14  0.114000000      0.884957492    
          40          14  0.247999996     -0.401607245    
          16          15  0.409000009     -0.728153229    
          17          15  0.354999989       0.00000000    
          18          15   2.70000007E-02  -1.09889925    
          19          15   4.38000001E-02  -2.01342344    
          20          15   5.82999997E-02  -1.52027082    
          21          15   4.87000011E-02  -1.01625466    
          22          15   2.45999992E-02   0.00000000    
          23          15   9.17999968E-02   1.32450104    
          24          15   9.32999998E-02  -1.68598235    
          25          15   7.54000023E-02  0.265961945    
          26          15   4.36999984E-02   0.00000000    
          27          15  0.160999998     -0.617285192    
          28          15  0.207000002     -0.480770171    
          29          15  0.145999998       2.09789562    
          30          15   3.64000015E-02  -6.66666460    
          31          15   6.83000013E-02  -3.12056732    
          32          15   9.47000012E-02  -2.97130823    
          33          15   9.48000029E-02 -0.732981086    
          34          15  0.218999997      -8.74999905    
          35          15  0.140000001      -11.3924084    
          36          15  0.125000000      -4.58015060    
          37          15  0.149000004      -1.97367859    
          38          15  0.136999995      -2.83688521    
          39          15  0.108000003      -4.42477465    
          40          15   5.53999990E-02  -6.89076042    
          17          16  0.867999971      -1.25142622    
          18          16   3.95000018E-02   1.28205383    
          19          16   6.12999983E-02  -5.83717537    
          20          16   5.95999993E-02  -2.93159723    
          21          16   4.49000001E-02  -2.81385207    
          22          16   2.18000002E-02  -1.80179882    
          23          16  0.120999999       1.68066943    
          24          16  0.128000006      0.787403166    
          25          16   9.96999964E-02   1.73469281    
          26          16   5.60999997E-02   1.63043535    
          27          16  0.535000026     -0.372434676    
          28          16  0.449000001     -0.443459868    
          29          16  0.135000005      0.746270120    
          30          16   7.18000010E-02  -2.57802224    
          31          16  0.226999998      -1.30435038    
          32          16  0.294999987      -1.33779538    
          33          16  0.277999997     -0.358428985    
          34          16  0.123999998       0.00000000    
          35          16   6.84999973E-02 -0.436053902    
          36          16  0.186000004      -5.10203600    
          37          16  0.256999999      0.390619934    
          38          16  0.231000006      0.434783459    
          39          16  0.160999998      -1.22699630    
          40          16  0.118000001     -0.840337873    
          18          17   7.51999989E-02  -3.58974719    
          19          17   8.78000036E-02  -3.19735026    
          20          17   6.88000023E-02  -3.09859133    
          21          17   4.08000015E-02  -3.08788514    
          22          17   1.68999992E-02  -2.87356901    
          23          17  0.218999997      0.921660841    
          24          17  0.128999993       1.57479453    
          25          17   6.98999986E-02  0.865793943    
          26          17   3.20000015E-02   1.26583254    
          27          17  0.344000012     -0.289851338    
          28          17  0.917999983     -0.433840364    
          29          17  0.191000000      -3.04568386    
          30          17  0.460999995      -4.55486870    
          31          17  0.363999993      -1.62162483    
          32          17  0.246999994      0.406498849    
          33          17  0.133000001     -0.746270120    
          34          17  0.127000004      0.793652415    
          35          17   5.02000004E-02   3.29218316    
          36          17  0.388000011      -3.96039677    
          37          17  0.296000004       3.85965180    
          38          17  0.157000005      -1.25785494    
          39          17   6.84999973E-02  -1.43885183    
          40          17  0.688000023      -1.85448670    
          19          18   12.6000004      0.800002992    
          20          18   4.28999996      0.704219043    
          21          18   1.85000002       1.09289515    
          22          18  0.736999989      0.820791006    
          23          18   14.0000000       0.00000000    
          24          18   1.59000003      -1.24223483    
          25          18  0.551999986      -2.47349811    
          26          18  0.182999998      -2.65957212    
          27          18   1.75000001E-02  0.574711680    
          28          18   4.23999988E-02   1.43540430    
          29          18  0.778999984      -1.01652050    
          30          18   1.55999994      -3.10559440    
          31          18   1.19000006     -0.833332539    
          32          18  0.758000016     -0.915028691    
          33          18  0.314000010       0.00000000    
          34          18  0.263999999       6.02409649    
          35          18   5.70000000E-02   2.70270157    
          36          18   1.07000005      -1.83486068    
          37          18  0.700999975      0.429793864    
          38          18  0.363999993     -0.546449184    
          39          18  0.136999995       0.00000000    
          40          18   1.14999998      0.877192140    
          20          19   9.89000034      0.610380650    
          21          19   3.34999990      0.903613567    
          22          19   1.10000002      0.917430341    
          23          19   4.40999985      -1.56250393    
          24          19   7.92999983      -1.12220228    
          25          19   1.03999996     -0.952380061    
          26          19  0.363000005      -1.35869443    
          27          19   2.26000007E-02   0.00000000    
          28          19   4.72000018E-02  0.425539106    
          29          19  0.582000017     -0.342461348    
          30          19  0.888000011      -3.47826147    
          31          19  0.711000025      -1.52354264    
          32          19  0.657999992     -0.453860968    
          33          19  0.580999970       1.57341659    
          34          19  0.275999993      0.729928553    
          35          19  0.114000000      0.884957492    
          36          19  0.718999982      -2.30978513    
          37          19  0.554000020       2.40295959    
          38          19  0.404000014      0.748134911    
          39          19  0.324999988      0.931674242    
          40          19  0.654999971      -5.07246733    
          21          20   6.84000015      0.736379862    
          22          20   2.21000004       1.37614548    
          23          20   1.37000000      -2.14285517    
          24          20   4.05999994       0.00000000    
          25          20   4.32999992     -0.688078225    
          26          20  0.592999995      -3.73376656    
          27          20   2.81000007E-02 -0.706712604    
          28          20   3.48999985E-02  -1.13315308    
          29          20  0.377999991       2.16215849    
          30          20  0.451000005      -3.21888113    
          31          20  0.523999989       1.55039084    
          32          20  0.582000017     -0.851787925    
          33          20  0.541999996      0.743495941    
          34          20  0.259000003      0.778211713    
          35          20  0.127000004      0.793652415    
          36          20  0.412000000     -0.483092755    
          37          20  0.409000009       2.25000095    
          38          20  0.397000015     -0.251253039    
          39          20  0.294000000       1.37931311    
          40          20  0.337000012      -2.03488350    
          22          21   3.99000001      0.757575035    
          23          21  0.574999988      -4.95868254    
          24          21   1.26999998      -1.55038619    
          25          21   3.18000007     -0.624999404    
          26          21   1.92999995     -0.515469551    
          27          21   2.21999995E-02  -1.33333933    
          28          21   2.64999997E-02  -1.85185564    
          29          21  0.211999997      0.952382922    
          30          21  0.195999995      -4.39024544    
          31          21  0.395000011       2.86458516    
          32          21  0.428000003       1.18203187    
          33          21  0.393000007     -0.757573545    
          34          21  0.200000003      -2.91262007    
          35          21  0.104999997       0.00000000    
          36          21  0.206000000      -2.36966610    
          37          21  0.282000005      -2.08332729    
          38          21  0.287999988      -1.03093493    
          39          21  0.223000005     -0.888884068    
          40          21  0.150999993      -3.20513463    
          23          22  0.223000005      -5.10638046    
          24          22  0.370000005      -4.63917685    
          25          22  0.935000002      -1.99161363    
          26          22   1.92999995     -0.515469551    
          27          22   1.31999999E-02  -1.49253488    
          28          22   1.37999998E-02  -1.42857563    
          29          22   9.79999974E-02   2.72536612    
          30          22   7.75000006E-02  -5.25672197    
          31          22  0.207000002       4.02010107    
          32          22  0.231000006      0.873364210    
          33          22  0.193000004     -0.515464902    
          34          22  0.108999997      0.925920904    
          35          22   6.26000017E-02  0.320518255    
          36          22   7.66000003E-02   3.23450613    
          37          22  0.144999996      -2.68456912    
          38          22  0.141000003      -2.08332729    
          39          22  0.122000001       0.00000000    
          40          22   4.83999997E-02  -4.72440863    
          24          23   6.23000002      0.483874381    
          25          23   1.97000003      -3.43136930    
          26          23  0.782999992      -3.21384716    
          27          23   8.59000012E-02  0.585481286    
          28          23  0.122000001      0.826447904    
          29          23  0.839999974       2.31425023    
          30          23  0.740000010      -4.88431692    
          31          23  0.563000023      0.535718024    
          32          23  0.370999992     -0.268821746    
          33          23  0.194999993      -1.51515460    
          34          23  0.356000006       5.32544613    
          35          23  0.108999997       6.86274481    
          36          23   1.21000004       0.00000000    
          37          23  0.745000005       2.90055656    
          38          23  0.370000005       3.93258381    
          39          23  0.184000000       0.00000000    
          40          23   1.61000001       5.22876120    
          25          24   4.94999981      0.814663172    
          26          24   1.12000000      -1.75438428    
          27          24   8.04999992E-02   0.00000000    
          28          24   9.47000012E-02 -0.315786988    
          29          24  0.462000012       1.09409750    
          30          24  0.308999985      -3.43750238    
          31          24  0.338000000     -0.588236451    
          32          24  0.316000015      -1.55763090    
          33          24  0.263000011      -2.23047686    
          34          24  0.370999992       5.69800043    
          35          24  0.138999999       2.96295786    
          36          24  0.479000002      -4.58166790    
          37          24  0.577000022       3.22003698    
          38          24  0.437999994       1.15473330    
          39          24  0.277000010      0.727274179    
          40          24  0.579999983       4.88246107    
          26          25   2.97000003      0.337837517    
          27          25   8.34999979E-02  0.481346935    
          28          25   6.19999990E-02 -0.641024590    
          29          25  0.238000005      0.847459316    
          30          25  0.104000002      -5.45454264    
          31          25  0.171000004      -3.38982892    
          32          25  0.239999995      -3.22580719    
          33          25  0.245000005      -2.39043140    
          34          25  0.254999995       6.69456196    
          35          25  0.165000007       3.12500644    
          36          25  0.214000002       0.00000000    
          37          25  0.294999987      -3.59477353    
          38          25  0.342000008       1.48367810    
          39          25  0.284000009      0.709221303    
          40          25  0.221000001       1.37614965    
          27          26   4.41000015E-02 -0.226239741    
          28          26   3.33999991E-02   0.00000000    
          29          26   9.70999971E-02  -1.82002091    
          30          26   2.32999995E-02  -13.0597010    
          31          26   7.99999982E-02  -1.96078992    
          32          26  0.114000000      -1.72413516    
          33          26  0.145999998      -2.01342678    
          34          26  0.119000003     -0.833328843    
          35          26  0.101999998       3.86965084    
          36          26   6.85999990E-02  -5.63961792    
          37          26  0.131999999       0.00000000    
          38          26  0.166999996      -1.76470947    
          39          26  0.175999999       2.32557726    
          40          26   7.81000033E-02   1.03493679    
          28          27  0.597999990     -0.333338946    
          29          27  0.109999999      -2.65486622    
          30          27   2.62000002E-02   0.00000000    
          31          27   6.04999997E-02   0.00000000    
          32          27   9.14999992E-02 -0.974026322    
          33          27   9.88000035E-02  -1.10109735    
          34          27  0.104000002      -1.88678932    
          35          27   4.65999991E-02 -0.427349716    
          36          27   8.81000012E-02  -1.23317969    
          37          27  0.114000000       0.00000000    
          38          27  0.104999997     -0.943398118    
          39          27   8.20999965E-02  -1.67664826    
          40          27   3.73000018E-02   0.00000000    
          29          28  0.166999996      -4.02298832    
          30          28  0.136000007       3.03030920    
          31          28  0.134000003       2.29008102    
          32          28  0.118000001      0.854702592    
          33          28   9.39999968E-02  0.213215292    
          34          28  0.115999997     -0.854702592    
          35          28   5.07000014E-02   2.42424583    
          36          28  0.219999999       0.00000000    
          37          28  0.158000007      0.636943936    
          38          28  0.100000001      -1.96078098    
          39          28   5.66000007E-02 -0.527236581    
          40          28  0.221000001       0.00000000    
          30          29  0.989000022      -4.90384054    
          31          29  0.861000001      -4.22691727    
          32          29  0.625000000     -0.950868905    
          33          29  0.398999989       2.04603219    
          34          29   4.67999983       4.23162746    
          35          29  0.462000012       18.7660713    
          36          29   1.79999995      -1.09890652    
          37          29   1.24000001       4.20167637    
          38          29  0.879000008       5.14353848    
          39          29  0.549000025       3.78072596    
          40          29  0.638999999      -2.88753724    
          31          30   17.0000000      0.591718256    
          32          30   2.40000010       0.00000000    
          33          30  0.495000005      -3.88349152    
          34          30  0.300000012       12.3595600    
          35          30   5.26000001E-02   6.04838419    
          36          30   5.50000000       3.18949485    
          37          30   1.77999997       2.29884839    
          38          30  0.485000014      -2.21773744    
          39          30  0.118000001      -9.23076534    
          40          30   9.47000027       2.60022473    
          32          31   17.2000008     -0.578025877    
          33          31   1.72000003     -0.578034103    
          34          31  0.572000027       5.34070826    
          35          31  0.120999999       5.21738863    
          36          31   3.69000006       2.78551936    
          37          31   2.60999990       8.74999142    
          38          31   1.33000004       1.52672529    
          39          31  0.386000007     -0.515464902    
          40          31   4.21999979     -0.705887258    
          33          32   12.3000002       0.00000000    
          34          32  0.695999980      0.723588347    
          35          32  0.266000003       2.30769706    
          36          32   1.94000006      -2.51256037    
          37          32   2.58999991       7.02478647    
          38          32   1.75999999       2.32557917    
          39          32   1.12000000      0.900900006    
          40          32   1.50000000      -2.59740019    
          34          33  0.647000015      0.936043978    
          35          33  0.354999989       1.42857015    
          36          33  0.799000025      0.883842051    
          37          33   1.50000000       2.73972344    
          38          33   2.01999998      0.999999046    
          39          33   2.00000000       3.09278059    
          40          33  0.426999986      -4.89978027    
          35          34   2.60999990       0.00000000    
          36          34  0.874000013      0.923789382    
          37          34   1.04999995       12.1794834    
          38          34  0.857999980       16.5760841    
          39          34  0.537000000       9.14633846    
          40          34  0.261999995       1.15829766    
          36          35  0.326999992       1.55279362    
          37          35  0.370000005       8.82352924    
          38          35  0.458000004       7.51173878    
          39          35  0.398999989       6.39999723    
          40          35   7.13000000E-02   3.33333564    
          37          36   6.90999985      -9.90873814    
          38          36   1.35000002       8.00000191    
          39          36  0.495000005       6.91144848    
          40          36   3.18000007      -7.28862953    
          38          37   7.15999985      -1.24138141    
          39          37   1.14999998       2.67856884    
          40          37   1.55999994      0.645160675    
          39          38   5.25000000      -1.50093675    
          40          38  0.583000004     -0.681432366    
          40          39  0.180999994     -0.549451709    
