           2           1   2.56999993     -0.387596548    
           3           1  0.842999995      -1.86263466    
           4           1  0.287999988      -2.37288117    
           5           1   1.20000005     -0.826445520    
           6           1  0.490000010      0.204502448    
           7           1  0.180000007      0.558660328    
           8           1   1.19000006     -0.833332539    
           9           1  0.294999987      0.340131670    
          10           1  0.298999995      0.335566133    
          11           1   8.03999975E-02  0.249371499    
          12           1   1.34000003       1.51514995    
          13           1  0.483999997     -0.616014600    
          14           1  0.314999998      0.318467230    
          15           1   8.86000022E-02 -0.337455153    
          16           1  0.151999995      0.662253022    
          17           1  0.586000025      -1.18043327    
          18           1   1.62000000     -0.613496363    
           3           2   1.80999994      -1.09290159    
           4           2  0.726999998      -1.49051189    
           5           2  0.813000023      -1.09489083    
           6           2  0.554000020     -0.716847301    
           7           2  0.218999997       0.00000000    
           8           2  0.699000001      0.143264636    
           9           2  0.509999990     -0.195692196    
          10           2  0.284000009       0.00000000    
          11           2  0.111000001     -0.892858982    
          12           2  0.705999970       1.14612556    
          13           2  0.368000001     -0.270999223    
          14           2  0.569000006      0.530039072    
          15           2  0.202999994      0.495043129    
          16           2  0.257999986     -0.386106908    
          17           2  0.372000009      -3.12499857    
          18           2  0.734000027     -0.944665253    
           4           3   1.33000004      -1.48148000    
           5           3  0.536000013      0.562855721    
           6           3  0.453000009      0.443459868    
           7           3  0.252999991      0.396820307    
           8           3  0.351999998       1.73410749    
           9           3  0.541000009       0.00000000    
          10           3  0.218999997      -1.79372561    
          11           3  0.127000004     -0.781251609    
          12           3  0.298000008     -0.334443837    
          13           3  0.264999986      -2.93040895    
          14           3  0.598999977     -0.663351297    
          15           3  0.250999987     -0.396832138    
          16           3  0.277000010     -0.716847301    
          17           3  0.191000000     -0.520834386    
          18           3  0.284000009      -2.73972130    
           5           4  0.300000012       1.01010811    
           6           4  0.300999999      0.333329022    
           7           4  0.232999995     -0.427351296    
           8           4  0.145999998       3.54609609    
           9           4  0.432999998     -0.459771037    
          10           4  0.138999999      -1.41844261    
          11           4  0.111000001     -0.892858982    
          12           4   9.04999971E-02 -0.440043271    
          13           4  0.143000007     -0.694435537    
          14           4  0.485000014      -1.22199237    
          15           4  0.224000007     -0.444438726    
          16           4  0.217999995       0.00000000    
          17           4   8.56000036E-02  0.587545216    
          18           4  0.109999999     -0.900902689    
           6           5  0.688000023      0.291550130    
           7           5  0.294000000     -0.338978708    
           8           5  0.305000007      -1.61290169    
           9           5  0.135000005       0.00000000    
          10           5  0.293000013       0.00000000    
          11           5   8.20000023E-02  -1.56062376    
          12           5  0.419000000      0.721151710    
          13           5  0.289000005      -1.02739429    
          14           5  0.125000000     -0.793652415    
          15           5  0.166999996      -1.18343437    
          16           5  0.377000004     -0.264546871    
          17           5  0.367000014      -2.91004705    
          18           5  0.680999994     -0.292830706    
           7           6  0.282999992     -0.701755822    
           8           6  0.137999997       0.00000000    
           9           6  0.152999997     -0.649351954    
          10           6  0.230000004      0.436682105    
          11           6  0.104000002     -0.952375770    
          12           6  0.138999999      0.724639177    
          13           6  0.184000000      -1.07527101    
          14           6  0.204999998      -1.44231057    
          15           6  0.134000003       0.00000000    
          16           6  0.219999999      -3.08370018    
          17           6  0.284999996     -0.349656254    
          18           6  0.338000000      -1.74418950    
           8           7   4.12000008E-02   1.22850370    
           9           7   9.98999998E-02  -1.08911252    
          10           7   9.54999998E-02 -0.727647603    
          11           7   7.94999972E-02 -0.996271491    
          12           7   2.38000005E-02   1.27660155    
          13           7   8.12000036E-02 -0.975608110    
          14           7  0.150000006     -0.662243187    
          15           7   8.25999975E-02  -1.31422186    
          16           7   8.63000005E-02  -1.48401797    
          17           7  0.158999994       0.00000000    
          18           7   7.06999972E-02  -2.21300793    
           9           8   1.28999996       0.00000000    
          10           8  0.407999992      -1.68674684    
          11           8  0.178000003     -0.558660328    
          12           8   2.00000000     -0.497511953    
          13           8  0.745999992     -0.267384201    
          14           8   1.22000003       0.00000000    
          15           8  0.377999991       0.00000000    
          16           8  0.479999989      -1.03093290    
          17           8   1.02999997      -1.90476012    
          18           8  0.115999997       0.00000000    
          10           9  0.347000003     -0.573067069    
          11           9  0.209000006     -0.476184338    
          12           9  0.945999980     -0.210974038    
          13           9  0.524999976     -0.943395376    
          14           9   1.29999995     -0.763358057    
          15           9  0.407000005     -0.488998562    
          16           9  0.684000015      0.440531731    
          17           9  0.556999981      0.723328829    
          18           9   5.88000007E-02  -3.60655737    
          11          10  0.314999998      0.638978958    
          12          10  0.151999995     -0.653596103    
          13          10  0.634000003       0.00000000    
          14          10  0.143999994      -1.36986578    
          15          10  0.407999992      0.245697081    
          16          10  0.349999994       0.00000000    
          17          10  0.344000012       0.00000000    
          18          10   3.68000008E-02  -3.66491532    
          12          11   3.50000001E-02 -0.568180859    
          13          11  0.307999998      -1.91083181    
          14          11   7.24999979E-02 -0.684932888    
          15          11  0.202000007     -0.492604494    
          16          11  0.149000004      0.675677061    
          17          11  0.178000003     -0.558660328    
          18          11   1.11999996E-02  -4.27350521    
          13          12  0.398999989      -1.96560585    
          14          12   2.06999993      0.485436440    
          15          12  0.123000003       0.00000000    
          16          12  0.614000022     -0.967739046    
          17          12   1.39999998      -1.40844941    
          18          12   8.63000005E-02   7.20497084    
          14          13  0.268000007     -0.371742427    
          15          13  0.538999975      0.372434676    
          16          13  0.391999990       0.00000000    
          17          13  0.708999991      -1.25348234    
          18          13   5.15000001E-02  -4.09683418    
          15          14  0.252000004     -0.787403166    
          16          14  0.907999992     -0.873364210    
          17          14  0.827000022      -2.82021022    
          18          14   6.21000007E-02   2.64462972    
          16          15  0.393999994      -1.74563587    
          17          15  0.342000008       0.00000000    
          18          15   2.53999997E-02   1.19521713    
          17          16  0.833999991      -1.88235676    
          18          16   3.79999988E-02  -2.31362557    
          18          17   7.73999989E-02  -1.14942575    
