          16           7
         215          13           1           1
           0          -4           0          -4           0          -6           0          -2           0          -4           0           6           0           4           0           2           0           4           0           6           0           2           0           4           0           2           0          -4           0          -2           0           2           0           4           0           6           0           2           0           4           0           6           0           4           0          -2           0          -2           0          -4           0          -6           0          -8           0          -2           0          -4           0          -6           0          -4           0           2           0          -4           0          -6           0          -2           0          -4           0          -6           0          -6           0          -8           0          -4           0          -6           0          -2           0          -4           0           4           0           6           0           8           0          10           0           4           0          -4           0           2           0           6           0           4           0           8           0           2           0          -4           0          -2           0           6           0           6           0           4           0           2           0           8           0           4           0           6           0           8           0           4           0           6           0           8           0          10           0           4           0           6           0           8           0           6           0           4           0           2           0           6           0           2           0           4           0           2           0          -4           0          -2           0          -6           0          -8           0           6           0           4           0          -4           0          -6           0          -2           0          -4           0          -6           0          -8           0         -10           0          -2           0          -4           0          -6           0          -4           0          -2           0          -6           0          -8           0          -2           0          -4           0           2           0           4           0           6           0           8           0           4           0           4           0           6           0           8           0           2           0          10           0           8           0           6           0           4           0           2           0           6           0           6           0           4           0           4           0           2           0           4           0           6           0           8           0          -4           0           2           0           4           0          -6           0          -4           0           2           0           4           0           6           0           4           0           6           0          -2           0          -4           0          -6           0          -8           0         -10           0          -6           0          -8           0         -10           0         -12           0           2           0          -2           0          -4           0          -6           0          -8           0          -2           0          -8           0         -10           0          -4           0          -2           0          -6           0          -4           0          -2           0          -4           0          -2           0          -4           0          -6           0          -4           0          -8           0          -6           0           2           0           4           0           2           0           4           0           6           0         -10           0          -8           0          -6           0          -4           0           6           0          -2           0          -4           0           8           0          -6           0          -2           0          -4           0          -6           0          -8           0           4           0           6           0          -4           0          -6           0          -6           0          -8           0          -2           0           2           0          -4           0           4           0           6           0           4           0           4           0           2           0           2           0          -4           0          -6           0          -8           0          -2           0          -4           0          -6           0          -8           0         -10           0          -8           0          -6           0          -4           0          -2           0          -2           0          -4           0          -6           0          -6           0          -8           0          -4           0          -2           0          -6           0          -4
    0.000000E+00    9.645106E-03    9.843162E-03    1.435602E-02    1.458263E-02
    4.247197E-02    4.320385E-02    4.360158E-02    5.944295E-02    5.948713E-02
    6.922989E-02    7.316769E-02    7.411300E-02    1.134727E-01    1.147319E-01
    2.354040E-01    2.358931E-01    2.366026E-01    2.382857E-01    2.391328E-01
    2.438023E-01    2.438287E-01    2.461520E-01    2.471700E-01    2.474363E-01
    2.479076E-01    2.485433E-01    2.486026E-01    2.487216E-01    2.491410E-01
    2.502551E-01    2.507374E-01    2.510783E-01    2.511300E-01    2.524691E-01
    2.524772E-01    2.554279E-01    2.561102E-01    2.563381E-01    2.591442E-01
    2.591854E-01    2.609226E-01    2.615363E-01    2.619649E-01    2.622131E-01
    2.625883E-01    2.631076E-01    2.632646E-01    2.633261E-01    2.634365E-01
    2.637297E-01    2.638533E-01    2.640096E-01    2.643758E-01    2.644930E-01
    2.645338E-01    2.648466E-01    2.652759E-01    2.655531E-01    2.656939E-01
    2.657640E-01    2.676748E-01    2.677713E-01    2.679166E-01    2.688115E-01
    2.690337E-01    2.711118E-01    2.712141E-01    2.720014E-01    2.721113E-01
    2.724223E-01    2.724984E-01    2.725578E-01    2.726085E-01    2.727219E-01
    2.737570E-01    2.740430E-01    2.746587E-01    2.763855E-01    2.763956E-01
    2.763957E-01    2.764682E-01    2.789238E-01    2.791446E-01    2.808157E-01
    2.808428E-01    2.816082E-01    2.816156E-01    2.816277E-01    2.816445E-01
    2.816660E-01    2.832213E-01    2.832636E-01    2.833497E-01    2.872720E-01
    2.872722E-01    2.872783E-01    2.873017E-01    2.873787E-01    2.874354E-01
    2.875828E-01    2.876419E-01    2.877951E-01    2.879672E-01    2.884374E-01
    2.885530E-01    2.886000E-01    2.886971E-01    2.887362E-01    2.888178E-01
    2.901974E-01    2.902310E-01    2.934227E-01    2.936053E-01    2.936679E-01
    2.948139E-01    2.948751E-01    2.949134E-01    2.954910E-01    2.955387E-01
    2.955818E-01    2.956302E-01    2.974080E-01    2.974265E-01    2.978254E-01
    2.979930E-01    2.980044E-01    2.981863E-01    2.981951E-01    2.982014E-01
    2.986863E-01    2.989406E-01    2.997979E-01    3.013547E-01    3.014398E-01
    3.015665E-01    3.017420E-01    3.025165E-01    3.025355E-01    3.025686E-01
    3.026262E-01    3.032771E-01    3.036433E-01    3.036673E-01    3.036996E-01
    3.037196E-01    3.041292E-01    3.046134E-01    3.046301E-01    3.048276E-01
    3.048611E-01    3.049614E-01    3.051740E-01    3.052844E-01    3.060373E-01
    3.062721E-01    3.065126E-01    3.067251E-01    3.072820E-01    3.083217E-01
    3.083847E-01    3.085481E-01    3.086063E-01    3.093086E-01    3.093690E-01
    3.093750E-01    3.093804E-01    3.094500E-01    3.095030E-01    3.095365E-01
    3.096086E-01    3.096683E-01    3.098305E-01    3.098337E-01    3.100372E-01
    3.110986E-01    3.111053E-01    3.111248E-01    3.111449E-01    3.124031E-01
    3.124222E-01    3.126400E-01    3.132139E-01    3.132929E-01    3.134326E-01
    3.163175E-01    3.165548E-01    3.167011E-01    3.167161E-01    3.173537E-01
    3.174815E-01    3.194473E-01    3.198310E-01    3.206567E-01    3.235572E-01
    3.235827E-01    3.236877E-01    3.236885E-01    3.238034E-01    3.239013E-01
    3.239634E-01    3.240075E-01    3.245628E-01    3.245933E-01    3.263728E-01
    3.264517E-01    3.271738E-01    3.284075E-01    3.287843E-01    3.314323E-01
    3.314556E-01    3.324856E-01    3.325179E-01    3.327131E-01    3.333147E-01
           0           0           0           1
  -27.915863041215566               13
3.30188630E+01  2.075E-01  2.272E-01  2.348E-04  1.394E-01  9.007E-02  3.549E-04
                3.375E-04  1.349E-01  9.730E-04  3.905E-04
4.66268630E+01  8.085E-02  8.345E-02  1.142E-04  5.212E-02  3.317E-02  1.626E-04
                1.533E-04  7.232E-02  1.989E-03  7.908E-04  1.645E-03  4.843E-04
                3.327E-02  1.970E-03  6.827E-04
6.02348630E+01  3.990E-02  4.192E-02  2.872E-05  2.580E-02  1.681E-02  5.591E-05
                3.971E-05  4.935E-02  1.195E-04  6.703E-05  1.343E-03  8.466E-05
                2.068E-02  4.820E-04  7.114E-04  2.124E-06  3.305E-06  2.078E-05
                6.766E-06  2.302E-05  1.290E-06  1.242E-05  6.954E-06  2.103E-06
                7.447E-06  4.409E-06  8.395E-06  4.893E-06  2.117E-05  3.444E-05
                4.344E-05  3.064E-06  5.199E-05  2.033E-05  1.568E-05  4.797E-06
                1.371E-07  2.045E-05  1.648E-07  8.680E-05  6.328E-06  2.918E-05
                1.051E-05  5.318E-06  4.602E-06  1.999E-07  6.239E-07  7.078E-06
                1.022E-04  5.013E-06  9.750E-06  1.073E-05  1.266E-06  1.451E-05
                1.916E-05  1.873E-05  7.662E-06  4.982E-05  2.518E-05  2.282E-05
                4.820E-07  2.054E-07  5.106E-08  1.737E-08  1.293E-05  8.857E-07
                7.477E-08  1.430E-08  1.274E-05  1.727E-06  1.395E-07  1.515E-05
                6.798E-06  1.843E-05  3.827E-05  1.309E-05  8.295E-06  3.690E-06
                1.194E-05  1.106E-05  1.349E-07  2.902E-07  2.248E-06  8.904E-06
                1.125E-04  6.692E-07  1.045E-08  3.188E-08  2.190E-09  2.072E-09
                4.021E-10  2.795E-06  1.596E-05  4.045E-07  4.581E-06  4.071E-06
                7.775E-07  1.482E-06  4.867E-05  1.894E-05  3.305E-06  1.402E-06
                4.343E-07  8.950E-08  7.443E-06  8.203E-06  6.604E-06  1.254E-07
                1.272E-05  2.011E-07  1.342E-07  1.737E-05  2.612E-07  9.717E-05
                1.004E-06  8.158E-06  4.064E-07  2.097E-06  6.338E-07  3.376E-06
                2.523E-06  1.305E-07  5.809E-05  4.621E-06  4.746E-06  1.516E-07
                2.037E-05  1.311E-04  6.923E-07  2.892E-06  1.457E-05  1.474E-05
                1.351E-05  1.916E-06  2.427E-06  2.033E-06  2.923E-09  1.170E-05
                6.986E-06  3.559E-08  2.009E-08  6.404E-06  1.358E-05  1.842E-05
                2.439E-06  2.353E-07  1.420E-06  2.008E-05  1.095E-08  3.844E-06
                7.697E-06  5.679E-08  2.609E-05  6.198E-06  4.516E-06  2.422E-06
                1.489E-05  9.156E-07  3.513E-06  1.426E-06  6.029E-06  3.210E-06
                5.246E-06  4.131E-05  2.819E-06  1.754E-05  1.711E-09  4.479E-06
                6.120E-06  3.542E-06  9.549E-06  9.054E-07  8.131E-06  2.032E-08
                2.761E-06  1.949E-05  1.978E-05  1.178E-06  4.762E-06  2.192E-06
                5.720E-07  4.215E-06  1.065E-05  4.655E-06  4.150E-06  1.879E-07
                1.503E-05  4.195E-06  1.808E-06  1.105E-06  3.796E-06  1.452E-06
                2.907E-05  1.424E-05  3.640E-06  1.173E-05  2.704E-05  1.124E-05
                1.177E-05  2.329E-06  2.731E-06  5.202E-09  1.185E-06  6.218E-07
                1.487E-06  2.688E-06  3.744E-06  1.517E-05  4.658E-06  9.240E-07
                1.690E-07  6.541E-07  6.144E-07  1.002E-06  1.479E-05
7.38428630E+01  2.176E-02  2.286E-02  1.336E-05  1.405E-02  9.141E-03  3.041E-05
                2.170E-05  3.363E-02  6.249E-05  3.682E-05  9.320E-04  4.564E-05
                1.451E-02  2.766E-04  4.085E-04  9.777E-07  3.160E-06  1.600E-05
                5.342E-06  1.123E-05  1.189E-08  9.331E-06  4.309E-06  2.737E-07
                8.522E-07  1.039E-06  6.264E-06  3.059E-06  1.048E-05  1.616E-05
                1.517E-05  2.191E-06  5.076E-05  9.817E-06  9.032E-06  2.779E-06
                7.610E-09  7.646E-06  2.381E-09  4.363E-05  1.894E-06  1.889E-05
                7.930E-06  2.288E-06  2.252E-06  1.326E-07  3.672E-07  6.706E-07
                6.732E-05  6.176E-07  2.351E-06  4.249E-07  3.896E-07  5.199E-06
                1.529E-05  1.513E-05  4.015E-06  3.005E-05  1.272E-05  1.247E-05
                2.475E-07  9.604E-09  3.627E-08  5.055E-11  9.449E-06  4.686E-07
                1.885E-07  5.401E-10  7.014E-06  9.259E-07  5.920E-08  7.105E-06
                4.054E-06  9.473E-06  2.561E-05  3.364E-06  3.326E-06  1.451E-06
                8.771E-06  8.945E-06  2.980E-08  1.624E-07  1.226E-06  7.265E-06
                6.171E-05  1.194E-07  2.025E-10  6.425E-10  3.513E-10  1.486E-10
                1.211E-11  1.588E-06  9.116E-06  3.131E-07  4.166E-06  3.232E-06
                7.051E-07  3.712E-07  2.886E-05  1.037E-05  6.584E-07  8.443E-07
                2.513E-07  1.940E-08  5.270E-07  1.665E-06  1.062E-06  5.872E-08
                5.402E-07  2.278E-07  3.721E-08  1.751E-05  1.196E-07  6.550E-05
                3.519E-07  3.966E-07  8.997E-07  2.136E-06  5.548E-07  1.344E-06
                1.231E-06  9.073E-08  3.431E-05  6.616E-07  2.303E-06  5.253E-08
                1.455E-05  6.598E-05  7.477E-07  1.460E-06  9.313E-06  3.888E-06
                9.507E-06  7.169E-07  1.055E-06  1.123E-06  1.130E-09  5.133E-06
                3.017E-06  4.965E-09  1.619E-08  9.529E-07  7.972E-06  9.866E-06
                1.275E-06  1.138E-07  5.569E-07  6.745E-06  6.826E-09  2.677E-06
                5.872E-06  3.744E-08  1.423E-05  3.190E-06  1.358E-06  1.075E-06
                1.036E-05  6.669E-07  2.724E-06  3.338E-07  3.180E-06  1.390E-06
                1.452E-06  3.016E-05  5.984E-07  1.053E-05  6.043E-09  1.949E-06
                1.987E-06  8.003E-07  4.292E-06  6.915E-07  3.948E-06  5.064E-09
                7.848E-07  1.101E-05  1.148E-05  5.466E-07  2.307E-06  6.330E-07
                1.639E-07  1.808E-06  4.113E-06  2.332E-06  1.246E-06  1.387E-07
                1.197E-05  2.073E-06  1.035E-06  5.928E-07  1.354E-06  9.378E-07
                2.239E-05  1.141E-05  1.754E-06  5.532E-06  1.095E-05  6.411E-06
                7.112E-06  1.338E-06  6.520E-07  3.830E-10  4.741E-07  3.964E-07
                1.486E-06  2.382E-06  3.243E-06  9.073E-06  2.356E-06  3.369E-07
                3.991E-08  4.513E-07  4.332E-07  5.219E-07  1.053E-05
8.74508630E+01  1.295E-02  1.358E-02  8.192E-06  8.350E-03  5.424E-03  1.849E-05
                1.295E-05  2.385E-02  3.606E-05  2.147E-05  6.724E-04  2.672E-05
                1.053E-02  1.683E-04  2.492E-04  6.856E-07  2.067E-06  8.979E-06
                3.635E-06  6.483E-06  8.590E-09  6.320E-06  2.433E-06  1.218E-07
                3.808E-07  7.114E-07  4.564E-06  1.832E-06  6.463E-06  9.937E-06
                8.378E-06  1.479E-06  2.541E-05  6.135E-06  5.122E-06  1.793E-06
                4.794E-09  4.093E-06  1.703E-09  2.328E-05  1.204E-06  1.015E-05
                4.054E-06  1.091E-06  1.124E-06  9.226E-08  2.320E-07  3.393E-07
                4.070E-05  5.022E-07  1.501E-06  2.381E-07  2.043E-07  4.126E-06
                8.506E-06  8.080E-06  2.179E-06  1.688E-05  5.872E-06  8.881E-06
                1.811E-07  6.648E-09  2.496E-08  1.874E-11  4.214E-06  3.089E-07
                2.182E-07  4.709E-10  4.324E-06  4.963E-07  3.488E-08  5.281E-06
                3.150E-06  7.084E-06  1.555E-05  1.493E-06  1.964E-06  6.472E-07
                6.037E-06  6.216E-06  1.351E-08  8.092E-08  8.161E-07  3.758E-06
                3.931E-05  8.263E-08  1.350E-10  4.276E-10  2.614E-10  1.164E-10
                1.139E-11  1.140E-06  6.444E-06  1.946E-07  3.176E-06  2.512E-06
                4.816E-07  1.513E-07  1.853E-05  6.613E-06  4.704E-07  6.298E-07
                1.820E-07  1.128E-08  3.450E-07  1.141E-06  7.404E-07  4.311E-08
                1.734E-07  1.652E-07  2.082E-08  1.227E-05  7.888E-08  4.216E-05
                2.355E-07  2.634E-07  5.839E-07  1.716E-06  4.241E-07  9.934E-07
                9.377E-07  7.593E-08  2.201E-05  3.517E-07  1.689E-06  2.977E-08
                9.518E-06  4.351E-05  4.989E-07  1.006E-06  6.641E-06  2.763E-06
                6.355E-06  3.311E-07  5.315E-07  6.092E-07  6.333E-10  2.610E-06
                1.540E-06  5.695E-09  2.019E-08  6.105E-07  5.266E-06  6.474E-06
                6.104E-07  6.347E-08  3.096E-07  2.774E-06  7.674E-09  1.763E-06
                3.870E-06  1.681E-08  9.236E-06  2.026E-06  7.061E-07  6.856E-07
                7.078E-06  3.732E-07  1.454E-06  1.670E-07  1.874E-06  1.102E-06
                1.005E-06  1.847E-05  4.043E-07  7.119E-06  8.137E-09  1.092E-06
                1.043E-06  3.773E-07  2.889E-06  4.459E-07  2.534E-06  1.852E-09
                3.464E-07  7.219E-06  7.482E-06  3.070E-07  1.301E-06  4.746E-07
                8.550E-08  1.007E-06  1.980E-06  1.309E-06  5.869E-07  7.894E-08
                8.291E-06  1.277E-06  7.173E-07  3.750E-07  8.097E-07  6.209E-07
                1.601E-05  8.334E-06  9.121E-07  2.752E-06  4.908E-06  3.692E-06
                4.016E-06  6.501E-07  1.903E-07  4.642E-10  2.014E-07  2.379E-07
                1.144E-06  1.844E-06  2.453E-06  6.152E-06  1.282E-06  1.772E-07
                1.520E-08  3.014E-07  3.382E-07  3.014E-07  7.722E-06
1.01058863E+02  8.182E-03  8.584E-03  4.886E-06  5.294E-03  3.429E-03  1.087E-05
                7.967E-06  1.774E-02  2.106E-05  1.274E-05  5.080E-04  1.641E-05
                7.987E-03  1.121E-04  1.661E-04  5.656E-07  1.329E-06  5.290E-06
                2.431E-06  3.832E-06  7.630E-09  4.070E-06  1.508E-06  5.147E-08
                1.785E-07  5.990E-07  3.987E-06  1.134E-06  3.960E-06  6.204E-06
                4.912E-06  9.507E-07  1.400E-05  4.173E-06  3.106E-06  1.137E-06
                3.008E-09  2.326E-06  1.392E-09  1.332E-05  8.685E-07  5.941E-06
                2.237E-06  5.659E-07  6.074E-07  8.103E-08  2.147E-07  1.851E-07
                2.610E-05  4.269E-07  9.288E-07  1.448E-07  1.052E-07  3.489E-06
                5.056E-06  4.677E-06  1.264E-06  9.911E-06  3.130E-06  7.191E-06
                1.450E-07  4.657E-09  1.668E-08  1.291E-11  2.186E-06  2.093E-07
                1.992E-07  4.144E-10  2.715E-06  2.824E-07  2.466E-08  3.806E-06
                2.372E-06  5.221E-06  9.550E-06  7.885E-07  1.175E-06  3.371E-07
                4.049E-06  4.181E-06  8.899E-09  5.424E-08  5.286E-07  2.128E-06
                2.620E-05  5.099E-08  9.891E-11  3.117E-10  1.818E-10  9.698E-11
                9.290E-12  7.771E-07  4.370E-06  1.190E-07  2.487E-06  2.013E-06
                3.259E-07  9.258E-08  1.248E-05  4.420E-06  3.460E-07  4.707E-07
                1.354E-07  6.633E-09  2.421E-07  8.202E-07  5.479E-07  2.923E-08
                1.194E-07  1.103E-07  1.123E-08  8.460E-06  5.538E-08  2.946E-05
                1.526E-07  1.832E-07  3.901E-07  1.347E-06  3.264E-07  7.254E-07
                6.923E-07  6.090E-08  1.469E-05  2.425E-07  1.253E-06  1.843E-08
                6.434E-06  3.106E-05  3.587E-07  7.462E-07  4.654E-06  1.935E-06
                4.285E-06  1.708E-07  3.010E-07  3.690E-07  3.553E-10  1.479E-06
                8.771E-07  6.122E-09  2.239E-08  4.105E-07  3.776E-06  4.615E-06
                3.247E-07  3.923E-08  1.846E-07  1.322E-06  8.529E-09  1.192E-06
                2.627E-06  7.917E-09  6.513E-06  1.406E-06  4.067E-07  4.687E-07
                5.116E-06  2.231E-07  8.492E-07  1.034E-07  1.131E-06  8.575E-07
                7.078E-07  1.285E-05  2.747E-07  4.782E-06  7.903E-09  6.754E-07
                6.106E-07  2.018E-07  1.976E-06  3.150E-07  1.784E-06  1.204E-09
                1.781E-07  5.134E-06  5.292E-06  1.839E-07  8.050E-07  3.878E-07
                4.978E-08  5.965E-07  1.107E-06  7.825E-07  3.330E-07  4.892E-08
                6.146E-06  8.180E-07  5.080E-07  2.474E-07  5.265E-07  4.551E-07
                1.209E-05  6.385E-06  5.466E-07  1.473E-06  2.459E-06  2.403E-06
                2.518E-06  3.535E-07  6.886E-08  4.247E-10  8.741E-08  1.507E-07
                8.647E-07  1.411E-06  1.853E-06  4.472E-06  7.891E-07  1.020E-07
                8.572E-09  2.081E-07  2.623E-07  2.028E-07  5.794E-06
1.14666863E+02  5.485E-03  5.762E-03  3.248E-06  3.547E-03  2.302E-03  7.876E-06
                5.320E-06  1.336E-02  1.406E-05  8.503E-06  3.848E-04  1.065E-05
                6.062E-03  7.504E-05  1.115E-04  5.090E-07  8.643E-07  2.980E-06
                1.730E-06  2.155E-06  5.526E-09  2.739E-06  1.104E-06  2.291E-08
                1.071E-07  4.372E-07  2.938E-06  7.689E-07  2.537E-06  4.000E-06
                3.174E-06  6.390E-07  9.065E-06  2.794E-06  2.067E-06  7.432E-07
                1.929E-09  1.414E-06  9.113E-10  8.567E-06  6.280E-07  3.846E-06
                1.401E-06  3.201E-07  3.543E-07  7.226E-08  2.112E-07  1.174E-07
                1.789E-05  3.661E-07  5.976E-07  1.037E-07  5.644E-08  2.986E-06
                3.283E-06  3.004E-06  7.856E-07  6.195E-06  1.891E-06  6.037E-06
                1.228E-07  3.473E-09  1.131E-08  1.408E-11  1.311E-06  1.535E-07
                1.587E-07  3.053E-10  1.814E-06  1.769E-07  3.094E-08  2.768E-06
                1.822E-06  3.918E-06  6.337E-06  4.814E-07  8.026E-07  2.013E-07
                2.904E-06  2.990E-06  6.620E-09  3.997E-08  3.683E-07  1.350E-06
                1.859E-05  4.130E-08  7.409E-11  2.307E-10  1.242E-10  9.053E-11
                7.680E-12  5.656E-07  3.186E-06  7.499E-08  1.988E-06  1.640E-06
                2.209E-07  8.936E-08  8.861E-06  3.165E-06  2.667E-07  3.626E-07
                1.021E-07  4.971E-09  1.691E-07  6.197E-07  4.207E-07  2.313E-08
                1.013E-07  8.637E-08  9.674E-09  6.070E-06  3.967E-08  2.129E-05
                1.121E-07  1.341E-07  2.640E-07  1.071E-06  2.581E-07  5.367E-07
                5.082E-07  4.704E-08  1.047E-05  1.820E-07  9.579E-07  1.341E-08
                4.458E-06  2.275E-05  2.698E-07  5.549E-07  3.429E-06  1.416E-06
                3.120E-06  9.510E-08  1.837E-07  2.388E-07  2.456E-10  9.113E-07
                5.434E-07  5.331E-09  1.947E-08  2.868E-07  2.866E-06  3.491E-06
                1.828E-07  2.692E-08  1.235E-07  7.082E-07  7.036E-09  8.279E-07
                1.813E-06  4.756E-09  4.937E-06  1.051E-06  2.551E-07  3.452E-07
                3.888E-06  1.397E-07  5.474E-07  7.474E-08  7.164E-07  6.630E-07
                5.250E-07  9.268E-06  2.014E-07  3.478E-06  7.085E-09  4.507E-07
                3.865E-07  1.168E-07  1.492E-06  2.397E-07  1.348E-06  9.686E-10
                9.841E-08  3.884E-06  3.991E-06  1.179E-07  5.360E-07  3.126E-07
                3.199E-08  3.677E-07  7.139E-07  4.891E-07  2.222E-07  3.286E-08
                4.539E-06  5.502E-07  3.788E-07  1.874E-07  4.059E-07  3.487E-07
                9.017E-06  4.810E-06  3.570E-07  8.653E-07  1.426E-06  1.686E-06
                1.703E-06  2.063E-07  4.299E-08  4.045E-10  3.425E-08  9.503E-08
                6.823E-07  1.129E-06  1.449E-06  3.417E-06  5.352E-07  6.671E-08
                6.123E-09  1.507E-07  2.099E-07  1.534E-07  4.544E-06
1.28274863E+02  3.753E-03  3.945E-03  2.367E-06  2.442E-03  1.579E-03  4.801E-06
                3.503E-06  1.053E-02  8.641E-06  5.306E-06  3.081E-04  7.083E-06
                4.871E-03  5.468E-05  8.124E-05  4.874E-07  5.779E-07  1.974E-06
                1.233E-06  1.404E-06  4.285E-09  1.783E-06  7.956E-07  1.102E-08
                6.541E-08  4.219E-07  2.873E-06  5.187E-07  1.631E-06  2.596E-06
                2.053E-06  4.169E-07  5.776E-06  2.143E-06  1.369E-06  4.775E-07
                1.247E-09  8.795E-07  9.022E-10  5.449E-06  5.174E-07  2.502E-06
                8.656E-07  1.846E-07  2.141E-07  6.350E-08  1.906E-07  7.416E-08
                1.228E-05  3.072E-07  3.871E-07  6.983E-08  3.054E-08  2.502E-06
                2.127E-06  1.936E-06  5.020E-07  4.058E-06  1.185E-06  4.985E-06
                9.616E-08  2.576E-09  8.434E-09  1.990E-11  8.100E-07  1.151E-07
                1.227E-07  2.389E-10  1.262E-06  1.128E-07  2.497E-08  2.194E-06
                1.376E-06  2.903E-06  4.289E-06  3.055E-07  5.350E-07  1.235E-07
                1.979E-06  2.040E-06  5.979E-09  3.625E-08  2.572E-07  8.790E-07
                1.289E-05  2.456E-08  5.782E-11  1.809E-10  8.974E-11  7.222E-11
                5.892E-12  3.835E-07  2.158E-06  4.917E-08  1.591E-06  1.336E-06
                1.575E-07  6.884E-08  6.197E-06  2.188E-06  1.974E-07  2.697E-07
                7.646E-08  3.173E-09  1.271E-07  4.591E-07  3.207E-07  1.605E-08
                8.553E-08  5.997E-08  5.647E-09  4.477E-06  2.932E-08  1.592E-05
                7.917E-08  9.736E-08  1.812E-07  8.092E-07  1.943E-07  3.907E-07
                3.714E-07  3.826E-08  7.131E-06  1.469E-07  7.322E-07  8.477E-09
                3.167E-06  1.730E-05  2.000E-07  4.147E-07  2.526E-06  1.035E-06
                2.115E-06  5.506E-08  1.264E-07  1.781E-07  1.731E-10  6.649E-07
                3.976E-07  4.349E-09  1.583E-08  2.014E-07  2.186E-06  2.655E-06
                1.060E-07  1.710E-08  8.328E-08  5.298E-07  6.096E-09  5.916E-07
                1.301E-06  3.345E-09  3.741E-06  7.862E-07  1.633E-07  2.590E-07
                2.910E-06  9.248E-08  3.626E-07  5.691E-08  4.788E-07  5.027E-07
                3.838E-07  7.183E-06  1.431E-07  2.438E-06  5.688E-09  3.376E-07
                2.728E-07  7.058E-08  1.109E-06  1.821E-07  1.017E-06  1.076E-09
                5.683E-08  2.939E-06  3.009E-06  8.119E-08  3.999E-07  2.479E-07
                2.335E-08  2.364E-07  5.337E-07  3.257E-07  1.701E-07  2.263E-08
                3.551E-06  3.843E-07  2.715E-07  1.404E-07  3.131E-07  2.560E-07
                7.101E-06  3.809E-06  2.460E-07  5.793E-07  1.017E-06  1.209E-06
                1.176E-06  1.265E-07  3.261E-08  2.736E-10  1.897E-08  6.303E-08
                5.279E-07  8.902E-07  1.116E-06  2.627E-06  3.839E-07  4.711E-08
                4.404E-09  1.120E-07  1.653E-07  1.156E-07  3.548E-06
1.41882863E+02  2.726E-03  2.866E-03  1.800E-06  1.769E-03  1.146E-03  4.050E-06
                2.544E-06  8.180E-03  6.471E-06  3.919E-06  2.395E-04  4.889E-06
                3.789E-03  3.820E-05  5.698E-05  4.726E-07  3.937E-07  1.196E-06
                9.484E-07  8.168E-07  3.559E-09  1.248E-06  6.200E-07  1.188E-08
                6.182E-08  2.899E-07  1.973E-06  3.645E-07  1.057E-06  1.705E-06
                1.464E-06  2.922E-07  4.374E-06  1.442E-06  9.934E-07  3.118E-07
                8.136E-10  5.727E-07  5.508E-10  3.996E-06  3.781E-07  1.832E-06
                6.229E-07  1.193E-07  1.404E-07  6.081E-08  2.007E-07  5.623E-08
                9.197E-06  2.671E-07  2.583E-07  5.615E-08  2.376E-08  2.173E-06
                1.532E-06  1.413E-06  3.396E-07  2.716E-06  8.088E-07  4.287E-06
                9.090E-08  1.997E-09  5.539E-09  2.296E-11  5.541E-07  9.367E-08
                9.488E-08  1.881E-10  8.962E-07  7.863E-08  2.810E-08  1.511E-06
                1.062E-06  2.276E-06  3.056E-06  2.134E-07  3.881E-07  8.388E-08
                1.423E-06  1.454E-06  4.249E-09  2.559E-08  1.894E-07  6.103E-07
                9.879E-06  2.301E-08  4.398E-11  1.356E-10  6.210E-11  6.670E-11
                4.480E-12  2.780E-07  1.580E-06  3.104E-08  1.277E-06  1.082E-06
                1.134E-07  8.041E-08  4.747E-06  1.696E-06  1.514E-07  2.077E-07
                5.678E-08  2.486E-09  9.165E-08  3.484E-07  2.502E-07  1.225E-08
                8.032E-08  4.529E-08  4.801E-09  3.041E-06  2.130E-08  1.240E-05
                6.117E-08  6.818E-08  1.357E-07  6.504E-07  1.524E-07  2.790E-07
                2.662E-07  2.918E-08  5.419E-06  1.283E-07  5.306E-07  7.278E-09
                2.343E-06  1.362E-05  1.495E-07  2.991E-07  1.769E-06  7.189E-07
                1.599E-06  3.233E-08  8.094E-08  1.187E-07  1.102E-10  4.352E-07
                2.612E-07  3.671E-09  1.329E-08  1.530E-07  1.722E-06  2.088E-06
                6.344E-08  1.382E-08  6.074E-08  3.396E-07  4.663E-09  4.372E-07
                9.533E-07  1.995E-09  2.950E-06  6.151E-07  1.124E-07  2.030E-07
                2.308E-06  6.128E-08  2.580E-07  4.429E-08  3.142E-07  3.903E-07
                2.868E-07  5.699E-06  1.022E-07  1.722E-06  4.479E-09  2.287E-07
                1.782E-07  4.347E-08  8.139E-07  1.450E-07  8.051E-07  7.612E-10
                3.321E-08  2.317E-06  2.369E-06  5.288E-08  2.689E-07  2.021E-07
                1.601E-08  1.534E-07  3.734E-07  2.118E-07  1.217E-07  1.607E-08
                2.764E-06  2.706E-07  2.065E-07  1.052E-07  2.418E-07  1.950E-07
                5.507E-06  2.966E-06  1.758E-07  3.596E-07  6.458E-07  9.088E-07
                8.540E-07  7.843E-08  3.722E-08  2.810E-10  6.334E-09  4.404E-08
                4.238E-07  7.217E-07  8.857E-07  2.063E-06  2.698E-07  3.575E-08
                4.794E-09  8.397E-08  1.346E-07  8.827E-08  2.832E-06
1.55490863E+02  1.978E-03  2.087E-03  9.529E-07  1.294E-03  8.388E-04  2.386E-06
                1.698E-06  6.845E-03  3.976E-06  2.470E-06  2.028E-04  3.455E-06
                3.215E-03  3.057E-05  4.549E-05  4.585E-07  2.704E-07  9.097E-07
                7.123E-07  6.001E-07  2.656E-09  8.105E-07  4.522E-07  9.851E-09
                4.651E-08  3.102E-07  2.126E-06  2.511E-07  6.999E-07  1.134E-06
                9.920E-07  1.913E-07  2.937E-06  1.241E-06  6.765E-07  1.990E-07
                5.309E-10  3.754E-07  6.371E-10  2.737E-06  3.353E-07  1.261E-06
                4.153E-07  7.257E-08  9.020E-08  5.136E-08  1.716E-07  3.914E-08
                6.547E-06  2.258E-07  1.691E-07  3.743E-08  1.969E-08  1.838E-06
                1.045E-06  9.742E-07  2.236E-07  1.847E-06  5.470E-07  3.608E-06
                7.195E-08  1.473E-09  4.399E-09  2.651E-11  3.778E-07  7.317E-08
                7.019E-08  1.527E-10  6.363E-07  5.206E-08  2.172E-08  1.258E-06
                7.928E-07  1.751E-06  2.107E-06  1.511E-07  2.664E-07  5.645E-08
                9.566E-07  9.810E-07  4.309E-09  2.642E-08  1.335E-07  4.198E-07
                6.944E-06  1.093E-08  3.740E-11  1.166E-10  4.605E-11  4.873E-11
                3.353E-12  1.840E-07  1.043E-06  2.086E-08  1.048E-06  9.020E-07
                8.367E-08  5.147E-08  3.375E-06  1.183E-06  1.108E-07  1.519E-07
                4.242E-08  1.655E-09  6.899E-08  2.575E-07  1.897E-07  8.739E-09
                7.111E-08  3.235E-08  3.151E-09  2.310E-06  1.637E-08  9.857E-06
                4.594E-08  5.080E-08  9.508E-08  4.786E-07  1.124E-07  2.025E-07
                1.939E-07  2.345E-08  3.675E-06  1.079E-07  4.105E-07  3.892E-09
                1.720E-06  1.097E-05  1.109E-07  2.258E-07  1.338E-06  5.395E-07
                1.060E-06  1.955E-08  6.126E-08  9.625E-08  8.897E-11  3.552E-07
                2.131E-07  2.681E-09  9.623E-09  1.094E-07  1.357E-06  1.645E-06
                3.852E-08  9.845E-09  4.575E-08  2.851E-07  4.008E-09  3.243E-07
                7.098E-07  1.489E-09  2.304E-06  4.750E-07  7.685E-08  1.633E-07
                1.768E-06  4.381E-08  1.886E-07  3.211E-08  2.196E-07  3.032E-07
                2.071E-07  4.723E-06  7.249E-08  1.199E-06  3.440E-09  1.845E-07
                1.362E-07  2.764E-08  6.259E-07  1.135E-07  6.258E-07  8.333E-10
                1.972E-08  1.808E-06  1.841E-06  3.876E-08  2.142E-07  1.557E-07
                1.295E-08  1.043E-07  2.876E-07  1.511E-07  9.426E-08  1.210E-08
                2.287E-06  2.014E-07  1.464E-07  8.220E-08  1.956E-07  1.421E-07
                4.579E-06  2.468E-06  1.299E-07  2.713E-07  5.271E-07  6.805E-07
                6.169E-07  5.060E-08  2.535E-08  1.413E-10  5.341E-09  3.035E-08
                3.369E-07  5.850E-07  7.029E-07  1.643E-06  2.036E-07  2.597E-08
                3.117E-09  6.578E-08  1.086E-07  6.489E-08  2.283E-06
1.69098863E+02  1.473E-03  1.544E-03  1.781E-06  9.590E-04  6.185E-04  2.145E-06
                1.299E-06  5.321E-03  3.152E-06  1.917E-06  1.592E-04  2.440E-06
                2.530E-03  2.090E-05  3.134E-05  4.501E-07  1.966E-07  5.915E-07
                5.988E-07  3.652E-07  2.146E-09  6.059E-07  3.865E-07  1.607E-08
                5.556E-08  1.639E-07  1.120E-06  1.885E-07  4.688E-07  7.459E-07
                7.718E-07  1.433E-07  2.452E-06  7.326E-07  5.223E-07  1.309E-07
                3.557E-10  2.632E-07  2.921E-10  2.114E-06  2.219E-07  9.702E-07
                3.146E-07  5.139E-08  6.368E-08  4.706E-08  1.679E-07  3.271E-08
                5.114E-06  2.008E-07  1.221E-07  3.334E-08  2.040E-08  1.630E-06
                7.870E-07  7.445E-07  1.583E-07  1.316E-06  3.891E-07  3.154E-06
                7.152E-08  1.204E-09  2.973E-09  2.576E-11  2.615E-07  6.296E-08
                5.398E-08  1.069E-10  4.785E-07  3.812E-08  2.657E-08  8.785E-07
                6.391E-07  1.341E-06  1.596E-06  1.079E-07  2.044E-07  3.865E-08
                7.390E-07  7.484E-07  2.646E-09  1.606E-08  1.038E-07  3.040E-07
                5.569E-06  1.580E-08  2.704E-11  8.310E-11  3.313E-11  4.846E-11
                2.494E-12  1.433E-07  8.241E-07  1.362E-08  8.179E-07  7.046E-07
                6.472E-08  7.321E-08  2.678E-06  9.572E-07  8.728E-08  1.206E-07
                3.315E-08  1.481E-09  5.379E-08  2.076E-07  1.566E-07  7.158E-09
                7.049E-08  2.644E-08  2.768E-09  1.643E-06  1.170E-08  7.532E-06
                3.513E-08  3.595E-08  7.709E-08  3.958E-07  8.944E-08  1.490E-07
                1.459E-07  1.776E-08  2.977E-06  9.833E-08  3.060E-07  4.609E-09
                1.310E-06  8.462E-06  8.470E-08  1.591E-07  9.737E-07  3.882E-07
                8.645E-07  1.153E-08  3.869E-08  6.235E-08  5.530E-11  2.281E-07
                1.374E-07  2.168E-09  7.700E-09  8.957E-08  1.069E-06  1.295E-06
                2.314E-08  7.717E-09  3.160E-08  2.146E-07  2.471E-09  2.454E-07
                5.334E-07  9.604E-10  1.823E-06  3.742E-07  5.407E-08  1.269E-07
                1.417E-06  2.943E-08  1.325E-07  2.803E-08  1.516E-07  2.272E-07
                1.647E-07  3.722E-06  5.621E-08  9.153E-07  2.649E-09  1.216E-07
                8.802E-08  1.736E-08  4.851E-07  9.069E-08  4.974E-07  4.939E-10
                1.117E-08  1.431E-06  1.459E-06  2.539E-08  1.430E-07  1.266E-07
                9.568E-09  6.937E-08  2.246E-07  1.000E-07  7.373E-08  8.596E-09
                1.742E-06  1.439E-07  1.188E-07  6.656E-08  1.622E-07  1.109E-07
                3.445E-06  1.862E-06  9.589E-08  1.739E-07  3.563E-07  5.239E-07
                4.634E-07  3.191E-08  3.523E-08  1.920E-10  1.551E-09  2.225E-08
                2.688E-07  4.678E-07  5.488E-07  1.284E-06  1.422E-07  2.280E-08
                3.796E-09  4.945E-08  8.736E-08  5.199E-08  1.797E-06
1.82706863E+02  1.191E-03  1.261E-03  7.614E-07  7.790E-04  5.085E-04  1.608E-06
                9.234E-07  4.654E-03  2.239E-06  1.374E-06  1.373E-04  1.842E-06
                2.177E-03  1.814E-05  2.703E-05  4.146E-07  1.391E-07  5.323E-07
                4.593E-07  3.107E-07  1.846E-09  3.889E-07  2.553E-07  1.217E-08
                4.122E-08  2.419E-07  1.660E-06  1.214E-07  3.031E-07  5.194E-07
                5.307E-07  9.357E-08  1.690E-06  8.093E-07  3.571E-07  8.186E-08
                2.292E-10  1.712E-07  4.819E-10  1.627E-06  2.398E-07  7.219E-07
                2.378E-07  3.451E-08  4.451E-08  4.035E-08  1.458E-07  2.567E-08
                3.846E-06  1.711E-07  7.940E-08  2.221E-08  2.024E-08  1.395E-06
                5.825E-07  5.674E-07  1.114E-07  8.967E-07  2.940E-07  2.724E-06
                5.649E-08  8.612E-10  2.181E-09  2.573E-11  2.121E-07  4.967E-08
                4.031E-08  1.028E-10  3.388E-07  2.831E-08  1.670E-08  6.816E-07
                4.664E-07  1.144E-06  1.126E-06  8.909E-08  1.457E-07  3.085E-08
                4.389E-07  4.465E-07  3.024E-09  1.869E-08  7.441E-08  2.234E-07
                4.028E-06  5.789E-09  2.649E-11  8.211E-11  2.486E-11  3.180E-11
                1.861E-12  8.323E-08  4.779E-07  9.106E-09  7.068E-07  6.179E-07
                4.914E-08  4.000E-08  1.978E-06  6.893E-07  6.262E-08  8.675E-08
                2.358E-08  8.756E-10  3.861E-08  1.462E-07  1.148E-07  4.601E-09
                5.979E-08  1.676E-08  2.060E-09  1.098E-06  9.352E-09  6.718E-06
                3.021E-08  2.556E-08  5.748E-08  2.932E-07  6.565E-08  1.015E-07
                9.990E-08  1.409E-08  1.971E-06  8.651E-08  2.154E-07  2.272E-09
                1.014E-06  7.617E-06  6.173E-08  1.197E-07  6.624E-07  2.625E-07
                5.255E-07  7.313E-09  3.062E-08  5.174E-08  3.831E-11  1.924E-07
                1.155E-07  1.591E-09  5.609E-09  6.645E-08  8.760E-07  1.061E-06
                1.517E-08  7.165E-09  2.948E-08  1.547E-07  2.317E-09  1.932E-07
                4.173E-07  6.589E-10  1.470E-06  2.995E-07  4.203E-08  1.115E-07
                1.123E-06  2.316E-08  1.161E-07  1.791E-08  1.081E-07  1.914E-07
                1.146E-07  3.409E-06  3.444E-08  5.526E-07  1.975E-09  1.001E-07
                6.851E-08  1.162E-08  3.294E-07  7.372E-08  4.024E-07  5.536E-10
                6.760E-09  1.160E-06  1.176E-06  1.897E-08  1.136E-07  1.003E-07
                7.048E-09  5.057E-08  1.554E-07  7.470E-08  5.115E-08  6.972E-09
                1.571E-06  1.146E-07  8.162E-08  4.400E-08  1.117E-07  7.853E-08
                3.117E-06  1.679E-06  7.561E-08  1.302E-07  2.663E-07  4.088E-07
                3.503E-07  2.188E-08  2.327E-08  1.103E-10  1.451E-09  1.692E-08
                2.204E-07  3.908E-07  4.536E-07  1.052E-06  1.075E-07  1.699E-08
                2.933E-09  4.059E-08  7.243E-08  3.554E-08  1.498E-06
1.96314863E+02  8.177E-04  8.632E-04  1.905E-06  5.406E-04  3.491E-04  7.705E-07
                6.123E-07  3.846E-03  1.227E-06  7.897E-07  1.181E-04  1.301E-06
                1.885E-03  1.340E-05  2.006E-05  4.120E-07  1.033E-07  3.406E-07
                4.105E-07  1.952E-07  1.251E-09  2.980E-07  2.421E-07  1.642E-08
                4.444E-08  1.102E-07  7.520E-07  1.037E-07  2.340E-07  3.309E-07
                4.125E-07  7.177E-08  1.286E-06  4.245E-07  2.665E-07  5.363E-08
                1.575E-10  1.363E-07  2.062E-10  1.088E-06  1.390E-07  4.905E-07
                1.544E-07  2.034E-08  2.864E-08  3.590E-08  1.420E-07  1.862E-08
                2.717E-06  1.567E-07  5.809E-08  1.678E-08  2.088E-08  1.273E-06
                3.928E-07  3.788E-07  7.189E-08  6.521E-07  1.843E-07  2.442E-06
                5.922E-08  6.944E-10  1.897E-09  2.401E-11  1.231E-07  4.133E-08
                2.907E-08  6.847E-11  2.533E-07  1.752E-08  2.318E-08  5.992E-07
                3.870E-07  7.965E-07  8.103E-07  5.924E-08  1.050E-07  1.770E-08
                4.005E-07  4.079E-07  2.084E-09  1.284E-08  5.485E-08  1.515E-07
                2.940E-06  8.019E-09  1.814E-11  5.685E-11  1.871E-11  3.042E-11
                1.358E-12  7.636E-08  4.361E-07  6.319E-09  5.339E-07  4.684E-07
                3.889E-08  4.745E-08  1.423E-06  5.010E-07  4.877E-08  6.769E-08
                1.963E-08  9.664E-10  3.276E-08  1.231E-07  9.613E-08  4.613E-09
                6.266E-08  1.700E-08  1.568E-09  1.037E-06  6.803E-09  4.637E-06
                2.087E-08  2.160E-08  4.618E-08  2.317E-07  5.019E-08  8.316E-08
                8.379E-08  1.098E-08  1.551E-06  7.399E-08  1.980E-07  2.155E-09
                7.204E-07  5.314E-06  4.969E-08  9.155E-08  6.176E-07  2.432E-07
                4.577E-07  4.347E-09  2.078E-08  3.618E-08  3.086E-11  1.348E-07
                8.117E-08  1.130E-09  3.944E-09  5.380E-08  6.630E-07  8.047E-07
                9.071E-09  4.470E-09  1.881E-08  1.393E-07  1.492E-09  1.370E-07
                2.980E-07  4.735E-10  1.113E-06  2.240E-07  2.770E-08  8.799E-08
                8.601E-07  1.595E-08  7.765E-08  1.599E-08  7.906E-08  1.339E-07
                9.390E-08  2.466E-06  3.378E-08  5.197E-07  1.522E-09  7.046E-08
                4.813E-08  7.391E-09  3.277E-07  5.558E-08  3.017E-07  3.688E-10
                3.643E-09  8.723E-07  8.869E-07  1.291E-08  8.140E-08  7.627E-08
                6.763E-09  3.466E-08  1.332E-07  5.360E-08  4.321E-08  5.323E-09
                1.131E-06  8.463E-08  6.921E-08  4.727E-08  1.203E-07  6.447E-08
                2.231E-06  1.205E-06  5.492E-08  9.832E-08  2.227E-07  2.997E-07
                2.496E-07  1.356E-08  1.989E-08  7.787E-11  1.320E-09  1.095E-08
                1.738E-07  3.100E-07  3.490E-07  8.198E-07  7.737E-08  1.285E-08
                1.706E-09  3.044E-08  5.778E-08  2.877E-08  1.170E-06
