          16           7
         215          13           1           1
           0          -4           0          -4           0          -6           0          -2           0          -4           0           6           0           4           0           2           0           4           0           6           0           2           0           4           0           2           0          -4           0          -2           0           2           0           4           0           6           0           2           0           4           0           6           0           4           0          -2           0          -2           0          -4           0          -6           0          -8           0          -2           0          -4           0          -6           0          -4           0           2           0          -4           0          -6           0          -2           0          -4           0          -6           0          -6           0          -8           0          -4           0          -6           0          -2           0          -4           0           4           0           6           0           8           0          10           0           4           0          -4           0           2           0           6           0           4           0           8           0           2           0          -4           0          -2           0           6           0           6           0           4           0           2           0           8           0           4           0           6           0           8           0           4           0           6           0           8           0          10           0           4           0           6           0           8           0           6           0           4           0           2           0           6           0           2           0           4           0           2           0          -4           0          -2           0          -6           0          -8           0           6           0           4           0          -4           0          -6           0          -2           0          -4           0          -6           0          -8           0         -10           0          -2           0          -4           0          -6           0          -4           0          -2           0          -6           0          -8           0          -2           0          -4           0           2           0           4           0           6           0           8           0           4           0           4           0           6           0           8           0           2           0          10           0           8           0           6           0           4           0           2           0           6           0           6           0           4           0           4           0           2           0           4           0           6           0           8           0          -4           0           2           0           4           0          -6           0          -4           0           2           0           4           0           6           0           4           0           6           0          -2           0          -4           0          -6           0          -8           0         -10           0          -6           0          -8           0         -10           0         -12           0           2           0          -2           0          -4           0          -6           0          -8           0          -2           0          -8           0         -10           0          -4           0          -2           0          -6           0          -4           0          -2           0          -4           0          -2           0          -4           0          -6           0          -4           0          -8           0          -6           0           2           0           4           0           2           0           4           0           6           0         -10           0          -8           0          -6           0          -4           0           6           0          -2           0          -4           0           8           0          -6           0          -2           0          -4           0          -6           0          -8           0           4           0           6           0          -4           0          -6           0          -6           0          -8           0          -2           0           2           0          -4           0           4           0           6           0           4           0           4           0           2           0           2           0          -4           0          -6           0          -8           0          -2           0          -4           0          -6           0          -8           0         -10           0          -8           0          -6           0          -4           0          -2           0          -2           0          -4           0          -6           0          -6           0          -8           0          -4           0          -2           0          -6           0          -4
    0.000000E+00    9.645106E-03    9.843162E-03    1.435602E-02    1.458263E-02
    4.247197E-02    4.320385E-02    4.360158E-02    5.944295E-02    5.948713E-02
    6.922989E-02    7.316769E-02    7.411300E-02    1.134727E-01    1.147319E-01
    2.354040E-01    2.358931E-01    2.366026E-01    2.382857E-01    2.391328E-01
    2.438023E-01    2.438287E-01    2.461520E-01    2.471700E-01    2.474363E-01
    2.479076E-01    2.485433E-01    2.486026E-01    2.487216E-01    2.491410E-01
    2.502551E-01    2.507374E-01    2.510783E-01    2.511300E-01    2.524691E-01
    2.524772E-01    2.554279E-01    2.561102E-01    2.563381E-01    2.591442E-01
    2.591854E-01    2.609226E-01    2.615363E-01    2.619649E-01    2.622131E-01
    2.625883E-01    2.631076E-01    2.632646E-01    2.633261E-01    2.634365E-01
    2.637297E-01    2.638533E-01    2.640096E-01    2.643758E-01    2.644930E-01
    2.645338E-01    2.648466E-01    2.652759E-01    2.655531E-01    2.656939E-01
    2.657640E-01    2.676748E-01    2.677713E-01    2.679166E-01    2.688115E-01
    2.690337E-01    2.711118E-01    2.712141E-01    2.720014E-01    2.721113E-01
    2.724223E-01    2.724984E-01    2.725578E-01    2.726085E-01    2.727219E-01
    2.737570E-01    2.740430E-01    2.746587E-01    2.763855E-01    2.763956E-01
    2.763957E-01    2.764682E-01    2.789238E-01    2.791446E-01    2.808157E-01
    2.808428E-01    2.816082E-01    2.816156E-01    2.816277E-01    2.816445E-01
    2.816660E-01    2.832213E-01    2.832636E-01    2.833497E-01    2.872720E-01
    2.872722E-01    2.872783E-01    2.873017E-01    2.873787E-01    2.874354E-01
    2.875828E-01    2.876419E-01    2.877951E-01    2.879672E-01    2.884374E-01
    2.885530E-01    2.886000E-01    2.886971E-01    2.887362E-01    2.888178E-01
    2.901974E-01    2.902310E-01    2.934227E-01    2.936053E-01    2.936679E-01
    2.948139E-01    2.948751E-01    2.949134E-01    2.954910E-01    2.955387E-01
    2.955818E-01    2.956302E-01    2.974080E-01    2.974265E-01    2.978254E-01
    2.979930E-01    2.980044E-01    2.981863E-01    2.981951E-01    2.982014E-01
    2.986863E-01    2.989406E-01    2.997979E-01    3.013547E-01    3.014398E-01
    3.015665E-01    3.017420E-01    3.025165E-01    3.025355E-01    3.025686E-01
    3.026262E-01    3.032771E-01    3.036433E-01    3.036673E-01    3.036996E-01
    3.037196E-01    3.041292E-01    3.046134E-01    3.046301E-01    3.048276E-01
    3.048611E-01    3.049614E-01    3.051740E-01    3.052844E-01    3.060373E-01
    3.062721E-01    3.065126E-01    3.067251E-01    3.072820E-01    3.083217E-01
    3.083847E-01    3.085481E-01    3.086063E-01    3.093086E-01    3.093690E-01
    3.093750E-01    3.093804E-01    3.094500E-01    3.095030E-01    3.095365E-01
    3.096086E-01    3.096683E-01    3.098305E-01    3.098337E-01    3.100372E-01
    3.110986E-01    3.111053E-01    3.111248E-01    3.111449E-01    3.124031E-01
    3.124222E-01    3.126400E-01    3.132139E-01    3.132929E-01    3.134326E-01
    3.163175E-01    3.165548E-01    3.167011E-01    3.167161E-01    3.173537E-01
    3.174815E-01    3.194473E-01    3.198310E-01    3.206567E-01    3.235572E-01
    3.235827E-01    3.236877E-01    3.236885E-01    3.238034E-01    3.239013E-01
    3.239634E-01    3.240075E-01    3.245628E-01    3.245933E-01    3.263728E-01
    3.264517E-01    3.271738E-01    3.284075E-01    3.287843E-01    3.314323E-01
    3.314556E-01    3.324856E-01    3.325179E-01    3.327131E-01    3.333147E-01
           0           0           0           1
  -27.915863041215566               13
3.67610630E+01  1.600E-01  1.713E-01  1.705E-04  1.054E-01  6.920E-02  2.125E-04
                1.708E-04  1.151E-01  5.281E-04  2.711E-04  2.856E-03  3.270E-04
                4.259E-02
5.03690630E+01  6.521E-02  7.020E-02  5.248E-05  4.163E-02  2.830E-02  1.248E-04
                5.657E-05  6.495E-02  2.026E-04  1.496E-04  2.088E-03  1.428E-04
                2.783E-02  7.347E-04  1.074E-03  2.679E-06  5.646E-06  3.703E-05
                1.070E-04  4.848E-05  2.602E-05  4.374E-05  3.840E-05  4.776E-06
                1.005E-05  4.503E-06  1.744E-05  2.283E-05  7.255E-05  5.442E-05
                5.609E-05  2.749E-06  1.936E-04  7.540E-05  6.245E-05  8.335E-06
                2.950E-07  7.633E-05  1.681E-04  1.452E-04  3.833E-05  9.354E-05
                2.762E-05  1.206E-05  7.101E-06  1.880E-07  8.885E-07  3.133E-05
                4.752E-04  2.709E-05  2.791E-05  1.519E-05  1.472E-06  5.064E-05
                4.921E-05  3.859E-05  2.267E-05  8.629E-05  4.139E-05  3.041E-05
                1.104E-05  2.935E-07  3.178E-07  2.050E-08  1.061E-04  1.295E-05
                1.129E-06  6.825E-07  3.945E-05  1.288E-05  2.731E-06  3.089E-04
                6.358E-05  1.681E-04  1.175E-04  5.451E-05  1.236E-05  1.160E-05
                1.615E-04  1.268E-04  1.264E-05  1.096E-05
6.39770630E+01  3.334E-02  3.508E-02  2.392E-05  2.156E-02  1.404E-02  4.817E-05
                3.430E-05  4.416E-02  1.005E-04  5.797E-05  1.206E-03  7.152E-05
                1.863E-02  4.084E-04  6.032E-04  1.622E-06  4.456E-06  2.551E-05
                7.141E-06  1.694E-05  1.668E-08  1.216E-05  7.614E-06  5.407E-07
                1.732E-06  1.692E-06  9.402E-06  4.876E-06  1.529E-05  2.393E-05
                2.499E-05  2.820E-06  9.252E-05  1.486E-05  1.486E-05  3.748E-06
                8.135E-09  1.327E-05  6.913E-09  7.168E-05  2.829E-06  3.138E-05
                1.377E-05  4.341E-06  4.234E-06  1.760E-07  5.774E-07  1.231E-06
                1.022E-04  8.447E-07  3.306E-06  7.637E-07  7.283E-07  7.413E-06
                2.501E-05  2.512E-05  6.833E-06  4.751E-05  2.568E-05  2.060E-05
                3.522E-07  1.575E-08  5.198E-08  2.167E-09  1.946E-05  7.910E-07
                1.470E-07  3.400E-09  1.004E-05  1.675E-06  8.495E-08  8.830E-06
                4.639E-06  1.096E-05  3.791E-05  6.998E-06  5.150E-06  3.026E-06
                1.168E-05  1.197E-05  1.749E-07  7.170E-07  1.706E-06  1.314E-05
                9.394E-05  6.756E-08  2.992E-10  2.066E-09  4.696E-09  5.290E-09
                4.285E-10  1.876E-06  1.124E-05  5.963E-07  4.699E-06  3.663E-06
                8.105E-07  9.418E-07  3.994E-05  1.453E-05  5.554E-07  7.857E-07
                3.899E-07  1.670E-07  7.262E-07  1.997E-06  1.257E-06  9.407E-08
                1.713E-06  2.013E-07  1.276E-07  2.099E-05  1.957E-07  7.917E-05
                1.164E-06  7.868E-07  1.223E-06  2.758E-06  8.755E-07  1.755E-06
                1.388E-06  8.906E-08  4.766E-05  1.177E-06  3.102E-06  2.189E-07
                2.417E-05  9.164E-05  9.701E-07  2.570E-06  1.316E-05  5.902E-06
                1.345E-05  1.369E-06  1.478E-06  1.036E-06  1.336E-08  9.057E-06
                5.310E-06  1.295E-09  9.289E-09  1.163E-06  1.088E-05  1.403E-05
                2.675E-06  2.093E-07  9.042E-07  1.497E-05  1.327E-09  3.714E-06
                8.066E-06  6.071E-08  2.219E-05  5.208E-06  2.384E-06  1.493E-06
                1.439E-05  1.039E-06  4.712E-06  7.940E-07  5.199E-06  1.728E-06
                2.171E-06  4.104E-05  1.032E-06  1.560E-05  3.010E-09  3.680E-06
                4.383E-06  1.751E-06  7.453E-06  1.107E-06  5.372E-06  8.253E-08
                1.287E-06  1.583E-05  1.550E-05  8.987E-07  3.206E-06  3.067E-06
                8.771E-07  3.099E-06  7.982E-06  3.613E-06  2.291E-06  2.735E-07
                2.191E-05  2.752E-06  7.558E-07  6.291E-07  1.982E-06  1.906E-06
                2.959E-05  1.691E-05  3.386E-06  9.333E-06  2.095E-05  1.077E-05
                1.197E-05  2.794E-06  1.972E-06  5.556E-10  1.354E-06  6.997E-07
                1.866E-06  3.069E-06  3.485E-06  1.291E-05  3.713E-06  7.731E-07
                1.558E-07  5.648E-07  5.659E-07  9.443E-07  1.304E-05
7.75850630E+01  1.871E-02  1.964E-02  1.170E-05  1.208E-02  7.849E-03  2.568E-05
                1.860E-05  3.053E-02  5.258E-05  3.112E-05  8.517E-04  3.902E-05
                1.329E-02  2.410E-04  3.561E-04  8.709E-07  2.816E-06  1.372E-05
                4.776E-06  9.721E-06  1.194E-08  8.365E-06  3.517E-06  2.213E-07
                6.693E-07  9.222E-07  5.686E-06  2.587E-06  9.043E-06  1.399E-05
                1.266E-05  1.962E-06  4.094E-05  8.546E-06  7.610E-06  2.437E-06
                6.653E-09  6.350E-06  2.238E-09  3.609E-05  1.642E-06  1.573E-05
                6.479E-06  1.846E-06  1.840E-06  1.232E-07  3.402E-07  5.442E-07
                5.822E-05  5.791E-07  2.059E-06  3.510E-07  3.289E-07  4.814E-06
                1.285E-05  1.257E-05  3.364E-06  2.534E-05  9.968E-06  1.104E-05
                2.346E-07  8.532E-09  3.212E-08  3.961E-11  7.320E-06  4.156E-07
                2.075E-07  5.719E-10  6.105E-06  7.705E-07  4.662E-08  6.408E-06
                3.758E-06  8.820E-06  2.221E-05  2.602E-06  2.798E-06  1.125E-06
                7.759E-06  7.938E-06  2.238E-08  1.263E-07  1.095E-06  5.925E-06
                5.421E-05  1.037E-07  1.729E-10  5.493E-10  3.240E-10  1.320E-10
                1.136E-11  1.424E-06  8.138E-06  2.685E-07  3.798E-06  2.951E-06
                6.393E-07  2.727E-07  2.546E-05  9.106E-06  5.848E-07  7.662E-07
                2.240E-07  1.636E-08  4.602E-07  1.457E-06  9.341E-07  5.253E-08
                3.639E-07  2.023E-07  3.058E-08  1.544E-05  1.071E-07  5.790E-05
                3.107E-07  3.449E-07  8.200E-07  2.012E-06  5.075E-07  1.215E-06
                1.126E-06  8.609E-08  3.016E-05  5.576E-07  2.055E-06  4.397E-08
                1.292E-05  5.879E-05  6.506E-07  1.293E-06  8.249E-06  3.449E-06
                8.413E-06  5.687E-07  8.546E-07  9.271E-07  9.243E-10  4.168E-06
                2.451E-06  5.610E-09  1.920E-08  8.463E-07  6.951E-06  8.591E-06
                1.030E-06  9.977E-08  4.675E-07  5.130E-06  7.859E-09  2.376E-06
                5.223E-06  2.866E-08  1.230E-05  2.742E-06  1.117E-06  9.456E-07
                9.221E-06  5.613E-07  2.269E-06  2.596E-07  2.707E-06  1.294E-06
                1.279E-06  2.629E-05  5.222E-07  9.181E-06  6.787E-09  1.615E-06
                1.619E-06  6.379E-07  3.716E-06  5.973E-07  3.412E-06  3.859E-09
                6.148E-07  9.586E-06  9.979E-06  4.530E-07  1.899E-06  5.811E-07
                1.320E-07  1.523E-06  3.193E-06  1.959E-06  9.555E-07  1.167E-07
                1.082E-05  1.800E-06  9.271E-07  5.003E-07  1.116E-06  8.206E-07
                2.039E-05  1.046E-05  1.436E-06  4.455E-06  8.464E-06  5.406E-06
                5.973E-06  1.079E-06  4.453E-07  4.177E-10  3.718E-07  3.498E-07
                1.386E-06  2.224E-06  3.008E-06  8.064E-06  1.954E-06  2.743E-07
                3.047E-08  4.018E-07  4.055E-07  4.279E-07  9.640E-06
9.11930630E+01  1.138E-02  1.194E-02  6.659E-06  7.340E-03  4.770E-03  1.604E-05
                1.126E-05  2.191E-02  3.117E-05  1.865E-05  6.193E-04  2.324E-05
                9.703E-03  1.496E-04  2.215E-04  6.440E-07  1.812E-06  7.569E-06
                3.246E-06  5.475E-06  8.180E-09  5.601E-06  2.116E-06  9.780E-08
                3.129E-07  6.398E-07  4.141E-06  1.599E-06  5.634E-06  8.703E-06
                7.217E-06  1.309E-06  2.156E-05  5.395E-06  4.451E-06  1.581E-06
                4.191E-09  3.484E-06  1.471E-09  2.003E-05  1.071E-06  8.747E-06
                3.452E-06  9.040E-07  9.387E-07  8.889E-08  2.332E-07  2.883E-07
                3.600E-05  4.818E-07  1.304E-06  2.084E-07  1.733E-07  3.952E-06
                7.368E-06  6.951E-06  1.843E-06  1.433E-05  4.886E-06  8.383E-06
                1.756E-07  5.961E-09  2.184E-08  1.454E-11  3.490E-06  2.753E-07
                2.152E-07  4.522E-10  3.721E-06  4.182E-07  3.556E-08  4.719E-06
                2.898E-06  6.545E-06  1.334E-05  1.243E-06  1.694E-06  5.377E-07
                5.452E-06  5.618E-06  1.158E-08  6.994E-08  7.126E-07  3.171E-06
                3.526E-05  7.360E-08  1.260E-10  3.966E-10  2.334E-10  1.145E-10
                1.108E-11  1.039E-06  5.860E-06  1.676E-07  2.985E-06  2.378E-06
                4.292E-07  1.303E-07  1.666E-05  5.949E-06  4.356E-07  5.840E-07
                1.677E-07  1.006E-08  3.060E-07  1.044E-06  6.801E-07  4.020E-08
                1.519E-07  1.527E-07  1.996E-08  1.101E-05  7.159E-08  3.812E-05
                2.092E-07  2.391E-07  5.152E-07  1.612E-06  3.983E-07  9.160E-07
                8.632E-07  6.965E-08  1.986E-05  3.101E-07  1.558E-06  2.593E-08
                8.505E-06  3.955E-05  4.544E-07  9.245E-07  6.035E-06  2.513E-06
                5.773E-06  2.728E-07  4.443E-07  5.159E-07  5.566E-10  2.167E-06
                1.280E-06  5.860E-09  2.103E-08  5.416E-07  4.824E-06  5.918E-06
                5.095E-07  5.670E-08  2.669E-07  2.139E-06  7.939E-09  1.574E-06
                3.452E-06  1.275E-08  8.411E-06  1.837E-06  6.046E-07  6.164E-07
                6.520E-06  3.220E-07  1.244E-06  1.415E-07  1.608E-06  1.041E-06
                9.094E-07  1.654E-05  3.655E-07  6.416E-06  8.426E-09  9.334E-07
                8.803E-07  3.142E-07  2.616E-06  4.064E-07  2.308E-06  1.556E-09
                2.851E-07  6.600E-06  6.830E-06  2.632E-07  1.112E-06  4.464E-07
                7.156E-08  8.669E-07  1.625E-06  1.126E-06  4.820E-07  6.936E-08
                7.602E-06  1.123E-06  6.538E-07  3.355E-07  7.176E-07  5.762E-07
                1.479E-05  7.737E-06  7.846E-07  2.272E-06  3.933E-06  3.276E-06
                3.526E-06  5.435E-07  1.367E-07  4.635E-10  1.521E-07  2.077E-07
                1.066E-06  1.718E-06  2.289E-06  5.637E-06  1.108E-06  1.480E-07
                1.210E-08  2.722E-07  3.169E-07  2.685E-07  7.148E-06
1.04801063E+02  7.266E-03  7.620E-03  4.816E-06  4.701E-03  3.042E-03  9.846E-06
                7.144E-06  1.634E-02  1.866E-05  1.127E-05  4.699E-04  1.448E-05
                7.395E-03  9.967E-05  1.478E-04  5.433E-07  1.188E-06  4.554E-06
                2.213E-06  3.311E-06  6.532E-09  3.660E-06  1.398E-06  3.919E-08
                1.493E-07  5.563E-07  3.720E-06  1.027E-06  3.527E-06  5.508E-06
                4.329E-06  8.545E-07  1.225E-05  3.756E-06  2.756E-06  1.018E-06
                2.673E-09  2.021E-06  1.291E-09  1.161E-05  8.011E-07  5.192E-06
                1.932E-06  4.797E-07  5.213E-07  7.534E-08  1.988E-07  1.614E-07
                2.325E-05  4.040E-07  8.330E-07  1.306E-07  8.627E-08  3.298E-06
                4.434E-06  4.073E-06  1.108E-06  8.793E-06  2.715E-06  6.751E-06
                1.335E-07  4.328E-09  1.550E-08  1.272E-11  1.882E-06  1.914E-07
                1.867E-07  3.612E-10  2.454E-06  2.470E-07  2.669E-08  3.611E-06
                2.228E-06  4.749E-06  8.585E-06  6.801E-07  1.067E-06  2.896E-07
                3.725E-06  3.848E-06  8.350E-09  5.082E-08  4.816E-07  1.878E-06
                2.354E-05  4.904E-08  9.195E-11  2.898E-10  1.659E-10  9.436E-11
                8.961E-12  7.177E-07  4.030E-06  1.067E-07  2.340E-06  1.908E-06
                2.934E-07  8.910E-08  1.120E-05  3.971E-06  3.238E-07  4.400E-07
                1.269E-07  6.146E-09  2.227E-07  7.675E-07  5.142E-07  2.776E-08
                1.110E-07  1.049E-07  1.061E-08  7.951E-06  5.040E-08  2.649E-05
                1.398E-07  1.701E-07  3.470E-07  1.263E-06  3.062E-07  6.759E-07
                6.445E-07  5.756E-08  1.321E-05  2.191E-07  1.188E-06  1.692E-08
                5.788E-06  2.804E-05  3.330E-07  6.872E-07  4.381E-06  1.815E-06
                3.902E-06  1.455E-07  2.654E-07  3.326E-07  3.312E-10  1.314E-06
                7.805E-07  5.699E-09  2.076E-08  3.700E-07  3.486E-06  4.257E-06
                2.750E-07  3.341E-08  1.629E-07  1.151E-06  7.689E-09  1.076E-06
                2.367E-06  7.609E-09  6.015E-06  1.292E-06  3.525E-07  4.267E-07
                4.698E-06  1.961E-07  7.428E-07  9.602E-08  1.011E-06  7.916E-07
                6.616E-07  1.156E-05  2.574E-07  4.476E-06  7.779E-09  6.154E-07
                5.462E-07  1.732E-07  1.870E-06  2.910E-07  1.642E-06  1.202E-09
                1.503E-07  4.734E-06  4.874E-06  1.656E-07  7.377E-07  3.627E-07
                4.492E-08  5.222E-07  1.011E-06  6.916E-07  3.069E-07  4.352E-08
                5.590E-06  7.352E-07  4.709E-07  2.354E-07  5.040E-07  4.215E-07
                1.104E-05  5.850E-06  4.838E-07  1.295E-06  2.175E-06  2.163E-06
                2.247E-06  3.050E-07  5.946E-08  4.228E-10  7.036E-08  1.310E-07
                8.076E-07  1.324E-06  1.724E-06  4.137E-06  7.111E-07  9.190E-08
                7.195E-09  1.908E-07  2.452E-07  1.896E-07  5.402E-06
1.18409063E+02  4.947E-03  5.203E-03  2.622E-06  3.204E-03  2.081E-03  6.903E-06
                4.716E-06  1.253E-02  1.234E-05  7.504E-06  3.614E-04  9.493E-06
                5.696E-03  6.917E-05  1.027E-04  5.034E-07  7.683E-07  2.654E-06
                1.564E-06  1.899E-06  5.602E-09  2.417E-06  9.797E-07  1.881E-08
                9.210E-08  4.418E-07  2.982E-06  6.778E-07  2.221E-06  3.534E-06
                2.796E-06  5.642E-07  7.973E-06  2.600E-06  1.839E-06  6.534E-07
                1.699E-09  1.233E-06  9.086E-10  7.592E-06  5.935E-07  3.429E-06
                1.234E-06  2.752E-07  3.086E-07  7.269E-08  2.183E-07  1.026E-07
                1.614E-05  3.518E-07  5.266E-07  9.210E-08  4.870E-08  2.871E-06
                2.921E-06  2.675E-06  6.981E-07  5.482E-06  1.664E-06  5.791E-06
                1.171E-07  3.149E-09  1.002E-08  1.572E-11  1.154E-06  1.416E-07
                1.500E-07  3.071E-10  1.635E-06  1.576E-07  2.685E-08  2.484E-06
                1.667E-06  3.656E-06  5.681E-06  4.266E-07  7.104E-07  1.768E-07
                2.568E-06  2.641E-06  6.288E-09  3.799E-08  3.327E-07  1.197E-06
                1.687E-05  3.411E-08  6.919E-11  2.152E-10  1.121E-10  8.444E-11
                7.119E-12  4.996E-07  2.819E-06  6.566E-08  1.865E-06  1.547E-06
                1.997E-07  8.186E-08  8.077E-06  2.878E-06  2.438E-07  3.324E-07
                9.279E-08  4.208E-09  1.544E-07  5.604E-07  3.855E-07  2.011E-08
                9.669E-08  7.477E-08  7.850E-09  5.332E-06  3.645E-08  1.994E-05
                1.006E-07  1.194E-07  2.385E-07  9.920E-07  2.384E-07  4.843E-07
                4.601E-07  4.448E-08  9.452E-06  1.742E-07  8.601E-07  1.159E-08
                4.061E-06  2.141E-05  2.464E-07  5.114E-07  3.026E-06  1.250E-06
                2.795E-06  8.125E-08  1.626E-07  2.154E-07  2.045E-10  8.147E-07
                4.863E-07  5.307E-09  1.946E-08  2.596E-07  2.652E-06  3.227E-06
                1.577E-07  2.465E-08  1.116E-07  6.172E-07  7.280E-09  7.549E-07
                1.653E-06  3.855E-09  4.554E-06  9.667E-07  2.257E-07  3.195E-07
                3.592E-06  1.236E-07  4.900E-07  6.775E-08  6.289E-07  6.191E-07
                4.729E-07  8.767E-06  1.757E-07  3.034E-06  6.614E-09  4.061E-07
                3.433E-07  1.011E-07  1.309E-06  2.216E-07  1.245E-06  9.770E-10
                8.465E-08  3.588E-06  3.682E-06  1.038E-07  4.800E-07  2.958E-07
                2.843E-08  3.233E-07  6.306E-07  4.312E-07  1.983E-07  2.951E-08
                4.287E-06  4.941E-07  3.404E-07  1.635E-07  3.554E-07  3.179E-07
                8.524E-06  4.554E-06  3.202E-07  7.467E-07  1.231E-06  1.535E-06
                1.531E-06  1.784E-07  3.854E-08  3.642E-10  2.775E-08  8.579E-08
                6.361E-07  1.058E-06  1.355E-06  3.180E-06  4.822E-07  5.917E-08
                6.070E-09  1.382E-07  1.973E-07  1.394E-07  4.254E-06
1.32017063E+02  3.398E-03  3.568E-03  2.623E-06  2.210E-03  1.427E-03  4.493E-06
                3.211E-06  9.789E-03  7.866E-06  4.811E-06  2.874E-04  6.366E-06
                4.547E-03  4.912E-05  7.312E-05  4.817E-07  5.218E-07  1.694E-06
                1.151E-06  1.205E-06  3.733E-09  1.627E-06  7.635E-07  1.069E-08
                6.367E-08  3.688E-07  2.512E-06  4.796E-07  1.466E-06  2.317E-06
                1.868E-06  3.803E-07  5.311E-06  1.897E-06  1.251E-06  4.283E-07
                1.112E-09  7.831E-07  7.758E-10  4.914E-06  4.708E-07  2.260E-06
                7.752E-07  1.618E-07  1.890E-07  6.083E-08  1.869E-07  6.810E-08
                1.122E-05  2.938E-07  3.505E-07  6.579E-08  2.691E-08  2.390E-06
                1.918E-06  1.744E-06  4.482E-07  3.658E-06  1.057E-06  4.738E-06
                9.394E-08  2.422E-09  7.815E-09  2.047E-11  7.186E-07  1.087E-07
                1.130E-07  2.072E-10  1.156E-06  1.008E-07  2.845E-08  2.065E-06
                1.297E-06  2.666E-06  3.923E-06  2.727E-07  4.959E-07  1.092E-07
                1.847E-06  1.901E-06  5.499E-09  3.324E-08  2.376E-07  7.956E-07
                1.186E-05  2.533E-08  5.318E-11  1.661E-10  8.158E-11  7.129E-11
                5.517E-12  3.589E-07  2.021E-06  4.373E-08  1.491E-06  1.256E-06
                1.436E-07  7.204E-08  5.685E-06  2.016E-06  1.844E-07  2.519E-07
                7.170E-08  3.129E-09  1.173E-07  4.335E-07  3.032E-07  1.563E-08
                8.243E-08  5.846E-08  5.705E-09  4.219E-06  2.700E-08  1.453E-05
                7.392E-08  9.087E-08  1.668E-07  7.609E-07  1.819E-07  3.631E-07
                3.446E-07  3.545E-08  6.587E-06  1.392E-07  6.946E-07  8.234E-09
                2.886E-06  1.583E-05  1.861E-07  3.800E-07  2.390E-06  9.753E-07
                1.974E-06  4.756E-08  1.130E-07  1.615E-07  1.672E-10  6.000E-07
                3.592E-07  3.999E-09  1.447E-08  1.860E-07  2.036E-06  2.472E-06
                9.136E-08  1.542E-08  7.511E-08  4.802E-07  5.340E-09  5.392E-07
                1.184E-06  3.181E-09  3.488E-06  7.307E-07  1.455E-07  2.410E-07
                2.708E-06  8.252E-08  3.267E-07  5.377E-08  4.313E-07  4.617E-07
                3.602E-07  6.586E-06  1.368E-07  2.312E-06  5.413E-09  3.087E-07
                2.464E-07  6.161E-08  1.069E-06  1.701E-07  9.470E-07  9.692E-10
                4.871E-08  2.736E-06  2.801E-06  7.335E-08  3.663E-07  2.317E-07
                2.160E-08  2.102E-07  4.949E-07  2.913E-07  1.587E-07  2.057E-08
                3.251E-06  3.497E-07  2.556E-07  1.372E-07  3.089E-07  2.401E-07
                6.500E-06  3.491E-06  2.228E-07  5.213E-07  9.310E-07  1.109E-06
                1.071E-06  1.111E-07  3.304E-08  2.746E-10  1.491E-08  5.595E-08
                4.959E-07  8.393E-07  1.042E-06  2.451E-06  3.521E-07  4.386E-08
                4.106E-09  1.035E-07  1.556E-07  1.088E-07  3.327E-06
1.45625063E+02  2.516E-03  2.651E-03  1.388E-06  1.636E-03  1.062E-03  3.654E-06
                2.288E-06  7.776E-03  5.801E-06  3.523E-06  2.273E-04  4.431E-06
                3.594E-03  3.598E-05  5.359E-05  4.695E-07  3.536E-07  1.118E-06
                8.709E-07  7.470E-07  3.552E-09  1.103E-06  5.528E-07  1.098E-08
                5.654E-08  3.066E-07  2.091E-06  3.223E-07  9.289E-07  1.520E-06
                1.311E-06  2.590E-07  3.938E-06  1.399E-06  8.943E-07  2.742E-07
                7.193E-10  5.058E-07  5.843E-10  3.653E-06  3.697E-07  1.674E-06
                5.674E-07  1.052E-07  1.253E-07  6.014E-08  2.012E-07  5.138E-08
                8.436E-06  2.562E-07  2.287E-07  5.063E-08  2.301E-08  2.086E-06
                1.394E-06  1.295E-06  3.067E-07  2.434E-06  7.355E-07  4.118E-06
                8.632E-08  1.817E-09  4.939E-09  2.396E-11  5.089E-07  8.752E-08
                8.856E-08  1.898E-10  8.160E-07  7.192E-08  2.419E-08  1.363E-06
                9.693E-07  2.162E-06  2.776E-06  1.970E-07  3.496E-07  7.670E-08
                1.244E-06  1.270E-06  4.189E-09  2.535E-08  1.730E-07  5.537E-07
                9.043E-06  1.840E-08  4.233E-11  1.305E-10  5.670E-11  6.117E-11
                4.154E-12  2.419E-07  1.378E-06  2.751E-08  1.212E-06  1.031E-06
                1.042E-07  7.236E-08  4.367E-06  1.554E-06  1.382E-07  1.899E-07
                5.142E-08  2.086E-09  8.362E-08  3.146E-07  2.291E-07  1.059E-08
                7.753E-08  3.899E-08  4.077E-09  2.657E-06  1.968E-08  1.190E-05
                5.654E-08  6.063E-08  1.237E-07  6.002E-07  1.402E-07  2.498E-07
                2.394E-07  2.755E-08  4.887E-06  1.244E-07  4.733E-07  6.180E-09
                2.164E-06  1.312E-05  1.363E-07  2.749E-07  1.553E-06  6.308E-07
                1.418E-06  2.806E-08  7.366E-08  1.098E-07  9.392E-11  4.029E-07
                2.418E-07  3.512E-09  1.272E-08  1.398E-07  1.615E-06  1.958E-06
                5.554E-08  1.310E-08  5.707E-08  3.103E-07  4.685E-09  4.048E-07
                8.819E-07  1.687E-09  2.758E-06  5.741E-07  1.022E-07  1.916E-07
                2.153E-06  5.566E-08  2.389E-07  4.009E-08  2.809E-07  3.690E-07
                2.585E-07  5.528E-06  8.800E-08  1.486E-06  4.126E-09  2.110E-07
                1.620E-07  3.831E-08  7.122E-07  1.359E-07  7.537E-07  7.972E-10
                2.892E-08  2.169E-06  2.215E-06  4.761E-08  2.464E-07  1.906E-07
                1.449E-08  1.373E-07  3.376E-07  1.906E-07  1.105E-07  1.478E-08
                2.664E-06  2.481E-07  1.851E-07  9.152E-08  2.122E-07  1.767E-07
                5.308E-06  2.858E-06  1.616E-07  3.202E-07  5.802E-07  8.408E-07
                7.812E-07  6.915E-08  3.549E-08  2.471E-10  5.405E-09  4.052E-08
                3.980E-07  6.811E-07  8.339E-07  1.937E-06  2.466E-07  3.292E-08
                4.782E-09  7.825E-08  1.271E-07  8.027E-08  2.671E-06
1.59233063E+02  1.796E-03  1.893E-03  1.340E-06  1.177E-03  7.606E-04  2.118E-06
                1.549E-06  6.425E-03  3.530E-06  2.194E-06  1.917E-04  3.123E-06
                3.044E-03  2.780E-05  4.144E-05  4.561E-07  2.468E-07  7.969E-07
                6.766E-07  5.247E-07  2.307E-09  7.444E-07  4.413E-07  1.127E-08
                4.788E-08  2.635E-07  1.806E-06  2.362E-07  6.391E-07  1.012E-06
                9.171E-07  1.756E-07  2.731E-06  1.082E-06  6.236E-07  1.784E-07
                4.759E-10  3.416E-07  5.355E-10  2.481E-06  3.006E-07  1.145E-06
                3.733E-07  6.402E-08  8.048E-08  4.920E-08  1.675E-07  3.615E-08
                6.004E-06  2.169E-07  1.550E-07  3.511E-08  1.941E-08  1.763E-06
                9.458E-07  8.820E-07  2.001E-07  1.687E-06  4.896E-07  3.442E-06
                7.170E-08  1.390E-09  4.181E-09  2.647E-11  3.337E-07  7.000E-08
                6.439E-08  1.315E-10  5.876E-07  4.622E-08  2.446E-08  1.207E-06
                7.490E-07  1.594E-06  1.934E-06  1.353E-07  2.469E-07  4.972E-08
                9.095E-07  9.324E-07  3.948E-09  2.418E-08  1.234E-07  3.813E-07
                6.402E-06  1.167E-08  3.423E-11  1.068E-10  4.217E-11  4.773E-11
                3.106E-12  1.753E-07  9.928E-07  1.867E-08  9.776E-07  8.427E-07
                7.741E-08  5.328E-08  3.101E-06  1.090E-06  1.034E-07  1.419E-07
                4.032E-08  1.685E-09  6.505E-08  2.460E-07  1.812E-07  8.653E-09
                6.982E-08  3.214E-08  3.033E-09  2.237E-06  1.513E-08  8.962E-06
                4.232E-08  4.810E-08  8.808E-08  4.477E-07  1.047E-07  1.906E-07
                1.830E-07  2.177E-08  3.415E-06  1.031E-07  3.965E-07  3.833E-09
                1.576E-06  9.999E-06  1.036E-07  2.080E-07  1.295E-06  5.205E-07
                1.001E-06  1.696E-08  5.535E-08  8.799E-08  8.716E-11  3.245E-07
                1.948E-07  2.427E-09  8.662E-09  1.017E-07  1.263E-06  1.532E-06
                3.334E-08  8.764E-09  4.089E-08  2.697E-07  3.492E-09  2.972E-07
                6.506E-07  1.418E-09  2.147E-06  4.412E-07  6.865E-08  1.526E-07
                1.646E-06  3.950E-08  1.699E-07  3.063E-08  2.001E-07  2.758E-07
                1.961E-07  4.339E-06  7.120E-08  1.165E-06  3.229E-09  1.696E-07
                1.242E-07  2.430E-08  6.184E-07  1.058E-07  5.820E-07  7.395E-10
                1.687E-08  1.682E-06  1.714E-06  3.524E-08  1.976E-07  1.444E-07
                1.247E-08  9.370E-08  2.720E-07  1.370E-07  8.916E-08  1.113E-08
                2.093E-06  1.849E-07  1.389E-07  8.282E-08  1.982E-07  1.342E-07
                4.185E-06  2.258E-06  1.189E-07  2.503E-07  4.977E-07  6.273E-07
                5.648E-07  4.472E-08  2.502E-08  1.355E-10  4.615E-09  2.710E-08
                3.163E-07  5.505E-07  6.553E-07  1.536E-06  1.874E-07  2.439E-08
                2.773E-09  6.109E-08  1.022E-07  6.112E-08  2.140E-06
1.72841063E+02  1.403E-03  1.472E-03  1.265E-06  9.114E-04  5.896E-04  2.180E-06
                1.212E-06  5.021E-03  3.048E-06  1.838E-06  1.493E-04  2.239E-06
                2.371E-03  1.939E-05  2.907E-05  4.431E-07  1.793E-07  5.717E-07
                5.600E-07  3.412E-07  2.197E-09  5.429E-07  3.466E-07  1.593E-08
                5.410E-08  1.675E-07  1.145E-06  1.662E-07  4.087E-07  6.690E-07
                7.099E-07  1.289E-07  2.304E-06  7.064E-07  4.810E-07  1.153E-07
                3.159E-10  2.334E-07  2.913E-10  2.033E-06  2.179E-07  9.234E-07
                3.022E-07  4.772E-08  5.890E-08  4.636E-08  1.671E-07  3.158E-08
                4.841E-06  1.930E-07  1.103E-07  3.163E-08  2.080E-08  1.569E-06
                7.444E-07  7.136E-07  1.472E-07  1.194E-06  3.670E-07  3.042E-06
                6.901E-08  1.114E-09  2.544E-09  2.559E-11  2.505E-07  5.962E-08
                5.064E-08  1.065E-10  4.420E-07  3.640E-08  2.378E-08  7.619E-07
                5.879E-07  1.290E-06  1.485E-06  1.028E-07  1.894E-07  3.686E-08
                6.403E-07  6.459E-07  2.465E-09  1.497E-08  9.700E-08  2.827E-07
                5.244E-06  1.460E-08  2.617E-11  8.009E-11  3.051E-11  4.585E-11
                2.298E-12  1.237E-07  7.161E-07  1.210E-08  7.782E-07  6.712E-07
                6.093E-08  7.201E-08  2.531E-06  9.035E-07  8.057E-08  1.117E-07
                3.007E-08  1.255E-09  4.914E-08  1.891E-07  1.449E-07  6.141E-09
                6.894E-08  2.252E-08  2.464E-09  1.384E-06  1.073E-08  7.332E-06
                3.358E-08  3.134E-08  7.237E-08  3.724E-07  8.339E-08  1.321E-07
                1.302E-07  1.660E-08  2.738E-06  9.715E-08  2.658E-07  4.428E-09
                1.236E-06  8.263E-06  7.730E-08  1.439E-07  8.302E-07  3.302E-07
                7.732E-07  1.004E-08  3.459E-08  5.620E-08  4.473E-11  2.057E-07
                1.239E-07  2.087E-09  7.413E-09  8.420E-08  1.012E-06  1.225E-06
                2.046E-08  7.825E-09  3.052E-08  1.946E-07  2.336E-09  2.318E-07
                5.021E-07  8.088E-10  1.722E-06  3.535E-07  5.084E-08  1.208E-07
                1.340E-06  2.710E-08  1.261E-07  2.598E-08  1.370E-07  2.166E-07
                1.504E-07  3.655E-06  4.764E-08  7.790E-07  2.435E-09  1.096E-07
                7.844E-08  1.543E-08  4.138E-07  8.611E-08  4.720E-07  4.813E-10
                9.658E-09  1.355E-06  1.381E-06  2.269E-08  1.284E-07  1.211E-07
                8.330E-09  6.270E-08  2.057E-07  8.989E-08  6.738E-08  7.896E-09
                1.685E-06  1.329E-07  1.081E-07  5.623E-08  1.384E-07  1.007E-07
                3.324E-06  1.795E-06  8.965E-08  1.518E-07  3.110E-07  4.930E-07
                4.329E-07  2.853E-08  3.791E-08  2.020E-10  1.272E-09  2.137E-08
                2.538E-07  4.426E-07  5.183E-07  1.208E-06  1.289E-07  2.267E-08
                4.352E-09  4.635E-08  8.267E-08  4.787E-08  1.698E-06
1.86449063E+02  1.084E-03  1.151E-03  4.575E-07  7.126E-04  4.651E-04  1.265E-06
                8.128E-07  4.531E-03  1.845E-06  1.157E-06  1.349E-04  1.714E-06
                2.141E-03  1.753E-05  2.610E-05  4.072E-07  1.268E-07  4.914E-07
                4.339E-07  2.890E-07  1.587E-09  3.496E-07  2.425E-07  1.177E-08
                3.848E-08  2.339E-07  1.606E-06  1.141E-07  2.829E-07  4.673E-07
                4.809E-07  8.428E-08  1.500E-06  7.696E-07  3.207E-07  7.252E-08
                2.055E-10  1.575E-07  4.879E-10  1.447E-06  2.266E-07  6.404E-07
                2.091E-07  2.920E-08  3.909E-08  3.779E-08  1.370E-07  2.291E-08
                3.458E-06  1.643E-07  7.075E-08  1.886E-08  2.006E-08  1.339E-06
                5.175E-07  5.037E-07  9.736E-08  8.118E-07  2.598E-07  2.610E-06
                5.363E-08  7.950E-10  2.222E-09  2.607E-11  1.871E-07  4.676E-08
                3.652E-08  9.440E-11  3.066E-07  2.420E-08  1.687E-08  6.984E-07
                4.362E-07  1.048E-06  9.997E-07  8.103E-08  1.305E-07  2.718E-08
                4.140E-07  4.238E-07  3.143E-09  1.951E-08  6.641E-08  1.999E-07
                3.596E-06  4.264E-09  2.537E-11  7.936E-11  2.292E-11  2.806E-11
                1.691E-12  7.837E-08  4.460E-07  8.224E-09  6.700E-07  5.881E-07
                4.505E-08  3.251E-08  1.770E-06  6.126E-07  5.737E-08  7.939E-08
                2.215E-08  8.786E-10  3.626E-08  1.366E-07  1.071E-07  4.574E-09
                5.832E-08  1.671E-08  1.922E-09  1.118E-06  8.883E-09  6.178E-06
                2.816E-08  2.512E-08  5.279E-08  2.674E-07  5.995E-08  9.602E-08
                9.436E-08  1.325E-08  1.760E-06  8.116E-08  2.154E-07  1.669E-09
                9.236E-07  7.021E-06  5.799E-08  1.138E-07  6.688E-07  2.647E-07
                4.775E-07  6.455E-09  2.921E-08  5.005E-08  3.997E-11  1.872E-07
                1.123E-07  1.385E-09  4.859E-09  6.086E-08  8.189E-07  9.929E-07
                1.334E-08  6.421E-09  2.768E-08  1.514E-07  2.227E-09  1.768E-07
                3.826E-07  6.309E-10  1.370E-06  2.776E-07  3.781E-08  1.073E-07
                1.041E-06  2.148E-08  1.087E-07  1.613E-08  9.919E-08  1.767E-07
                1.056E-07  3.167E-06  3.401E-08  5.354E-07  1.837E-09  9.684E-08
                6.574E-08  1.036E-08  3.368E-07  6.852E-08  3.734E-07  5.453E-10
                5.814E-09  1.078E-06  1.093E-06  1.773E-08  1.094E-07  9.166E-08
                7.177E-09  4.626E-08  1.466E-07  7.017E-08  4.814E-08  6.677E-09
                1.473E-06  1.076E-07  7.564E-08  4.580E-08  1.167E-07  7.347E-08
                2.930E-06  1.578E-06  7.004E-08  1.278E-07  2.683E-07  3.760E-07
                3.189E-07  1.949E-08  1.723E-08  7.229E-11  2.019E-09  1.473E-08
                2.087E-07  3.725E-07  4.287E-07  9.977E-07  1.008E-07  1.454E-08
                2.018E-09  3.835E-08  6.888E-08  3.245E-08  1.426E-06
2.00057063E+02  7.576E-04  7.937E-04  3.313E-06  4.973E-04  3.199E-04  8.156E-07
                5.721E-07  3.510E-03  1.228E-06  7.843E-07  1.083E-04  1.168E-06
                1.730E-03  1.153E-05  1.734E-05  4.153E-07  9.648E-08  3.112E-07
                4.036E-07  1.714E-07  1.283E-09  2.813E-07  2.338E-07  1.883E-08
                4.882E-08  7.760E-08  5.262E-07  9.556E-08  2.052E-07  2.902E-07
                3.975E-07  6.801E-08  1.284E-06  3.276E-07  2.544E-07  4.709E-08
                1.420E-10  1.262E-07  1.336E-10  1.030E-06  1.147E-07  4.660E-07
                1.459E-07  1.945E-08  2.632E-08  3.369E-08  1.339E-07  1.848E-08
                2.583E-06  1.551E-07  5.435E-08  1.786E-08  2.016E-08  1.259E-06
                3.694E-07  3.569E-07  6.605E-08  5.949E-07  1.689E-07  2.406E-06
                5.715E-08  6.691E-10  1.574E-09  2.253E-11  1.103E-07  3.904E-08
                2.675E-08  6.031E-11  2.371E-07  1.673E-08  2.351E-08  4.996E-07
                3.692E-07  7.293E-07  7.668E-07  5.425E-08  9.898E-08  1.580E-08
                3.742E-07  3.773E-07  1.581E-09  9.662E-09  5.221E-08  1.390E-07
                2.850E-06  1.215E-08  1.583E-11  4.909E-11  1.746E-11  3.320E-11
                1.253E-12  7.141E-08  4.131E-07  5.790E-09  4.869E-07  4.255E-07
                3.789E-08  6.250E-08  1.367E-06  4.875E-07  4.682E-08  6.503E-08
                1.839E-08  9.070E-10  3.131E-08  1.171E-07  9.234E-08  4.242E-09
                6.624E-08  1.561E-08  1.589E-09  8.846E-07  5.900E-09  4.262E-06
                1.874E-08  1.857E-08  4.496E-08  2.267E-07  4.816E-08  7.534E-08
                7.712E-08  1.010E-08  1.526E-06  7.434E-08  1.733E-07  3.051E-09
                6.726E-07  4.907E-06  4.631E-08  8.029E-08  5.313E-07  2.083E-07
                4.473E-07  3.675E-09  1.733E-08  3.025E-08  2.381E-11  1.122E-07
                6.778E-08  1.115E-09  3.877E-09  5.305E-08  6.189E-07  7.505E-07
                7.748E-09  4.264E-09  1.566E-08  1.414E-07  1.113E-09  1.268E-07
                2.753E-07  4.136E-10  1.043E-06  2.104E-07  2.512E-08  7.966E-08
                8.159E-07  1.390E-08  6.658E-08  1.718E-08  7.274E-08  1.221E-07
                8.972E-08  2.310E-06  3.026E-08  4.691E-07  1.421E-09  5.902E-08
                4.051E-08  6.511E-09  2.860E-07  5.244E-08  2.843E-07  2.903E-10
                2.973E-09  8.191E-07  8.341E-07  1.110E-08  6.903E-08  7.360E-08
                5.917E-09  3.032E-08  1.345E-07  4.665E-08  4.320E-08  4.630E-09
                1.036E-06  7.545E-08  6.641E-08  4.163E-08  1.063E-07  5.979E-08
                2.024E-06  1.094E-06  5.074E-08  8.267E-08  1.944E-07  2.828E-07
                2.349E-07  1.187E-08  2.796E-08  1.313E-10  1.026E-09  1.082E-08
                1.616E-07  2.870E-07  3.208E-07  7.564E-07  6.850E-08  1.427E-08
                2.603E-09  2.766E-08  5.373E-08  2.844E-08  1.076E-06
