          16           7
         215          13           1           1
           0          -4           0          -4           0          -6           0          -2           0          -4           0           6           0           4           0           2           0           4           0           6           0           2           0           4           0           2           0          -4           0          -2           0           2           0           4           0           6           0           2           0           4           0           6           0           4           0          -2           0          -2           0          -4           0          -6           0          -8           0          -2           0          -4           0          -6           0          -4           0           2           0          -4           0          -6           0          -2           0          -4           0          -6           0          -6           0          -8           0          -4           0          -6           0          -2           0          -4           0           4           0           6           0           8           0          10           0           4           0          -4           0           2           0           6           0           4           0           8           0           2           0          -4           0          -2           0           6           0           6           0           4           0           2           0           8           0           4           0           6           0           8           0           4           0           6           0           8           0          10           0           4           0           6           0           8           0           6           0           4           0           2           0           6           0           2           0           4           0           2           0          -4           0          -2           0          -6           0          -8           0           6           0           4           0          -4           0          -6           0          -2           0          -4           0          -6           0          -8           0         -10           0          -2           0          -4           0          -6           0          -4           0          -2           0          -6           0          -8           0          -2           0          -4           0           2           0           4           0           6           0           8           0           4           0           4           0           6           0           8           0           2           0          10           0           8           0           6           0           4           0           2           0           6           0           6           0           4           0           4           0           2           0           4           0           6           0           8           0          -4           0           2           0           4           0          -6           0          -4           0           2           0           4           0           6           0           4           0           6           0          -2           0          -4           0          -6           0          -8           0         -10           0          -6           0          -8           0         -10           0         -12           0           2           0          -2           0          -4           0          -6           0          -8           0          -2           0          -8           0         -10           0          -4           0          -2           0          -6           0          -4           0          -2           0          -4           0          -2           0          -4           0          -6           0          -4           0          -8           0          -6           0           2           0           4           0           2           0           4           0           6           0         -10           0          -8           0          -6           0          -4           0           6           0          -2           0          -4           0           8           0          -6           0          -2           0          -4           0          -6           0          -8           0           4           0           6           0          -4           0          -6           0          -6           0          -8           0          -2           0           2           0          -4           0           4           0           6           0           4           0           4           0           2           0           2           0          -4           0          -6           0          -8           0          -2           0          -4           0          -6           0          -8           0         -10           0          -8           0          -6           0          -4           0          -2           0          -2           0          -4           0          -6           0          -6           0          -8           0          -4           0          -2           0          -6           0          -4
    0.000000E+00    9.645106E-03    9.843162E-03    1.435602E-02    1.458263E-02
    4.247197E-02    4.320385E-02    4.360158E-02    5.944295E-02    5.948713E-02
    6.922989E-02    7.316769E-02    7.411300E-02    1.134727E-01    1.147319E-01
    2.354040E-01    2.358931E-01    2.366026E-01    2.382857E-01    2.391328E-01
    2.438023E-01    2.438287E-01    2.461520E-01    2.471700E-01    2.474363E-01
    2.479076E-01    2.485433E-01    2.486026E-01    2.487216E-01    2.491410E-01
    2.502551E-01    2.507374E-01    2.510783E-01    2.511300E-01    2.524691E-01
    2.524772E-01    2.554279E-01    2.561102E-01    2.563381E-01    2.591442E-01
    2.591854E-01    2.609226E-01    2.615363E-01    2.619649E-01    2.622131E-01
    2.625883E-01    2.631076E-01    2.632646E-01    2.633261E-01    2.634365E-01
    2.637297E-01    2.638533E-01    2.640096E-01    2.643758E-01    2.644930E-01
    2.645338E-01    2.648466E-01    2.652759E-01    2.655531E-01    2.656939E-01
    2.657640E-01    2.676748E-01    2.677713E-01    2.679166E-01    2.688115E-01
    2.690337E-01    2.711118E-01    2.712141E-01    2.720014E-01    2.721113E-01
    2.724223E-01    2.724984E-01    2.725578E-01    2.726085E-01    2.727219E-01
    2.737570E-01    2.740430E-01    2.746587E-01    2.763855E-01    2.763956E-01
    2.763957E-01    2.764682E-01    2.789238E-01    2.791446E-01    2.808157E-01
    2.808428E-01    2.816082E-01    2.816156E-01    2.816277E-01    2.816445E-01
    2.816660E-01    2.832213E-01    2.832636E-01    2.833497E-01    2.872720E-01
    2.872722E-01    2.872783E-01    2.873017E-01    2.873787E-01    2.874354E-01
    2.875828E-01    2.876419E-01    2.877951E-01    2.879672E-01    2.884374E-01
    2.885530E-01    2.886000E-01    2.886971E-01    2.887362E-01    2.888178E-01
    2.901974E-01    2.902310E-01    2.934227E-01    2.936053E-01    2.936679E-01
    2.948139E-01    2.948751E-01    2.949134E-01    2.954910E-01    2.955387E-01
    2.955818E-01    2.956302E-01    2.974080E-01    2.974265E-01    2.978254E-01
    2.979930E-01    2.980044E-01    2.981863E-01    2.981951E-01    2.982014E-01
    2.986863E-01    2.989406E-01    2.997979E-01    3.013547E-01    3.014398E-01
    3.015665E-01    3.017420E-01    3.025165E-01    3.025355E-01    3.025686E-01
    3.026262E-01    3.032771E-01    3.036433E-01    3.036673E-01    3.036996E-01
    3.037196E-01    3.041292E-01    3.046134E-01    3.046301E-01    3.048276E-01
    3.048611E-01    3.049614E-01    3.051740E-01    3.052844E-01    3.060373E-01
    3.062721E-01    3.065126E-01    3.067251E-01    3.072820E-01    3.083217E-01
    3.083847E-01    3.085481E-01    3.086063E-01    3.093086E-01    3.093690E-01
    3.093750E-01    3.093804E-01    3.094500E-01    3.095030E-01    3.095365E-01
    3.096086E-01    3.096683E-01    3.098305E-01    3.098337E-01    3.100372E-01
    3.110986E-01    3.111053E-01    3.111248E-01    3.111449E-01    3.124031E-01
    3.124222E-01    3.126400E-01    3.132139E-01    3.132929E-01    3.134326E-01
    3.163175E-01    3.165548E-01    3.167011E-01    3.167161E-01    3.173537E-01
    3.174815E-01    3.194473E-01    3.198310E-01    3.206567E-01    3.235572E-01
    3.235827E-01    3.236877E-01    3.236885E-01    3.238034E-01    3.239013E-01
    3.239634E-01    3.240075E-01    3.245628E-01    3.245933E-01    3.263728E-01
    3.264517E-01    3.271738E-01    3.284075E-01    3.287843E-01    3.314323E-01
    3.314556E-01    3.324856E-01    3.325179E-01    3.327131E-01    3.333147E-01
           0           0           0           1
  -27.915863041215566               13
2.92766630E+01  2.711E-01  2.986E-01  2.685E-04  1.828E-01  1.204E-01
4.28846630E+01  9.853E-02  1.126E-01  2.349E-04  6.748E-02  4.440E-02  1.308E-03
                2.806E-04  8.999E-02  7.468E-04  6.824E-04  2.242E-03  3.776E-04
                3.334E-02  1.108E-03  1.630E-03
5.64926630E+01  4.786E-02  5.055E-02  3.487E-05  3.104E-02  2.026E-02  6.850E-05
                4.800E-05  5.541E-02  1.448E-04  8.286E-05  1.487E-03  1.011E-04
                2.287E-02  5.693E-04  8.415E-04  2.450E-06  5.510E-06  3.788E-05
                8.426E-06  2.450E-05  2.149E-08  1.332E-05  1.361E-05  8.359E-07
                2.937E-06  2.619E-06  1.383E-05  7.480E-06  2.131E-05  3.332E-05
                3.890E-05  3.196E-06  1.577E-04  2.150E-05  2.250E-05  5.110E-06
                1.454E-08  2.063E-05  3.564E-09  1.147E-04  4.263E-06  4.989E-05
                2.238E-05  7.339E-06  6.694E-06  2.461E-07  6.675E-07  2.052E-06
                1.415E-04  1.619E-06  4.354E-06  1.442E-06  1.248E-06  1.517E-05
                3.793E-05  4.004E-05  1.098E-05  7.326E-05  5.138E-05  4.283E-05
                5.233E-07  1.868E-08  6.376E-08  4.197E-10  3.936E-05  9.827E-07
                3.076E-08  5.562E-10  1.486E-05  2.667E-06  2.029E-07  1.321E-05
                7.175E-06  1.270E-05  5.555E-05  1.451E-05  8.532E-06  5.859E-06
                1.498E-05  1.468E-05  1.386E-07  6.105E-07  2.177E-06  2.387E-05
                1.166E-04  2.357E-07  3.838E-10  1.294E-09  3.904E-10  2.152E-10
                8.458E-12  2.408E-06  1.465E-05  6.395E-07  5.433E-06  4.283E-06
                1.023E-06  2.025E-06  5.334E-05  1.987E-05  1.390E-06  1.556E-06
                6.966E-07  4.702E-08  1.187E-06  4.378E-06  2.817E-06  7.321E-08
                5.331E-06  2.873E-07  5.293E-08  3.462E-05  1.853E-07  1.316E-04
                5.628E-07  1.012E-06  1.621E-06  3.664E-06  1.049E-06  2.493E-06
                2.230E-06  1.067E-07  6.461E-05  2.263E-06  4.842E-06  1.567E-07
                2.331E-05  1.263E-04  2.189E-06  3.871E-06  1.749E-05  7.312E-06
                1.644E-05  2.600E-06  3.126E-06  2.693E-06  1.591E-09  1.283E-05
                7.509E-06  3.259E-09  6.435E-09  2.067E-06  1.661E-05  2.063E-05
                4.215E-06  2.991E-07  1.404E-06  2.550E-05  3.855E-09  4.093E-06
                9.086E-06  2.061E-07  3.030E-05  7.094E-06  3.985E-06  2.008E-06
                1.921E-05  1.624E-06  7.486E-06  1.274E-06  7.089E-06  2.278E-06
                3.144E-06  6.683E-05  1.367E-06  2.183E-05  7.822E-10  4.626E-06
                5.624E-06  2.909E-06  8.833E-06  1.522E-06  8.891E-06  1.622E-08
                3.210E-06  2.292E-05  2.406E-05  1.339E-06  5.834E-06  1.530E-06
                4.659E-07  4.388E-06  1.416E-05  5.605E-06  4.653E-06  3.612E-07
                2.008E-05  4.176E-06  2.138E-06  1.309E-06  3.554E-06  2.736E-06
                3.529E-05  1.724E-05  5.730E-06  1.485E-05  3.407E-05  1.734E-05
                1.874E-05  4.514E-06  4.082E-06  2.239E-10  1.640E-06  8.105E-07
                1.501E-06  2.555E-06  3.503E-06  1.928E-05  6.051E-06  1.161E-06
                2.698E-07  7.222E-07  6.588E-07  1.523E-06  1.667E-05
7.01006630E+01  2.545E-02  2.676E-02  1.643E-05  1.643E-02  1.070E-02  3.617E-05
                2.546E-05  3.712E-02  7.440E-05  4.356E-05  1.022E-03  5.367E-05
                1.588E-02  3.168E-04  4.683E-04  1.100E-06  3.534E-06  1.903E-05
                5.950E-06  1.327E-05  1.280E-08  1.029E-05  5.330E-06  3.364E-07
                1.074E-06  1.245E-06  7.416E-06  3.624E-06  1.208E-05  1.870E-05
                1.825E-05  2.428E-06  6.307E-05  1.149E-05  1.081E-05  3.171E-06
                8.751E-09  9.262E-06  2.821E-09  5.263E-05  2.228E-06  2.283E-05
                9.712E-06  2.869E-06  2.754E-06  1.446E-07  4.072E-07  8.193E-07
                7.829E-05  6.703E-07  2.496E-06  5.401E-07  4.635E-07  5.753E-06
                1.828E-05  1.828E-05  4.947E-06  3.539E-05  1.622E-05  1.449E-05
                2.540E-07  1.080E-08  4.111E-08  8.103E-11  1.221E-05  5.367E-07
                1.586E-07  9.010E-10  8.154E-06  1.145E-06  5.848E-08  8.018E-06
                4.398E-06  1.026E-05  3.001E-05  4.361E-06  3.868E-06  1.869E-06
                9.769E-06  9.914E-06  3.972E-08  2.100E-07  1.375E-06  8.938E-06
                7.038E-05  1.375E-07  2.214E-10  6.992E-10  3.538E-10  1.406E-10
                6.859E-12  1.731E-06  1.002E-05  3.710E-07  4.446E-06  3.437E-06
                7.704E-07  5.267E-07  3.283E-05  1.186E-05  7.375E-07  9.297E-07
                2.863E-07  2.293E-08  6.134E-07  1.912E-06  1.217E-06  6.556E-08
                8.162E-07  2.454E-07  3.984E-08  1.981E-05  1.353E-07  7.495E-05
                3.979E-07  4.651E-07  1.001E-06  2.293E-06  6.102E-07  1.510E-06
                1.384E-06  1.092E-07  3.871E-05  8.230E-07  2.544E-06  6.386E-08
                1.640E-05  7.541E-05  8.643E-07  1.706E-06  1.030E-05  4.301E-06
                1.058E-05  9.252E-07  1.334E-06  1.376E-06  1.541E-09  6.521E-06
                3.804E-06  6.283E-09  6.453E-09  1.090E-06  9.086E-06  1.123E-05
                1.604E-06  1.359E-07  6.789E-07  9.139E-06  8.584E-09  3.008E-06
                6.618E-06  5.125E-08  1.630E-05  3.686E-06  1.666E-06  1.215E-06
                1.151E-05  7.954E-07  3.355E-06  4.495E-07  3.767E-06  1.495E-06
                1.647E-06  3.526E-05  6.731E-07  1.185E-05  7.450E-08  3.000E-06
                2.796E-06  1.015E-06  4.852E-06  7.698E-07  4.408E-06  7.159E-09
                1.041E-06  1.189E-05  1.245E-05  7.713E-07  3.604E-06  7.173E-07
                2.107E-07  2.178E-06  5.187E-06  2.771E-06  1.592E-06  1.641E-07
                1.322E-05  2.372E-06  1.159E-06  6.806E-07  1.596E-06  1.072E-06
                2.458E-05  1.242E-05  2.137E-06  6.965E-06  1.431E-05  7.646E-06
                8.589E-06  1.687E-06  9.878E-07  2.613E-10  6.455E-07  4.715E-07
                1.570E-06  2.532E-06  3.420E-06  1.063E-05  2.955E-06  5.431E-07
                1.386E-07  4.822E-07  4.475E-07  5.713E-07  1.100E-05
8.37086630E+01  1.480E-02  1.552E-02  9.745E-06  9.548E-03  6.197E-03  2.081E-05
                1.488E-05  2.612E-02  4.133E-05  2.451E-05  7.346E-04  3.068E-05
                1.149E-02  1.921E-04  2.843E-04  7.438E-07  2.340E-06  1.063E-05
                4.033E-06  7.630E-06  1.003E-08  7.046E-06  2.759E-06  1.529E-07
                4.650E-07  8.018E-07  5.096E-06  2.074E-06  7.326E-06  1.130E-05
                9.726E-06  1.650E-06  3.004E-05  6.995E-06  5.897E-06  2.013E-06
                5.447E-09  4.808E-06  1.990E-09  2.716E-05  1.358E-06  1.186E-05
                4.777E-06  1.326E-06  1.352E-06  1.014E-07  2.562E-07  4.016E-07
                4.634E-05  5.193E-07  1.700E-06  2.701E-07  2.397E-07  4.279E-06
                9.860E-06  9.445E-06  2.560E-06  1.978E-05  7.140E-06  9.413E-06
                1.927E-07  7.302E-09  2.776E-08  2.428E-11  5.148E-06  3.436E-07
                2.200E-07  5.201E-10  4.918E-06  5.793E-07  3.234E-08  5.693E-06
                3.365E-06  7.634E-06  1.770E-05  1.824E-06  2.219E-06  7.930E-07
                6.611E-06  6.801E-06  1.587E-08  9.360E-08  9.031E-07  4.416E-06
                4.414E-05  8.919E-08  1.515E-10  4.808E-10  2.866E-10  1.184E-10
                1.128E-11  1.236E-06  7.002E-06  2.211E-07  3.428E-06  2.700E-06
                5.395E-07  1.835E-07  2.081E-05  7.408E-06  5.055E-07  6.741E-07
                1.962E-07  1.248E-08  3.878E-07  1.243E-06  8.062E-07  4.482E-08
                2.167E-07  1.724E-07  2.089E-08  1.333E-05  8.740E-08  4.723E-05
                2.564E-07  2.858E-07  6.607E-07  1.811E-06  4.486E-07  1.066E-06
                1.009E-06  8.121E-08  2.452E-05  4.099E-07  1.802E-06  3.405E-08
                1.077E-05  4.850E-05  5.443E-07  1.093E-06  7.153E-06  2.981E-06
                6.980E-06  4.039E-07  6.359E-07  7.170E-07  6.909E-10  3.129E-06
                1.844E-06  5.852E-09  2.057E-08  6.875E-07  5.849E-06  7.201E-06
                7.388E-07  7.476E-08  3.558E-07  3.543E-06  8.045E-09  1.995E-06
                4.383E-06  2.056E-08  1.027E-05  2.265E-06  8.279E-07  7.641E-07
                7.784E-06  4.351E-07  1.695E-06  1.955E-07  2.154E-06  1.170E-06
                1.095E-06  2.099E-05  4.402E-07  7.758E-06  7.529E-09  1.267E-06
                1.229E-06  4.558E-07  3.139E-06  4.973E-07  2.827E-06  2.259E-09
                4.268E-07  8.034E-06  8.334E-06  3.542E-07  1.502E-06  5.087E-07
                1.004E-07  1.176E-06  2.374E-06  1.525E-06  7.032E-07  9.046E-08
                9.179E-06  1.452E-06  7.840E-07  4.129E-07  8.995E-07  6.772E-07
                1.759E-05  9.115E-06  1.076E-06  3.295E-06  6.019E-06  4.238E-06
                4.634E-06  7.821E-07  2.647E-07  4.582E-10  2.609E-07  2.807E-07
                1.225E-06  1.970E-06  2.641E-06  6.764E-06  1.482E-06  2.100E-07
                2.027E-08  3.361E-07  3.599E-07  3.360E-07  8.338E-06
9.73166630E+01  9.253E-03  9.712E-03  5.094E-06  5.980E-03  3.881E-03  1.250E-05
                9.018E-06  1.923E-02  2.435E-05  1.471E-05  5.477E-04  1.869E-05
                8.598E-03  1.256E-04  1.859E-04  5.916E-07  1.490E-06  6.041E-06
                2.700E-06  4.363E-06  8.300E-09  4.579E-06  1.676E-06  6.728E-08
                2.208E-07  6.090E-07  4.016E-06  1.276E-06  4.492E-06  7.016E-06
                5.647E-06  1.069E-06  1.639E-05  4.563E-06  3.547E-06  1.282E-06
                3.390E-09  2.695E-06  1.396E-09  1.553E-05  9.283E-07  6.874E-06
                2.637E-06  6.739E-07  7.150E-07  8.631E-08  2.338E-07  2.165E-07
                2.944E-05  4.526E-07  1.055E-06  1.641E-07  1.300E-07  3.706E-06
                5.823E-06  5.436E-06  1.462E-06  1.136E-05  3.681E-06  7.716E-06
                1.606E-07  5.058E-09  1.804E-08  1.317E-11  2.597E-06  2.327E-07
                2.078E-07  4.515E-10  3.056E-06  3.290E-07  2.747E-08  4.018E-06
                2.544E-06  5.721E-06  1.085E-05  9.324E-07  1.340E-06  4.001E-07
                4.488E-06  4.626E-06  9.460E-09  5.757E-08  5.919E-07  2.468E-06
                2.936E-05  5.659E-08  1.069E-10  3.368E-10  1.984E-10  1.030E-10
                9.786E-12  8.594E-07  4.845E-06  1.332E-07  2.643E-06  2.124E-06
                3.600E-07  1.009E-07  1.396E-05  4.961E-06  3.754E-07  5.088E-07
                1.452E-07  7.703E-09  2.614E-07  8.876E-07  5.884E-07  3.256E-08
                1.300E-07  1.227E-07  1.383E-08  9.100E-06  6.135E-08  3.262E-05
                1.705E-07  1.993E-07  4.374E-07  1.444E-06  3.520E-07  7.864E-07
                7.472E-07  6.368E-08  1.653E-05  2.701E-07  1.333E-06  2.064E-08
                7.131E-06  3.418E-05  3.902E-07  8.071E-07  5.014E-06  2.091E-06
                4.805E-06  2.022E-07  3.427E-07  4.098E-07  4.063E-10  1.668E-06
                9.882E-07  6.307E-09  2.305E-08  4.562E-07  4.106E-06  5.028E-06
                3.848E-07  4.658E-08  2.125E-07  1.512E-06  8.852E-09  1.319E-06
                2.902E-06  8.766E-09  7.106E-06  1.541E-06  4.709E-07  5.213E-07
                5.590E-06  2.540E-07  9.816E-07  1.126E-07  1.273E-06  9.222E-07
                7.667E-07  1.421E-05  2.995E-07  5.228E-06  8.134E-09  7.455E-07
                6.868E-07  2.367E-07  2.135E-06  3.436E-07  1.951E-06  1.230E-09
                2.116E-07  5.602E-06  5.783E-06  2.060E-07  8.841E-07  4.101E-07
                5.575E-08  6.829E-07  1.223E-06  8.871E-07  3.659E-07  5.555E-08
                6.676E-06  9.158E-07  5.548E-07  2.687E-07  5.700E-07  4.964E-07
                1.306E-05  6.875E-06  6.210E-07  1.693E-06  2.826E-06  2.686E-06
                2.841E-06  4.123E-07  8.396E-08  4.360E-10  1.053E-07  1.710E-07
                9.376E-07  1.523E-06  2.016E-06  4.880E-06  8.884E-07  1.148E-07
                1.011E-08  2.296E-07  2.828E-07  2.210E-07  6.288E-06
1.10924663E+02  6.079E-03  6.378E-03  3.990E-06  3.929E-03  2.546E-03  8.723E-06
                5.983E-06  1.434E-02  1.578E-05  9.518E-06  4.133E-04  1.197E-05
                6.510E-03  8.262E-05  1.228E-04  5.170E-07  9.788E-07  3.463E-06
                1.910E-06  2.523E-06  5.508E-09  3.086E-06  1.231E-06  2.729E-08
                1.209E-07  4.639E-07  3.109E-06  8.686E-07  2.897E-06  4.529E-06
                3.579E-06  7.200E-07  1.017E-05  3.093E-06  2.311E-06  8.431E-07
                2.192E-09  1.622E-06  1.010E-09  9.574E-06  6.831E-07  4.289E-06
                1.575E-06  3.717E-07  4.085E-07  7.136E-08  1.995E-07  1.329E-07
                1.971E-05  3.804E-07  6.829E-07  1.146E-07  6.537E-08  3.102E-06
                3.668E-06  3.353E-06  8.936E-07  7.081E-06  2.156E-06  6.290E-06
                1.259E-07  3.819E-09  1.298E-08  1.296E-11  1.493E-06  1.669E-07
                1.681E-07  3.080E-10  2.043E-06  2.009E-07  3.221E-08  3.135E-06
                1.990E-06  4.196E-06  7.152E-06  5.445E-07  9.066E-07  2.290E-07
                3.235E-06  3.336E-06  7.223E-09  4.371E-08  4.115E-07  1.534E-06
                2.029E-05  4.645E-08  7.919E-11  2.480E-10  1.397E-10  9.403E-11
                8.219E-12  6.282E-07  3.533E-06  8.637E-08  2.107E-06  1.730E-06
                2.459E-07  9.079E-08  9.644E-06  3.441E-06  2.884E-07  3.921E-07
                1.120E-07  5.580E-09  1.878E-07  6.800E-07  4.573E-07  2.571E-08
                1.040E-07  9.658E-08  1.084E-08  6.901E-06  4.338E-08  2.284E-05
                1.240E-07  1.496E-07  2.944E-07  1.147E-06  2.764E-07  5.916E-07
                5.606E-07  5.053E-08  1.145E-05  1.924E-07  1.061E-06  1.494E-08
                4.889E-06  2.432E-05  2.944E-07  6.025E-07  3.858E-06  1.592E-06
                3.421E-06  1.116E-07  2.113E-07  2.711E-07  2.906E-10  1.047E-06
                6.236E-07  5.314E-09  1.933E-08  3.171E-07  3.074E-06  3.748E-06
                2.122E-07  2.855E-08  1.370E-07  8.552E-07  6.876E-09  9.076E-07
                1.991E-06  6.024E-09  5.308E-06  1.133E-06  2.879E-07  3.733E-07
                4.162E-06  1.586E-07  6.145E-07  8.304E-08  8.227E-07  7.063E-07
                5.804E-07  9.912E-06  2.273E-07  3.926E-06  7.495E-09  5.100E-07
                4.425E-07  1.352E-07  1.674E-06  2.570E-07  1.447E-06  1.043E-09
                1.147E-07  4.168E-06  4.288E-06  1.352E-07  6.107E-07  3.297E-07
                3.666E-08  4.199E-07  8.254E-07  5.582E-07  2.545E-07  3.650E-08
                4.851E-06  6.142E-07  4.168E-07  2.108E-07  4.555E-07  3.772E-07
                9.619E-06  5.119E-06  3.978E-07  1.018E-06  1.697E-06  1.842E-06
                1.886E-06  2.390E-07  4.778E-08  4.232E-10  4.512E-08  1.055E-07
                7.268E-07  1.198E-06  1.542E-06  3.658E-06  5.983E-07  7.565E-08
                6.072E-09  1.642E-07  2.220E-07  1.685E-07  4.837E-06
1.24532663E+02  4.166E-03  4.383E-03  2.172E-06  2.707E-03  1.754E-03  5.411E-06
                3.882E-06  1.129E-02  9.800E-06  6.016E-06  3.284E-04  7.918E-06
                5.185E-03  6.033E-05  8.954E-05  4.934E-07  6.419E-07  2.246E-06
                1.338E-06  1.595E-06  4.985E-09  1.982E-06  8.399E-07  1.295E-08
                7.164E-08  4.529E-07  3.077E-06  5.653E-07  1.817E-06  2.911E-06
                2.286E-06  4.636E-07  6.436E-06  2.353E-06  1.519E-06  5.341E-07
                1.399E-09  9.948E-07  9.594E-10  6.139E-06  5.536E-07  2.808E-06
                9.842E-07  2.136E-07  2.450E-07  6.773E-08  2.029E-07  8.268E-08
                1.358E-05  3.246E-07  4.306E-07  7.635E-08  3.624E-08  2.647E-06
                2.390E-06  2.180E-06  5.681E-07  4.515E-06  1.339E-06  5.301E-06
                1.025E-07  2.755E-09  8.900E-09  1.873E-11  9.225E-07  1.235E-07
                1.337E-07  2.753E-10  1.385E-06  1.283E-07  2.314E-08  2.275E-06
                1.468E-06  3.194E-06  4.742E-06  3.457E-07  5.863E-07  1.409E-07
                2.142E-06  2.206E-06  6.196E-09  3.757E-08  2.818E-07  9.814E-07
                1.422E-05  2.571E-08  6.183E-11  1.932E-10  9.785E-11  7.527E-11
                6.283E-12  4.149E-07  2.338E-06  5.470E-08  1.689E-06  1.412E-06
                1.721E-07  7.012E-08  6.843E-06  2.418E-06  2.118E-07  2.898E-07
                8.139E-08  3.332E-09  1.366E-07  4.879E-07  3.402E-07  1.678E-08
                8.947E-08  6.247E-08  5.966E-09  4.683E-06  3.175E-08  1.752E-05
                8.591E-08  1.037E-07  2.012E-07  8.703E-07  2.086E-07  4.189E-07
                3.992E-07  4.077E-08  7.877E-06  1.572E-07  7.651E-07  9.182E-09
                3.481E-06  1.896E-05  2.152E-07  4.500E-07  2.646E-06  1.088E-06
                2.315E-06  6.361E-08  1.389E-07  1.916E-07  1.757E-10  7.185E-07
                4.293E-07  4.800E-09  1.757E-08  2.213E-07  2.345E-06  2.850E-06
                1.233E-07  1.963E-08  9.327E-08  5.602E-07  6.849E-09  6.487E-07
                1.427E-06  3.360E-09  4.012E-06  8.468E-07  1.848E-07  2.798E-07
                3.143E-06  1.031E-07  4.067E-07  6.019E-08  5.276E-07  5.480E-07
                4.098E-07  7.835E-06  1.501E-07  2.574E-06  5.976E-09  3.613E-07
                2.967E-07  8.069E-08  1.147E-06  1.953E-07  1.094E-06  1.088E-09
                6.616E-08  3.158E-06  3.235E-06  8.853E-08  4.269E-07  2.665E-07
                2.490E-08  2.655E-07  5.624E-07  3.610E-07  1.786E-07  2.492E-08
                3.863E-06  4.210E-07  2.916E-07  1.432E-07  3.161E-07  2.749E-07
                7.709E-06  4.128E-06  2.708E-07  6.311E-07  1.079E-06  1.319E-06
                1.294E-06  1.434E-07  3.330E-08  2.942E-10  2.222E-08  7.124E-08
                5.637E-07  9.463E-07  1.198E-06  2.814E-06  4.165E-07  5.054E-08
                5.027E-09  1.206E-07  1.763E-07  1.229E-07  3.786E-06
1.38140663E+02  2.947E-03  3.094E-03  2.297E-06  1.913E-03  1.237E-03  4.283E-06
                2.798E-06  8.701E-03  7.027E-06  4.263E-06  2.555E-04  5.404E-06
                4.042E-03  4.143E-05  6.182E-05  4.752E-07  4.392E-07  1.327E-06
                1.028E-06  9.271E-07  3.484E-09  1.397E-06  6.869E-07  1.189E-08
                6.426E-08  2.982E-07  2.029E-06  4.102E-07  1.205E-06  1.917E-06
                1.616E-06  3.266E-07  4.746E-06  1.555E-06  1.090E-06  3.537E-07
                9.192E-10  6.476E-07  5.853E-10  4.303E-06  4.012E-07  1.978E-06
                6.732E-07  1.337E-07  1.566E-07  6.029E-08  1.945E-07  6.072E-08
                9.917E-06  2.775E-07  2.914E-07  6.063E-08  2.428E-08  2.256E-06
                1.664E-06  1.522E-06  3.755E-07  3.039E-06  8.879E-07  4.451E-06
                9.305E-08  2.174E-09  6.387E-09  2.188E-11  6.041E-07  9.949E-08
                1.010E-07  1.865E-10  9.870E-07  8.584E-08  3.073E-08  1.724E-06
                1.158E-06  2.398E-06  3.363E-06  2.318E-07  4.292E-07  9.165E-08
                1.603E-06  1.642E-06  4.583E-09  2.757E-08  2.070E-07  6.738E-07
                1.062E-05  2.575E-08  4.643E-11  1.438E-10  6.881E-11  7.014E-11
                4.846E-12  3.132E-07  1.774E-06  3.537E-08  1.348E-06  1.139E-06
                1.236E-07  8.100E-08  5.088E-06  1.818E-06  1.642E-07  2.249E-07
                6.264E-08  2.856E-09  1.008E-07  3.835E-07  2.716E-07  1.395E-08
                8.139E-08  5.189E-08  5.494E-09  3.526E-06  2.327E-08  1.298E-05
                6.609E-08  7.725E-08  1.478E-07  6.952E-07  1.638E-07  3.114E-07
                2.962E-07  3.115E-08  5.892E-06  1.314E-07  5.991E-07  7.951E-09
                2.525E-06  1.421E-05  1.636E-07  3.272E-07  2.030E-06  8.254E-07
                1.762E-06  3.738E-08  9.132E-08  1.324E-07  1.344E-10  4.873E-07
                2.923E-07  3.750E-09  1.355E-08  1.658E-07  1.831E-06  2.222E-06
                7.257E-08  1.423E-08  6.511E-08  3.848E-07  4.702E-09  4.709E-07
                1.029E-06  2.456E-09  3.141E-06  6.560E-07  1.235E-07  2.157E-07
                2.453E-06  6.822E-08  2.804E-07  4.820E-08  3.549E-07  4.131E-07
                3.162E-07  5.917E-06  1.179E-07  1.982E-06  4.858E-09  2.553E-07
                2.009E-07  4.947E-08  9.312E-07  1.538E-07  8.547E-07  7.867E-10
                3.821E-08  2.463E-06  2.521E-06  5.988E-08  3.020E-07  2.125E-07
                1.808E-08  1.726E-07  4.171E-07  2.385E-07  1.353E-07  1.761E-08
                2.897E-06  2.975E-07  2.275E-07  1.207E-07  2.754E-07  2.133E-07
                5.779E-06  3.111E-06  1.913E-07  4.152E-07  7.456E-07  9.778E-07
                9.296E-07  8.936E-08  3.595E-08  2.906E-10  8.562E-09  4.768E-08
                4.496E-07  7.633E-07  9.388E-07  2.196E-06  2.989E-07  3.855E-08
                4.424E-09  9.051E-08  1.420E-07  9.651E-08  3.001E-06
1.51748663E+02  2.177E-03  2.298E-03  9.451E-07  1.421E-03  9.229E-04  2.821E-06
                1.895E-06  7.219E-03  4.607E-06  2.840E-06  2.122E-04  3.805E-06
                3.360E-03  3.291E-05  4.895E-05  4.622E-07  2.984E-07  1.005E-06
                7.620E-07  6.630E-07  3.089E-09  9.018E-07  4.747E-07  9.574E-09
                4.822E-08  3.314E-07  2.267E-06  2.708E-07  7.699E-07  1.268E-06
                1.092E-06  2.126E-07  3.247E-06  1.346E-06  7.462E-07  2.233E-07
                5.935E-10  4.169E-07  6.670E-10  3.054E-06  3.580E-07  1.404E-06
                4.681E-07  8.357E-08  1.022E-07  5.493E-08  1.831E-07  4.330E-08
                7.203E-06  2.371E-07  1.876E-07  4.154E-08  2.075E-08  1.932E-06
                1.166E-06  1.087E-06  2.528E-07  2.037E-06  6.141E-07  3.806E-06
                7.577E-08  1.578E-09  4.521E-09  2.579E-11  4.275E-07  7.771E-08
                7.704E-08  1.737E-10  6.963E-07  5.950E-08  2.065E-08  1.277E-06
                8.476E-07  1.925E-06  2.332E-06  1.686E-07  2.929E-07  6.405E-08
                1.028E-06  1.053E-06  4.381E-09  2.679E-08  1.468E-07  4.663E-07
                7.656E-06  1.209E-08  3.978E-11  1.235E-10  4.989E-11  5.202E-11
                3.639E-12  1.982E-07  1.126E-06  2.313E-08  1.113E-06  9.548E-07
                9.073E-08  5.583E-08  3.721E-06  1.309E-06  1.195E-07  1.641E-07
                4.495E-08  1.696E-09  7.349E-08  2.730E-07  2.011E-07  9.009E-09
                7.298E-08  3.320E-08  3.390E-09  2.363E-06  1.755E-08  1.077E-05
                4.979E-08  5.332E-08  1.048E-07  5.194E-07  1.216E-07  2.158E-07
                2.069E-07  2.504E-08  4.058E-06  1.144E-07  4.231E-07  4.430E-09
                1.880E-06  1.195E-05  1.190E-07  2.430E-07  1.375E-06  5.562E-07
                1.159E-06  2.244E-08  6.598E-08  1.019E-07  8.731E-11  3.752E-07
                2.251E-07  3.015E-09  1.088E-08  1.196E-07  1.452E-06  1.760E-06
                4.442E-08  1.113E-08  5.047E-08  2.921E-07  4.424E-09  3.535E-07
                7.725E-07  1.515E-09  2.468E-06  5.110E-07  8.609E-08  1.739E-07
                1.906E-06  4.811E-08  2.080E-07  3.432E-08  2.399E-07  3.309E-07
                2.218E-07  5.100E-06  7.491E-08  1.253E-06  3.664E-09  1.948E-07
                1.456E-07  3.132E-08  6.337E-07  1.216E-07  6.723E-07  8.642E-10
                2.292E-08  1.940E-06  1.976E-06  4.185E-08  2.259E-07  1.690E-07
                1.329E-08  1.157E-07  3.013E-07  1.648E-07  9.884E-08  1.305E-08
                2.465E-06  2.180E-07  1.573E-07  8.186E-08  1.931E-07  1.522E-07
                4.929E-06  2.655E-06  1.412E-07  2.865E-07  5.401E-07  7.378E-07
                6.744E-07  5.692E-08  2.827E-08  1.710E-10  5.364E-09  3.415E-08
                3.584E-07  6.195E-07  7.512E-07  1.748E-06  2.187E-07  2.816E-08
                3.777E-09  7.025E-08  1.153E-07  6.956E-08  2.424E-06
1.65356663E+02  1.566E-03  1.644E-03  2.000E-06  1.023E-03  6.594E-04  2.061E-06
                1.383E-06  5.709E-03  3.216E-06  1.975E-06  1.712E-04  2.666E-06
                2.721E-03  2.316E-05  3.469E-05  4.536E-07  2.146E-07  6.408E-07
                6.314E-07  4.097E-07  2.105E-09  6.616E-07  4.170E-07  1.478E-08
                5.363E-08  1.865E-07  1.276E-06  2.094E-07  5.348E-07  8.366E-07
                8.256E-07  1.560E-07  2.547E-06  8.260E-07  5.590E-07  1.480E-07
                3.982E-10  2.931E-07  3.507E-10  2.204E-06  2.427E-07  1.018E-06
                3.289E-07  5.505E-08  6.891E-08  4.771E-08  1.683E-07  3.361E-08
                5.382E-06  2.070E-07  1.344E-07  3.400E-08  1.994E-08  1.681E-06
                8.327E-07  7.799E-07  1.713E-07  1.449E-06  4.180E-07  3.256E-06
                7.282E-08  1.277E-09  3.484E-09  2.590E-11  2.803E-07  6.584E-08
                5.740E-08  1.109E-10  5.175E-07  4.025E-08  2.758E-08  1.020E-06
                6.845E-07  1.412E-06  1.713E-06  1.156E-07  2.200E-07  4.155E-08
                8.215E-07  8.365E-07  3.065E-09  1.866E-08  1.107E-07  3.295E-07
                5.838E-06  1.481E-08  2.907E-11  8.993E-11  3.622E-11  4.877E-11
                2.720E-12  1.591E-07  9.084E-07  1.536E-08  8.696E-07  7.497E-07
                6.884E-08  6.641E-08  2.809E-06  9.993E-07  9.332E-08  1.286E-07
                3.619E-08  1.643E-09  5.830E-08  2.246E-07  1.671E-07  8.027E-09
                7.010E-08  2.980E-08  2.969E-09  1.922E-06  1.293E-08  7.897E-06
                3.732E-08  4.114E-08  8.100E-08  4.142E-07  9.487E-08  1.664E-07
                1.616E-07  1.912E-08  3.151E-06  9.921E-08  3.481E-07  4.364E-09
                1.391E-06  8.847E-06  9.200E-08  1.771E-07  1.125E-06  4.499E-07
                9.297E-07  1.334E-08  4.444E-08  7.127E-08  6.947E-11  2.615E-07
                1.573E-07  2.224E-09  7.902E-09  9.381E-08  1.133E-06  1.373E-06
                2.645E-08  7.784E-09  3.412E-08  2.343E-07  2.749E-09  2.612E-07
                5.701E-07  1.151E-09  1.930E-06  3.961E-07  5.837E-08  1.355E-07
                1.493E-06  3.273E-08  1.435E-07  2.912E-08  1.688E-07  2.414E-07
                1.780E-07  3.870E-06  6.421E-08  1.043E-06  2.872E-09  1.386E-07
                1.009E-07  1.966E-08  5.549E-07  9.554E-08  5.242E-07  5.577E-10
                1.303E-08  1.512E-06  1.542E-06  2.888E-08  1.627E-07  1.319E-07
                1.089E-08  7.778E-08  2.419E-07  1.130E-07  7.950E-08  9.502E-09
                1.838E-06  1.581E-07  1.278E-07  7.603E-08  1.837E-07  1.207E-07
                3.651E-06  1.972E-06  1.033E-07  2.025E-07  4.119E-07  5.569E-07
                4.961E-07  3.615E-08  3.019E-08  1.665E-10  2.408E-09  2.346E-08
                2.852E-07  4.964E-07  5.843E-07  1.370E-06  1.585E-07  2.290E-08
                3.127E-09  5.337E-08  9.247E-08  5.552E-08  1.914E-06
1.78964663E+02  1.284E-03  1.355E-03  8.666E-07  8.368E-04  5.449E-04  1.929E-06
                1.040E-06  4.750E-03  2.623E-06  1.586E-06  1.399E-04  1.971E-06
                2.217E-03  1.842E-05  2.750E-05  4.255E-07  1.531E-07  5.550E-07
                4.938E-07  3.231E-07  2.070E-09  4.408E-07  2.819E-07  1.355E-08
                4.615E-08  2.173E-07  1.489E-06  1.344E-07  3.334E-07  5.706E-07
                5.949E-07  1.056E-07  1.930E-06  7.758E-07  4.026E-07  9.313E-08
                2.581E-10  1.907E-07  4.046E-10  1.811E-06  2.351E-07  8.085E-07
                2.672E-07  4.000E-08  5.025E-08  4.344E-08  1.579E-07  2.837E-08
                4.255E-06  1.791E-07  9.062E-08  2.621E-08  2.071E-08  1.460E-06
                6.509E-07  6.330E-07  1.264E-07  1.003E-06  3.261E-07  2.846E-06
                6.191E-08  9.485E-10  2.195E-09  2.544E-11  2.316E-07  5.335E-08
                4.442E-08  1.067E-10  3.783E-07  3.223E-08  1.857E-08  6.772E-07
                5.063E-07  1.215E-06  1.272E-06  9.542E-08  1.630E-07  3.378E-08
                4.938E-07  4.990E-07  2.725E-09  1.672E-08  8.367E-08  2.476E-07
                4.515E-06  8.933E-09  2.646E-11  8.132E-11  2.689E-11  3.732E-11
                2.028E-12  9.423E-08  5.452E-07  1.010E-08  7.334E-07  6.374E-07
                5.383E-08  5.301E-08  2.204E-06  7.762E-07  6.895E-08  9.566E-08
                2.564E-08  9.511E-10  4.201E-08  1.602E-07  1.251E-07  4.902E-09
                6.290E-08  1.784E-08  2.146E-09  1.134E-06  9.758E-09  7.065E-06
                3.166E-08  2.670E-08  6.307E-08  3.235E-07  7.219E-08  1.102E-07
                1.088E-07  1.497E-08  2.250E-06  9.176E-08  2.238E-07  3.169E-09
                1.104E-06  7.994E-06  6.660E-08  1.267E-07  6.865E-07  2.723E-07
                6.055E-07  8.215E-09  3.147E-08  5.233E-08  3.780E-11  1.931E-07
                1.161E-07  1.815E-09  6.423E-09  7.314E-08  9.271E-07  1.122E-06
                1.704E-08  7.664E-09  3.020E-08  1.641E-07  2.321E-09  2.089E-07
                4.509E-07  6.854E-10  1.564E-06  3.201E-07  4.583E-08  1.148E-07
                1.205E-06  2.461E-08  1.207E-07  2.078E-08  1.180E-07  2.022E-07
                1.269E-07  3.559E-06  3.730E-08  6.071E-07  2.130E-09  1.015E-07
                7.057E-08  1.292E-08  3.399E-07  7.852E-08  4.295E-07  5.289E-10
                7.751E-09  1.235E-06  1.254E-06  2.005E-08  1.166E-07  1.091E-07
                7.170E-09  5.482E-08  1.711E-07  7.922E-08  5.618E-08  7.234E-09
                1.629E-06  1.208E-07  9.036E-08  4.526E-08  1.138E-07  8.563E-08
                3.218E-06  1.734E-06  8.079E-08  1.333E-07  2.702E-07  4.410E-07
                3.819E-07  2.425E-08  3.124E-08  1.581E-10  1.190E-09  1.906E-08
                2.320E-07  4.083E-07  4.765E-07  1.105E-06  1.141E-07  1.992E-08
                3.911E-09  4.258E-08  7.594E-08  3.990E-08  1.566E-06
1.92572663E+02  9.075E-04  9.623E-04  6.400E-07  6.003E-04  3.896E-04  8.635E-07
                6.716E-07  4.161E-03  1.362E-06  8.746E-07  1.265E-04  1.461E-06
                2.016E-03  1.529E-05  2.280E-05  4.070E-07  1.109E-07  3.941E-07
                4.145E-07  2.315E-07  1.295E-09  3.122E-07  2.421E-07  1.390E-08
                4.032E-08  1.588E-07  1.088E-06  1.084E-07  2.564E-07  3.792E-07
                4.307E-07  7.516E-08  1.323E-06  5.604E-07  2.817E-07  6.033E-08
                1.741E-10  1.439E-07  3.233E-10  1.198E-06  1.733E-07  5.346E-07
                1.708E-07  2.255E-08  3.187E-08  3.667E-08  1.407E-07  1.955E-08
                2.939E-06  1.579E-07  6.213E-08  1.645E-08  2.079E-08  1.284E-06
                4.310E-07  4.172E-07  7.979E-08  7.102E-07  2.084E-07  2.481E-06
                5.733E-08  7.236E-10  2.132E-09  2.532E-11  1.441E-07  4.338E-08
                3.157E-08  7.717E-11  2.712E-07  1.920E-08  2.096E-08  6.717E-07
                4.031E-07  8.807E-07  8.658E-07  6.661E-08  1.128E-07  2.082E-08
                4.082E-07  4.184E-07  2.638E-09  1.635E-08  5.816E-08  1.676E-07
                3.106E-06  5.263E-09  2.108E-11  6.635E-11  2.012E-11  2.779E-11
                1.467E-12  7.760E-08  4.400E-07  6.958E-09  5.870E-07  5.160E-07
                4.049E-08  3.586E-08  1.517E-06  5.278E-07  5.121E-08  7.099E-08
                2.064E-08  9.553E-10  3.399E-08  1.279E-07  9.961E-08  4.707E-09
                5.963E-08  1.731E-08  1.631E-09  1.124E-06  7.717E-09  5.157E-06
                2.366E-08  2.379E-08  4.784E-08  2.398E-07  5.297E-08  8.919E-08
                8.862E-08  1.186E-08  1.584E-06  7.518E-08  2.125E-07  1.610E-09
                7.870E-07  5.887E-06  5.286E-08  1.017E-07  6.671E-07  2.634E-07
                4.572E-07  5.103E-09  2.448E-08  4.248E-08  3.722E-11  1.590E-07
                9.549E-08  1.176E-09  4.110E-09  5.523E-08  7.173E-07  8.711E-07
                1.057E-08  5.066E-09  2.252E-08  1.432E-07  1.840E-09  1.506E-07
                3.273E-07  5.412E-10  1.201E-06  2.417E-07  3.115E-08  9.641E-08
                9.172E-07  1.818E-08  9.052E-08  1.536E-08  8.620E-08  1.487E-07
                9.752E-08  2.699E-06  3.503E-08  5.397E-07  1.633E-09  8.256E-08
                5.609E-08  8.420E-09  3.469E-07  5.984E-08  3.253E-07  4.522E-10
                4.400E-09  9.414E-07  9.559E-07  1.489E-08  9.424E-08  8.050E-08
                7.209E-09  3.913E-08  1.369E-07  6.063E-08  4.459E-08  5.947E-09
                1.255E-06  9.392E-08  7.109E-08  4.906E-08  1.248E-07  6.807E-08
                2.490E-06  1.343E-06  6.025E-08  1.136E-07  2.500E-07  3.243E-07
                2.716E-07  1.566E-08  1.569E-08  5.582E-11  2.060E-09  1.192E-08
                1.873E-07  3.350E-07  3.799E-07  8.900E-07  8.693E-08  1.274E-08
                1.417E-09  3.360E-08  6.211E-08  2.963E-08  1.273E-06
