          16           7
         215          13           1           1
           0          -4           0          -4           0          -6           0          -2           0          -4           0           6           0           4           0           2           0           4           0           6           0           2           0           4           0           2           0          -4           0          -2           0           2           0           4           0           6           0           2           0           4           0           6           0           4           0          -2           0          -2           0          -4           0          -6           0          -8           0          -2           0          -4           0          -6           0          -4           0           2           0          -4           0          -6           0          -2           0          -4           0          -6           0          -6           0          -8           0          -4           0          -6           0          -2           0          -4           0           4           0           6           0           8           0          10           0           4           0          -4           0           2           0           6           0           4           0           8           0           2           0          -4           0          -2           0           6           0           6           0           4           0           2           0           8           0           4           0           6           0           8           0           4           0           6           0           8           0          10           0           4           0           6           0           8           0           6           0           4           0           2           0           6           0           2           0           4           0           2           0          -4           0          -2           0          -6           0          -8           0           6           0           4           0          -4           0          -6           0          -2           0          -4           0          -6           0          -8           0         -10           0          -2           0          -4           0          -6           0          -4           0          -2           0          -6           0          -8           0          -2           0          -4           0           2           0           4           0           6           0           8           0           4           0           4           0           6           0           8           0           2           0          10           0           8           0           6           0           4           0           2           0           6           0           6           0           4           0           4           0           2           0           4           0           6           0           8           0          -4           0           2           0           4           0          -6           0          -4           0           2           0           4           0           6           0           4           0           6           0          -2           0          -4           0          -6           0          -8           0         -10           0          -6           0          -8           0         -10           0         -12           0           2           0          -2           0          -4           0          -6           0          -8           0          -2           0          -8           0         -10           0          -4           0          -2           0          -6           0          -4           0          -2           0          -4           0          -2           0          -4           0          -6           0          -4           0          -8           0          -6           0           2           0           4           0           2           0           4           0           6           0         -10           0          -8           0          -6           0          -4           0           6           0          -2           0          -4           0           8           0          -6           0          -2           0          -4           0          -6           0          -8           0           4           0           6           0          -4           0          -6           0          -6           0          -8           0          -2           0           2           0          -4           0           4           0           6           0           4           0           4           0           2           0           2           0          -4           0          -6           0          -8           0          -2           0          -4           0          -6           0          -8           0         -10           0          -8           0          -6           0          -4           0          -2           0          -2           0          -4           0          -6           0          -6           0          -8           0          -4           0          -2           0          -6           0          -4
    0.000000E+00    9.645106E-03    9.843162E-03    1.435602E-02    1.458263E-02
    4.247197E-02    4.320385E-02    4.360158E-02    5.944295E-02    5.948713E-02
    6.922989E-02    7.316769E-02    7.411300E-02    1.134727E-01    1.147319E-01
    2.354040E-01    2.358931E-01    2.366026E-01    2.382857E-01    2.391328E-01
    2.438023E-01    2.438287E-01    2.461520E-01    2.471700E-01    2.474363E-01
    2.479076E-01    2.485433E-01    2.486026E-01    2.487216E-01    2.491410E-01
    2.502551E-01    2.507374E-01    2.510783E-01    2.511300E-01    2.524691E-01
    2.524772E-01    2.554279E-01    2.561102E-01    2.563381E-01    2.591442E-01
    2.591854E-01    2.609226E-01    2.615363E-01    2.619649E-01    2.622131E-01
    2.625883E-01    2.631076E-01    2.632646E-01    2.633261E-01    2.634365E-01
    2.637297E-01    2.638533E-01    2.640096E-01    2.643758E-01    2.644930E-01
    2.645338E-01    2.648466E-01    2.652759E-01    2.655531E-01    2.656939E-01
    2.657640E-01    2.676748E-01    2.677713E-01    2.679166E-01    2.688115E-01
    2.690337E-01    2.711118E-01    2.712141E-01    2.720014E-01    2.721113E-01
    2.724223E-01    2.724984E-01    2.725578E-01    2.726085E-01    2.727219E-01
    2.737570E-01    2.740430E-01    2.746587E-01    2.763855E-01    2.763956E-01
    2.763957E-01    2.764682E-01    2.789238E-01    2.791446E-01    2.808157E-01
    2.808428E-01    2.816082E-01    2.816156E-01    2.816277E-01    2.816445E-01
    2.816660E-01    2.832213E-01    2.832636E-01    2.833497E-01    2.872720E-01
    2.872722E-01    2.872783E-01    2.873017E-01    2.873787E-01    2.874354E-01
    2.875828E-01    2.876419E-01    2.877951E-01    2.879672E-01    2.884374E-01
    2.885530E-01    2.886000E-01    2.886971E-01    2.887362E-01    2.888178E-01
    2.901974E-01    2.902310E-01    2.934227E-01    2.936053E-01    2.936679E-01
    2.948139E-01    2.948751E-01    2.949134E-01    2.954910E-01    2.955387E-01
    2.955818E-01    2.956302E-01    2.974080E-01    2.974265E-01    2.978254E-01
    2.979930E-01    2.980044E-01    2.981863E-01    2.981951E-01    2.982014E-01
    2.986863E-01    2.989406E-01    2.997979E-01    3.013547E-01    3.014398E-01
    3.015665E-01    3.017420E-01    3.025165E-01    3.025355E-01    3.025686E-01
    3.026262E-01    3.032771E-01    3.036433E-01    3.036673E-01    3.036996E-01
    3.037196E-01    3.041292E-01    3.046134E-01    3.046301E-01    3.048276E-01
    3.048611E-01    3.049614E-01    3.051740E-01    3.052844E-01    3.060373E-01
    3.062721E-01    3.065126E-01    3.067251E-01    3.072820E-01    3.083217E-01
    3.083847E-01    3.085481E-01    3.086063E-01    3.093086E-01    3.093690E-01
    3.093750E-01    3.093804E-01    3.094500E-01    3.095030E-01    3.095365E-01
    3.096086E-01    3.096683E-01    3.098305E-01    3.098337E-01    3.100372E-01
    3.110986E-01    3.111053E-01    3.111248E-01    3.111449E-01    3.124031E-01
    3.124222E-01    3.126400E-01    3.132139E-01    3.132929E-01    3.134326E-01
    3.163175E-01    3.165548E-01    3.167011E-01    3.167161E-01    3.173537E-01
    3.174815E-01    3.194473E-01    3.198310E-01    3.206567E-01    3.235572E-01
    3.235827E-01    3.236877E-01    3.236885E-01    3.238034E-01    3.239013E-01
    3.239634E-01    3.240075E-01    3.245628E-01    3.245933E-01    3.263728E-01
    3.264517E-01    3.271738E-01    3.284075E-01    3.287843E-01    3.314323E-01
    3.314556E-01    3.324856E-01    3.325179E-01    3.327131E-01    3.333147E-01
           0           0           0           1
  -27.915863041215566               13
4.01630630E+01  1.233E-01  1.344E-01  1.264E-04  8.128E-02  5.375E-02  1.642E-04
                1.628E-04  1.002E-01  3.242E-04  2.073E-04  2.491E-03  2.533E-04
                3.722E-02  1.246E-03  1.861E-03
5.37710630E+01  5.489E-02  5.829E-02  4.099E-05  3.569E-02  2.343E-02  8.545E-05
                5.206E-05  6.028E-02  1.700E-04  9.097E-05  1.520E-03  1.126E-04
                2.426E-02  6.501E-04  9.541E-04  1.984E-06  4.980E-06  4.415E-05
                8.876E-06  2.938E-05  2.532E-07  1.354E-05  1.603E-05  1.309E-06
                4.060E-06  3.259E-06  2.312E-05  9.350E-06  2.793E-05  3.615E-05
                4.681E-05  3.043E-06  1.889E-04  2.597E-05  2.586E-05  5.223E-06
                2.350E-08  2.514E-05  4.577E-08  1.340E-04  5.396E-06  5.871E-05
                2.827E-05  1.125E-05  9.246E-06  1.195E-05  1.145E-04  2.456E-06
                1.569E-04  3.147E-06  1.775E-05  2.171E-06  4.282E-06  1.913E-05
                4.408E-05  4.622E-05  1.026E-05  1.214E-04  6.969E-05  5.184E-05
                1.031E-06  3.126E-08  9.285E-08  2.243E-09  5.289E-05  2.327E-06
                9.109E-07  3.793E-06  1.509E-05  5.294E-06  3.119E-07  1.599E-05
                8.731E-06  1.275E-05  6.814E-05  1.594E-05  1.348E-05  7.906E-06
                1.631E-05  1.566E-05  2.310E-07  4.438E-07  2.829E-06  3.085E-05
                1.259E-04  3.590E-07  1.970E-09  6.281E-09  3.172E-09  1.661E-08
                6.300E-11  2.642E-06  1.598E-05  7.726E-07  5.430E-06  4.467E-06
                7.348E-07  2.116E-06  5.547E-05  2.614E-05  1.620E-06  1.839E-06
                9.303E-07  5.529E-08  1.858E-06  4.907E-06  3.288E-06  3.310E-07
                8.774E-06  2.261E-06  5.668E-08  4.067E-05  8.021E-07  1.389E-04
                3.425E-06  1.658E-06  1.073E-06  5.184E-06  1.166E-06  3.786E-06
                4.330E-06  1.051E-07  1.577E-04  3.579E-06  7.858E-06  4.248E-07
                2.261E-05  1.284E-04  2.159E-06  4.352E-06  2.328E-05  5.291E-06
                3.438E-05  3.902E-06  3.285E-06  2.218E-06  3.448E-09  1.189E-05
                7.214E-06  2.637E-08  2.642E-08  4.476E-06  2.043E-05  2.874E-05
                1.092E-05  2.464E-06  2.030E-06  3.159E-05  3.882E-08  3.543E-06
                1.588E-05  3.714E-06  3.795E-05  8.293E-06  4.711E-06  2.817E-06
                1.943E-05  2.117E-06  8.922E-06  3.976E-06  8.851E-06  8.017E-06
                1.949E-05  1.140E-04  2.150E-05  4.208E-04  3.173E-09  4.549E-06
                6.684E-06  3.457E-06  9.013E-06  2.006E-06  1.163E-05  3.244E-07
                8.319E-06  2.746E-05  2.919E-05  2.782E-06  5.283E-06  3.473E-06
                1.783E-06  3.175E-06  2.531E-05  7.507E-06  6.187E-06  1.190E-06
                2.531E-05  2.223E-06  5.261E-06  3.170E-06  6.186E-06
6.73790630E+01  2.864E-02  3.012E-02  1.950E-05  1.849E-02  1.205E-02  4.123E-05
                2.878E-05  3.999E-02  8.463E-05  4.928E-05  1.097E-03  6.054E-05
                1.702E-02  3.531E-04  5.221E-04  1.216E-06  3.870E-06  2.179E-05
                6.400E-06  1.503E-05  1.386E-08  1.102E-05  6.220E-06  3.947E-07
                1.283E-06  1.423E-06  8.296E-06  4.120E-06  1.345E-05  2.083E-05
                2.097E-05  2.612E-06  7.433E-05  1.293E-05  1.234E-05  3.452E-06
                9.699E-09  1.075E-05  3.359E-09  6.065E-05  2.529E-06  2.636E-05
                1.131E-05  3.412E-06  3.286E-06  1.652E-07  4.531E-07  9.622E-07
                8.761E-05  7.421E-07  2.925E-06  6.056E-07  5.450E-07  6.458E-06
                2.088E-05  2.110E-05  5.756E-06  4.150E-05  2.005E-05  1.681E-05
                2.852E-07  1.188E-08  4.482E-08  1.086E-10  1.514E-05  5.840E-07
                1.438E-07  5.458E-10  9.291E-06  1.337E-06  7.414E-08  8.590E-06
                4.701E-06  1.067E-05  3.420E-05  5.444E-06  4.560E-06  2.298E-06
                1.047E-05  1.057E-05  4.781E-08  2.388E-07  1.541E-06  1.073E-05
                7.781E-05  1.575E-07  2.373E-10  7.629E-10  3.698E-10  1.588E-10
                9.982E-12  1.811E-06  1.056E-05  4.189E-07  4.729E-06  3.675E-06
                8.045E-07  6.618E-07  3.621E-05  1.309E-05  7.961E-07  9.994E-07
                3.247E-07  2.553E-08  6.798E-07  2.161E-06  1.385E-06  6.170E-08
                1.239E-06  2.345E-07  4.114E-08  2.161E-05  1.375E-07  8.335E-05
                4.105E-07  5.042E-07  1.099E-06  2.439E-06  6.494E-07  1.563E-06
                1.426E-06  1.023E-07  4.243E-05  9.570E-07  2.769E-06  7.080E-08
                1.792E-05  8.234E-05  9.819E-07  1.855E-06  1.114E-05  4.636E-06
                1.153E-05  1.123E-06  1.592E-06  1.623E-06  1.859E-09  6.879E-06
                4.051E-06  4.299E-09  1.251E-08  1.213E-06  1.010E-05  1.258E-05
                1.959E-06  1.489E-07  7.704E-07  1.141E-05  6.281E-09  3.299E-06
                7.238E-06  8.946E-08  1.873E-05  4.226E-06  1.902E-06  1.336E-06
                1.228E-05  8.723E-07  3.825E-06  5.326E-07  4.244E-06  1.544E-06
                1.839E-06  3.979E-05  7.429E-07  1.307E-05  3.191E-09  2.709E-06
                2.879E-06  1.245E-06  5.406E-06  9.318E-07  5.221E-06  9.762E-09
                1.218E-06  1.420E-05  1.486E-05  7.399E-07  3.200E-06  8.262E-07
                2.493E-07  2.425E-06  6.454E-06  3.090E-06  2.013E-06  1.939E-07
                1.432E-05  2.666E-06  1.295E-06  7.808E-07  1.840E-06  1.213E-06
                2.626E-05  1.319E-05  2.639E-06  8.033E-06  1.690E-05  8.814E-06
                9.795E-06  2.045E-06  1.516E-06  3.764E-10  7.437E-07  4.788E-07
                1.647E-06  2.703E-06  3.579E-06  1.125E-05  3.313E-06  5.442E-07
                7.820E-08  5.636E-07  4.591E-07  8.351E-07  1.279E-05
8.09870630E+01  1.639E-02  1.719E-02  1.068E-05  1.058E-02  6.865E-03  2.258E-05
                1.640E-05  2.798E-02  4.565E-05  2.704E-05  7.847E-04  3.401E-05
                1.226E-02  2.124E-04  3.139E-04  7.960E-07  2.539E-06  1.191E-05
                4.336E-06  8.512E-06  1.125E-08  7.582E-06  3.039E-06  1.803E-07
                5.424E-07  8.613E-07  5.417E-06  2.273E-06  8.016E-06  1.240E-05
                1.089E-05  1.777E-06  3.418E-05  7.659E-06  6.572E-06  2.186E-06
                5.950E-09  5.421E-06  2.138E-09  3.062E-05  1.478E-06  1.338E-05
                5.428E-06  1.532E-06  1.543E-06  1.108E-07  2.906E-07  4.592E-07
                5.126E-05  5.382E-07  1.832E-06  3.015E-07  2.746E-07  4.445E-06
                1.105E-05  1.067E-05  2.857E-06  2.184E-05  8.198E-06  9.937E-06
                2.099E-07  7.783E-09  2.955E-08  2.986E-11  5.953E-06  3.700E-07
                2.184E-07  5.610E-10  5.335E-06  6.470E-07  3.504E-08  5.982E-06
                3.520E-06  8.161E-06  1.926E-05  2.113E-06  2.412E-06  9.185E-07
                7.054E-06  7.244E-06  1.816E-08  1.054E-07  9.682E-07  4.961E-06
                4.827E-05  9.436E-08  1.619E-10  5.132E-10  3.031E-10  1.227E-10
                1.122E-11  1.309E-06  7.438E-06  2.396E-07  3.599E-06  2.818E-06
                5.851E-07  2.176E-07  2.275E-05  8.098E-06  5.326E-07  7.076E-07
                2.073E-07  1.372E-08  4.179E-07  1.326E-06  8.569E-07  4.709E-08
                2.619E-07  1.814E-07  2.341E-08  1.417E-05  9.558E-08  5.175E-05
                2.770E-07  3.091E-07  7.320E-07  1.893E-06  4.693E-07  1.123E-06
                1.056E-06  8.347E-08  2.676E-05  4.662E-07  1.903E-06  3.783E-08
                1.171E-05  5.294E-05  5.832E-07  1.174E-06  7.589E-06  3.169E-06
                7.531E-06  4.670E-07  7.216E-07  8.013E-07  7.685E-10  3.543E-06
                2.086E-06  5.936E-09  2.075E-08  7.541E-07  6.305E-06  7.772E-06
                8.519E-07  8.545E-08  3.978E-07  4.174E-06  8.274E-09  2.161E-06
                4.750E-06  2.299E-08  1.109E-05  2.458E-06  9.426E-07  8.337E-07
                8.389E-06  4.865E-07  1.917E-06  2.192E-07  2.370E-06  1.229E-06
                1.164E-06  2.320E-05  4.718E-07  8.292E-06  7.175E-09  1.404E-06
                1.381E-06  5.258E-07  3.360E-06  5.375E-07  3.063E-06  2.799E-09
                4.997E-07  8.663E-06  8.999E-06  3.927E-07  1.655E-06  5.413E-07
                1.125E-07  1.317E-06  2.686E-06  1.702E-06  7.965E-07  1.009E-07
                9.919E-06  1.590E-06  8.418E-07  4.444E-07  9.761E-07  7.339E-07
                1.888E-05  9.743E-06  1.218E-06  3.747E-06  6.947E-06  4.701E-06
                5.163E-06  8.982E-07  3.322E-07  4.435E-10  3.075E-07  3.126E-07
                1.286E-06  2.063E-06  2.780E-06  7.267E-06  1.659E-06  2.352E-07
                2.461E-08  3.613E-07  3.785E-07  3.682E-07  8.828E-06
9.45950630E+01  1.013E-02  1.064E-02  5.594E-06  6.544E-03  4.252E-03  1.397E-05
                9.940E-06  2.038E-02  2.720E-05  1.636E-05  5.779E-04  2.056E-05
                9.064E-03  1.358E-04  2.010E-04  6.134E-07  1.621E-06  6.635E-06
                2.926E-06  4.791E-06  8.324E-09  5.006E-06  1.849E-06  8.015E-08
                2.592E-07  6.114E-07  3.998E-06  1.405E-06  4.957E-06  7.706E-06
                6.290E-06  1.169E-06  1.853E-05  4.878E-06  3.920E-06  1.405E-06
                3.714E-09  3.013E-06  1.393E-09  1.742E-05  9.798E-07  7.655E-06
                2.978E-06  7.674E-07  8.066E-07  8.822E-08  2.390E-07  2.456E-07
                3.218E-05  4.665E-07  1.161E-06  1.819E-07  1.489E-07  3.824E-06
                6.467E-06  6.069E-06  1.620E-06  1.260E-05  4.178E-06  8.030E-06
                1.694E-07  5.414E-09  1.943E-08  1.334E-11  2.967E-06  2.510E-07
                2.114E-07  4.561E-10  3.328E-06  3.657E-07  3.164E-08  4.257E-06
                2.688E-06  6.069E-06  1.188E-05  1.061E-06  1.487E-06  4.572E-07
                4.898E-06  5.047E-06  1.017E-08  6.175E-08  6.411E-07  2.757E-06
                3.190E-05  6.351E-08  1.158E-10  3.643E-10  2.119E-10  1.086E-10
                1.035E-11  9.368E-07  5.284E-06  1.465E-07  2.792E-06  2.236E-06
                3.876E-07  1.122E-07  1.512E-05  5.391E-06  4.023E-07  5.419E-07
                1.545E-07  8.779E-09  2.783E-07  9.523E-07  6.264E-07  3.601E-08
                1.396E-07  1.359E-07  1.678E-08  9.816E-06  6.584E-08  3.495E-05
                1.859E-07  2.148E-07  4.682E-07  1.517E-06  3.732E-07  8.416E-07
                7.960E-07  6.583E-08  1.800E-05  2.874E-07  1.420E-06  2.279E-08
                7.708E-06  3.645E-05  4.170E-07  8.547E-07  5.410E-06  2.257E-06
                5.237E-06  2.305E-07  3.818E-07  4.493E-07  4.661E-10  1.854E-06
                1.097E-06  6.173E-09  2.243E-08  4.907E-07  4.415E-06  5.411E-06
                4.359E-07  5.159E-08  2.348E-07  1.724E-06  8.566E-09  1.427E-06
                3.131E-06  1.013E-08  7.662E-06  1.666E-06  5.247E-07  5.624E-07
                5.995E-06  2.815E-07  1.088E-06  1.228E-07  1.404E-06  9.733E-07
                8.243E-07  1.519E-05  3.259E-07  5.708E-06  8.317E-09  8.159E-07
                7.605E-07  2.678E-07  2.324E-06  3.707E-07  2.104E-06  1.338E-09
                2.411E-07  6.035E-06  6.236E-06  2.281E-07  9.682E-07  4.246E-07
                6.163E-08  7.577E-07  1.364E-06  9.825E-07  4.062E-07  6.131E-08
                7.063E-06  1.001E-06  5.961E-07  2.953E-07  6.274E-07  5.314E-07
                1.378E-05  7.239E-06  6.880E-07  1.912E-06  3.227E-06  2.936E-06
                3.127E-06  4.648E-07  1.026E-07  4.506E-10  1.217E-07  1.865E-07
                9.970E-07  1.613E-06  2.146E-06  5.217E-06  9.766E-07  1.275E-07
                1.096E-08  2.485E-07  2.983E-07  2.396E-07  6.680E-06
1.08203063E+02  6.565E-03  6.885E-03  4.474E-06  4.245E-03  2.748E-03  9.226E-06
                6.488E-06  1.518E-02  1.700E-05  1.026E-05  4.372E-04  1.302E-05
                6.885E-03  8.955E-05  1.330E-04  5.266E-07  1.070E-06  3.916E-06
                2.043E-06  2.855E-06  5.771E-09  3.339E-06  1.311E-06  3.150E-08
                1.316E-07  5.017E-07  3.360E-06  9.400E-07  3.173E-06  4.946E-06
                3.893E-06  7.791E-07  1.102E-05  3.371E-06  2.498E-06  9.193E-07
                2.398E-09  1.789E-06  1.132E-09  1.039E-05  7.338E-07  4.652E-06
                1.718E-06  4.155E-07  4.550E-07  7.207E-08  1.951E-07  1.445E-07
                2.114E-05  3.901E-07  7.509E-07  1.214E-07  7.356E-08  3.183E-06
                3.979E-06  3.642E-06  9.859E-07  7.834E-06  2.388E-06  6.479E-06
                1.282E-07  4.053E-09  1.420E-08  1.266E-11  1.653E-06  1.775E-07
                1.757E-07  3.234E-10  2.231E-06  2.208E-07  3.042E-08  3.380E-06
                2.103E-06  4.417E-06  7.806E-06  5.995E-07  9.825E-07  2.536E-07
                3.457E-06  3.569E-06  7.734E-09  4.692E-08  4.443E-07  1.685E-06
                2.160E-05  4.816E-08  8.431E-11  2.652E-10  1.516E-10  9.439E-11
                8.584E-12  6.691E-07  3.759E-06  9.537E-08  2.203E-06  1.804E-06
                2.661E-07  8.940E-08  1.026E-05  3.653E-06  3.040E-07  4.133E-07
                1.189E-07  5.870E-09  2.033E-07  7.206E-07  4.832E-07  2.687E-08
                1.060E-07  1.013E-07  1.088E-08  7.426E-06  4.640E-08  2.426E-05
                1.314E-07  1.593E-07  3.170E-07  1.198E-06  2.895E-07  6.304E-07
                5.990E-07  5.369E-08  1.217E-05  2.029E-07  1.124E-06  1.583E-08
                5.253E-06  2.575E-05  3.117E-07  6.386E-07  4.118E-06  1.701E-06
                3.629E-06  1.255E-07  2.345E-07  2.982E-07  3.138E-10  1.163E-06
                6.920E-07  5.405E-09  1.965E-08  3.398E-07  3.240E-06  3.953E-06
                2.375E-07  3.011E-08  1.478E-07  9.849E-07  7.061E-09  9.761E-07
                2.144E-06  6.921E-09  5.598E-06  1.198E-06  3.139E-07  3.957E-07
                4.374E-06  1.742E-07  6.680E-07  8.905E-08  9.058E-07  7.399E-07
                6.185E-07  1.055E-05  2.424E-07  4.197E-06  7.676E-09  5.576E-07
                4.881E-07  1.508E-07  1.774E-06  2.708E-07  1.525E-06  1.126E-09
                1.289E-07  4.396E-06  4.524E-06  1.487E-07  6.693E-07  3.430E-07
                4.040E-08  4.626E-07  9.115E-07  6.146E-07  2.791E-07  3.940E-08
                5.140E-06  6.657E-07  4.414E-07  2.237E-07  4.817E-07  3.963E-07
                1.017E-05  5.404E-06  4.326E-07  1.140E-06  1.913E-06  1.971E-06
                2.033E-06  2.663E-07  5.231E-08  4.246E-10  5.555E-08  1.153E-07
                7.612E-07  1.253E-06  1.618E-06  3.858E-06  6.477E-07  8.282E-08
                6.359E-09  1.756E-07  2.316E-07  1.784E-07  5.078E-06
1.21811063E+02  4.498E-03  4.733E-03  2.254E-06  2.918E-03  1.894E-03  6.025E-06
                4.224E-06  1.184E-02  1.086E-05  6.644E-06  3.428E-04  8.583E-06
                5.408E-03  6.431E-05  9.543E-05  4.979E-07  6.945E-07  2.426E-06
                1.431E-06  1.725E-06  5.390E-09  2.160E-06  8.905E-07  1.527E-08
                7.939E-08  4.544E-07  3.080E-06  6.092E-07  1.979E-06  3.169E-06
                2.493E-06  5.048E-07  7.057E-06  2.469E-06  1.651E-06  5.826E-07
                1.522E-09  1.093E-06  9.475E-10  6.743E-06  5.723E-07  3.070E-06
                1.089E-06  2.389E-07  2.714E-07  7.070E-08  2.129E-07  9.067E-08
                1.466E-05  3.376E-07  4.700E-07  8.267E-08  4.157E-08  2.755E-06
                2.613E-06  2.388E-06  6.241E-07  4.914E-06  1.474E-06  5.536E-06
                1.092E-07  2.910E-09  9.284E-09  1.743E-11  1.020E-06  1.311E-07
                1.414E-07  2.959E-10  1.491E-06  1.412E-07  2.380E-08  2.340E-06
                1.548E-06  3.409E-06  5.142E-06  3.799E-07  6.363E-07  1.559E-07
                2.305E-06  2.371E-06  6.222E-09  3.767E-08  3.035E-07  1.071E-06
                1.535E-05  2.846E-08  6.482E-11  2.021E-10  1.038E-10  7.886E-11
                6.627E-12  4.471E-07  2.522E-06  5.908E-08  1.763E-06  1.468E-06
                1.836E-07  7.408E-08  7.374E-06  2.615E-06  2.245E-07  3.070E-07
                8.579E-08  3.620E-09  1.438E-07  5.155E-07  3.580E-07  1.789E-08
                9.242E-08  6.649E-08  6.562E-09  4.893E-06  3.373E-08  1.865E-05
                9.188E-08  1.094E-07  2.177E-07  9.219E-07  2.209E-07  4.442E-07
                4.233E-07  4.244E-08  8.540E-06  1.654E-07  7.974E-07  1.008E-08
                3.727E-06  2.012E-05  2.279E-07  4.763E-07  2.772E-06  1.143E-06
                2.509E-06  7.076E-08  1.484E-07  2.010E-07  1.828E-10  7.559E-07
                4.515E-07  5.094E-09  1.869E-08  2.377E-07  2.471E-06  3.004E-06
                1.376E-07  2.188E-08  1.013E-07  5.779E-07  7.199E-09  6.935E-07
                1.522E-06  3.453E-09  4.233E-06  8.960E-07  2.021E-07  2.968E-07
                3.331E-06  1.114E-07  4.427E-07  6.305E-08  5.675E-07  5.800E-07
                4.340E-07  8.282E-06  1.587E-07  2.731E-06  6.231E-09  3.784E-07
                3.149E-07  8.903E-08  1.196E-06  2.060E-07  1.156E-06  1.041E-09
                7.381E-08  3.335E-06  3.418E-06  9.440E-08  4.466E-07  2.800E-07
                2.620E-08  2.893E-07  5.851E-07  3.891E-07  1.852E-07  2.681E-08
                4.065E-06  4.508E-07  3.106E-07  1.489E-07  3.261E-07  2.921E-07
                8.095E-06  4.330E-06  2.909E-07  6.734E-07  1.129E-06  1.409E-06
                1.391E-06  1.575E-07  3.500E-08  3.220E-10  2.434E-08  7.760E-08
                5.939E-07  9.934E-07  1.265E-06  2.967E-06  4.430E-07  5.377E-08
                5.574E-09  1.278E-07  1.853E-07  1.293E-07  3.984E-06
1.35419063E+02  3.130E-03  3.284E-03  2.571E-06  2.033E-03  1.313E-03  4.373E-06
                2.980E-06  9.156E-03  7.381E-06  4.492E-06  2.690E-04  5.809E-06
                4.257E-03  4.453E-05  6.640E-05  4.775E-07  4.749E-07  1.468E-06
                1.084E-06  1.038E-06  3.503E-09  1.501E-06  7.270E-07  1.135E-08
                6.418E-08  3.227E-07  2.196E-06  4.425E-07  1.320E-06  2.087E-06
                1.725E-06  3.507E-07  4.988E-06  1.687E-06  1.160E-06  3.861E-07
                1.002E-09  7.057E-07  6.550E-10  4.543E-06  4.285E-07  2.090E-06
                7.131E-07  1.451E-07  1.698E-07  6.008E-08  1.898E-07  6.385E-08
                1.045E-05  2.846E-07  3.175E-07  6.308E-08  2.504E-08  2.313E-06
                1.766E-06  1.609E-06  4.057E-07  3.305E-06  9.563E-07  4.571E-06
                9.357E-08  2.289E-09  7.058E-09  2.113E-11  6.495E-07  1.036E-07
                1.058E-07  1.909E-10  1.061E-06  9.197E-08  3.072E-08  1.889E-06
                1.223E-06  2.503E-06  3.607E-06  2.481E-07  4.597E-07  9.858E-08
                1.720E-06  1.766E-06  4.965E-09  2.991E-08  2.206E-07  7.260E-07
                1.114E-05  2.612E-08  4.904E-11  1.526E-10  7.432E-11  7.107E-11
                5.143E-12  3.354E-07  1.895E-06  3.894E-08  1.407E-06  1.187E-06
                1.320E-07  7.745E-08  5.332E-06  1.900E-06  1.732E-07  2.369E-07
                6.685E-08  3.031E-09  1.081E-07  4.073E-07  2.863E-07  1.492E-08
                8.146E-08  5.566E-08  5.732E-09  3.871E-06  2.488E-08  1.356E-05
                6.962E-08  8.377E-08  1.563E-07  7.243E-07  1.717E-07  3.352E-07
                3.183E-07  3.291E-08  6.197E-06  1.343E-07  6.465E-07  8.146E-09
                2.671E-06  1.481E-05  1.737E-07  3.499E-07  2.210E-06  8.998E-07
                1.861E-06  4.159E-08  1.005E-07  1.450E-07  1.520E-10  5.354E-07
                3.209E-07  3.821E-09  1.380E-08  1.746E-07  1.915E-06  2.325E-06
                8.022E-08  1.458E-08  6.909E-08  4.259E-07  4.878E-09  4.984E-07
                1.092E-06  2.820E-09  3.285E-06  6.870E-07  1.324E-07  2.263E-07
                2.558E-06  7.417E-08  2.994E-07  5.077E-08  3.880E-07  4.321E-07
                3.368E-07  6.161E-06  1.279E-07  2.151E-06  5.123E-09  2.787E-07
                2.206E-07  5.447E-08  1.005E-06  1.605E-07  8.924E-07  8.522E-10
                4.247E-08  2.576E-06  2.636E-06  6.576E-08  3.304E-07  2.202E-07
                1.970E-08  1.885E-07  4.520E-07  2.609E-07  1.459E-07  1.886E-08
                3.031E-06  3.197E-07  2.410E-07  1.300E-07  2.950E-07  2.257E-07
                6.052E-06  3.256E-06  2.042E-07  4.622E-07  8.300E-07  1.032E-06
                9.883E-07  9.841E-08  3.439E-08  2.851E-10  1.110E-08  5.087E-08
                4.692E-07  7.956E-07  9.814E-07  2.302E-06  3.223E-07  4.082E-08
                4.172E-09  9.598E-08  1.476E-07  1.022E-07  3.137E-06
1.49027063E+02  2.327E-03  2.455E-03  1.106E-06  1.516E-03  9.852E-04  3.196E-06
                2.062E-06  7.466E-03  5.133E-06  3.141E-06  2.186E-04  4.070E-06
                3.458E-03  3.432E-05  5.107E-05  4.655E-07  3.215E-07  1.059E-06
                8.069E-07  7.006E-07  3.360E-09  9.843E-07  5.029E-07  1.001E-08
                5.133E-08  3.265E-07  2.231E-06  2.905E-07  8.327E-07  1.374E-06
                1.182E-06  2.317E-07  3.534E-06  1.381E-06  8.079E-07  2.441E-07
                6.452E-10  4.532E-07  6.404E-10  3.315E-06  3.657E-07  1.522E-06
                5.117E-07  9.279E-08  1.121E-07  5.771E-08  1.931E-07  4.681E-08
                7.735E-06  2.458E-07  2.045E-07  4.539E-08  2.182E-08  2.003E-06
                1.265E-06  1.178E-06  2.765E-07  2.203E-06  6.676E-07  3.951E-06
                8.040E-08  1.673E-09  4.640E-09  2.496E-11  4.647E-07  8.185E-08
                8.227E-08  1.844E-10  7.474E-07  6.523E-08  2.147E-08  1.297E-06
                8.965E-07  2.041E-06  2.524E-06  1.815E-07  3.166E-07  6.978E-08
                1.108E-06  1.132E-06  4.298E-09  2.617E-08  1.582E-07  5.043E-07
                8.254E-06  1.433E-08  4.102E-11  1.268E-10  5.274E-11  5.573E-11
                3.866E-12  2.144E-07  1.220E-06  2.492E-08  1.157E-06  9.891E-07
                9.645E-08  6.239E-08  4.003E-06  1.415E-06  1.271E-07  1.747E-07
                4.743E-08  1.815E-09  7.751E-08  2.889E-07  2.122E-07  9.507E-09
                7.475E-08  3.498E-08  3.631E-09  2.447E-06  1.844E-08  1.135E-05
                5.270E-08  5.586E-08  1.130E-07  5.539E-07  1.293E-07  2.286E-07
                2.194E-07  2.615E-08  4.405E-06  1.192E-07  4.389E-07  5.116E-09
                2.003E-06  1.255E-05  1.260E-07  2.562E-07  1.429E-06  5.791E-07
                1.262E-06  2.477E-08  6.909E-08  1.050E-07  8.775E-11  3.861E-07
                2.317E-07  3.261E-09  1.180E-08  1.282E-07  1.523E-06  1.845E-06
                4.913E-08  1.208E-08  5.360E-08  2.969E-07  4.607E-09  3.758E-07
                8.199E-07  1.553E-09  2.592E-06  5.382E-07  9.315E-08  1.817E-07
                2.013E-06  5.132E-08  2.219E-07  3.657E-08  2.565E-07  3.489E-07
                2.362E-07  5.324E-06  7.905E-08  1.330E-06  3.852E-09  2.011E-07
                1.520E-07  3.425E-08  6.549E-07  1.278E-07  7.075E-07  8.452E-10
                2.546E-08  2.039E-06  2.079E-06  4.414E-08  2.336E-07  1.789E-07
                1.366E-08  1.248E-07  3.141E-07  1.753E-07  1.030E-07  1.377E-08
                2.567E-06  2.307E-07  1.682E-07  8.409E-08  1.969E-07  1.619E-07
                5.122E-06  2.758E-06  1.498E-07  2.982E-07  5.506E-07  7.819E-07
                7.197E-07  6.198E-08  3.157E-08  2.039E-10  5.262E-09  3.704E-08
                3.753E-07  6.459E-07  7.873E-07  1.828E-06  2.300E-07  3.019E-08
                4.314E-09  7.362E-08  1.204E-07  7.384E-08  2.530E-06
1.62635063E+02  1.656E-03  1.742E-03  1.812E-06  1.085E-03  6.993E-04  2.037E-06
                1.448E-06  6.024E-03  3.302E-06  2.042E-06  1.805E-04  2.854E-06
                2.867E-03  2.515E-05  3.759E-05  4.548E-07  2.282E-07  7.004E-07
                6.514E-07  4.561E-07  2.139E-09  6.977E-07  4.310E-07  1.323E-08
                5.098E-08  2.167E-07  1.484E-06  2.224E-07  5.826E-07  9.105E-07
                8.638E-07  1.645E-07  2.614E-06  9.293E-07  5.857E-07  1.612E-07
                4.312E-10  3.145E-07  4.244E-10  2.304E-06  2.663E-07  1.065E-06
                3.449E-07  5.838E-08  7.348E-08  4.823E-08  1.679E-07  3.446E-08
                5.620E-06  2.111E-07  1.435E-07  3.428E-08  1.963E-08  1.714E-06
                8.757E-07  8.175E-07  1.828E-07  1.553E-06  4.461E-07  3.330E-06
                7.267E-08  1.326E-09  3.838E-09  2.611E-11  3.007E-07  6.770E-08
                6.020E-08  1.175E-10  5.478E-07  4.244E-08  2.680E-08  1.117E-06
                7.137E-07  1.481E-06  1.806E-06  1.233E-07  2.318E-07  4.467E-08
                8.665E-07  8.856E-07  3.461E-09  2.113E-08  1.160E-07  3.511E-07
                6.051E-06  1.336E-08  3.118E-11  9.694E-11  3.875E-11  4.822E-11
                2.893E-12  1.674E-07  9.517E-07  1.677E-08  9.147E-07  7.889E-07
                7.236E-08  5.970E-08  2.919E-06  1.033E-06  9.764E-08  1.342E-07
                3.819E-08  1.692E-09  6.140E-08  2.351E-07  1.738E-07  8.430E-09
                6.962E-08  3.134E-08  3.013E-09  2.094E-06  1.391E-08  8.297E-06
                3.935E-08  4.463E-08  8.377E-08  4.273E-07  9.892E-08  1.780E-07
                1.719E-07  2.025E-08  3.257E-06  1.004E-07  3.740E-07  4.084E-09
                1.465E-06  9.278E-06  9.717E-08  1.910E-07  1.218E-06  4.880E-07
                9.630E-07  1.485E-08  4.926E-08  7.877E-08  7.924E-11  2.897E-07
                1.741E-07  2.286E-09  8.133E-09  9.684E-08  1.186E-06  1.438E-06
                2.928E-08  8.077E-09  3.682E-08  2.500E-07  3.043E-09  2.756E-07
                6.027E-07  1.287E-09  2.019E-06  4.144E-07  6.243E-08  1.429E-07
                1.554E-06  3.561E-08  1.543E-07  2.971E-08  1.825E-07  2.548E-07
                1.865E-07  4.045E-06  6.840E-08  1.113E-06  3.033E-09  1.527E-07
                1.113E-07  2.159E-08  5.928E-07  9.965E-08  5.473E-07  6.327E-10
                1.461E-08  1.581E-06  1.612E-06  3.171E-08  1.786E-07  1.366E-07
                1.172E-08  8.464E-08  2.553E-07  1.236E-07  8.380E-08  1.023E-08
                1.937E-06  1.698E-07  1.331E-07  8.059E-08  1.939E-07  1.271E-07
                3.860E-06  2.084E-06  1.097E-07  2.249E-07  4.535E-07  5.852E-07
                5.238E-07  3.975E-08  2.707E-08  1.484E-10  3.392E-09  2.479E-08
                2.984E-07  5.196E-07  6.141E-07  1.441E-06  1.714E-07  2.336E-08
                2.823E-09  5.669E-08  9.658E-08  5.798E-08  2.011E-06
1.76243063E+02  1.341E-03  1.411E-03  9.472E-07  8.721E-04  5.662E-04  2.093E-06
                1.121E-06  4.841E-03  2.852E-06  1.716E-06  1.430E-04  2.080E-06
                2.269E-03  1.868E-05  2.795E-05  4.339E-07  1.643E-07  5.634E-07
                5.226E-07  3.300E-07  2.168E-09  4.845E-07  3.087E-07  1.477E-08
                5.014E-08  1.916E-07  1.311E-06  1.472E-07  3.629E-07  6.108E-07
                6.465E-07  1.156E-07  2.110E-06  7.354E-07  4.383E-07  1.024E-07
                2.823E-10  2.083E-07  3.412E-10  1.927E-06  2.262E-07  8.662E-07
                2.855E-07  4.372E-08  5.428E-08  4.515E-08  1.640E-07  3.003E-08
                4.537E-06  1.852E-07  9.940E-08  2.895E-08  2.090E-08  1.508E-06
                6.968E-07  6.746E-07  1.364E-07  1.087E-06  3.461E-07  2.934E-06
                6.561E-08  1.022E-09  2.293E-09  2.544E-11  2.415E-07  5.621E-08
                4.732E-08  1.071E-10  4.076E-07  3.445E-08  2.074E-08  6.979E-07
                5.408E-07  1.251E-06  1.374E-06  9.895E-08  1.752E-07  3.535E-08
                5.525E-07  5.570E-07  2.537E-09  1.548E-08  9.006E-08  2.639E-07
                4.863E-06  1.171E-08  2.619E-11  8.020E-11  2.843E-11  4.153E-11
                2.145E-12  1.061E-07  6.151E-07  1.092E-08  7.513E-07  6.503E-07
                5.717E-08  6.311E-08  2.362E-06  8.378E-07  7.405E-08  1.028E-07
                2.748E-08  1.063E-09  4.502E-08  1.724E-07  1.337E-07  5.344E-09
                6.577E-08  1.949E-08  2.243E-09  1.214E-06  1.011E-08  7.206E-06
                3.251E-08  2.829E-08  6.733E-08  3.462E-07  7.723E-08  1.188E-07
                1.174E-07  1.566E-08  2.472E-06  9.478E-08  2.380E-07  3.831E-09
                1.166E-06  8.140E-06  7.099E-08  1.333E-07  7.336E-07  2.913E-07
                6.782E-07  8.949E-09  3.240E-08  5.326E-08  3.945E-11  1.956E-07
                1.178E-07  1.957E-09  6.942E-09  7.824E-08  9.636E-07  1.166E-06
                1.846E-08  7.828E-09  3.032E-08  1.762E-07  2.309E-09  2.195E-07
                4.742E-07  7.227E-10  1.633E-06  3.348E-07  4.818E-08  1.170E-07
                1.265E-06  2.562E-08  1.230E-07  2.322E-08  1.259E-07  2.086E-07
                1.371E-07  3.615E-06  4.109E-08  6.721E-07  2.257E-09  1.036E-07
                7.302E-08  1.395E-08  3.640E-07  8.191E-08  4.486E-07  5.029E-10
                8.533E-09  1.288E-06  1.310E-06  2.100E-08  1.202E-07  1.149E-07
                7.527E-09  5.803E-08  1.862E-07  8.323E-08  6.100E-08  7.469E-09
                1.654E-06  1.255E-07  9.798E-08  4.881E-08  1.216E-07  9.191E-08
                3.262E-06  1.760E-06  8.459E-08  1.390E-07  2.827E-07  4.643E-07
                4.048E-07  2.604E-08  3.586E-08  1.864E-10  1.196E-09  2.030E-08
                2.412E-07  4.224E-07  4.941E-07  1.148E-06  1.198E-07  2.162E-08
                4.348E-09  4.411E-08  7.876E-08  4.351E-08  1.621E-06
1.89851063E+02  9.840E-04  1.045E-03  3.065E-07  6.494E-04  4.228E-04  1.008E-06
                7.274E-07  4.353E-03  1.541E-06  9.826E-07  1.311E-04  1.580E-06
                2.086E-03  1.647E-05  2.452E-05  4.053E-07  1.174E-07  4.395E-07
                4.200E-07  2.594E-07  1.393E-09  3.253E-07  2.406E-07  1.254E-08
                3.855E-08  1.974E-07  1.355E-06  1.106E-07  2.687E-07  4.179E-07
                4.489E-07  7.840E-08  1.381E-06  6.661E-07  2.963E-07  6.542E-08
                1.872E-10  1.492E-07  4.140E-10  1.300E-06  1.998E-07  5.770E-07
                1.863E-07  2.508E-08  3.479E-08  3.683E-08  1.372E-07  2.079E-08
                3.149E-06  1.599E-07  6.540E-08  1.702E-08  2.040E-08  1.302E-06
                4.661E-07  4.526E-07  8.678E-08  7.524E-07  2.300E-07  2.527E-06
                5.486E-08  7.508E-10  2.215E-09  2.591E-11  1.627E-07  4.478E-08
                3.359E-08  8.463E-11  2.852E-07  2.107E-08  1.882E-08  6.969E-07
                4.160E-07  9.523E-07  9.159E-07  7.293E-08  1.197E-07  2.358E-08
                4.087E-07  4.195E-07  2.961E-09  1.839E-08  6.119E-08  1.810E-07
                3.288E-06  4.303E-09  2.323E-11  7.307E-11  2.129E-11  2.702E-11
                1.556E-12  7.751E-08  4.392E-07  7.491E-09  6.260E-07  5.504E-07
                4.219E-08  3.191E-08  1.614E-06  5.588E-07  5.358E-08  7.419E-08
                2.127E-08  9.205E-10  3.487E-08  1.312E-07  1.024E-07  4.659E-09
                5.847E-08  1.708E-08  1.748E-09  1.138E-06  8.302E-09  5.603E-06
                2.577E-08  2.465E-08  4.963E-08  2.497E-07  5.569E-08  9.239E-08
                9.114E-08  1.249E-08  1.639E-06  7.726E-08  2.160E-07  1.488E-09
                8.447E-07  6.382E-06  5.509E-08  1.077E-07  6.765E-07  2.674E-07
                4.598E-07  5.691E-09  2.692E-08  4.652E-08  3.975E-11  1.743E-07
                1.046E-07  1.246E-09  4.359E-09  5.717E-08  7.621E-07  9.252E-07
                1.176E-08  5.650E-09  2.508E-08  1.477E-07  2.046E-09  1.619E-07
                3.513E-07  5.872E-10  1.275E-06  2.570E-07  3.400E-08  1.018E-07
                9.686E-07  1.972E-08  9.938E-08  1.542E-08  9.177E-08  1.611E-07
                1.004E-07  2.904E-06  3.472E-08  5.386E-07  1.720E-09  9.021E-08
                6.116E-08  9.255E-09  3.464E-07  6.358E-08  3.460E-07  5.038E-10
                5.003E-09  1.001E-06  1.015E-06  1.626E-08  1.023E-07  8.483E-08
                7.280E-09  4.232E-08  1.412E-07  6.526E-08  4.612E-08  6.317E-09
                1.355E-06  1.003E-07  7.256E-08  4.815E-08  1.227E-07  7.028E-08
                2.694E-06  1.452E-06  6.459E-08  1.219E-07  2.631E-07  3.463E-07
                2.914E-07  1.732E-08  1.510E-08  5.566E-11  2.298E-09  1.302E-08
                1.972E-07  3.527E-07  4.025E-07  9.407E-07  9.357E-08  1.323E-08
                1.531E-09  3.586E-08  6.525E-08  3.064E-08  1.346E-06
2.03459063E+02  7.353E-04  7.648E-04  3.606E-06  4.775E-04  3.068E-04  9.706E-07
                5.514E-07  3.230E-03  1.325E-06  8.331E-07  9.943E-05  1.077E-06
                1.589E-03  1.012E-05  1.527E-05  4.119E-07  9.040E-08  3.070E-07
                3.898E-07  1.635E-07  1.337E-09  2.604E-07  2.174E-07  2.012E-08
                5.116E-08  6.331E-08  4.281E-07  8.560E-08  1.770E-07  2.594E-07
                3.819E-07  6.333E-08  1.283E-06  2.803E-07  2.435E-07  4.147E-08
                1.284E-10  1.149E-07  1.036E-10  1.025E-06  1.060E-07  4.595E-07
                1.452E-07  1.930E-08  2.488E-08  3.131E-08  1.238E-07  1.869E-08
                2.525E-06  1.515E-07  5.140E-08  1.877E-08  1.924E-08  1.231E-06
                3.609E-07  3.526E-07  6.269E-08  5.486E-07  1.627E-07  2.350E-06
                5.385E-08  6.415E-10  1.280E-09  2.128E-11  1.066E-07  3.696E-08
                2.486E-08  5.241E-11  2.246E-07  1.665E-08  2.266E-08  4.105E-07
                3.487E-07  6.835E-07  7.382E-07  5.187E-08  9.532E-08  1.520E-08
                3.322E-07  3.313E-07  1.263E-09  7.658E-09  5.042E-08  1.316E-07
                2.794E-06  1.596E-08  1.455E-11  4.464E-11  1.641E-11  3.407E-11
                1.161E-12  6.322E-08  3.710E-07  5.376E-09  4.522E-07  3.935E-07
                3.709E-08  7.205E-08  1.334E-06  4.790E-07  4.483E-08  6.234E-08
                1.721E-08  7.992E-10  2.971E-08  1.108E-07  8.842E-08  3.704E-09
                6.780E-08  1.353E-08  1.600E-09  7.292E-07  5.229E-09  4.058E-06
                1.773E-08  1.583E-08  4.367E-08  2.213E-07  4.634E-08  6.772E-08
                7.022E-08  9.338E-09  1.474E-06  7.511E-08  1.474E-07  3.963E-09
                6.450E-07  4.692E-06  4.303E-08  7.072E-08  4.424E-07  1.728E-07
                4.184E-07  3.168E-09  1.480E-08  2.592E-08  1.905E-11  9.592E-08
                5.811E-08  1.094E-09  3.785E-09  5.204E-08  5.850E-07  7.090E-07
                6.793E-09  4.432E-09  1.400E-08  1.428E-07  7.928E-10  1.208E-07
                2.610E-07  3.732E-10  9.880E-07  2.000E-07  2.390E-08  7.362E-08
                7.786E-07  1.261E-08  6.066E-08  1.796E-08  6.799E-08  1.139E-07
                8.546E-08  2.240E-06  2.603E-08  4.086E-07  1.333E-09  5.074E-08
                3.477E-08  5.833E-09  2.386E-07  5.014E-08  2.716E-07  2.382E-10
                2.463E-09  7.791E-07  7.942E-07  9.761E-09  5.987E-08  7.174E-08
                4.973E-09  2.706E-08  1.361E-07  4.124E-08  4.318E-08  4.050E-09
                9.771E-07  6.832E-08  6.285E-08  3.448E-08  8.882E-08  5.507E-08
                1.893E-06  1.023E-06  4.781E-08  7.084E-08  1.723E-07  2.715E-07
                2.259E-07  1.081E-08  3.646E-08  2.092E-10  1.547E-09  1.136E-08
                1.517E-07  2.685E-07  2.983E-07  7.059E-07  6.176E-08  1.648E-08
                3.771E-09  2.570E-08  5.024E-08  2.809E-08  1.004E-06
