          16           7
         215          13           1           1
           0          -4           0          -4           0          -6           0          -2           0          -4           0           6           0           4           0           2           0           4           0           6           0           2           0           4           0           2           0          -4           0          -2           0           2           0           4           0           6           0           2           0           4           0           6           0           4           0          -2           0          -2           0          -4           0          -6           0          -8           0          -2           0          -4           0          -6           0          -4           0           2           0          -4           0          -6           0          -2           0          -4           0          -6           0          -6           0          -8           0          -4           0          -6           0          -2           0          -4           0           4           0           6           0           8           0          10           0           4           0          -4           0           2           0           6           0           4           0           8           0           2           0          -4           0          -2           0           6           0           6           0           4           0           2           0           8           0           4           0           6           0           8           0           4           0           6           0           8           0          10           0           4           0           6           0           8           0           6           0           4           0           2           0           6           0           2           0           4           0           2           0          -4           0          -2           0          -6           0          -8           0           6           0           4           0          -4           0          -6           0          -2           0          -4           0          -6           0          -8           0         -10           0          -2           0          -4           0          -6           0          -4           0          -2           0          -6           0          -8           0          -2           0          -4           0           2           0           4           0           6           0           8           0           4           0           4           0           6           0           8           0           2           0          10           0           8           0           6           0           4           0           2           0           6           0           6           0           4           0           4           0           2           0           4           0           6           0           8           0          -4           0           2           0           4           0          -6           0          -4           0           2           0           4           0           6           0           4           0           6           0          -2           0          -4           0          -6           0          -8           0         -10           0          -6           0          -8           0         -10           0         -12           0           2           0          -2           0          -4           0          -6           0          -8           0          -2           0          -8           0         -10           0          -4           0          -2           0          -6           0          -4           0          -2           0          -4           0          -2           0          -4           0          -6           0          -4           0          -8           0          -6           0           2           0           4           0           2           0           4           0           6           0         -10           0          -8           0          -6           0          -4           0           6           0          -2           0          -4           0           8           0          -6           0          -2           0          -4           0          -6           0          -8           0           4           0           6           0          -4           0          -6           0          -6           0          -8           0          -2           0           2           0          -4           0           4           0           6           0           4           0           4           0           2           0           2           0          -4           0          -6           0          -8           0          -2           0          -4           0          -6           0          -8           0         -10           0          -8           0          -6           0          -4           0          -2           0          -2           0          -4           0          -6           0          -6           0          -8           0          -4           0          -2           0          -6           0          -4
    0.000000E+00    9.645106E-03    9.843162E-03    1.435602E-02    1.458263E-02
    4.247197E-02    4.320385E-02    4.360158E-02    5.944295E-02    5.948713E-02
    6.922989E-02    7.316769E-02    7.411300E-02    1.134727E-01    1.147319E-01
    2.354040E-01    2.358931E-01    2.366026E-01    2.382857E-01    2.391328E-01
    2.438023E-01    2.438287E-01    2.461520E-01    2.471700E-01    2.474363E-01
    2.479076E-01    2.485433E-01    2.486026E-01    2.487216E-01    2.491410E-01
    2.502551E-01    2.507374E-01    2.510783E-01    2.511300E-01    2.524691E-01
    2.524772E-01    2.554279E-01    2.561102E-01    2.563381E-01    2.591442E-01
    2.591854E-01    2.609226E-01    2.615363E-01    2.619649E-01    2.622131E-01
    2.625883E-01    2.631076E-01    2.632646E-01    2.633261E-01    2.634365E-01
    2.637297E-01    2.638533E-01    2.640096E-01    2.643758E-01    2.644930E-01
    2.645338E-01    2.648466E-01    2.652759E-01    2.655531E-01    2.656939E-01
    2.657640E-01    2.676748E-01    2.677713E-01    2.679166E-01    2.688115E-01
    2.690337E-01    2.711118E-01    2.712141E-01    2.720014E-01    2.721113E-01
    2.724223E-01    2.724984E-01    2.725578E-01    2.726085E-01    2.727219E-01
    2.737570E-01    2.740430E-01    2.746587E-01    2.763855E-01    2.763956E-01
    2.763957E-01    2.764682E-01    2.789238E-01    2.791446E-01    2.808157E-01
    2.808428E-01    2.816082E-01    2.816156E-01    2.816277E-01    2.816445E-01
    2.816660E-01    2.832213E-01    2.832636E-01    2.833497E-01    2.872720E-01
    2.872722E-01    2.872783E-01    2.873017E-01    2.873787E-01    2.874354E-01
    2.875828E-01    2.876419E-01    2.877951E-01    2.879672E-01    2.884374E-01
    2.885530E-01    2.886000E-01    2.886971E-01    2.887362E-01    2.888178E-01
    2.901974E-01    2.902310E-01    2.934227E-01    2.936053E-01    2.936679E-01
    2.948139E-01    2.948751E-01    2.949134E-01    2.954910E-01    2.955387E-01
    2.955818E-01    2.956302E-01    2.974080E-01    2.974265E-01    2.978254E-01
    2.979930E-01    2.980044E-01    2.981863E-01    2.981951E-01    2.982014E-01
    2.986863E-01    2.989406E-01    2.997979E-01    3.013547E-01    3.014398E-01
    3.015665E-01    3.017420E-01    3.025165E-01    3.025355E-01    3.025686E-01
    3.026262E-01    3.032771E-01    3.036433E-01    3.036673E-01    3.036996E-01
    3.037196E-01    3.041292E-01    3.046134E-01    3.046301E-01    3.048276E-01
    3.048611E-01    3.049614E-01    3.051740E-01    3.052844E-01    3.060373E-01
    3.062721E-01    3.065126E-01    3.067251E-01    3.072820E-01    3.083217E-01
    3.083847E-01    3.085481E-01    3.086063E-01    3.093086E-01    3.093690E-01
    3.093750E-01    3.093804E-01    3.094500E-01    3.095030E-01    3.095365E-01
    3.096086E-01    3.096683E-01    3.098305E-01    3.098337E-01    3.100372E-01
    3.110986E-01    3.111053E-01    3.111248E-01    3.111449E-01    3.124031E-01
    3.124222E-01    3.126400E-01    3.132139E-01    3.132929E-01    3.134326E-01
    3.163175E-01    3.165548E-01    3.167011E-01    3.167161E-01    3.173537E-01
    3.174815E-01    3.194473E-01    3.198310E-01    3.206567E-01    3.235572E-01
    3.235827E-01    3.236877E-01    3.236885E-01    3.238034E-01    3.239013E-01
    3.239634E-01    3.240075E-01    3.245628E-01    3.245933E-01    3.263728E-01
    3.264517E-01    3.271738E-01    3.284075E-01    3.287843E-01    3.314323E-01
    3.314556E-01    3.324856E-01    3.325179E-01    3.327131E-01    3.333147E-01
           0           0           0           1
  -27.915863041215566               13
2.82560630E+01  3.876E-02
4.18640630E+01  1.205E-01  1.211E-01  1.061E-04  7.471E-02  4.833E-02  2.757E-04
                2.113E-04  9.229E-02  7.209E-04  2.480E-04  2.114E-03  2.431E-04
                3.050E-02  1.075E-03  1.602E-03
5.54720630E+01  5.042E-02  5.329E-02  3.701E-05  3.270E-02  2.136E-02  7.229E-05
                5.066E-05  5.722E-02  1.530E-04  8.733E-05  1.532E-03  1.064E-04
                2.352E-02  5.951E-04  8.798E-04  2.716E-06  5.480E-06  4.001E-05
                8.408E-06  2.593E-05  2.173E-08  1.331E-05  1.486E-05  9.120E-07
                3.189E-06  2.807E-06  1.460E-05  8.006E-06  2.214E-05  3.484E-05
                4.145E-05  3.208E-06  1.701E-04  2.270E-05  2.398E-05  5.294E-06
                1.516E-08  2.206E-05  4.009E-09  1.222E-04  4.503E-06  5.322E-05
                2.399E-05  7.943E-06  7.229E-06  2.585E-07  6.923E-07  2.191E-06
                1.479E-04  1.795E-06  4.630E-06  1.579E-06  1.371E-06  1.696E-05
                4.027E-05  4.265E-05  1.191E-05  7.897E-05  5.672E-05  4.769E-05
                5.781E-07  1.939E-08  6.554E-08  4.789E-10  4.340E-05  1.057E-06
                2.631E-08  6.008E-10  1.594E-05  2.923E-06  2.273E-07  1.369E-05
                7.513E-06  1.299E-05  6.006E-05  1.603E-05  9.294E-06  6.415E-06
                1.543E-05  1.504E-05  1.542E-07  6.586E-07  2.327E-06  2.610E-05
                1.209E-04  2.499E-07  4.003E-10  1.368E-09  3.861E-10  2.334E-10
                7.717E-12  2.442E-06  1.499E-05  6.685E-07  5.433E-06  4.320E-06
                1.036E-06  2.251E-06  5.521E-05  2.064E-05  1.478E-06  1.650E-06
                7.699E-07  4.882E-08  1.255E-06  4.730E-06  3.052E-06  7.286E-08
                6.067E-06  2.856E-07  5.331E-08  3.633E-05  1.828E-07  1.381E-04
                5.509E-07  1.094E-06  1.638E-06  3.873E-06  1.109E-06  2.626E-06
                2.355E-06  1.028E-07  6.714E-05  2.436E-06  5.127E-06  1.701E-07
                2.372E-05  1.317E-04  2.391E-06  4.221E-06  1.830E-05  7.658E-06
                1.694E-05  2.824E-06  3.326E-06  2.791E-06  1.518E-09  1.329E-05
                7.775E-06  3.062E-09  5.759E-09  2.173E-06  1.782E-05  2.210E-05
                4.553E-06  3.226E-07  1.484E-06  2.743E-05  3.318E-09  4.135E-06
                9.187E-06  2.434E-07  3.244E-05  7.609E-06  4.297E-06  2.098E-06
                2.035E-05  1.714E-06  7.989E-06  1.389E-06  7.445E-06  2.411E-06
                3.336E-06  7.021E-05  1.471E-06  2.308E-05  7.225E-10  4.815E-06
                5.974E-06  3.166E-06  9.246E-06  1.634E-06  9.552E-06  1.700E-08
                3.526E-06  2.459E-05  2.580E-05  1.413E-06  6.160E-06  1.673E-06
                4.984E-07  4.631E-06  1.524E-05  5.897E-06  5.048E-06  3.863E-07
                2.060E-05  4.370E-06  2.283E-06  1.387E-06  3.805E-06  3.037E-06
                3.596E-05  1.752E-05  6.269E-06  1.555E-05  3.577E-05  1.876E-05
                2.019E-05  4.928E-06  4.504E-06  2.502E-10  1.709E-06  8.332E-07
                1.499E-06  2.538E-06  3.539E-06  2.038E-05  6.417E-06  1.224E-06
                2.938E-07  7.480E-07  6.678E-07  1.620E-06  1.700E-05
6.90800630E+01  2.659E-02  2.796E-02  1.752E-05  1.717E-02  1.119E-02  3.799E-05
                2.663E-05  3.816E-02  7.809E-05  4.563E-05  1.049E-03  5.616E-05
                1.629E-02  3.295E-04  4.872E-04  1.139E-06  3.667E-06  2.003E-05
                6.125E-06  1.392E-05  1.334E-08  1.060E-05  5.635E-06  3.581E-07
                1.150E-06  1.305E-06  7.671E-06  3.800E-06  1.259E-05  1.948E-05
                1.922E-05  2.502E-06  6.697E-05  1.203E-05  1.134E-05  3.273E-06
                9.096E-09  9.809E-06  2.954E-09  5.545E-05  2.325E-06  2.405E-05
                1.028E-05  3.040E-06  2.947E-06  1.506E-07  3.993E-07  8.700E-07
                8.152E-05  6.979E-07  2.722E-06  5.462E-07  5.037E-07  5.998E-06
                1.919E-05  1.927E-05  5.211E-06  3.774E-05  1.762E-05  1.523E-05
                2.710E-07  1.129E-08  4.264E-08  8.600E-11  1.328E-05  5.570E-07
                1.579E-07  6.219E-10  8.820E-06  1.201E-06  6.597E-08  8.318E-06
                4.535E-06  1.046E-05  3.213E-05  4.742E-06  4.284E-06  2.023E-06
                1.009E-05  1.023E-05  4.347E-08  2.197E-07  1.477E-06  9.676E-06
                7.299E-05  1.420E-07  2.235E-10  7.124E-10  3.809E-10  1.958E-10
                2.911E-12  1.780E-06  1.032E-05  3.854E-07  4.541E-06  3.515E-06
                7.845E-07  5.674E-07  3.399E-05  1.226E-05  7.586E-07  9.524E-07
                2.981E-07  2.463E-08  6.455E-07  2.003E-06  1.280E-06  6.265E-08
                9.326E-07  2.450E-07  3.777E-08  2.056E-05  1.362E-07  7.778E-05
                4.058E-07  4.775E-07  1.036E-06  2.356E-06  6.229E-07  1.517E-06
                1.386E-06  9.847E-08  4.018E-05  8.716E-07  2.655E-06  6.630E-08
                1.695E-05  7.760E-05  9.161E-07  1.760E-06  1.068E-05  4.454E-06
                1.091E-05  9.893E-07  1.339E-06  1.321E-06  3.077E-09  6.675E-06
                3.906E-06  1.188E-08  2.025E-08  1.139E-06  9.636E-06  1.192E-05
                1.704E-06  1.841E-07  7.125E-07  9.925E-06  4.953E-09  3.117E-06
                6.839E-06  6.109E-08  1.723E-05  3.893E-06  1.753E-06  1.257E-06
                1.202E-05  8.317E-07  3.466E-06  5.005E-07  3.964E-06  1.501E-06
                1.719E-06  3.678E-05  7.026E-07  1.239E-05  5.197E-09  2.462E-06
                2.604E-06  1.092E-06  5.047E-06  8.321E-07  4.754E-06  7.257E-09
                1.131E-06  1.305E-05  1.364E-05  6.884E-07  2.920E-06  7.578E-07
                2.269E-07  2.261E-06  5.834E-06  2.940E-06  1.797E-06  1.714E-07
                1.360E-05  2.475E-06  1.195E-06  7.261E-07  1.737E-06  1.122E-06
                2.510E-05  1.265E-05  2.347E-06  7.380E-06  1.512E-05  8.127E-06
                8.932E-06  1.822E-06  1.065E-06  3.176E-09  6.859E-07  4.557E-07
                1.637E-06  2.655E-06  3.543E-06  1.100E-05  2.852E-06  4.525E-07
                5.768E-08  5.165E-07  4.757E-07  6.695E-07  1.204E-05
8.26880630E+01  1.537E-02  1.612E-02  1.012E-05  9.917E-03  6.436E-03  2.143E-05
                1.544E-05  2.680E-02  4.287E-05  2.541E-05  7.530E-04  3.187E-05
                1.177E-02  1.995E-04  2.950E-04  7.626E-07  2.414E-06  1.110E-05
                4.144E-06  7.954E-06  1.051E-08  7.243E-06  2.857E-06  1.626E-07
                4.920E-07  8.256E-07  5.229E-06  2.145E-06  7.575E-06  1.170E-05
                1.014E-05  1.696E-06  3.149E-05  7.242E-06  6.136E-06  2.076E-06
                5.632E-09  5.027E-06  2.054E-09  2.838E-05  1.403E-06  1.240E-05
                5.004E-06  1.399E-06  1.421E-06  1.047E-07  2.676E-07  4.220E-07
                4.811E-05  5.249E-07  1.748E-06  2.809E-07  2.515E-07  4.328E-06
                1.028E-05  9.875E-06  2.664E-06  2.053E-05  7.518E-06  9.580E-06
                1.982E-07  7.477E-09  2.844E-08  2.606E-11  5.433E-06  3.528E-07
                2.200E-07  5.363E-10  5.063E-06  6.024E-07  3.264E-08  5.796E-06
                3.420E-06  7.818E-06  1.823E-05  1.926E-06  2.284E-06  8.379E-07
                6.772E-06  6.962E-06  1.665E-08  9.767E-08  9.244E-07  4.605E-06
                4.563E-05  9.099E-08  1.561E-10  4.951E-10  2.928E-10  1.198E-10
                1.125E-11  1.263E-06  7.159E-06  2.280E-07  3.498E-06  2.750E-06
                5.566E-07  1.954E-07  2.152E-05  7.655E-06  5.149E-07  6.860E-07
                2.003E-07  1.287E-08  3.992E-07  1.273E-06  8.250E-07  4.547E-08
                2.318E-07  1.750E-07  2.147E-08  1.363E-05  9.023E-08  4.885E-05
                2.631E-07  2.937E-07  6.858E-07  1.840E-06  4.555E-07  1.086E-06
                1.027E-06  8.214E-08  2.531E-05  4.290E-07  1.837E-06  3.537E-08
                1.113E-05  5.010E-05  5.577E-07  1.121E-06  7.309E-06  3.048E-06
                7.172E-06  4.263E-07  6.668E-07  7.479E-07  7.147E-10  3.280E-06
                1.932E-06  5.907E-09  2.072E-08  7.112E-07  6.022E-06  7.417E-06
                7.789E-07  7.859E-08  3.701E-07  3.772E-06  8.166E-09  2.059E-06
                4.524E-06  2.139E-08  1.058E-05  2.337E-06  8.681E-07  7.882E-07
                8.007E-06  4.539E-07  1.772E-06  2.040E-07  2.232E-06  1.192E-06
                1.120E-06  2.178E-05  4.514E-07  7.947E-06  7.381E-09  1.317E-06
                1.284E-06  4.804E-07  3.218E-06  5.124E-07  2.915E-06  2.426E-09
                4.525E-07  8.272E-06  8.584E-06  3.681E-07  1.558E-06  5.203E-07
                1.047E-07  1.227E-06  2.487E-06  1.590E-06  7.367E-07  9.416E-08
                9.455E-06  1.502E-06  8.045E-07  4.240E-07  9.263E-07  6.970E-07
                1.808E-05  9.355E-06  1.127E-06  3.457E-06  6.350E-06  4.406E-06
                4.824E-06  8.232E-07  2.885E-07  4.539E-10  2.781E-07  2.930E-07
                1.247E-06  2.003E-06  2.691E-06  6.943E-06  1.543E-06  2.191E-07
                2.185E-08  3.454E-07  3.664E-07  3.470E-07  8.509E-06
9.62960630E+01  9.573E-03  1.005E-02  5.242E-06  6.185E-03  4.016E-03  1.303E-05
                9.350E-06  1.965E-02  2.538E-05  1.531E-05  5.588E-04  1.937E-05
                8.770E-03  1.294E-04  1.915E-04  5.995E-07  1.537E-06  6.255E-06
                2.782E-06  4.516E-06  8.348E-09  4.734E-06  1.736E-06  7.201E-08
                2.346E-07  6.090E-07  4.004E-06  1.321E-06  4.658E-06  7.264E-06
                5.877E-06  1.105E-06  1.716E-05  4.674E-06  3.682E-06  1.326E-06
                3.506E-09  2.809E-06  1.391E-09  1.622E-05  9.459E-07  7.158E-06
                2.761E-06  7.075E-07  7.481E-07  8.726E-08  2.370E-07  2.268E-07
                3.043E-05  4.584E-07  1.094E-06  1.703E-07  1.371E-07  3.755E-06
                6.056E-06  5.666E-06  1.521E-06  1.181E-05  3.860E-06  7.843E-06
                1.644E-07  5.184E-09  1.851E-08  1.323E-11  2.730E-06  2.396E-07
                2.093E-07  4.553E-10  3.157E-06  3.426E-07  2.895E-08  4.095E-06
                2.596E-06  5.851E-06  1.123E-05  9.785E-07  1.394E-06  4.206E-07
                4.634E-06  4.776E-06  9.684E-09  5.889E-08  6.102E-07  2.573E-06
                3.029E-05  5.894E-08  1.100E-10  3.465E-10  2.032E-10  1.050E-10
                9.981E-12  8.871E-07  5.003E-06  1.378E-07  2.695E-06  2.163E-06
                3.699E-07  1.045E-07  1.438E-05  5.120E-06  3.852E-07  5.209E-07
                1.485E-07  8.093E-09  2.673E-07  9.104E-07  6.018E-07  3.379E-08
                1.335E-07  1.274E-07  1.488E-08  9.337E-06  6.304E-08  3.349E-05
                1.760E-07  2.047E-07  4.491E-07  1.471E-06  3.599E-07  8.061E-07
                7.647E-07  6.445E-08  1.708E-05  2.770E-07  1.362E-06  2.140E-08
                7.340E-06  3.502E-05  3.999E-07  8.243E-07  5.146E-06  2.147E-06
                4.965E-06  2.122E-07  3.563E-07  4.233E-07  4.264E-10  1.732E-06
                1.025E-06  6.281E-09  2.292E-08  4.689E-07  4.215E-06  5.164E-06
                4.033E-07  4.856E-08  2.207E-07  1.581E-06  8.792E-09  1.358E-06
                2.984E-06  9.202E-09  7.303E-06  1.585E-06  4.902E-07  5.366E-07
                5.736E-06  2.637E-07  1.020E-06  1.160E-07  1.318E-06  9.406E-07
                7.868E-07  1.458E-05  3.085E-07  5.392E-06  8.205E-09  7.695E-07
                7.122E-07  2.478E-07  2.198E-06  3.532E-07  2.005E-06  1.261E-09
                2.221E-07  5.756E-06  5.944E-06  2.136E-07  9.123E-07  4.155E-07
                5.777E-08  7.096E-07  1.269E-06  9.206E-07  3.789E-07  5.762E-08
                6.819E-06  9.465E-07  5.695E-07  2.776E-07  5.889E-07  5.091E-07
                1.332E-05  7.008E-06  6.448E-07  1.768E-06  2.960E-06  2.775E-06
                2.943E-06  4.309E-07  9.006E-08  4.412E-10  1.109E-07  1.767E-07
                9.599E-07  1.557E-06  2.065E-06  5.005E-06  9.199E-07  1.192E-07
                1.047E-08  2.365E-07  2.887E-07  2.274E-07  6.436E-06
1.09904063E+02  6.255E-03  6.561E-03  4.186E-06  4.043E-03  2.619E-03  8.921E-06
                6.171E-06  1.465E-02  1.624E-05  9.794E-06  4.220E-04  1.236E-05
                6.647E-03  8.508E-05  1.264E-04  5.202E-07  1.012E-06  3.624E-06
                1.960E-06  2.642E-06  5.571E-09  3.181E-06  1.263E-06  2.871E-08
                1.248E-07  4.767E-07  3.193E-06  8.957E-07  3.000E-06  4.682E-06
                3.695E-06  7.423E-07  1.049E-05  3.192E-06  2.380E-06  8.715E-07
                2.268E-09  1.683E-06  1.052E-09  9.868E-06  7.014E-07  4.420E-06
                1.627E-06  3.874E-07  4.252E-07  7.144E-08  1.972E-07  1.371E-07
                2.023E-05  3.841E-07  7.083E-07  1.172E-07  6.826E-08  3.133E-06
                3.781E-06  3.457E-06  9.273E-07  7.357E-06  2.239E-06  6.360E-06
                1.267E-07  3.909E-09  1.345E-08  1.279E-11  1.550E-06  1.708E-07
                1.708E-07  3.122E-10  2.113E-06  2.082E-07  3.178E-08  3.232E-06
                2.034E-06  4.276E-06  7.397E-06  5.641E-07  9.357E-07  2.377E-07
                3.320E-06  3.425E-06  7.412E-09  4.489E-08  4.240E-07  1.590E-06
                2.076E-05  4.727E-08  8.093E-11  2.540E-10  1.442E-10  9.434E-11
                8.359E-12  6.439E-07  3.620E-06  8.971E-08  2.142E-06  1.756E-06
                2.533E-07  9.032E-08  9.868E-06  3.518E-06  2.942E-07  4.000E-07
                1.146E-07  5.702E-09  1.935E-07  6.956E-07  4.671E-07  2.622E-08
                1.046E-07  9.865E-08  1.092E-08  7.110E-06  4.449E-08  2.334E-05
                1.270E-07  1.534E-07  3.029E-07  1.166E-06  2.813E-07  6.064E-07
                5.751E-07  5.168E-08  1.172E-05  1.961E-07  1.087E-06  1.529E-08
                5.019E-06  2.482E-05  3.010E-07  6.159E-07  3.962E-06  1.636E-06
                3.499E-06  1.166E-07  2.197E-07  2.811E-07  3.006E-10  1.090E-06
                6.486E-07  5.333E-09  1.939E-08  3.256E-07  3.134E-06  3.821E-06
                2.213E-07  2.905E-08  1.410E-07  9.025E-07  6.909E-09  9.320E-07
                2.046E-06  6.381E-09  5.412E-06  1.156E-06  2.973E-07  3.815E-07
                4.237E-06  1.643E-07  6.342E-07  8.533E-08  8.536E-07  7.183E-07
                5.951E-07  1.013E-05  2.334E-07  4.034E-06  7.577E-09  5.278E-07
                4.593E-07  1.408E-07  1.715E-06  2.619E-07  1.475E-06  1.074E-09
                1.197E-07  4.249E-06  4.372E-06  1.402E-07  6.327E-07  3.345E-07
                3.805E-08  4.354E-07  8.578E-07  5.788E-07  2.638E-07  3.756E-08
                4.952E-06  6.330E-07  4.263E-07  2.161E-07  4.664E-07  3.844E-07
                9.813E-06  5.219E-06  4.102E-07  1.063E-06  1.778E-06  1.888E-06
                1.939E-06  2.488E-07  4.934E-08  4.245E-10  4.882E-08  1.089E-07
                7.394E-07  1.218E-06  1.569E-06  3.729E-06  6.166E-07  7.830E-08
                6.137E-09  1.683E-07  2.255E-07  1.723E-07  4.925E-06
1.23512063E+02  4.288E-03  4.511E-03  2.178E-06  2.785E-03  1.805E-03  5.628E-06
                4.004E-06  1.149E-02  1.018E-05  6.243E-06  3.338E-04  8.162E-06
                5.269E-03  6.184E-05  9.177E-05  4.951E-07  6.610E-07  2.315E-06
                1.372E-06  1.644E-06  5.157E-09  2.046E-06  8.567E-07  1.374E-08
                7.424E-08  4.554E-07  3.092E-06  5.806E-07  1.874E-06  3.004E-06
                2.360E-06  4.784E-07  6.655E-06  2.399E-06  1.566E-06  5.515E-07
                1.443E-09  1.030E-06  9.593E-10  6.356E-06  5.612E-07  2.903E-06
                1.022E-06  2.227E-07  2.545E-07  6.893E-08  2.068E-07  8.550E-08
                1.398E-05  3.295E-07  4.446E-07  7.858E-08  3.815E-08  2.688E-06
                2.471E-06  2.255E-06  5.885E-07  4.658E-06  1.387E-06  5.391E-06
                1.049E-07  2.810E-09  9.032E-09  1.827E-11  9.576E-07  1.263E-07
                1.367E-07  2.840E-10  1.423E-06  1.330E-07  2.317E-08  2.296E-06
                1.497E-06  3.276E-06  4.887E-06  3.581E-07  6.038E-07  1.463E-07
                2.198E-06  2.263E-06  6.213E-09  3.765E-08  2.897E-07  1.014E-06
                1.463E-05  2.653E-08  6.291E-11  1.964E-10  1.000E-10  7.649E-11
                6.405E-12  4.259E-07  2.401E-06  5.628E-08  1.716E-06  1.433E-06
                1.763E-07  7.131E-08  7.038E-06  2.489E-06  2.162E-07  2.959E-07
                8.293E-08  3.420E-09  1.392E-07  4.974E-07  3.464E-07  1.713E-08
                9.055E-08  6.371E-08  6.148E-09  4.751E-06  3.247E-08  1.795E-05
                8.805E-08  1.057E-07  2.073E-07  8.891E-07  2.130E-07  4.277E-07
                4.077E-07  4.141E-08  8.115E-06  1.603E-07  7.758E-07  9.479E-09
                3.571E-06  1.940E-05  2.198E-07  4.597E-07  2.687E-06  1.106E-06
                2.383E-06  6.618E-08  1.423E-07  1.950E-07  1.775E-10  7.322E-07
                4.375E-07  4.919E-09  1.802E-08  2.273E-07  2.391E-06  2.906E-06
                1.285E-07  2.045E-08  9.624E-08  5.665E-07  7.007E-09  6.651E-07
                1.462E-06  3.378E-09  4.092E-06  8.646E-07  1.911E-07  2.860E-07
                3.211E-06  1.061E-07  4.199E-07  6.119E-08  5.418E-07  5.601E-07
                4.182E-07  8.008E-06  1.529E-07  2.625E-06  6.066E-09  3.675E-07
                3.032E-07  8.370E-08  1.162E-06  1.991E-07  1.116E-06  1.074E-09
                6.893E-08  3.222E-06  3.301E-06  9.062E-08  4.339E-07  2.716E-07
                2.535E-08  2.742E-07  5.702E-07  3.711E-07  1.809E-07  2.561E-08
                3.942E-06  4.318E-07  2.982E-07  1.448E-07  3.187E-07  2.810E-07
                7.860E-06  4.207E-06  2.780E-07  6.459E-07  1.096E-06  1.352E-06
                1.329E-06  1.485E-07  3.380E-08  3.036E-10  2.301E-08  7.360E-08
                5.745E-07  9.632E-07  1.222E-06  2.870E-06  4.260E-07  5.164E-08
                5.232E-09  1.232E-07  1.796E-07  1.251E-07  3.858E-06
1.37120063E+02  3.013E-03  3.162E-03  2.418E-06  1.956E-03  1.264E-03  4.321E-06
                2.866E-06  8.865E-03  7.162E-06  4.350E-06  2.604E-04  5.553E-06
                4.121E-03  4.252E-05  6.344E-05  4.759E-07  4.524E-07  1.375E-06
                1.049E-06  9.657E-07  3.478E-09  1.436E-06  7.031E-07  1.172E-08
                6.436E-08  3.057E-07  2.080E-06  4.225E-07  1.247E-06  1.979E-06
                1.657E-06  3.357E-07  4.838E-06  1.600E-06  1.116E-06  3.657E-07
                9.496E-10  6.690E-07  6.075E-10  4.389E-06  4.105E-07  2.018E-06
                6.874E-07  1.379E-07  1.614E-07  6.016E-08  1.926E-07  6.189E-08
                1.011E-05  2.802E-07  3.011E-07  6.162E-08  2.450E-08  2.278E-06
                1.701E-06  1.553E-06  3.864E-07  3.136E-06  9.123E-07  4.496E-06
                9.332E-08  2.218E-09  6.639E-09  2.158E-11  6.201E-07  1.010E-07
                1.028E-07  1.874E-10  1.014E-06  8.804E-08  3.094E-08  1.787E-06
                1.183E-06  2.436E-06  3.453E-06  2.376E-07  4.407E-07  9.409E-08
                1.649E-06  1.691E-06  4.716E-09  2.838E-08  2.120E-07  6.929E-07
                1.082E-05  2.604E-08  4.732E-11  1.468E-10  7.083E-11  7.063E-11
                4.955E-12  3.219E-07  1.822E-06  3.667E-08  1.369E-06  1.157E-06
                1.267E-07  7.993E-08  5.178E-06  1.849E-06  1.676E-07  2.295E-07
                6.424E-08  2.932E-09  1.035E-07  3.927E-07  2.772E-07  1.435E-08
                8.142E-08  5.345E-08  5.617E-09  3.659E-06  2.386E-08  1.318E-05
                6.743E-08  7.975E-08  1.510E-07  7.063E-07  1.668E-07  3.204E-07
                3.045E-07  3.177E-08  6.009E-06  1.324E-07  6.175E-07  8.048E-09
                2.578E-06  1.442E-05  1.674E-07  3.355E-07  2.100E-06  8.543E-07
                1.801E-06  3.890E-08  9.465E-08  1.370E-07  1.414E-10  5.046E-07
                3.025E-07  3.772E-09  1.362E-08  1.691E-07  1.862E-06  2.259E-06
                7.532E-08  1.434E-08  6.652E-08  3.996E-07  4.749E-09  4.807E-07
                1.052E-06  2.594E-09  3.194E-06  6.673E-07  1.267E-07  2.196E-07
                2.492E-06  7.036E-08  2.872E-07  4.919E-08  3.670E-07  4.199E-07
                3.241E-07  5.999E-06  1.219E-07  2.049E-06  4.960E-09  2.639E-07
                2.081E-07  5.127E-08  9.609E-07  1.563E-07  8.685E-07  8.069E-10
                3.974E-08  2.504E-06  2.563E-06  6.203E-08  3.124E-07  2.153E-07
                1.869E-08  1.784E-07  4.300E-07  2.466E-07  1.392E-07  1.806E-08
                2.943E-06  3.056E-07  2.328E-07  1.245E-07  2.835E-07  2.180E-07
                5.873E-06  3.161E-06  1.959E-07  4.325E-07  7.767E-07  9.973E-07
                9.511E-07  9.264E-08  3.536E-08  2.894E-10  9.430E-09  4.880E-08
                4.568E-07  7.751E-07  9.542E-07  2.234E-06  3.075E-07  3.938E-08
                4.316E-09  9.249E-08  1.440E-07  9.870E-08  3.050E-06
1.50728063E+02  2.233E-03  2.357E-03  9.952E-07  1.456E-03  9.463E-04  2.959E-06
                1.956E-06  7.313E-03  4.800E-06  2.951E-06  2.146E-04  3.903E-06
                3.397E-03  3.346E-05  4.978E-05  4.635E-07  3.068E-07  1.027E-06
                7.781E-07  6.777E-07  3.199E-09  9.312E-07  4.840E-07  9.685E-09
                4.923E-08  3.313E-07  2.266E-06  2.776E-07  7.921E-07  1.307E-06
                1.124E-06  2.195E-07  3.349E-06  1.363E-06  7.683E-07  2.308E-07
                6.122E-10  4.299E-07  6.608E-10  3.150E-06  3.616E-07  1.447E-06
                4.841E-07  8.693E-08  1.058E-07  5.601E-08  1.869E-07  4.459E-08
                7.398E-06  2.404E-07  1.936E-07  4.293E-08  2.114E-08  1.959E-06
                1.202E-06  1.120E-06  2.615E-07  2.097E-06  6.339E-07  3.861E-06
                7.740E-08  1.611E-09  4.558E-09  2.549E-11  4.416E-07  7.919E-08
                7.900E-08  1.784E-10  7.149E-07  6.166E-08  2.080E-08  1.283E-06
                8.650E-07  1.970E-06  2.402E-06  1.734E-07  3.014E-07  6.620E-08
                1.055E-06  1.079E-06  4.358E-09  2.661E-08  1.509E-07  4.802E-07
                7.874E-06  1.279E-08  4.028E-11  1.249E-10  5.094E-11  5.331E-11
                3.723E-12  2.036E-07  1.158E-06  2.378E-08  1.130E-06  9.679E-07
                9.281E-08  5.801E-08  3.825E-06  1.348E-06  1.222E-07  1.679E-07
                4.580E-08  1.730E-09  7.492E-08  2.784E-07  2.050E-07  9.159E-09
                7.360E-08  3.373E-08  3.472E-09  2.387E-06  1.787E-08  1.100E-05
                5.087E-08  5.417E-08  1.078E-07  5.319E-07  1.244E-07  2.202E-07
                2.112E-07  2.546E-08  4.182E-06  1.162E-07  4.280E-07  4.661E-09
                1.926E-06  1.219E-05  1.215E-07  2.478E-07  1.391E-06  5.633E-07
                1.195E-06  2.328E-08  6.714E-08  1.031E-07  8.714E-11  3.794E-07
                2.276E-07  3.109E-09  1.123E-08  1.228E-07  1.479E-06  1.791E-06
                4.615E-08  1.149E-08  5.168E-08  2.936E-07  4.506E-09  3.617E-07
                7.900E-07  1.524E-09  2.514E-06  5.211E-07  8.872E-08  1.768E-07
                1.945E-06  4.930E-08  2.133E-07  3.510E-08  2.459E-07  3.379E-07
                2.269E-07  5.190E-06  7.618E-08  1.277E-06  3.732E-09  1.971E-07
                1.479E-07  3.239E-08  6.395E-07  1.239E-07  6.853E-07  8.606E-10
                2.385E-08  1.977E-06  2.014E-06  4.269E-08  2.288E-07  1.727E-07
                1.341E-08  1.191E-07  3.056E-07  1.686E-07  1.003E-07  1.331E-08
                2.506E-06  2.227E-07  1.611E-07  8.236E-08  1.938E-07  1.556E-07
                5.008E-06  2.697E-06  1.444E-07  2.906E-07  5.433E-07  7.541E-07
                6.910E-07  5.876E-08  2.944E-08  1.826E-10  5.319E-09  3.524E-08
                3.646E-07  6.292E-07  7.646E-07  1.778E-06  2.228E-07  2.889E-08
                3.982E-09  7.149E-08  1.171E-07  7.107E-08  2.463E-06
1.64336063E+02  1.598E-03  1.678E-03  1.962E-06  1.045E-03  6.733E-04  2.045E-06
                1.406E-06  5.825E-03  3.241E-06  1.996E-06  1.747E-04  2.734E-06
                2.776E-03  2.389E-05  3.574E-05  4.541E-07  2.196E-07  6.608E-07
                6.391E-07  4.259E-07  2.109E-09  6.754E-07  4.230E-07  1.423E-08
                5.269E-08  1.967E-07  1.346E-06  2.145E-07  5.529E-07  8.635E-07
                8.398E-07  1.592E-07  2.571E-06  8.618E-07  5.688E-07  1.529E-07
                4.103E-10  3.011E-07  3.757E-10  2.237E-06  2.509E-07  1.034E-06
                3.342E-07  5.620E-08  7.053E-08  4.790E-08  1.682E-07  3.389E-08
                5.465E-06  2.086E-07  1.378E-07  3.410E-08  1.982E-08  1.693E-06
                8.476E-07  7.926E-07  1.754E-07  1.488E-06  4.278E-07  3.283E-06
                7.288E-08  1.296E-09  3.622E-09  2.597E-11  2.872E-07  6.655E-08
                5.840E-08  1.129E-10  5.287E-07  4.100E-08  2.744E-08  1.058E-06
                6.957E-07  1.436E-06  1.747E-06  1.183E-07  2.244E-07  4.262E-08
                8.398E-07  8.565E-07  3.209E-09  1.955E-08  1.127E-07  3.373E-07
                5.913E-06  1.430E-08  2.980E-11  9.239E-11  3.714E-11  4.860E-11
                2.785E-12  1.625E-07  9.263E-07  1.588E-08  8.858E-07  7.638E-07
                7.010E-08  6.389E-08  2.847E-06  1.011E-06  9.493E-08  1.307E-07
                3.697E-08  1.668E-09  5.948E-08  2.288E-07  1.697E-07  8.204E-09
                6.989E-08  3.048E-08  2.994E-09  1.991E-06  1.329E-08  8.033E-06
                3.804E-08  4.250E-08  8.201E-08  4.190E-07  9.635E-08  1.709E-07
                1.656E-07  1.953E-08  3.191E-06  9.958E-08  3.585E-07  4.259E-09
                1.417E-06  8.993E-06  9.395E-08  1.823E-07  1.163E-06  4.652E-07
                9.432E-07  1.389E-08  4.621E-08  7.403E-08  7.336E-11  2.719E-07
                1.635E-07  2.243E-09  7.974E-09  9.491E-08  1.152E-06  1.396E-06
                2.747E-08  7.867E-09  3.506E-08  2.401E-07  2.851E-09  2.663E-07
                5.817E-07  1.204E-09  1.962E-06  4.026E-07  5.980E-08  1.382E-07
                1.515E-06  3.377E-08  1.473E-07  2.934E-08  1.739E-07  2.461E-07
                1.813E-07  3.929E-06  6.598E-08  1.072E-06  2.933E-09  1.438E-07
                1.047E-07  2.036E-08  5.708E-07  9.700E-08  5.324E-07  5.836E-10
                1.360E-08  1.537E-06  1.567E-06  2.993E-08  1.686E-07  1.336E-07
                1.122E-08  8.030E-08  2.468E-07  1.169E-07  8.109E-08  9.770E-09
                1.872E-06  1.624E-07  1.299E-07  7.802E-08  1.882E-07  1.232E-07
                3.724E-06  2.011E-06  1.056E-07  2.109E-07  4.277E-07  5.670E-07
                5.060E-07  3.745E-08  2.890E-08  1.593E-10  2.753E-09  2.391E-08
                2.900E-07  5.049E-07  5.951E-07  1.396E-06  1.633E-07  2.303E-08
                2.988E-09  5.458E-08  9.397E-08  5.644E-08  1.949E-06
1.77944063E+02  1.306E-03  1.377E-03  8.853E-07  8.507E-04  5.533E-04  2.000E-06
                1.071E-06  4.780E-03  2.716E-06  1.638E-06  1.409E-04  2.010E-06
                2.234E-03  1.849E-05  2.764E-05  4.287E-07  1.572E-07  5.587E-07
                5.044E-07  3.257E-07  2.115E-09  4.567E-07  2.913E-07  1.401E-08
                4.766E-08  2.077E-07  1.422E-06  1.389E-07  3.437E-07  5.851E-07
                6.140E-07  1.093E-07  1.998E-06  7.605E-07  4.159E-07  9.652E-08
                2.669E-10  1.970E-07  3.797E-10  1.857E-06  2.319E-07  8.311E-07
                2.745E-07  4.144E-08  5.179E-08  4.416E-08  1.606E-07  2.904E-08
                4.363E-06  1.814E-07  9.390E-08  2.728E-08  2.081E-08  1.478E-06
                6.688E-07  6.495E-07  1.303E-07  1.034E-06  3.340E-07  2.879E-06
                6.338E-08  9.753E-10  2.222E-09  2.542E-11  2.358E-07  5.442E-08
                4.553E-08  1.070E-10  3.894E-07  3.313E-08  1.933E-08  6.820E-07
                5.188E-07  1.230E-06  1.312E-06  9.683E-08  1.676E-07  3.443E-08
                5.141E-07  5.190E-07  2.645E-09  1.619E-08  8.615E-08  2.539E-07
                4.648E-06  9.970E-09  2.636E-11  8.087E-11  2.746E-11  3.893E-11
                2.072E-12  9.833E-08  5.697E-07  1.039E-08  7.400E-07  6.421E-07
                5.511E-08  5.691E-08  2.265E-06  7.999E-07  7.083E-08  9.828E-08
                2.630E-08  9.876E-10  4.310E-08  1.646E-07  1.283E-07  5.045E-09
                6.395E-08  1.837E-08  2.175E-09  1.158E-06  9.881E-09  7.126E-06
                3.199E-08  2.721E-08  6.467E-08  3.321E-07  7.407E-08  1.132E-07
                1.118E-07  1.522E-08  2.332E-06  9.300E-08  2.282E-07  3.426E-09
                1.128E-06  8.058E-06  6.816E-08  1.290E-07  7.010E-07  2.782E-07
                6.318E-07  8.479E-09  3.176E-08  5.258E-08  3.818E-11  1.936E-07
                1.165E-07  1.872E-09  6.630E-09  7.506E-08  9.407E-07  1.138E-06
                1.756E-08  7.746E-09  3.027E-08  1.682E-07  2.316E-09  2.129E-07
                4.598E-07  6.967E-10  1.589E-06  3.256E-07  4.675E-08  1.156E-07
                1.228E-06  2.499E-08  1.216E-07  2.169E-08  1.209E-07  2.047E-07
                1.307E-07  3.584E-06  3.855E-08  6.291E-07  2.176E-09  1.021E-07
                7.133E-08  1.330E-08  3.472E-07  7.979E-08  4.367E-07  5.192E-10
                8.036E-09  1.255E-06  1.275E-06  2.038E-08  1.177E-07  1.114E-07
                7.274E-09  5.600E-08  1.765E-07  8.062E-08  5.791E-08  7.314E-09
                1.639E-06  1.225E-07  9.313E-08  4.632E-08  1.161E-07  8.789E-08
                3.236E-06  1.744E-06  8.220E-08  1.350E-07  2.738E-07  4.497E-07
                3.905E-07  2.491E-08  3.320E-08  1.699E-10  1.181E-09  1.956E-08
                2.354E-07  4.134E-07  4.830E-07  1.120E-06  1.161E-07  2.063E-08
                4.115E-09  4.314E-08  7.696E-08  4.124E-08  1.586E-06
1.91552063E+02  9.354E-04  9.926E-04  4.524E-07  6.184E-04  4.019E-04  9.106E-07
                6.913E-07  4.238E-03  1.421E-06  9.110E-07  1.284E-04  1.506E-06
                2.045E-03  1.576E-05  2.349E-05  4.061E-07  1.132E-07  4.110E-07
                4.161E-07  2.421E-07  1.325E-09  3.166E-07  2.415E-07  1.333E-08
                3.949E-08  1.735E-07  1.190E-06  1.092E-07  2.613E-07  3.935E-07
                4.369E-07  7.626E-08  1.341E-06  6.007E-07  2.868E-07  6.220E-08
                1.789E-10  1.459E-07  3.586E-10  1.234E-06  1.834E-07  5.496E-07
                1.763E-07  2.341E-08  3.290E-08  3.672E-08  1.393E-07  1.996E-08
                3.013E-06  1.585E-07  6.330E-08  1.657E-08  2.065E-08  1.290E-06
                4.435E-07  4.299E-07  8.227E-08  7.259E-07  2.162E-07  2.496E-06
                5.638E-08  7.331E-10  2.172E-09  2.559E-11  1.508E-07  4.391E-08
                3.230E-08  7.986E-11  2.763E-07  1.984E-08  2.015E-08  6.840E-07
                4.077E-07  9.066E-07  8.833E-07  6.892E-08  1.153E-07  2.182E-08
                4.085E-07  4.191E-07  2.773E-09  1.720E-08  5.921E-08  1.725E-07
                3.168E-06  4.804E-09  2.191E-11  6.897E-11  2.055E-11  2.735E-11
                1.499E-12  7.758E-08  4.396E-07  7.152E-09  6.018E-07  5.291E-07
                4.107E-08  3.391E-08  1.551E-06  5.382E-07  5.203E-08  7.209E-08
                2.088E-08  9.436E-10  3.431E-08  1.291E-07  1.006E-07  4.697E-09
                5.908E-08  1.725E-08  1.669E-09  1.134E-06  7.948E-09  5.319E-06
                2.446E-08  2.418E-08  4.844E-08  2.431E-07  5.392E-08  9.048E-08
                8.962E-08  1.210E-08  1.601E-06  7.584E-08  2.144E-07  1.536E-09
                8.079E-07  6.067E-06  5.370E-08  1.041E-07  6.730E-07  2.659E-07
                4.574E-07  5.320E-09  2.544E-08  4.409E-08  3.843E-11  1.651E-07
                9.913E-08  1.198E-09  4.189E-09  5.586E-08  7.338E-07  8.911E-07
                1.101E-08  5.276E-09  2.351E-08  1.449E-07  1.923E-09  1.547E-07
                3.361E-07  5.592E-10  1.228E-06  2.472E-07  3.219E-08  9.853E-08
                9.356E-07  1.877E-08  9.395E-08  1.533E-08  8.826E-08  1.533E-07
                9.853E-08  2.774E-06  3.500E-08  5.403E-07  1.665E-09  8.562E-08
                5.811E-08  8.725E-09  3.479E-07  6.120E-08  3.328E-07  4.730E-10
                4.621E-09  9.630E-07  9.775E-07  1.542E-08  9.746E-08  8.200E-08
                7.258E-09  4.033E-08  1.385E-07  6.243E-08  4.515E-08  6.094E-09
                1.292E-06  9.636E-08  7.159E-08  4.890E-08  1.245E-07  6.890E-08
                2.567E-06  1.384E-06  6.185E-08  1.171E-07  2.558E-07  3.322E-07
                2.787E-07  1.627E-08  1.523E-08  5.432E-11  2.199E-09  1.230E-08
                1.910E-07  3.418E-07  3.885E-07  9.093E-07  8.949E-08  1.287E-08
                1.430E-09  3.446E-08  6.330E-08  2.997E-08  1.301E-06
