          16           7
         215          13           1           1
           0          -4           0          -4           0          -6           0          -2           0          -4           0           6           0           4           0           2           0           4           0           6           0           2           0           4           0           2           0          -4           0          -2           0           2           0           4           0           6           0           2           0           4           0           6           0           4           0          -2           0          -2           0          -4           0          -6           0          -8           0          -2           0          -4           0          -6           0          -4           0           2           0          -4           0          -6           0          -2           0          -4           0          -6           0          -6           0          -8           0          -4           0          -6           0          -2           0          -4           0           4           0           6           0           8           0          10           0           4           0          -4           0           2           0           6           0           4           0           8           0           2           0          -4           0          -2           0           6           0           6           0           4           0           2           0           8           0           4           0           6           0           8           0           4           0           6           0           8           0          10           0           4           0           6           0           8           0           6           0           4           0           2           0           6           0           2           0           4           0           2           0          -4           0          -2           0          -6           0          -8           0           6           0           4           0          -4           0          -6           0          -2           0          -4           0          -6           0          -8           0         -10           0          -2           0          -4           0          -6           0          -4           0          -2           0          -6           0          -8           0          -2           0          -4           0           2           0           4           0           6           0           8           0           4           0           4           0           6           0           8           0           2           0          10           0           8           0           6           0           4           0           2           0           6           0           6           0           4           0           4           0           2           0           4           0           6           0           8           0          -4           0           2           0           4           0          -6           0          -4           0           2           0           4           0           6           0           4           0           6           0          -2           0          -4           0          -6           0          -8           0         -10           0          -6           0          -8           0         -10           0         -12           0           2           0          -2           0          -4           0          -6           0          -8           0          -2           0          -8           0         -10           0          -4           0          -2           0          -6           0          -4           0          -2           0          -4           0          -2           0          -4           0          -6           0          -4           0          -8           0          -6           0           2           0           4           0           2           0           4           0           6           0         -10           0          -8           0          -6           0          -4           0           6           0          -2           0          -4           0           8           0          -6           0          -2           0          -4           0          -6           0          -8           0           4           0           6           0          -4           0          -6           0          -6           0          -8           0          -2           0           2           0          -4           0           4           0           6           0           4           0           4           0           2           0           2           0          -4           0          -6           0          -8           0          -2           0          -4           0          -6           0          -8           0         -10           0          -8           0          -6           0          -4           0          -2           0          -2           0          -4           0          -6           0          -6           0          -8           0          -4           0          -2           0          -6           0          -4
    0.000000E+00    9.645106E-03    9.843162E-03    1.435602E-02    1.458263E-02
    4.247197E-02    4.320385E-02    4.360158E-02    5.944295E-02    5.948713E-02
    6.922989E-02    7.316769E-02    7.411300E-02    1.134727E-01    1.147319E-01
    2.354040E-01    2.358931E-01    2.366026E-01    2.382857E-01    2.391328E-01
    2.438023E-01    2.438287E-01    2.461520E-01    2.471700E-01    2.474363E-01
    2.479076E-01    2.485433E-01    2.486026E-01    2.487216E-01    2.491410E-01
    2.502551E-01    2.507374E-01    2.510783E-01    2.511300E-01    2.524691E-01
    2.524772E-01    2.554279E-01    2.561102E-01    2.563381E-01    2.591442E-01
    2.591854E-01    2.609226E-01    2.615363E-01    2.619649E-01    2.622131E-01
    2.625883E-01    2.631076E-01    2.632646E-01    2.633261E-01    2.634365E-01
    2.637297E-01    2.638533E-01    2.640096E-01    2.643758E-01    2.644930E-01
    2.645338E-01    2.648466E-01    2.652759E-01    2.655531E-01    2.656939E-01
    2.657640E-01    2.676748E-01    2.677713E-01    2.679166E-01    2.688115E-01
    2.690337E-01    2.711118E-01    2.712141E-01    2.720014E-01    2.721113E-01
    2.724223E-01    2.724984E-01    2.725578E-01    2.726085E-01    2.727219E-01
    2.737570E-01    2.740430E-01    2.746587E-01    2.763855E-01    2.763956E-01
    2.763957E-01    2.764682E-01    2.789238E-01    2.791446E-01    2.808157E-01
    2.808428E-01    2.816082E-01    2.816156E-01    2.816277E-01    2.816445E-01
    2.816660E-01    2.832213E-01    2.832636E-01    2.833497E-01    2.872720E-01
    2.872722E-01    2.872783E-01    2.873017E-01    2.873787E-01    2.874354E-01
    2.875828E-01    2.876419E-01    2.877951E-01    2.879672E-01    2.884374E-01
    2.885530E-01    2.886000E-01    2.886971E-01    2.887362E-01    2.888178E-01
    2.901974E-01    2.902310E-01    2.934227E-01    2.936053E-01    2.936679E-01
    2.948139E-01    2.948751E-01    2.949134E-01    2.954910E-01    2.955387E-01
    2.955818E-01    2.956302E-01    2.974080E-01    2.974265E-01    2.978254E-01
    2.979930E-01    2.980044E-01    2.981863E-01    2.981951E-01    2.982014E-01
    2.986863E-01    2.989406E-01    2.997979E-01    3.013547E-01    3.014398E-01
    3.015665E-01    3.017420E-01    3.025165E-01    3.025355E-01    3.025686E-01
    3.026262E-01    3.032771E-01    3.036433E-01    3.036673E-01    3.036996E-01
    3.037196E-01    3.041292E-01    3.046134E-01    3.046301E-01    3.048276E-01
    3.048611E-01    3.049614E-01    3.051740E-01    3.052844E-01    3.060373E-01
    3.062721E-01    3.065126E-01    3.067251E-01    3.072820E-01    3.083217E-01
    3.083847E-01    3.085481E-01    3.086063E-01    3.093086E-01    3.093690E-01
    3.093750E-01    3.093804E-01    3.094500E-01    3.095030E-01    3.095365E-01
    3.096086E-01    3.096683E-01    3.098305E-01    3.098337E-01    3.100372E-01
    3.110986E-01    3.111053E-01    3.111248E-01    3.111449E-01    3.124031E-01
    3.124222E-01    3.126400E-01    3.132139E-01    3.132929E-01    3.134326E-01
    3.163175E-01    3.165548E-01    3.167011E-01    3.167161E-01    3.173537E-01
    3.174815E-01    3.194473E-01    3.198310E-01    3.206567E-01    3.235572E-01
    3.235827E-01    3.236877E-01    3.236885E-01    3.238034E-01    3.239013E-01
    3.239634E-01    3.240075E-01    3.245628E-01    3.245933E-01    3.263728E-01
    3.264517E-01    3.271738E-01    3.284075E-01    3.287843E-01    3.314323E-01
    3.314556E-01    3.324856E-01    3.325179E-01    3.327131E-01    3.333147E-01
           0           0           0           1
  -27.915863041215566               13
4.05032630E+01  1.219E-01  1.312E-01  1.257E-04  8.173E-02  5.375E-02  1.890E-04
                2.063E-04  9.874E-02  3.511E-04  1.953E-04  2.472E-03  2.584E-04
                3.736E-02  1.237E-03  1.842E-03
5.41112630E+01  5.400E-02  5.723E-02  3.987E-05  3.512E-02  2.295E-02  7.848E-05
                5.335E-05  5.972E-02  1.666E-04  9.321E-05  1.583E-03  1.097E-04
                2.428E-02  6.316E-04  9.359E-04  2.522E-06  5.667E-06  4.359E-05
                8.649E-06  2.815E-05  3.013E-08  1.324E-05  1.638E-05  1.221E-06
                3.578E-06  3.298E-06  1.893E-05  9.274E-06  2.448E-05  3.642E-05
                4.536E-05  3.238E-06  1.884E-04  2.497E-05  2.663E-05  5.565E-06
                1.310E-08  2.439E-05  6.083E-09  1.332E-04  5.093E-06  5.847E-05
                2.654E-05  1.074E-05  6.745E-06  4.056E-06  2.120E-05  4.543E-06
                1.565E-04  6.426E-07  1.248E-05  1.682E-06  3.367E-06  2.351E-05
                4.389E-05  4.682E-05  1.080E-05  1.030E-04  6.578E-05  4.434E-05
                1.121E-06  2.740E-08  7.488E-08  1.382E-09  4.935E-05  9.911E-07
                8.932E-08  3.344E-08  1.977E-05  4.770E-06  3.533E-07  1.469E-05
                8.323E-06  1.251E-05  7.619E-05  1.760E-05  1.015E-05  7.114E-06
                1.614E-05  1.563E-05  1.490E-07  5.219E-07  2.743E-06  2.901E-05
                1.261E-04  3.233E-07  2.312E-09  8.305E-09  3.474E-09  6.032E-10
                1.777E-11  2.535E-06  1.559E-05  8.505E-07  5.657E-06  4.476E-06
                8.839E-07  2.226E-06  5.797E-05  2.183E-05  1.735E-06  2.103E-06
                1.039E-06  3.237E-08  1.443E-06  4.053E-06  3.117E-06  1.736E-07
                7.367E-06  9.561E-07  4.770E-08  3.807E-05  3.885E-07  1.380E-04
                1.160E-06  1.321E-06  1.394E-06  4.253E-06  1.083E-06  2.672E-06
                2.328E-06  1.121E-07  1.071E-04  3.152E-06  6.360E-06  8.779E-08
                2.408E-05  1.317E-04  2.872E-06  3.954E-06  2.046E-05  8.704E-06
                2.370E-05  3.168E-06  2.947E-06  2.207E-06  4.224E-10  1.310E-05
                7.672E-06  6.528E-09  4.492E-09  2.917E-06  2.136E-05  2.516E-05
                9.077E-06  4.507E-08  1.755E-06  3.078E-05  1.147E-08  4.362E-06
                9.308E-06  3.798E-07  3.270E-05  6.754E-06  4.204E-06  3.014E-06
                2.234E-05  1.531E-06  9.027E-06  2.683E-06  9.425E-06  4.035E-06
                8.187E-06  1.510E-04  7.955E-06  9.227E-05  2.841E-09  3.443E-06
                6.197E-06  2.850E-06  1.052E-05  1.775E-06  1.294E-05  8.581E-08
                4.459E-06  2.350E-05  2.363E-05  8.968E-07  2.288E-06  4.830E-06
                5.352E-07  5.182E-06  2.066E-05  6.867E-06  7.428E-06  4.804E-07
                2.267E-05  4.351E-06  3.336E-06  9.574E-07  4.417E-06  4.740E-06
                3.929E-05  1.803E-05
6.77192630E+01  2.821E-02  2.967E-02  1.911E-05  1.822E-02  1.187E-02  4.063E-05
                2.831E-05  3.962E-02  8.342E-05  4.845E-05  1.087E-03  5.979E-05
                1.687E-02  3.473E-04  5.152E-04  1.198E-06  3.860E-06  2.144E-05
                6.509E-06  1.471E-05  1.724E-08  1.090E-05  6.095E-06  3.875E-07
                1.251E-06  1.359E-06  7.818E-06  4.112E-06  1.345E-05  2.063E-05
                2.049E-05  2.588E-06  7.277E-05  1.297E-05  1.202E-05  3.473E-06
                9.638E-09  1.068E-05  6.742E-09  5.966E-05  2.480E-06  2.557E-05
                1.105E-05  3.364E-06  3.205E-06  1.590E-07  4.403E-07  9.250E-07
                8.628E-05  7.332E-07  2.745E-06  6.193E-07  5.427E-07  6.345E-06
                2.039E-05  2.062E-05  5.794E-06  4.025E-05  1.939E-05  1.646E-05
                2.562E-07  1.164E-08  4.398E-08  1.022E-10  1.470E-05  5.801E-07
                1.473E-07  2.953E-09  8.972E-06  1.242E-06  7.133E-08  8.534E-06
                4.718E-06  1.071E-05  3.382E-05  5.172E-06  4.542E-06  2.257E-06
                1.030E-05  1.040E-05  6.235E-08  2.880E-07  1.455E-06  1.039E-05
                7.679E-05  1.450E-07  2.242E-10  7.222E-10  5.187E-10  1.143E-09
                5.294E-11  1.820E-06  1.062E-05  3.580E-07  4.707E-06  3.669E-06
                7.861E-07  6.648E-07  3.607E-05  1.319E-05  8.262E-07  1.043E-06
                3.254E-07  2.637E-08  6.736E-07  2.048E-06  1.307E-06  5.251E-08
                1.131E-06  2.330E-07  6.361E-08  2.132E-05  1.281E-07  8.228E-05
                4.147E-07  4.208E-07  1.139E-06  2.373E-06  5.896E-07  1.671E-06
                1.716E-06  2.561E-07  4.353E-05  7.798E-07  2.831E-06  9.186E-08
                1.782E-05  8.152E-05  9.266E-07  1.904E-06  1.046E-05  5.088E-06
                1.140E-05  1.139E-06  1.633E-06  1.655E-06  1.478E-09  6.208E-06
                3.639E-06  6.677E-09  1.990E-08  1.179E-06  1.024E-05  1.260E-05
                1.838E-06  1.364E-07  7.559E-07  1.096E-05  1.790E-08  3.113E-06
                7.249E-06  6.217E-08  1.799E-05  4.093E-06  2.081E-06  1.448E-06
                1.365E-05  4.361E-07  4.470E-06  4.873E-07  4.769E-06  1.515E-06
                1.884E-06  3.933E-05  7.848E-07  1.364E-05  5.347E-08  3.343E-06
                2.902E-06  8.652E-07  5.487E-06  9.350E-07  5.447E-06  1.885E-08
                1.028E-06  1.239E-05  1.301E-05  7.639E-07  3.599E-06  8.017E-07
                4.216E-07  3.064E-06  5.546E-06  2.587E-06  2.833E-06  3.289E-07
                1.382E-05  2.533E-06  1.468E-06  4.527E-07  1.990E-06  1.398E-06
                2.620E-05  1.309E-05  2.734E-06  8.499E-06  1.668E-05  8.498E-06
                9.460E-06  1.715E-06  1.590E-06  3.992E-08  9.619E-07  4.745E-07
                1.869E-06  2.520E-06  4.118E-06  1.161E-05  3.869E-06  1.325E-06
                2.186E-07  6.012E-07  8.202E-07  5.330E-07  1.077E-05
8.13272630E+01  1.618E-02  1.696E-02  1.057E-05  1.044E-02  6.776E-03  2.233E-05
                1.620E-05  2.774E-02  4.506E-05  2.670E-05  7.782E-04  3.356E-05
                1.216E-02  2.097E-04  3.100E-04  7.891E-07  2.513E-06  1.175E-05
                4.296E-06  8.398E-06  1.112E-08  7.513E-06  3.001E-06  1.767E-07
                5.317E-07  8.546E-07  5.384E-06  2.247E-06  7.925E-06  1.226E-05
                1.073E-05  1.760E-06  3.362E-05  7.575E-06  6.480E-06  2.163E-06
                5.886E-09  5.339E-06  2.123E-09  3.014E-05  1.463E-06  1.318E-05
                5.338E-06  1.504E-06  1.518E-06  1.095E-07  2.857E-07  4.515E-07
                5.061E-05  5.351E-07  1.814E-06  2.971E-07  2.696E-07  4.417E-06
                1.089E-05  1.050E-05  2.815E-06  2.156E-05  8.055E-06  9.856E-06
                2.073E-07  7.719E-09  2.932E-08  2.901E-11  5.843E-06  3.663E-07
                2.190E-07  5.566E-10  5.276E-06  6.372E-07  3.435E-08  5.943E-06
                3.499E-06  8.090E-06  1.903E-05  2.074E-06  2.384E-06  9.016E-07
                6.996E-06  7.186E-06  1.783E-08  1.037E-07  9.583E-07  4.884E-06
                4.773E-05  9.364E-08  1.610E-10  5.101E-10  3.010E-10  1.221E-10
                1.122E-11  1.300E-06  7.379E-06  2.372E-07  3.580E-06  2.806E-06
                5.794E-07  2.130E-07  2.250E-05  8.006E-06  5.287E-07  7.030E-07
                2.058E-07  1.353E-08  4.142E-07  1.315E-06  8.504E-07  4.670E-08
                2.552E-07  1.799E-07  2.292E-08  1.406E-05  9.445E-08  5.116E-05
                2.739E-07  3.058E-07  7.225E-07  1.882E-06  4.662E-07  1.115E-06
                1.050E-06  8.322E-08  2.645E-05  4.582E-07  1.889E-06  3.730E-08
                1.160E-05  5.236E-05  5.777E-07  1.163E-06  7.531E-06  3.144E-06
                7.455E-06  4.584E-07  7.102E-07  7.904E-07  7.564E-10  3.489E-06
                2.054E-06  5.939E-09  2.078E-08  7.452E-07  6.249E-06  7.701E-06
                8.366E-07  8.404E-08  3.918E-07  4.091E-06  8.266E-09  2.141E-06
                4.706E-06  2.262E-08  1.099E-05  2.433E-06  9.270E-07  8.240E-07
                8.312E-06  4.799E-07  1.886E-06  2.160E-07  2.342E-06  1.222E-06
                1.155E-06  2.290E-05  4.675E-07  8.219E-06  7.213E-09  1.386E-06
                1.361E-06  5.162E-07  3.331E-06  5.324E-07  3.033E-06  2.714E-09
                4.898E-07  8.585E-06  8.915E-06  3.876E-07  1.635E-06  5.371E-07
                1.109E-07  1.299E-06  2.645E-06  1.679E-06  7.840E-07  9.951E-08
                9.827E-06  1.572E-06  8.340E-07  4.400E-07  9.654E-07  7.262E-07
                1.872E-05  9.668E-06  1.199E-06  3.686E-06  6.822E-06  4.640E-06
                5.093E-06  8.825E-07  3.230E-07  4.458E-10  3.015E-07  3.088E-07
                1.278E-06  2.050E-06  2.761E-06  7.199E-06  1.634E-06  2.318E-07
                2.405E-08  3.580E-07  3.759E-07  3.636E-07  8.760E-06
9.49352630E+01  1.002E-02  1.052E-02  5.513E-06  6.470E-03  4.203E-03  1.378E-05
                9.818E-06  2.023E-02  2.683E-05  1.615E-05  5.740E-04  2.032E-05
                9.004E-03  1.345E-04  1.991E-04  6.106E-07  1.604E-06  6.556E-06
                2.897E-06  4.733E-06  8.337E-09  4.950E-06  1.825E-06  7.849E-08
                2.541E-07  6.105E-07  3.996E-06  1.388E-06  4.895E-06  7.615E-06
                6.204E-06  1.156E-06  1.825E-05  4.835E-06  3.871E-06  1.389E-06
                3.670E-09  2.971E-06  1.391E-09  1.718E-05  9.725E-07  7.553E-06
                2.933E-06  7.551E-07  7.945E-07  8.808E-08  2.390E-07  2.417E-07
                3.182E-05  4.650E-07  1.147E-06  1.795E-07  1.466E-07  3.811E-06
                6.382E-06  5.987E-06  1.600E-06  1.244E-05  4.113E-06  7.995E-06
                1.686E-07  5.366E-09  1.923E-08  1.331E-11  2.918E-06  2.488E-07
                2.110E-07  4.564E-10  3.294E-06  3.610E-07  3.111E-08  4.221E-06
                2.669E-06  6.025E-06  1.175E-05  1.044E-06  1.468E-06  4.497E-07
                4.844E-06  4.991E-06  1.006E-08  6.111E-08  6.348E-07  2.720E-06
                3.157E-05  6.254E-08  1.146E-10  3.607E-10  2.101E-10  1.079E-10
                1.028E-11  9.266E-07  5.227E-06  1.447E-07  2.772E-06  2.221E-06
                3.839E-07  1.105E-07  1.497E-05  5.336E-06  3.989E-07  5.376E-07
                1.532E-07  8.641E-09  2.760E-07  9.436E-07  6.213E-07  3.556E-08
                1.384E-07  1.341E-07  1.639E-08  9.712E-06  6.528E-08  3.466E-05
                1.838E-07  2.127E-07  4.643E-07  1.508E-06  3.706E-07  8.343E-07
                7.895E-07  6.554E-08  1.782E-05  2.854E-07  1.407E-06  2.250E-08
                7.632E-06  3.616E-05  4.135E-07  8.484E-07  5.353E-06  2.233E-06
                5.183E-06  2.267E-07  3.764E-07  4.438E-07  4.576E-10  1.827E-06
                1.081E-06  6.200E-09  2.255E-08  4.862E-07  4.373E-06  5.360E-06
                4.292E-07  5.102E-08  2.319E-07  1.692E-06  8.621E-09  1.413E-06
                3.101E-06  9.926E-09  7.588E-06  1.649E-06  5.175E-07  5.572E-07
                5.942E-06  2.778E-07  1.074E-06  1.213E-07  1.386E-06  9.666E-07
                8.164E-07  1.507E-05  3.222E-07  5.641E-06  8.296E-09  8.059E-07
                7.502E-07  2.636E-07  2.297E-06  3.671E-07  2.084E-06  1.320E-09
                2.372E-07  5.978E-06  6.176E-06  2.250E-07  9.561E-07  4.227E-07
                6.080E-08  7.477E-07  1.343E-06  9.696E-07  4.002E-07  6.055E-08
                7.013E-06  9.901E-07  5.906E-07  2.915E-07  6.191E-07  5.269E-07
                1.369E-05  7.192E-06  6.791E-07  1.881E-06  3.169E-06  2.903E-06
                3.089E-06  4.577E-07  9.982E-08  4.487E-10  1.193E-07  1.845E-07
                9.897E-07  1.602E-06  2.130E-06  5.175E-06  9.649E-07  1.257E-07
                1.087E-08  2.461E-07  2.964E-07  2.370E-07  6.632E-06
1.08543263E+02  6.502E-03  6.818E-03  4.421E-06  4.203E-03  2.721E-03  9.166E-06
                6.424E-06  1.507E-02  1.685E-05  1.016E-05  4.341E-04  1.289E-05
                6.837E-03  8.862E-05  1.316E-04  5.252E-07  1.058E-06  3.855E-06
                2.027E-06  2.811E-06  5.721E-09  3.307E-06  1.302E-06  3.089E-08
                1.302E-07  4.964E-07  3.324E-06  9.313E-07  3.138E-06  4.892E-06
                3.852E-06  7.717E-07  1.091E-05  3.334E-06  2.474E-06  9.097E-07
                2.372E-09  1.767E-06  1.115E-09  1.028E-05  7.272E-07  4.604E-06
                1.699E-06  4.096E-07  4.489E-07  7.189E-08  1.954E-07  1.430E-07
                2.095E-05  3.889E-07  7.425E-07  1.206E-07  7.245E-08  3.173E-06
                3.938E-06  3.603E-06  9.740E-07  7.737E-06  2.357E-06  6.455E-06
                1.279E-07  4.024E-09  1.406E-08  1.267E-11  1.631E-06  1.762E-07
                1.747E-07  3.208E-10  2.208E-06  2.183E-07  3.074E-08  3.352E-06
                2.089E-06  4.388E-06  7.725E-06  5.922E-07  9.734E-07  2.503E-07
                3.430E-06  3.541E-06  7.670E-09  4.651E-08  4.403E-07  1.665E-06
                2.143E-05  4.802E-08  8.359E-11  2.629E-10  1.501E-10  9.441E-11
                8.540E-12  6.641E-07  3.732E-06  9.424E-08  2.190E-06  1.794E-06
                2.635E-07  8.957E-08  1.018E-05  3.625E-06  3.020E-07  4.106E-07
                1.181E-07  5.840E-09  2.014E-07  7.157E-07  4.800E-07  2.676E-08
                1.056E-07  1.009E-07  1.090E-08  7.366E-06  4.602E-08  2.406E-05
                1.306E-07  1.581E-07  3.142E-07  1.192E-06  2.878E-07  6.256E-07
                5.943E-07  5.329E-08  1.208E-05  2.015E-07  1.117E-06  1.573E-08
                5.204E-06  2.555E-05  3.096E-07  6.340E-07  4.089E-06  1.689E-06
                3.603E-06  1.237E-07  2.315E-07  2.948E-07  3.115E-10  1.148E-06
                6.832E-07  5.387E-09  1.958E-08  3.369E-07  3.218E-06  3.926E-06
                2.341E-07  2.987E-08  1.465E-07  9.682E-07  7.020E-09  9.669E-07
                2.124E-06  6.821E-09  5.559E-06  1.189E-06  3.105E-07  3.928E-07
                4.345E-06  1.721E-07  6.611E-07  8.832E-08  8.953E-07  7.354E-07
                6.140E-07  1.046E-05  2.407E-07  4.166E-06  7.660E-09  5.516E-07
                4.823E-07  1.487E-07  1.763E-06  2.689E-07  1.515E-06  1.116E-09
                1.270E-07  4.365E-06  4.493E-06  1.470E-07  6.620E-07  3.412E-07
                3.993E-08  4.570E-07  9.009E-07  6.073E-07  2.761E-07  3.902E-08
                5.100E-06  6.590E-07  4.385E-07  2.223E-07  4.789E-07  3.939E-07
                1.010E-05  5.365E-06  4.279E-07  1.125E-06  1.886E-06  1.953E-06
                2.014E-06  2.627E-07  5.168E-08  4.248E-10  5.415E-08  1.139E-07
                7.568E-07  1.246E-06  1.608E-06  3.831E-06  6.415E-07  8.191E-08
                6.304E-09  1.741E-07  2.304E-07  1.772E-07  5.047E-06
1.22151263E+02  4.455E-03  4.688E-03  2.233E-06  2.891E-03  1.876E-03  5.943E-06
                4.178E-06  1.177E-02  1.072E-05  6.561E-06  3.410E-04  8.497E-06
                5.380E-03  6.382E-05  9.470E-05  4.974E-07  6.877E-07  2.404E-06
                1.419E-06  1.709E-06  5.350E-09  2.137E-06  8.832E-07  1.494E-08
                7.829E-08  4.551E-07  3.085E-06  6.031E-07  1.957E-06  3.135E-06
                2.466E-06  4.994E-07  6.973E-06  2.456E-06  1.634E-06  5.762E-07
                1.506E-09  1.080E-06  9.508E-10  6.663E-06  5.702E-07  3.036E-06
                1.075E-06  2.356E-07  2.680E-07  7.038E-08  2.118E-07  8.959E-08
                1.452E-05  3.360E-07  4.647E-07  8.182E-08  4.087E-08  2.742E-06
                2.584E-06  2.361E-06  6.168E-07  4.861E-06  1.456E-06  5.508E-06
                1.083E-07  2.889E-09  9.229E-09  1.760E-11  1.007E-06  1.301E-07
                1.405E-07  2.938E-10  1.477E-06  1.395E-07  2.362E-08  2.330E-06
                1.538E-06  3.383E-06  5.090E-06  3.754E-07  6.295E-07  1.539E-07
                2.282E-06  2.348E-06  6.221E-09  3.767E-08  3.007E-07  1.060E-06
                1.520E-05  2.802E-08  6.442E-11  2.009E-10  1.030E-10  7.835E-11
                6.581E-12  4.425E-07  2.496E-06  5.850E-08  1.753E-06  1.461E-06
                1.821E-07  7.345E-08  7.306E-06  2.589E-06  2.227E-07  3.047E-07
                8.519E-08  3.575E-09  1.429E-07  5.116E-07  3.555E-07  1.772E-08
                9.203E-08  6.586E-08  6.467E-09  4.861E-06  3.347E-08  1.852E-05
                9.109E-08  1.086E-07  2.156E-07  9.152E-07  2.192E-07  4.407E-07
                4.200E-07  4.223E-08  8.452E-06  1.644E-07  7.927E-07  9.946E-09
                3.695E-06  1.998E-05  2.263E-07  4.729E-07  2.753E-06  1.135E-06
                2.483E-06  6.981E-08  1.471E-07  1.997E-07  1.815E-10  7.510E-07
                4.486E-07  5.062E-09  1.857E-08  2.355E-07  2.455E-06  2.984E-06
                1.357E-07  2.159E-08  1.003E-07  5.754E-07  7.169E-09  6.877E-07
                1.510E-06  3.432E-09  4.204E-06  8.895E-07  1.999E-07  2.946E-07
                3.306E-06  1.103E-07  4.381E-07  6.265E-08  5.621E-07  5.760E-07
                4.306E-07  8.229E-06  1.574E-07  2.708E-06  6.197E-09  3.761E-07
                3.124E-07  8.793E-08  1.188E-06  2.046E-07  1.148E-06  1.048E-09
                7.281E-08  3.312E-06  3.394E-06  9.361E-08  4.439E-07  2.783E-07
                2.602E-08  2.862E-07  5.818E-07  3.854E-07  1.843E-07  2.656E-08
                4.041E-06  4.469E-07  3.080E-07  1.479E-07  3.243E-07  2.898E-07
                8.049E-06  4.306E-06  2.882E-07  6.675E-07  1.122E-06  1.397E-06
                1.379E-06  1.556E-07  3.472E-08  3.181E-10  2.407E-08  7.679E-08
                5.899E-07  9.872E-07  1.256E-06  2.947E-06  4.395E-07  5.331E-08
                5.507E-09  1.268E-07  1.841E-07  1.284E-07  3.958E-06
1.35759263E+02  3.105E-03  3.259E-03  2.546E-06  2.017E-03  1.303E-03  4.363E-06
                2.957E-06  9.096E-03  7.337E-06  4.464E-06  2.673E-04  5.756E-06
                4.230E-03  4.411E-05  6.578E-05  4.772E-07  4.703E-07  1.448E-06
                1.077E-06  1.023E-06  3.494E-09  1.488E-06  7.225E-07  1.143E-08
                6.424E-08  3.188E-07  2.170E-06  4.386E-07  1.305E-06  2.065E-06
                1.711E-06  3.477E-07  4.958E-06  1.668E-06  1.151E-06  3.820E-07
                9.911E-10  6.983E-07  6.445E-10  4.511E-06  4.247E-07  2.075E-06
                7.077E-07  1.436E-07  1.681E-07  6.008E-08  1.903E-07  6.346E-08
                1.038E-05  2.837E-07  3.142E-07  6.281E-08  2.491E-08  2.306E-06
                1.753E-06  1.597E-06  4.017E-07  3.271E-06  9.472E-07  4.556E-06
                9.354E-08  2.275E-09  6.975E-09  2.121E-11  6.433E-07  1.031E-07
                1.052E-07  1.900E-10  1.051E-06  9.116E-08  3.082E-08  1.869E-06
                1.215E-06  2.489E-06  3.576E-06  2.459E-07  4.560E-07  9.764E-08
                1.706E-06  1.752E-06  4.913E-09  2.959E-08  2.189E-07  7.192E-07
                1.107E-05  2.614E-08  4.867E-11  1.513E-10  7.361E-11  7.101E-11
                5.105E-12  3.328E-07  1.881E-06  3.847E-08  1.399E-06  1.181E-06
                1.309E-07  7.800E-08  5.300E-06  1.889E-06  1.721E-07  2.354E-07
                6.634E-08  3.014E-09  1.072E-07  4.044E-07  2.845E-07  1.482E-08
                8.144E-08  5.526E-08  5.718E-09  3.830E-06  2.468E-08  1.348E-05
                6.919E-08  8.298E-08  1.552E-07  7.207E-07  1.707E-07  3.322E-07
                3.155E-07  3.268E-08  6.160E-06  1.339E-07  6.409E-07  8.131E-09
                2.652E-06  1.472E-05  1.724E-07  3.470E-07  2.189E-06  8.910E-07
                1.850E-06  4.104E-08  9.933E-08  1.433E-07  1.500E-10  5.291E-07
                3.171E-07  3.809E-09  1.376E-08  1.735E-07  1.904E-06  2.311E-06
                7.921E-08  1.452E-08  6.855E-08  4.205E-07  4.847E-09  4.947E-07
                1.084E-06  2.776E-09  3.267E-06  6.829E-07  1.312E-07  2.249E-07
                2.544E-06  7.339E-08  2.969E-07  5.046E-08  3.838E-07  4.296E-07
                3.343E-07  6.126E-06  1.267E-07  2.132E-06  5.091E-09  2.757E-07
                2.181E-07  5.381E-08  9.970E-07  1.596E-07  8.875E-07  8.421E-10
                4.190E-08  2.561E-06  2.621E-06  6.501E-08  3.268E-07  2.192E-07
                1.950E-08  1.864E-07  4.476E-07  2.580E-07  1.445E-07  1.870E-08
                3.012E-06  3.168E-07  2.394E-07  1.290E-07  2.929E-07  2.242E-07
                6.014E-06  3.235E-06  2.025E-07  4.562E-07  8.193E-07  1.025E-06
                9.807E-07  9.722E-08  3.457E-08  2.861E-10  1.074E-08  5.044E-08
                4.667E-07  7.914E-07  9.758E-07  2.288E-06  3.194E-07  4.053E-08
                4.196E-09  9.526E-08  1.469E-07  1.015E-07  3.120E-06
1.49367263E+02  2.308E-03  2.436E-03  1.082E-06  1.504E-03  9.774E-04  3.148E-06
                2.041E-06  7.436E-03  5.066E-06  3.103E-06  2.178E-04  4.036E-06
                3.446E-03  3.415E-05  5.082E-05  4.651E-07  3.185E-07  1.053E-06
                8.009E-07  6.961E-07  3.331E-09  9.733E-07  4.988E-07  9.935E-09
                5.087E-08  3.279E-07  2.241E-06  2.878E-07  8.242E-07  1.360E-06
                1.170E-06  2.292E-07  3.496E-06  1.378E-06  7.997E-07  2.414E-07
                6.384E-10  4.483E-07  6.453E-10  3.282E-06  3.650E-07  1.506E-06
                5.061E-07  9.160E-08  1.108E-07  5.738E-08  1.919E-07  4.636E-08
                7.667E-06  2.447E-07  2.022E-07  4.489E-08  2.168E-08  1.994E-06
                1.252E-06  1.166E-06  2.735E-07  2.181E-06  6.608E-07  3.933E-06
                7.978E-08  1.660E-09  4.621E-09  2.507E-11  4.601E-07  8.131E-08
                8.162E-08  1.834E-10  7.408E-07  6.453E-08  2.130E-08  1.294E-06
                8.899E-07  2.027E-06  2.499E-06  1.799E-07  3.135E-07  6.907E-08
                1.097E-06  1.121E-06  4.312E-09  2.627E-08  1.567E-07  4.994E-07
                8.177E-06  1.399E-08  4.088E-11  1.265E-10  5.237E-11  5.522E-11
                3.837E-12  2.120E-07  1.207E-06  2.468E-08  1.152E-06  9.849E-07
                9.570E-08  6.145E-08  3.967E-06  1.401E-06  1.261E-07  1.733E-07
                4.708E-08  1.795E-09  7.697E-08  2.866E-07  2.106E-07  9.427E-09
                7.450E-08  3.469E-08  3.596E-09  2.433E-06  1.832E-08  1.128E-05
                5.233E-08  5.549E-08  1.119E-07  5.494E-07  1.283E-07  2.268E-07
                2.176E-07  2.602E-08  4.359E-06  1.187E-07  4.365E-07  5.019E-09
                1.988E-06  1.248E-05  1.250E-07  2.545E-07  1.420E-06  5.755E-07
                1.248E-06  2.446E-08  6.869E-08  1.046E-07  8.752E-11  3.847E-07
                2.308E-07  3.232E-09  1.169E-08  1.271E-07  1.514E-06  1.834E-06
                4.852E-08  1.196E-08  5.322E-08  2.961E-07  4.590E-09  3.729E-07
                8.138E-07  1.546E-09  2.576E-06  5.347E-07  9.226E-08  1.807E-07
                1.999E-06  5.091E-08  2.202E-07  3.626E-08  2.543E-07  3.467E-07
                2.343E-07  5.299E-06  7.839E-08  1.318E-06  3.827E-09  2.002E-07
                1.511E-07  3.387E-08  6.512E-07  1.270E-07  7.030E-07  8.490E-10
                2.513E-08  2.027E-06  2.066E-06  4.384E-08  2.326E-07  1.776E-07
                1.360E-08  1.237E-07  3.123E-07  1.739E-07  1.024E-07  1.368E-08
                2.555E-06  2.290E-07  1.667E-07  8.365E-08  1.960E-07  1.606E-07
                5.101E-06  2.747E-06  1.487E-07  2.966E-07  5.489E-07  7.763E-07
                7.138E-07  6.132E-08  3.114E-08  1.995E-10  5.269E-09  3.668E-08
                3.731E-07  6.425E-07  7.827E-07  1.818E-06  2.285E-07  2.992E-08
                4.250E-09  7.318E-08  1.197E-07  7.326E-08  2.516E-06
1.62975263E+02  1.644E-03  1.729E-03  1.850E-06  1.076E-03  6.938E-04  2.036E-06
                1.440E-06  5.984E-03  3.288E-06  2.031E-06  1.793E-04  2.829E-06
                2.849E-03  2.490E-05  3.722E-05  4.547E-07  2.265E-07  6.919E-07
                6.490E-07  4.498E-07  2.131E-09  6.932E-07  4.296E-07  1.343E-08
                5.133E-08  2.124E-07  1.454E-06  2.209E-07  5.767E-07  9.009E-07
                8.589E-07  1.634E-07  2.605E-06  9.151E-07  5.823E-07  1.595E-07
                4.269E-10  3.118E-07  4.141E-10  2.289E-06  2.631E-07  1.059E-06
                3.425E-07  5.791E-08  7.286E-08  4.816E-08  1.680E-07  3.433E-08
                5.587E-06  2.106E-07  1.424E-07  3.424E-08  1.967E-08  1.710E-06
                8.697E-07  8.121E-07  1.813E-07  1.540E-06  4.423E-07  3.320E-06
                7.274E-08  1.320E-09  3.796E-09  2.608E-11  2.978E-07  6.747E-08
                5.982E-08  1.165E-10  5.440E-07  4.213E-08  2.696E-08  1.106E-06
                7.101E-07  1.472E-06  1.794E-06  1.222E-07  2.303E-07  4.423E-08
                8.615E-07  8.802E-07  3.409E-09  2.081E-08  1.154E-07  3.483E-07
                6.022E-06  1.355E-08  3.089E-11  9.599E-11  3.842E-11  4.830E-11
                2.871E-12  1.665E-07  9.470E-07  1.659E-08  9.087E-07  7.837E-07
                7.189E-08  6.051E-08  2.904E-06  1.028E-06  9.709E-08  1.335E-07
                3.795E-08  1.689E-09  6.102E-08  2.339E-07  1.730E-07  8.391E-09
                6.966E-08  3.119E-08  3.011E-09  2.075E-06  1.379E-08  8.241E-06
                3.908E-08  4.422E-08  8.340E-08  4.256E-07  9.839E-08  1.767E-07
                1.707E-07  2.010E-08  3.244E-06  1.002E-07  3.711E-07  4.118E-09
                1.455E-06  9.217E-06  9.653E-08  1.892E-07  1.208E-06  4.837E-07
                9.592E-07  1.465E-08  4.864E-08  7.781E-08  7.815E-11  2.861E-07
                1.720E-07  2.276E-09  8.097E-09  9.644E-08  1.179E-06  1.429E-06
                2.891E-08  8.028E-09  3.645E-08  2.480E-07  3.002E-09  2.737E-07
                5.983E-07  1.271E-09  2.007E-06  4.119E-07  6.188E-08  1.419E-07
                1.546E-06  3.524E-08  1.529E-07  2.963E-08  1.808E-07  2.529E-07
                1.855E-07  4.020E-06  6.797E-08  1.105E-06  3.013E-09  1.509E-07
                1.100E-07  2.133E-08  5.889E-07  9.910E-08  5.442E-07  6.224E-10
                1.440E-08  1.572E-06  1.603E-06  3.135E-08  1.766E-07  1.360E-07
                1.163E-08  8.376E-08  2.535E-07  1.222E-07  8.325E-08  1.013E-08
                1.923E-06  1.683E-07  1.325E-07  8.016E-08  1.929E-07  1.263E-07
                3.831E-06  2.069E-06  1.089E-07  2.221E-07  4.485E-07  5.814E-07
                5.201E-07  3.928E-08  2.740E-08  1.504E-10  3.261E-09  2.460E-08
                2.967E-07  5.166E-07  6.102E-07  1.431E-06  1.698E-07  2.328E-08
                2.849E-09  5.626E-08  9.605E-08  5.767E-08  1.998E-06
1.76583263E+02  1.334E-03  1.405E-03  9.304E-07  8.679E-04  5.637E-04  2.077E-06
                1.111E-06  4.828E-03  2.827E-06  1.702E-06  1.426E-04  2.065E-06
                2.261E-03  1.864E-05  2.787E-05  4.329E-07  1.629E-07  5.626E-07
                5.189E-07  3.291E-07  2.160E-09  4.788E-07  3.051E-07  1.462E-08
                4.965E-08  1.947E-07  1.333E-06  1.455E-07  3.589E-07  6.055E-07
                6.400E-07  1.143E-07  2.088E-06  7.401E-07  4.338E-07  1.012E-07
                2.792E-10  2.060E-07  3.484E-10  1.914E-06  2.273E-07  8.595E-07
                2.835E-07  4.328E-08  5.379E-08  4.498E-08  1.634E-07  2.985E-08
                4.503E-06  1.845E-07  9.830E-08  2.863E-08  2.089E-08  1.502E-06
                6.914E-07  6.699E-07  1.352E-07  1.077E-06  3.438E-07  2.923E-06
                6.519E-08  1.012E-09  2.276E-09  2.543E-11  2.405E-07  5.585E-08
                4.697E-08  1.071E-10  4.040E-07  3.420E-08  2.045E-08  6.939E-07
                5.363E-07  1.247E-06  1.362E-06  9.855E-08  1.737E-07  3.518E-08
                5.444E-07  5.489E-07  2.556E-09  1.561E-08  8.931E-08  2.619E-07
                4.821E-06  1.137E-08  2.622E-11  8.032E-11  2.823E-11  4.102E-11
                2.130E-12  1.044E-07  6.056E-07  1.081E-08  7.490E-07  6.486E-07
                5.677E-08  6.193E-08  2.343E-06  8.304E-07  7.340E-08  1.019E-07
                2.723E-08  1.046E-09  4.462E-08  1.708E-07  1.326E-07  5.278E-09
                6.541E-08  1.924E-08  2.228E-09  1.201E-06  1.006E-08  7.192E-06
                3.241E-08  2.805E-08  6.680E-08  3.434E-07  7.660E-08  1.176E-07
                1.163E-07  1.557E-08  2.444E-06  9.445E-08  2.358E-07  3.754E-09
                1.158E-06  8.126E-06  7.040E-08  1.324E-07  7.262E-07  2.883E-07
                6.688E-07  8.852E-09  3.226E-08  5.309E-08  3.913E-11  1.950E-07
                1.174E-07  1.941E-09  6.884E-09  7.761E-08  9.590E-07  1.161E-06
                1.827E-08  7.817E-09  3.031E-08  1.745E-07  2.310E-09  2.182E-07
                4.714E-07  7.167E-10  1.624E-06  3.330E-07  4.790E-08  1.167E-07
                1.258E-06  2.549E-08  1.227E-07  2.291E-08  1.249E-07  2.078E-07
                1.358E-07  3.610E-06  4.054E-08  6.628E-07  2.240E-09  1.033E-07
                7.263E-08  1.382E-08  3.602E-07  8.148E-08  4.462E-07  5.061E-10
                8.431E-09  1.281E-06  1.303E-06  2.087E-08  1.196E-07  1.143E-07
                7.468E-09  5.761E-08  1.842E-07  8.267E-08  6.037E-08  7.436E-09
                1.651E-06  1.249E-07  9.699E-08  4.824E-08  1.203E-07  9.108E-08
                3.257E-06  1.757E-06  8.411E-08  1.381E-07  2.806E-07  4.614E-07
                4.020E-07  2.581E-08  3.540E-08  1.835E-10  1.191E-09  2.016E-08
                2.400E-07  4.206E-07  4.918E-07  1.142E-06  1.190E-07  2.144E-08
                4.313E-09  4.391E-08  7.839E-08  4.305E-08  1.614E-06
1.90191263E+02  9.741E-04  1.034E-03  3.202E-07  6.431E-04  4.186E-04  9.867E-07
                7.198E-07  4.331E-03  1.515E-06  9.673E-07  1.306E-04  1.565E-06
                2.078E-03  1.633E-05  2.433E-05  4.054E-07  1.165E-07  4.339E-07
                4.191E-07  2.560E-07  1.377E-09  3.234E-07  2.407E-07  1.268E-08
                3.869E-08  1.928E-07  1.323E-06  1.103E-07  2.672E-07  4.130E-07
                4.463E-07  7.794E-08  1.372E-06  6.534E-07  2.943E-07  6.477E-08
                1.855E-10  1.485E-07  4.035E-10  1.287E-06  1.966E-07  5.713E-07
                1.842E-07  2.473E-08  3.440E-08  3.680E-08  1.376E-07  2.061E-08
                3.121E-06  1.596E-07  6.496E-08  1.690E-08  2.045E-08  1.299E-06
                4.614E-07  4.479E-07  8.584E-08  7.470E-07  2.272E-07  2.520E-06
                5.514E-08  7.470E-10  2.209E-09  2.586E-11  1.603E-07  4.460E-08
                3.333E-08  8.365E-11  2.833E-07  2.081E-08  1.908E-08  6.951E-07
                4.142E-07  9.430E-07  9.090E-07  7.212E-08  1.188E-07  2.322E-08
                4.087E-07  4.194E-07  2.928E-09  1.818E-08  6.077E-08  1.793E-07
                3.262E-06  4.378E-09  2.298E-11  7.228E-11  2.114E-11  2.704E-11
                1.544E-12  7.752E-08  4.392E-07  7.422E-09  6.213E-07  5.462E-07
                4.195E-08  3.219E-08  1.601E-06  5.543E-07  5.325E-08  7.374E-08
                2.119E-08  9.253E-10  3.475E-08  1.308E-07  1.020E-07  4.668E-09
                5.856E-08  1.712E-08  1.731E-09  1.138E-06  8.234E-09  5.545E-06
                2.551E-08  2.457E-08  4.937E-08  2.482E-07  5.531E-08  9.203E-08
                9.085E-08  1.241E-08  1.630E-06  7.694E-08  2.158E-07  1.490E-09
                8.371E-07  6.318E-06  5.481E-08  1.070E-07  6.763E-07  2.673E-07
                4.591E-07  5.616E-09  2.664E-08  4.606E-08  3.956E-11  1.726E-07
                1.036E-07  1.235E-09  4.321E-09  5.688E-08  7.564E-07  9.183E-07
                1.161E-08  5.574E-09  2.477E-08  1.472E-07  2.023E-09  1.604E-07
                3.482E-07  5.818E-10  1.265E-06  2.550E-07  3.363E-08  1.012E-07
                9.618E-07  1.954E-08  9.833E-08  1.539E-08  9.106E-08  1.595E-07
                1.000E-07  2.878E-06  3.479E-08  5.391E-07  1.709E-09  8.935E-08
                6.059E-08  9.147E-09  3.470E-07  6.309E-08  3.433E-07  4.981E-10
                4.925E-09  9.930E-07  1.007E-06  1.610E-08  1.014E-07  8.423E-08
                7.281E-09  4.192E-08  1.407E-07  6.471E-08  4.592E-08  6.275E-09
                1.342E-06  9.953E-08  7.235E-08  4.834E-08  1.231E-07  7.000E-08
                2.669E-06  1.439E-06  6.404E-08  1.211E-07  2.619E-07  3.434E-07
                2.888E-07  1.711E-08  1.506E-08  5.502E-11  2.292E-09  1.287E-08
                1.959E-07  3.506E-07  3.998E-07  9.345E-07  9.278E-08  1.315E-08
                1.503E-09  3.558E-08  6.487E-08  3.049E-08  1.337E-06
2.03799263E+02  7.348E-04  7.638E-04  3.561E-06  4.766E-04  3.063E-04  9.905E-07
                5.500E-07  3.205E-03  1.338E-06  8.395E-07  9.860E-05  1.069E-06
                1.575E-03  1.000E-05  1.510E-05  4.111E-07  8.978E-08  3.075E-07
                3.880E-07  1.633E-07  1.342E-09  2.580E-07  2.154E-07  2.018E-08
                5.126E-08  6.275E-08  4.244E-07  8.452E-08  1.743E-07  2.566E-07
                3.801E-07  6.279E-08  1.282E-06  2.780E-07  2.422E-07  4.093E-08
                1.271E-10  1.136E-07  1.022E-10  1.027E-06  1.061E-07  4.594E-07
                1.454E-07  1.929E-08  2.477E-08  3.110E-08  1.229E-07  1.871E-08
                2.521E-06  1.510E-07  5.113E-08  1.883E-08  1.916E-08  1.227E-06
                3.605E-07  3.528E-07  6.244E-08  5.444E-07  1.624E-07  2.342E-06
                5.359E-08  6.382E-10  1.253E-09  2.117E-11  1.066E-07  3.676E-08
                2.469E-08  5.163E-11  2.234E-07  1.666E-08  2.256E-08  4.025E-07
                3.464E-07  6.799E-07  7.357E-07  5.172E-08  9.503E-08  1.519E-08
                3.272E-07  3.260E-07  1.240E-09  7.514E-09  5.026E-08  1.311E-07
                2.787E-06  1.628E-08  1.447E-11  4.435E-11  1.630E-11  3.402E-11
                1.152E-12  6.224E-08  3.658E-07  5.336E-09  4.492E-07  3.908E-07
                3.700E-08  7.252E-08  1.331E-06  4.780E-07  4.460E-08  6.203E-08
                1.710E-08  7.868E-10  2.953E-08  1.101E-07  8.799E-08  3.644E-09
                6.779E-08  1.330E-08  1.599E-09  7.145E-07  5.175E-09  4.045E-06
                1.768E-08  1.558E-08  4.352E-08  2.205E-07  4.613E-08  6.698E-08
                6.953E-08  9.264E-09  1.467E-06  7.517E-08  1.448E-07  4.048E-09
                6.429E-07  4.679E-06  4.269E-08  6.986E-08  4.339E-07  1.694E-07
                4.144E-07  3.125E-09  1.459E-08  2.555E-08  1.870E-11  9.457E-08
                5.731E-08  1.091E-09  3.771E-09  5.189E-08  5.818E-07  7.051E-07
                6.715E-09  4.464E-09  1.392E-08  1.425E-07  7.645E-10  1.203E-07
                2.599E-07  3.700E-10  9.827E-07  1.990E-07  2.384E-08  7.315E-08
                7.747E-07  1.252E-08  6.036E-08  1.798E-08  6.757E-08  1.132E-07
                8.501E-08  2.236E-06  2.560E-08  4.024E-07  1.324E-09  5.006E-08
                3.428E-08  5.772E-09  2.339E-07  4.992E-08  2.704E-07  2.344E-10
                2.419E-09  7.753E-07  7.903E-07  9.648E-09  5.909E-08  7.155E-08
                4.879E-09  2.680E-08  1.360E-07  4.077E-08  4.310E-08  4.000E-09
                9.727E-07  6.773E-08  6.245E-08  3.374E-08  8.701E-08  5.461E-08
                1.883E-06  1.018E-06  4.755E-08  6.982E-08  1.702E-07  2.705E-07
                2.251E-07  1.073E-08  3.721E-08  2.183E-10  1.623E-09  1.143E-08
                1.507E-07  2.668E-07  2.962E-07  7.012E-07  6.116E-08  1.671E-08
                3.887E-09  2.553E-08  4.990E-08  2.802E-08  9.971E-07
