          16           7
         215          13           1           1
           0          -4           0          -4           0          -6           0          -2           0          -4           0           6           0           4           0           2           0           4           0           6           0           2           0           4           0           2           0          -4           0          -2           0           2           0           4           0           6           0           2           0           4           0           6           0           4           0          -2           0          -2           0          -4           0          -6           0          -8           0          -2           0          -4           0          -6           0          -4           0           2           0          -4           0          -6           0          -2           0          -4           0          -6           0          -6           0          -8           0          -4           0          -6           0          -2           0          -4           0           4           0           6           0           8           0          10           0           4           0          -4           0           2           0           6           0           4           0           8           0           2           0          -4           0          -2           0           6           0           6           0           4           0           2           0           8           0           4           0           6           0           8           0           4           0           6           0           8           0          10           0           4           0           6           0           8           0           6           0           4           0           2           0           6           0           2           0           4           0           2           0          -4           0          -2           0          -6           0          -8           0           6           0           4           0          -4           0          -6           0          -2           0          -4           0          -6           0          -8           0         -10           0          -2           0          -4           0          -6           0          -4           0          -2           0          -6           0          -8           0          -2           0          -4           0           2           0           4           0           6           0           8           0           4           0           4           0           6           0           8           0           2           0          10           0           8           0           6           0           4           0           2           0           6           0           6           0           4           0           4           0           2           0           4           0           6           0           8           0          -4           0           2           0           4           0          -6           0          -4           0           2           0           4           0           6           0           4           0           6           0          -2           0          -4           0          -6           0          -8           0         -10           0          -6           0          -8           0         -10           0         -12           0           2           0          -2           0          -4           0          -6           0          -8           0          -2           0          -8           0         -10           0          -4           0          -2           0          -6           0          -4           0          -2           0          -4           0          -2           0          -4           0          -6           0          -4           0          -8           0          -6           0           2           0           4           0           2           0           4           0           6           0         -10           0          -8           0          -6           0          -4           0           6           0          -2           0          -4           0           8           0          -6           0          -2           0          -4           0          -6           0          -8           0           4           0           6           0          -4           0          -6           0          -6           0          -8           0          -2           0           2           0          -4           0           4           0           6           0           4           0           4           0           2           0           2           0          -4           0          -6           0          -8           0          -2           0          -4           0          -6           0          -8           0         -10           0          -8           0          -6           0          -4           0          -2           0          -2           0          -4           0          -6           0          -6           0          -8           0          -4           0          -2           0          -6           0          -4
    0.000000E+00    9.645106E-03    9.843162E-03    1.435602E-02    1.458263E-02
    4.247197E-02    4.320385E-02    4.360158E-02    5.944295E-02    5.948713E-02
    6.922989E-02    7.316769E-02    7.411300E-02    1.134727E-01    1.147319E-01
    2.354040E-01    2.358931E-01    2.366026E-01    2.382857E-01    2.391328E-01
    2.438023E-01    2.438287E-01    2.461520E-01    2.471700E-01    2.474363E-01
    2.479076E-01    2.485433E-01    2.486026E-01    2.487216E-01    2.491410E-01
    2.502551E-01    2.507374E-01    2.510783E-01    2.511300E-01    2.524691E-01
    2.524772E-01    2.554279E-01    2.561102E-01    2.563381E-01    2.591442E-01
    2.591854E-01    2.609226E-01    2.615363E-01    2.619649E-01    2.622131E-01
    2.625883E-01    2.631076E-01    2.632646E-01    2.633261E-01    2.634365E-01
    2.637297E-01    2.638533E-01    2.640096E-01    2.643758E-01    2.644930E-01
    2.645338E-01    2.648466E-01    2.652759E-01    2.655531E-01    2.656939E-01
    2.657640E-01    2.676748E-01    2.677713E-01    2.679166E-01    2.688115E-01
    2.690337E-01    2.711118E-01    2.712141E-01    2.720014E-01    2.721113E-01
    2.724223E-01    2.724984E-01    2.725578E-01    2.726085E-01    2.727219E-01
    2.737570E-01    2.740430E-01    2.746587E-01    2.763855E-01    2.763956E-01
    2.763957E-01    2.764682E-01    2.789238E-01    2.791446E-01    2.808157E-01
    2.808428E-01    2.816082E-01    2.816156E-01    2.816277E-01    2.816445E-01
    2.816660E-01    2.832213E-01    2.832636E-01    2.833497E-01    2.872720E-01
    2.872722E-01    2.872783E-01    2.873017E-01    2.873787E-01    2.874354E-01
    2.875828E-01    2.876419E-01    2.877951E-01    2.879672E-01    2.884374E-01
    2.885530E-01    2.886000E-01    2.886971E-01    2.887362E-01    2.888178E-01
    2.901974E-01    2.902310E-01    2.934227E-01    2.936053E-01    2.936679E-01
    2.948139E-01    2.948751E-01    2.949134E-01    2.954910E-01    2.955387E-01
    2.955818E-01    2.956302E-01    2.974080E-01    2.974265E-01    2.978254E-01
    2.979930E-01    2.980044E-01    2.981863E-01    2.981951E-01    2.982014E-01
    2.986863E-01    2.989406E-01    2.997979E-01    3.013547E-01    3.014398E-01
    3.015665E-01    3.017420E-01    3.025165E-01    3.025355E-01    3.025686E-01
    3.026262E-01    3.032771E-01    3.036433E-01    3.036673E-01    3.036996E-01
    3.037196E-01    3.041292E-01    3.046134E-01    3.046301E-01    3.048276E-01
    3.048611E-01    3.049614E-01    3.051740E-01    3.052844E-01    3.060373E-01
    3.062721E-01    3.065126E-01    3.067251E-01    3.072820E-01    3.083217E-01
    3.083847E-01    3.085481E-01    3.086063E-01    3.093086E-01    3.093690E-01
    3.093750E-01    3.093804E-01    3.094500E-01    3.095030E-01    3.095365E-01
    3.096086E-01    3.096683E-01    3.098305E-01    3.098337E-01    3.100372E-01
    3.110986E-01    3.111053E-01    3.111248E-01    3.111449E-01    3.124031E-01
    3.124222E-01    3.126400E-01    3.132139E-01    3.132929E-01    3.134326E-01
    3.163175E-01    3.165548E-01    3.167011E-01    3.167161E-01    3.173537E-01
    3.174815E-01    3.194473E-01    3.198310E-01    3.206567E-01    3.235572E-01
    3.235827E-01    3.236877E-01    3.236885E-01    3.238034E-01    3.239013E-01
    3.239634E-01    3.240075E-01    3.245628E-01    3.245933E-01    3.263728E-01
    3.264517E-01    3.271738E-01    3.284075E-01    3.287843E-01    3.314323E-01
    3.314556E-01    3.324856E-01    3.325179E-01    3.327131E-01    3.333147E-01
           0           0           0           1
  -27.915863041215566               13
3.64208630E+01  1.630E-01  1.748E-01  1.664E-04  1.075E-01  7.126E-02  2.357E-04
                1.946E-04  1.170E-01  8.062E-04  1.507E-04  3.346E-03  3.521E-04
                4.270E-02
5.00288630E+01  6.763E-02  7.146E-02  5.710E-05  4.386E-02  2.866E-02  8.226E-05
                6.518E-05  6.825E-02  2.873E-04  1.402E-04  1.866E-03  1.333E-04
                2.792E-02  7.732E-04  1.145E-03  2.576E-06  7.329E-06  6.742E-05
                6.762E-06  3.302E-05  3.323E-06  1.713E-05  8.629E-06  3.252E-06
                6.233E-06  4.380E-06  1.726E-05  1.100E-05  2.727E-05  5.597E-05
                4.986E-05  4.697E-06  2.481E-04  7.254E-05  3.347E-05  5.609E-06
                1.042E-06  4.076E-05  3.259E-07  1.690E-04  2.339E-05  1.773E-04
                1.051E-04  1.143E-05  1.172E-05  7.366E-06  3.489E-06  6.952E-06
                2.262E-04  2.079E-06  4.075E-05  5.617E-06  3.463E-06  2.707E-05
                1.094E-04  1.182E-04  5.225E-05  9.976E-05  1.308E-04  1.181E-04
                3.318E-05  7.291E-08  2.770E-07  3.463E-08  6.868E-05  3.224E-06
                3.645E-06  1.859E-06  5.368E-05  3.175E-05  3.266E-05  4.052E-05
                3.055E-05  4.437E-05  1.034E-04
6.36368630E+01  3.388E-02  3.565E-02  2.428E-05  2.190E-02  1.426E-02  4.834E-05
                3.430E-05  4.460E-02  1.012E-04  5.813E-05  1.216E-03  7.170E-05
                1.882E-02  4.145E-04  6.124E-04  1.493E-06  4.243E-06  2.527E-05
                6.881E-06  1.759E-05  2.159E-08  1.157E-05  7.768E-06  4.945E-07
                1.659E-06  1.705E-06  9.330E-06  4.837E-06  1.506E-05  2.398E-05
                2.507E-05  2.766E-06  9.431E-05  1.532E-05  1.505E-05  3.840E-06
                1.219E-08  1.313E-05  3.613E-09  7.363E-05  3.032E-06  3.251E-05
                1.401E-05  4.436E-06  4.234E-06  1.900E-07  6.482E-07  1.091E-06
                9.989E-05  8.526E-07  3.005E-06  7.732E-07  6.917E-07  7.633E-06
                2.461E-05  2.553E-05  6.934E-06  4.769E-05  2.588E-05  2.063E-05
                3.981E-07  1.024E-08  3.767E-08  7.512E-09  1.998E-05  6.418E-07
                7.069E-08  1.149E-09  1.042E-05  1.577E-06  1.249E-07  8.847E-06
                4.517E-06  1.181E-05  3.825E-05  7.411E-06  5.195E-06  3.090E-06
                1.167E-05  1.167E-05  8.348E-08  3.555E-07  1.719E-06  1.319E-05
                9.070E-05  2.030E-07  1.104E-09  5.794E-09  8.232E-09  1.599E-09
                1.815E-10  1.923E-06  1.165E-05  4.673E-07  5.259E-06  4.141E-06
                1.154E-06  8.642E-07  4.180E-05  1.428E-05  1.225E-06  1.680E-06
                5.037E-07  7.202E-08  5.833E-07  2.209E-06  1.949E-06  8.972E-08
                1.968E-06  2.132E-07  2.218E-08  2.258E-05  2.342E-07  9.274E-05
                5.428E-07  7.572E-07  1.065E-06  2.251E-06  8.523E-07  1.570E-06
                1.681E-06  1.227E-07  4.905E-05  1.259E-06  3.113E-06  1.463E-07
                1.994E-05  9.198E-05  1.062E-06  2.196E-06  1.168E-05  4.883E-06
                1.348E-05  1.455E-06  1.957E-06  1.901E-06  4.310E-09  8.604E-06
                5.676E-06  3.474E-09  1.525E-08  1.302E-06  1.145E-05  1.432E-05
                2.130E-06  1.663E-07  9.188E-07  1.359E-05  4.076E-08  3.284E-06
                7.895E-06  9.810E-08  2.182E-05  4.817E-06  2.616E-06  1.332E-06
                1.458E-05  1.599E-06  4.613E-06  7.237E-07  5.598E-06  1.827E-06
                2.009E-06  4.277E-05  9.115E-07  1.426E-05  2.949E-09  3.282E-06
                3.566E-06  1.635E-06  6.748E-06  1.053E-06  6.183E-06  2.294E-08
                1.620E-06  1.619E-05  1.705E-05  9.285E-07  3.941E-06  1.089E-06
                3.012E-07  2.898E-06  8.795E-06  4.288E-06  2.703E-06  2.375E-07
                1.607E-05  3.089E-06  1.685E-06  1.255E-06  2.569E-06  9.980E-07
                2.873E-05  1.484E-05  3.319E-06  9.844E-06  2.063E-05  1.033E-05
                1.113E-05  2.736E-06  1.832E-06  1.042E-10  8.331E-07  7.473E-07
                1.974E-06  2.548E-06  3.739E-06  1.252E-05  3.919E-06  5.929E-07
                9.650E-08  5.564E-07  6.877E-07  8.056E-07  1.320E-05
7.72448630E+01  1.897E-02  1.991E-02  1.181E-05  1.225E-02  7.957E-03  2.606E-05
                1.885E-05  3.079E-02  5.339E-05  3.160E-05  8.587E-04  3.958E-05
                1.339E-02  2.441E-04  3.606E-04  8.793E-07  2.846E-06  1.392E-05
                4.825E-06  9.849E-06  1.195E-08  8.452E-06  3.577E-06  2.258E-07
                6.841E-07  9.292E-07  5.716E-06  2.623E-06  9.159E-06  1.417E-05
                1.287E-05  1.982E-06  4.173E-05  8.644E-06  7.727E-06  2.465E-06
                6.731E-09  6.455E-06  2.247E-09  3.671E-05  1.660E-06  1.599E-05
                6.599E-06  1.882E-06  1.874E-06  1.242E-07  3.442E-07  5.539E-07
                5.897E-05  5.833E-07  2.086E-06  3.566E-07  3.343E-07  4.854E-06
                1.305E-05  1.278E-05  3.421E-06  2.575E-05  1.019E-05  1.117E-05
                2.365E-07  8.620E-09  3.243E-08  4.052E-11  7.489E-06  4.206E-07
                2.059E-07  5.694E-10  6.192E-06  7.846E-07  4.802E-08  6.457E-06
                3.784E-06  8.877E-06  2.254E-05  2.662E-06  2.845E-06  1.151E-06
                7.843E-06  8.021E-06  2.292E-08  1.290E-07  1.108E-06  6.039E-06
                5.485E-05  1.049E-07  1.748E-10  5.556E-10  3.262E-10  1.333E-10
                1.140E-11  1.438E-06  8.220E-06  2.720E-07  3.825E-06  2.971E-06
                6.448E-07  2.796E-07  2.575E-05  9.215E-06  5.912E-07  7.730E-07
                2.260E-07  1.667E-08  4.652E-07  1.473E-06  9.438E-07  5.317E-08
                3.780E-07  2.048E-07  3.138E-08  1.559E-05  1.082E-07  5.853E-05
                3.142E-07  3.488E-07  8.273E-07  2.023E-06  5.118E-07  1.225E-06
                1.134E-06  8.638E-08  3.053E-05  5.671E-07  2.073E-06  4.467E-08
                1.306E-05  5.938E-05  6.585E-07  1.305E-06  8.329E-06  3.482E-06
                8.510E-06  5.806E-07  8.703E-07  9.421E-07  9.425E-10  4.242E-06
                2.495E-06  5.553E-09  1.894E-08  8.555E-07  7.032E-06  8.693E-06
                1.050E-06  1.011E-07  4.751E-07  5.246E-06  7.773E-09  2.401E-06
                5.277E-06  2.941E-08  1.245E-05  2.777E-06  1.136E-06  9.576E-07
                9.315E-06  5.699E-07  2.307E-06  2.649E-07  2.746E-06  1.301E-06
                1.293E-06  2.662E-05  5.283E-07  9.289E-06  6.739E-09  1.640E-06
                1.648E-06  6.508E-07  3.761E-06  6.049E-07  3.455E-06  3.973E-09
                6.281E-07  9.702E-06  1.010E-05  4.602E-07  1.930E-06  5.848E-07
                1.343E-07  1.547E-06  3.259E-06  1.989E-06  9.764E-07  1.185E-07
                1.091E-05  1.824E-06  9.363E-07  5.075E-07  1.135E-06  8.303E-07
                2.055E-05  1.053E-05  1.462E-06  4.538E-06  8.650E-06  5.489E-06
                6.068E-06  1.100E-06  4.597E-07  4.149E-10  3.791E-07  3.537E-07
                1.397E-06  2.241E-06  3.034E-06  8.153E-06  1.987E-06  2.790E-07
                3.109E-08  4.066E-07  4.081E-07  4.353E-07  9.726E-06
9.08528630E+01  1.151E-02  1.208E-02  6.787E-06  7.425E-03  4.826E-03  1.626E-05
                1.140E-05  2.208E-02  3.159E-05  1.890E-05  6.238E-04  2.354E-05
                9.773E-03  1.511E-04  2.237E-04  6.473E-07  1.834E-06  7.680E-06
                3.280E-06  5.556E-06  8.181E-09  5.664E-06  2.145E-06  9.974E-08
                3.186E-07  6.448E-07  4.170E-06  1.619E-06  5.707E-06  8.810E-06
                7.316E-06  1.324E-06  2.189E-05  5.455E-06  4.508E-06  1.600E-06
                4.243E-09  3.535E-06  1.486E-09  2.031E-05  1.082E-06  8.865E-06
                3.503E-06  9.192E-07  9.536E-07  8.900E-08  2.325E-07  2.928E-07
                3.640E-05  4.836E-07  1.320E-06  2.112E-07  1.759E-07  3.967E-06
                7.465E-06  7.046E-06  1.869E-06  1.453E-05  4.964E-06  8.422E-06
                1.760E-07  6.022E-09  2.212E-08  1.479E-11  3.548E-06  2.781E-07
                2.155E-07  4.525E-10  3.768E-06  4.244E-07  3.573E-08  4.772E-06
                2.921E-06  6.595E-06  1.352E-05  1.263E-06  1.717E-06  5.464E-07
                5.506E-06  5.674E-06  1.174E-08  7.089E-08  7.211E-07  3.219E-06
                3.561E-05  7.456E-08  1.268E-10  3.992E-10  2.358E-10  1.149E-10
                1.113E-11  1.048E-06  5.915E-06  1.699E-07  3.003E-06  2.390E-06
                4.338E-07  1.321E-07  1.682E-05  6.006E-06  4.387E-07  5.881E-07
                1.691E-07  1.018E-08  3.092E-07  1.053E-06  6.856E-07  4.055E-08
                1.533E-07  1.542E-07  2.016E-08  1.114E-05  7.220E-08  3.846E-05
                2.117E-07  2.415E-07  5.209E-07  1.622E-06  4.007E-07  9.233E-07
                8.700E-07  7.015E-08  2.005E-05  3.130E-07  1.571E-06  2.627E-08
                8.589E-06  3.989E-05  4.583E-07  9.319E-07  6.098E-06  2.539E-06
                5.826E-06  2.775E-07  4.514E-07  5.236E-07  5.653E-10  2.203E-06
                1.302E-06  5.832E-09  2.090E-08  5.474E-07  4.863E-06  5.967E-06
                5.176E-07  5.720E-08  2.705E-07  2.190E-06  7.886E-09  1.590E-06
                3.486E-06  1.307E-08  8.484E-06  1.853E-06  6.133E-07  6.222E-07
                6.571E-06  3.264E-07  1.261E-06  1.437E-07  1.631E-06  1.047E-06
                9.183E-07  1.669E-05  3.694E-07  6.485E-06  8.421E-09  9.468E-07
                8.939E-07  3.194E-07  2.644E-06  4.099E-07  2.327E-06  1.581E-09
                2.900E-07  6.654E-06  6.887E-06  2.670E-07  1.128E-06  4.489E-07
                7.272E-08  8.787E-07  1.656E-06  1.142E-06  4.908E-07  7.020E-08
                7.660E-06  1.136E-06  6.597E-07  3.394E-07  7.265E-07  5.804E-07
                1.489E-05  7.789E-06  7.951E-07  2.312E-06  4.014E-06  3.311E-06
                3.568E-06  5.523E-07  1.408E-07  4.641E-10  1.559E-07  2.100E-07
                1.073E-06  1.729E-06  2.303E-06  5.680E-06  1.122E-06  1.503E-07
                1.228E-08  2.746E-07  3.188E-07  2.715E-07  7.195E-06
1.04460863E+02  7.343E-03  7.701E-03  4.832E-06  4.751E-03  3.075E-03  9.918E-06
                7.212E-06  1.647E-02  1.884E-05  1.139E-05  4.733E-04  1.464E-05
                7.448E-03  1.008E-04  1.494E-04  5.452E-07  1.201E-06  4.620E-06
                2.231E-06  3.358E-06  6.629E-09  3.694E-06  1.407E-06  4.014E-08
                1.515E-07  5.613E-07  3.753E-06  1.036E-06  3.563E-06  5.568E-06
                4.377E-06  8.625E-07  1.239E-05  3.795E-06  2.785E-06  1.028E-06
                2.702E-09  2.047E-06  1.304E-09  1.175E-05  8.076E-07  5.253E-06
                1.956E-06  4.867E-07  5.285E-07  7.579E-08  1.998E-07  1.633E-07
                2.349E-05  4.057E-07  8.410E-07  1.317E-07  8.774E-08  3.312E-06
                4.485E-06  4.122E-06  1.121E-06  8.888E-06  2.749E-06  6.784E-06
                1.343E-07  4.356E-09  1.561E-08  1.274E-11  1.907E-06  1.928E-07
                1.878E-07  3.659E-10  2.476E-06  2.498E-07  2.636E-08  3.631E-06
                2.240E-06  4.788E-06  8.663E-06  6.890E-07  1.076E-06  2.935E-07
                3.752E-06  3.877E-06  8.406E-09  5.117E-08  4.854E-07  1.898E-06
                2.375E-05  4.913E-08  9.268E-11  2.921E-10  1.673E-10  9.445E-11
                8.992E-12  7.226E-07  4.058E-06  1.078E-07  2.354E-06  1.919E-06
                2.962E-07  8.926E-08  1.131E-05  4.007E-06  3.257E-07  4.427E-07
                1.277E-07  6.176E-09  2.246E-07  7.721E-07  5.172E-07  2.785E-08
                1.117E-07  1.052E-07  1.061E-08  7.998E-06  5.081E-08  2.674E-05
                1.407E-07  1.712E-07  3.504E-07  1.269E-06  3.079E-07  6.803E-07
                6.489E-07  5.791E-08  1.333E-05  2.209E-07  1.194E-06  1.703E-08
                5.845E-06  2.829E-05  3.352E-07  6.924E-07  4.406E-06  1.825E-06
                3.932E-06  1.476E-07  2.686E-07  3.359E-07  3.328E-10  1.329E-06
                7.893E-07  5.738E-09  2.091E-08  3.734E-07  3.512E-06  4.289E-06
                2.791E-07  3.385E-08  1.646E-07  1.167E-06  7.768E-09  1.086E-06
                2.391E-06  7.646E-09  6.059E-06  1.302E-06  3.569E-07  4.301E-07
                4.734E-06  1.985E-07  7.512E-07  9.669E-08  1.022E-06  7.974E-07
                6.657E-07  1.167E-05  2.589E-07  4.502E-06  7.787E-09  6.209E-07
                5.520E-07  1.757E-07  1.879E-06  2.931E-07  1.655E-06  1.206E-09
                1.526E-07  4.770E-06  4.911E-06  1.672E-07  7.441E-07  3.649E-07
                4.535E-08  5.286E-07  1.021E-06  6.996E-07  3.094E-07  4.397E-08
                5.639E-06  7.424E-07  4.740E-07  2.364E-07  5.059E-07  4.243E-07
                1.114E-05  5.899E-06  4.893E-07  1.311E-06  2.200E-06  2.184E-06
                2.270E-06  3.092E-07  6.024E-08  4.227E-10  7.190E-08  1.328E-07
                8.124E-07  1.332E-06  1.735E-06  4.166E-06  7.176E-07  9.280E-08
                7.303E-09  1.924E-07  2.466E-07  1.907E-07  5.435E-06
1.18068863E+02  4.994E-03  5.252E-03  2.671E-06  3.234E-03  2.100E-03  6.993E-06
                4.768E-06  1.260E-02  1.249E-05  7.593E-06  3.634E-04  9.591E-06
                5.727E-03  6.966E-05  1.034E-04  5.039E-07  7.763E-07  2.679E-06
                1.578E-06  1.919E-06  5.604E-09  2.445E-06  9.901E-07  1.918E-08
                9.347E-08  4.405E-07  2.972E-06  6.855E-07  2.247E-06  3.573E-06
                2.829E-06  5.706E-07  8.071E-06  2.614E-06  1.859E-06  6.611E-07
                1.718E-09  1.248E-06  9.057E-10  7.680E-06  5.960E-07  3.466E-06
                1.249E-06  2.790E-07  3.125E-07  7.275E-08  2.182E-07  1.039E-07
                1.630E-05  3.532E-07  5.326E-07  9.312E-08  4.941E-08  2.882E-06
                2.953E-06  2.704E-06  7.057E-07  5.542E-06  1.684E-06  5.814E-06
                1.178E-07  3.176E-09  1.011E-08  1.555E-11  1.168E-06  1.426E-07
                1.508E-07  3.074E-10  1.650E-06  1.592E-07  2.724E-08  2.504E-06
                1.680E-06  3.680E-06  5.737E-06  4.314E-07  7.183E-07  1.790E-07
                2.597E-06  2.672E-06  6.305E-09  3.808E-08  3.357E-07  1.210E-06
                1.703E-05  3.476E-08  6.965E-11  2.166E-10  1.131E-10  8.503E-11
                7.170E-12  5.054E-07  2.851E-06  6.641E-08  1.876E-06  1.556E-06
                2.015E-07  8.269E-08  8.149E-06  2.904E-06  2.459E-07  3.351E-07
                9.358E-08  4.277E-09  1.556E-07  5.655E-07  3.885E-07  2.037E-08
                9.715E-08  7.576E-08  8.009E-09  5.389E-06  3.673E-08  2.006E-05
                1.016E-07  1.205E-07  2.406E-07  9.992E-07  2.402E-07  4.888E-07
                4.642E-07  4.469E-08  9.545E-06  1.750E-07  8.679E-07  1.175E-08
                4.096E-06  2.153E-05  2.484E-07  5.151E-07  3.058E-06  1.263E-06
                2.825E-06  8.241E-08  1.643E-07  2.172E-07  2.076E-10  8.219E-07
                4.905E-07  5.317E-09  1.949E-08  2.620E-07  2.672E-06  3.251E-06
                1.598E-07  2.490E-08  1.126E-07  6.231E-07  7.267E-09  7.613E-07
                1.667E-06  3.917E-09  4.589E-06  9.742E-07  2.282E-07  3.218E-07
                3.619E-06  1.249E-07  4.949E-07  6.831E-08  6.359E-07  6.231E-07
                4.773E-07  8.812E-06  1.778E-07  3.070E-06  6.656E-09  4.095E-07
                3.466E-07  1.024E-07  1.324E-06  2.232E-07  1.254E-06  9.728E-10
                8.582E-08  3.615E-06  3.710E-06  1.049E-07  4.842E-07  2.973E-07
                2.871E-08  3.270E-07  6.367E-07  4.360E-07  2.000E-07  2.980E-08
                4.309E-06  4.989E-07  3.438E-07  1.654E-07  3.594E-07  3.207E-07
                8.566E-06  4.576E-06  3.234E-07  7.558E-07  1.245E-06  1.549E-06
                1.546E-06  1.808E-07  3.894E-08  3.684E-10  2.819E-08  8.661E-08
                6.404E-07  1.065E-06  1.364E-06  3.202E-06  4.865E-07  5.979E-08
                6.096E-09  1.393E-07  1.985E-07  1.405E-07  4.281E-06
1.31676863E+02  3.427E-03  3.600E-03  2.610E-06  2.229E-03  1.440E-03  4.510E-06
                3.235E-06  9.855E-03  7.923E-06  4.848E-06  2.893E-04  6.426E-06
                4.576E-03  4.961E-05  7.384E-05  4.822E-07  5.267E-07  1.719E-06
                1.158E-06  1.223E-06  3.771E-09  1.640E-06  7.666E-07  1.066E-08
                6.369E-08  3.739E-07  2.546E-06  4.831E-07  1.481E-06  2.341E-06
                1.883E-06  3.833E-07  5.347E-06  1.919E-06  1.261E-06  4.326E-07
                1.124E-09  7.913E-07  7.886E-10  4.957E-06  4.752E-07  2.280E-06
                7.824E-07  1.636E-07  1.911E-07  6.099E-08  1.868E-07  6.858E-08
                1.130E-05  2.948E-07  3.538E-07  6.608E-08  2.716E-08  2.398E-06
                1.935E-06  1.759E-06  4.527E-07  3.694E-06  1.068E-06  4.758E-06
                9.402E-08  2.436E-09  7.881E-09  2.043E-11  7.262E-07  1.092E-07
                1.138E-07  2.096E-10  1.166E-06  1.018E-07  2.814E-08  2.080E-06
                1.304E-06  2.684E-06  3.954E-06  2.754E-07  4.993E-07  1.104E-07
                1.859E-06  1.914E-06  5.550E-09  3.356E-08  2.393E-07  8.028E-07
                1.194E-05  2.523E-08  5.361E-11  1.676E-10  8.232E-11  7.131E-11
                5.552E-12  3.611E-07  2.033E-06  4.422E-08  1.500E-06  1.264E-06
                1.448E-07  7.158E-08  5.726E-06  2.029E-06  1.856E-07  2.535E-07
                7.216E-08  3.133E-09  1.182E-07  4.359E-07  3.048E-07  1.568E-08
                8.263E-08  5.863E-08  5.693E-09  4.248E-06  2.721E-08  1.464E-05
                7.436E-08  9.151E-08  1.679E-07  7.648E-07  1.830E-07  3.657E-07
                3.471E-07  3.571E-08  6.630E-06  1.398E-07  6.986E-07  8.244E-09
                2.910E-06  1.595E-05  1.873E-07  3.831E-07  2.404E-06  9.816E-07
                1.985E-06  4.820E-08  1.142E-07  1.632E-07  1.681E-10  6.063E-07
                3.629E-07  4.024E-09  1.457E-08  1.873E-07  2.049E-06  2.488E-06
                9.258E-08  1.554E-08  7.578E-08  4.853E-07  5.400E-09  5.437E-07
                1.194E-06  3.207E-09  3.510E-06  7.355E-07  1.469E-07  2.426E-07
                2.725E-06  8.339E-08  3.297E-07  5.406E-08  4.356E-07  4.650E-07
                3.624E-07  6.636E-06  1.375E-07  2.325E-06  5.439E-09  3.116E-07
                2.489E-07  6.238E-08  1.074E-06  1.711E-07  9.530E-07  9.811E-10
                4.940E-08  2.754E-06  2.819E-06  7.410E-08  3.696E-07  2.330E-07
                2.177E-08  2.125E-07  4.989E-07  2.944E-07  1.599E-07  2.075E-08
                3.276E-06  3.528E-07  2.570E-07  1.376E-07  3.097E-07  2.416E-07
                6.551E-06  3.518E-06  2.248E-07  5.270E-07  9.401E-07  1.118E-06
                1.080E-06  1.124E-07  3.296E-08  2.738E-10  1.531E-08  5.654E-08
                4.987E-07  8.438E-07  1.048E-06  2.467E-06  3.550E-07  4.417E-08
                4.117E-09  1.043E-07  1.564E-07  1.094E-07  3.346E-06
1.45284863E+02  2.535E-03  2.671E-03  1.421E-06  1.648E-03  1.070E-03  3.696E-06
                2.311E-06  7.809E-03  5.865E-06  3.561E-06  2.282E-04  4.470E-06
                3.609E-03  3.615E-05  5.386E-05  4.698E-07  3.570E-07  1.124E-06
                8.777E-07  7.522E-07  3.561E-09  1.116E-06  5.585E-07  1.108E-08
                5.708E-08  3.045E-07  2.076E-06  3.258E-07  9.396E-07  1.536E-06
                1.325E-06  2.619E-07  3.979E-06  1.401E-06  9.032E-07  2.774E-07
                7.273E-10  5.115E-07  5.792E-10  3.686E-06  3.701E-07  1.689E-06
                5.727E-07  1.065E-07  1.267E-07  6.029E-08  2.015E-07  5.183E-08
                8.506E-06  2.572E-07  2.313E-07  5.115E-08  2.311E-08  2.094E-06
                1.407E-06  1.306E-06  3.097E-07  2.459E-06  7.422E-07  4.134E-06
                8.684E-08  1.833E-09  4.981E-09  2.386E-11  5.130E-07  8.809E-08
                8.916E-08  1.899E-10  8.230E-07  7.254E-08  2.454E-08  1.373E-06
                9.773E-07  2.173E-06  2.801E-06  1.984E-07  3.530E-07  7.737E-08
                1.259E-06  1.285E-06  4.184E-09  2.531E-08  1.744E-07  5.587E-07
                9.122E-06  1.885E-08  4.246E-11  1.308E-10  5.714E-11  6.172E-11
                4.183E-12  2.450E-07  1.396E-06  2.780E-08  1.217E-06  1.036E-06
                1.050E-07  7.331E-08  4.403E-06  1.567E-06  1.394E-07  1.915E-07
                5.188E-08  2.119E-09  8.429E-08  3.175E-07  2.309E-07  1.072E-08
                7.782E-08  3.949E-08  4.134E-09  2.685E-06  1.981E-08  1.195E-05
                5.694E-08  6.122E-08  1.248E-07  6.048E-07  1.413E-07  2.523E-07
                2.416E-07  2.769E-08  4.936E-06  1.248E-07  4.777E-07  6.289E-09
                2.180E-06  1.317E-05  1.374E-07  2.769E-07  1.570E-06  6.375E-07
                1.434E-06  2.842E-08  7.421E-08  1.104E-07  9.497E-11  4.051E-07
                2.432E-07  3.531E-09  1.279E-08  1.410E-07  1.625E-06  1.969E-06
                5.622E-08  1.319E-08  5.740E-08  3.123E-07  4.686E-09  4.077E-07
                8.882E-07  1.708E-09  2.775E-06  5.778E-07  1.031E-07  1.926E-07
                2.167E-06  5.613E-08  2.405E-07  4.046E-08  2.836E-07  3.709E-07
                2.610E-07  5.544E-06  8.912E-08  1.505E-06  4.156E-09  2.122E-07
                1.632E-07  3.875E-08  7.200E-07  1.367E-07  7.584E-07  7.924E-10
                2.929E-08  2.183E-06  2.229E-06  4.802E-08  2.480E-07  1.917E-07
                1.460E-08  1.387E-07  3.405E-07  1.923E-07  1.114E-07  1.489E-08
                2.673E-06  2.500E-07  1.870E-07  9.256E-08  2.144E-07  1.783E-07
                5.325E-06  2.868E-06  1.628E-07  3.231E-07  5.846E-07  8.469E-07
                7.877E-07  6.993E-08  3.578E-08  2.511E-10  5.449E-09  4.085E-08
                4.003E-07  6.848E-07  8.386E-07  1.948E-06  2.485E-07  3.319E-08
                4.806E-09  7.874E-08  1.278E-07  8.097E-08  2.686E-06
1.58892863E+02  1.812E-03  1.910E-03  1.293E-06  1.187E-03  7.673E-04  2.134E-06
                1.561E-06  6.465E-03  3.562E-06  2.214E-06  1.928E-04  3.152E-06
                3.060E-03  2.806E-05  4.182E-05  4.563E-07  2.487E-07  8.073E-07
                6.793E-07  5.318E-07  2.332E-09  7.496E-07  4.421E-07  1.110E-08
                4.765E-08  2.683E-07  1.839E-06  2.375E-07  6.446E-07  1.022E-06
                9.231E-07  1.768E-07  2.746E-06  1.098E-06  6.279E-07  1.802E-07
                4.806E-10  3.445E-07  5.465E-10  2.501E-06  3.040E-07  1.154E-06
                3.766E-07  6.469E-08  8.128E-08  4.933E-08  1.676E-07  3.637E-08
                6.048E-06  2.176E-07  1.561E-07  3.525E-08  1.941E-08  1.769E-06
                9.538E-07  8.895E-07  2.020E-07  1.701E-06  4.944E-07  3.455E-06
                7.162E-08  1.397E-09  4.207E-09  2.650E-11  3.374E-07  7.024E-08
                6.487E-08  1.332E-10  5.917E-07  4.668E-08  2.418E-08  1.214E-06
                7.527E-07  1.607E-06  1.948E-06  1.366E-07  2.485E-07  5.028E-08
                9.135E-07  9.366E-07  3.991E-09  2.445E-08  1.242E-07  3.845E-07
                6.444E-06  1.154E-08  3.453E-11  1.078E-10  4.252E-11  4.774E-11
                3.127E-12  1.760E-07  9.967E-07  1.887E-08  9.841E-07  8.482E-07
                7.795E-08  5.286E-08  3.122E-06  1.097E-06  1.041E-07  1.428E-07
                4.051E-08  1.682E-09  6.541E-08  2.470E-07  1.820E-07  8.663E-09
                6.990E-08  3.217E-08  3.038E-09  2.247E-06  1.525E-08  9.038E-06
                4.263E-08  4.838E-08  8.860E-08  4.501E-07  1.053E-07  1.917E-07
                1.840E-07  2.193E-08  3.434E-06  1.035E-07  3.982E-07  3.821E-09
                1.588E-06  1.008E-05  1.042E-07  2.097E-07  1.300E-06  5.228E-07
                1.005E-06  1.718E-08  5.593E-08  8.884E-08  8.760E-11  3.277E-07
                1.967E-07  2.446E-09  8.733E-09  1.023E-07  1.272E-06  1.542E-06
                3.378E-08  8.850E-09  4.133E-08  2.714E-07  3.539E-09  2.995E-07
                6.558E-07  1.427E-09  2.161E-06  4.441E-07  6.934E-08  1.536E-07
                1.657E-06  3.989E-08  1.716E-07  3.075E-08  2.019E-07  2.782E-07
                1.970E-07  4.372E-06  7.136E-08  1.169E-06  3.248E-09  1.712E-07
                1.254E-07  2.459E-08  6.198E-07  1.064E-07  5.858E-07  7.498E-10
                1.711E-08  1.693E-06  1.725E-06  3.558E-08  1.993E-07  1.453E-07
                1.253E-08  9.463E-08  2.736E-07  1.383E-07  8.967E-08  1.122E-08
                2.111E-06  1.864E-07  1.395E-07  8.286E-08  1.982E-07  1.349E-07
                4.220E-06  2.276E-06  1.199E-07  2.525E-07  5.013E-07  6.319E-07
                5.693E-07  4.524E-08  2.493E-08  1.350E-10  4.714E-09  2.736E-08
                3.182E-07  5.536E-07  6.596E-07  1.546E-06  1.889E-07  2.452E-08
                2.788E-09  6.153E-08  1.027E-07  6.144E-08  2.154E-06
1.72500863E+02  1.409E-03  1.478E-03  1.310E-06  9.154E-04  5.920E-04  2.182E-06
                1.220E-06  5.044E-03  3.061E-06  1.847E-06  1.501E-04  2.257E-06
                2.383E-03  1.949E-05  2.923E-05  4.439E-07  1.808E-07  5.727E-07
                5.637E-07  3.428E-07  2.195E-09  5.488E-07  3.504E-07  1.600E-08
                5.438E-08  1.660E-07  1.135E-06  1.682E-07  4.137E-07  6.754E-07
                7.159E-07  1.303E-07  2.321E-06  7.060E-07  4.851E-07  1.166E-07
                3.194E-10  2.361E-07  2.888E-10  2.042E-06  2.176E-07  9.282E-07
                3.034E-07  4.808E-08  5.934E-08  4.644E-08  1.673E-07  3.171E-08
                4.868E-06  1.937E-07  1.113E-07  3.184E-08  2.077E-08  1.575E-06
                7.486E-07  7.167E-07  1.482E-07  1.205E-06  3.689E-07  3.053E-06
                6.929E-08  1.123E-09  2.577E-09  2.561E-11  2.513E-07  5.994E-08
                5.096E-08  1.064E-10  4.453E-07  3.656E-08  2.407E-08  7.707E-07
                5.927E-07  1.294E-06  1.496E-06  1.032E-07  1.907E-07  3.700E-08
                6.495E-07  6.553E-07  2.470E-09  1.500E-08  9.764E-08  2.845E-07
                5.277E-06  1.481E-08  2.621E-11  8.021E-11  3.073E-11  4.619E-11
                2.315E-12  1.256E-07  7.264E-07  1.223E-08  7.813E-07  6.737E-07
                6.128E-08  7.252E-08  2.546E-06  9.092E-07  8.121E-08  1.125E-07
                3.035E-08  1.276E-09  4.956E-08  1.908E-07  1.460E-07  6.231E-09
                6.918E-08  2.287E-08  2.491E-09  1.405E-06  1.081E-08  7.346E-06
                3.370E-08  3.171E-08  7.284E-08  3.748E-07  8.397E-08  1.336E-07
                1.316E-07  1.670E-08  2.763E-06  9.731E-08  2.691E-07  4.466E-09
                1.243E-06  8.276E-06  7.796E-08  1.452E-07  8.419E-07  3.349E-07
                7.824E-07  1.016E-08  3.488E-08  5.663E-08  4.548E-11  2.072E-07
                1.249E-07  2.097E-09  7.448E-09  8.475E-08  1.017E-06  1.231E-06
                2.068E-08  7.816E-09  3.056E-08  1.965E-07  2.343E-09  2.331E-07
                5.049E-07  8.202E-10  1.731E-06  3.553E-07  5.111E-08  1.212E-07
                1.347E-06  2.727E-08  1.265E-07  2.621E-08  1.382E-07  2.174E-07
                1.517E-07  3.659E-06  4.839E-08  7.909E-07  2.453E-09  1.105E-07
                7.916E-08  1.559E-08  4.197E-07  8.652E-08  4.744E-07  4.805E-10
                9.782E-09  1.362E-06  1.388E-06  2.290E-08  1.294E-07  1.217E-07
                8.430E-09  6.323E-08  2.075E-07  9.069E-08  6.800E-08  7.950E-09
                1.689E-06  1.337E-07  1.091E-07  5.711E-08  1.405E-07  1.016E-07
                3.332E-06  1.799E-06  9.019E-08  1.535E-07  3.146E-07  4.958E-07
                4.357E-07  2.881E-08  3.786E-08  2.022E-10  1.284E-09  2.145E-08
                2.551E-07  4.447E-07  5.209E-07  1.215E-06  1.300E-07  2.272E-08
                4.320E-09  4.661E-08  8.308E-08  4.828E-08  1.707E-06
1.86108863E+02  1.094E-03  1.161E-03  4.884E-07  7.188E-04  4.693E-04  1.295E-06
                8.222E-07  4.545E-03  1.879E-06  1.176E-06  1.351E-04  1.726E-06
                2.145E-03  1.761E-05  2.621E-05  4.077E-07  1.279E-07  4.959E-07
                4.358E-07  2.915E-07  1.610E-09  3.526E-07  2.431E-07  1.175E-08
                3.861E-08  2.362E-07  1.621E-06  1.145E-07  2.844E-07  4.722E-07
                4.847E-07  8.500E-08  1.514E-06  7.767E-07  3.235E-07  7.329E-08
                2.075E-10  1.585E-07  4.914E-10  1.462E-06  2.286E-07  6.473E-07
                2.116E-07  2.965E-08  3.955E-08  3.796E-08  1.375E-07  2.315E-08
                3.492E-06  1.648E-07  7.141E-08  1.912E-08  2.005E-08  1.343E-06
                5.231E-07  5.092E-07  9.854E-08  8.185E-07  2.629E-07  2.619E-06
                5.371E-08  8.002E-10  2.219E-09  2.605E-11  1.895E-07  4.699E-08
                3.684E-08  9.532E-11  3.091E-07  2.455E-08  1.676E-08  6.972E-07
                4.386E-07  1.057E-06  1.010E-06  8.182E-08  1.317E-07  2.753E-08
                4.153E-07  4.249E-07  3.145E-09  1.952E-08  6.704E-08  2.020E-07
                3.632E-06  4.332E-09  2.553E-11  7.980E-11  2.309E-11  2.829E-11
                1.706E-12  7.861E-08  4.476E-07  8.301E-09  6.738E-07  5.913E-07
                4.538E-08  3.291E-08  1.787E-06  6.188E-07  5.780E-08  7.999E-08
                2.226E-08  8.759E-10  3.644E-08  1.373E-07  1.076E-07  4.569E-09
                5.839E-08  1.669E-08  1.938E-09  1.115E-06  8.932E-09  6.233E-06
                2.837E-08  2.515E-08  5.317E-08  2.695E-07  6.043E-08  9.642E-08
                9.475E-08  1.333E-08  1.776E-06  8.161E-08  2.152E-07  1.707E-09
                9.318E-07  7.082E-06  5.830E-08  1.143E-07  6.677E-07  2.643E-07
                4.805E-07  6.532E-09  2.938E-08  5.029E-08  3.986E-11  1.880E-07
                1.128E-07  1.401E-09  4.920E-09  6.131E-08  8.244E-07  9.994E-07
                1.351E-08  6.495E-09  2.789E-08  1.516E-07  2.240E-09  1.783E-07
                3.858E-07  6.342E-10  1.380E-06  2.796E-07  3.820E-08  1.077E-07
                1.048E-06  2.164E-08  1.095E-07  1.624E-08  9.997E-08  1.782E-07
                1.063E-07  3.192E-06  3.397E-08  5.357E-07  1.849E-09  9.729E-08
                6.608E-08  1.048E-08  3.357E-07  6.901E-08  3.761E-07  5.477E-10
                5.899E-09  1.086E-06  1.101E-06  1.786E-08  1.099E-07  9.241E-08
                7.162E-09  4.666E-08  1.473E-07  7.061E-08  4.836E-08  6.708E-09
                1.483E-06  1.083E-07  7.607E-08  4.556E-08  1.161E-07  7.385E-08
                2.950E-06  1.589E-06  7.057E-08  1.281E-07  2.683E-07  3.790E-07
                3.217E-07  1.971E-08  1.763E-08  7.496E-11  1.967E-09  1.492E-08
                2.098E-07  3.743E-07  4.311E-07  1.003E-06  1.015E-07  1.472E-08
                2.087E-09  3.857E-08  6.922E-08  3.267E-08  1.433E-06
1.99716863E+02  7.616E-04  7.985E-04  3.216E-06  5.004E-04  3.219E-04  8.057E-07
                5.750E-07  3.540E-03  1.223E-06  7.818E-07  1.092E-04  1.178E-06
                1.744E-03  1.169E-05  1.757E-05  4.152E-07  9.708E-08  3.127E-07
                4.045E-07  1.729E-07  1.278E-09  2.831E-07  2.349E-07  1.864E-08
                4.847E-08  7.983E-08  5.417E-07  9.644E-08  2.080E-07  2.936E-07
                3.988E-07  6.841E-08  1.284E-06  3.345E-07  2.555E-07  4.767E-08
                1.434E-10  1.273E-07  1.383E-10  1.033E-06  1.163E-07  4.674E-07
                1.463E-07  1.949E-08  2.649E-08  3.394E-08  1.349E-07  1.847E-08
                2.592E-06  1.553E-07  5.467E-08  1.775E-08  2.025E-08  1.261E-06
                3.709E-07  3.581E-07  6.649E-08  5.999E-07  1.699E-07  2.410E-06
                5.746E-08  6.715E-10  1.605E-09  2.266E-11  1.111E-07  3.925E-08
                2.695E-08  6.107E-11  2.384E-07  1.677E-08  2.355E-08  5.090E-07
                3.710E-07  7.347E-07  7.702E-07  5.459E-08  9.943E-08  1.591E-08
                3.775E-07  3.810E-07  1.621E-09  9.914E-09  5.242E-08  1.399E-07
                2.857E-06  1.174E-08  1.600E-11  4.969E-11  1.757E-11  3.300E-11
                1.262E-12  7.204E-08  4.162E-07  5.834E-09  4.908E-07  4.291E-07
                3.797E-08  6.120E-08  1.371E-06  4.884E-07  4.700E-08  6.527E-08
                1.851E-08  9.154E-10  3.145E-08  1.177E-07  9.271E-08  4.287E-09
                6.595E-08  1.578E-08  1.586E-09  9.000E-07  5.977E-09  4.290E-06
                1.889E-08  1.886E-08  4.507E-08  2.272E-07  4.833E-08  7.609E-08
                7.778E-08  1.018E-08  1.529E-06  7.427E-08  1.758E-07  2.961E-09
                6.762E-07  4.936E-06  4.663E-08  8.131E-08  5.401E-07  2.119E-07
                4.490E-07  3.731E-09  1.762E-08  3.074E-08  2.439E-11  1.141E-07
                6.890E-08  1.116E-09  3.883E-09  5.312E-08  6.225E-07  7.550E-07
                7.858E-09  4.265E-09  1.590E-08  1.411E-07  1.147E-09  1.275E-07
                2.770E-07  4.185E-10  1.049E-06  2.115E-07  2.531E-08  8.037E-08
                8.196E-07  1.407E-08  6.742E-08  1.707E-08  7.327E-08  1.230E-07
                9.013E-08  2.321E-06  3.065E-08  4.747E-07  1.430E-09  5.998E-08
                4.115E-08  6.585E-09  2.905E-07  5.269E-08  2.857E-07  2.968E-10
                3.030E-09  8.234E-07  8.383E-07  1.125E-08  7.008E-08  7.380E-08
                6.006E-09  3.069E-08  1.342E-07  4.725E-08  4.317E-08  4.693E-09
                1.043E-06  7.625E-08  6.671E-08  4.227E-08  1.079E-07  6.025E-08
                2.040E-06  1.103E-06  5.107E-08  8.401E-08  1.968E-07  2.841E-07
                2.360E-07  1.200E-08  2.711E-08  1.250E-10  1.013E-09  1.079E-08
                1.627E-07  2.890E-07  3.232E-07  7.618E-07  6.925E-08  1.408E-08
                2.498E-09  2.789E-08  5.409E-08  2.846E-08  1.084E-06
