2.89364630E+01  2.831E-01
2.92766630E+01  2.986E-01
2.96168630E+01  2.948E-01
2.99570630E+01  2.998E-01
3.02972630E+01  3.152E-01
3.06374630E+01  2.651E-01
3.09776630E+01  2.640E-01
3.13178630E+01  2.593E-01
3.16580630E+01  2.456E-01
3.19982630E+01  2.432E-01
3.23384630E+01  2.346E-01
3.26786630E+01  2.172E-01
3.30188630E+01  2.272E-01
3.33590630E+01  2.157E-01
3.36992630E+01  2.136E-01
3.40394630E+01  2.072E-01
3.43796630E+01  2.023E-01
3.47198630E+01  1.976E-01
3.50600630E+01  1.923E-01
3.54002630E+01  1.883E-01
3.57404630E+01  1.832E-01
3.60806630E+01  1.786E-01
3.64208630E+01  1.748E-01
3.67610630E+01  1.713E-01
3.71012630E+01  1.668E-01
3.74414630E+01  1.631E-01
3.77816630E+01  1.598E-01
3.81218630E+01  1.622E-01
3.84620630E+01  1.562E-01
3.88022630E+01  1.498E-01
3.91424630E+01  1.301E-01
3.94826630E+01  1.361E-01
3.98228630E+01  1.356E-01
4.01630630E+01  1.344E-01
4.05032630E+01  1.312E-01
4.08434630E+01  1.304E-01
4.11836630E+01  1.197E-01
4.15238630E+01  1.208E-01
4.18640630E+01  1.211E-01
4.22042630E+01  1.161E-01
4.25444630E+01  1.207E-01
4.28846630E+01  1.126E-01
4.32248630E+01  1.099E-01
4.35650630E+01  1.058E-01
4.39052630E+01  9.843E-02
4.42454630E+01  1.068E-01
4.45856630E+01  9.960E-02
4.49258630E+01  9.542E-02
4.52660630E+01  9.839E-02
4.56062630E+01  9.353E-02
4.59464630E+01  9.254E-02
4.62866630E+01  1.001E-01
4.66268630E+01  8.345E-02
4.69670630E+01  8.453E-02
4.73072630E+01  8.336E-02
4.76474630E+01  7.997E-02
4.79876630E+01  8.127E-02
4.83278630E+01  8.158E-02
4.86680630E+01  7.693E-02
4.90082630E+01  7.460E-02
4.93484630E+01  7.529E-02
4.96886630E+01  6.923E-02
5.00288630E+01  7.146E-02
5.03690630E+01  7.020E-02
5.07092630E+01  6.961E-02
5.10494630E+01  6.763E-02
5.13896630E+01  6.635E-02
5.17298630E+01  6.543E-02
5.20700630E+01  6.391E-02
5.24102630E+01  6.275E-02
5.27504630E+01  6.179E-02
5.30906630E+01  6.053E-02
5.34308630E+01  5.936E-02
5.37710630E+01  5.829E-02
5.41112630E+01  5.723E-02
5.44514630E+01  5.622E-02
5.47916630E+01  5.523E-02
5.51318630E+01  5.424E-02
5.54720630E+01  5.329E-02
5.58122630E+01  5.235E-02
5.61524630E+01  5.144E-02
5.64926630E+01  5.055E-02
5.68328630E+01  4.968E-02
5.71730630E+01  4.882E-02
5.75132630E+01  4.798E-02
5.78534630E+01  4.717E-02
5.81936630E+01  4.637E-02
5.85338630E+01  4.559E-02
5.88740630E+01  4.482E-02
5.92142630E+01  4.407E-02
5.95544630E+01  4.333E-02
5.98946630E+01  4.262E-02
6.02348630E+01  4.192E-02
6.05750630E+01  4.123E-02
6.09152630E+01  4.054E-02
6.12554630E+01  3.988E-02
6.15956630E+01  3.924E-02
6.19358630E+01  3.861E-02
6.22760630E+01  3.799E-02
6.26162630E+01  3.739E-02
6.29564630E+01  3.679E-02
6.32966630E+01  3.622E-02
6.36368630E+01  3.565E-02
6.39770630E+01  3.508E-02
6.43172630E+01  3.454E-02
6.46574630E+01  3.401E-02
6.49976630E+01  3.349E-02
6.53378630E+01  3.298E-02
6.56780630E+01  3.248E-02
6.60182630E+01  3.199E-02
6.63584630E+01  3.151E-02
6.66986630E+01  3.103E-02
6.70388630E+01  3.057E-02
6.73790630E+01  3.012E-02
6.77192630E+01  2.967E-02
6.80594630E+01  2.923E-02
6.83996630E+01  2.880E-02
6.87398630E+01  2.838E-02
6.90800630E+01  2.796E-02
6.94202630E+01  2.755E-02
6.97604630E+01  2.715E-02
7.01006630E+01  2.676E-02
7.04408630E+01  2.637E-02
7.07810630E+01  2.599E-02
7.11212630E+01  2.562E-02
7.14614630E+01  2.525E-02
7.18016630E+01  2.489E-02
7.21418630E+01  2.454E-02
7.24820630E+01  2.419E-02
7.28222630E+01  2.385E-02
7.31624630E+01  2.351E-02
7.35026630E+01  2.318E-02
7.38428630E+01  2.286E-02
7.41830630E+01  2.254E-02
7.45232630E+01  2.223E-02
7.48634630E+01  2.192E-02
7.52036630E+01  2.162E-02
7.55438630E+01  2.132E-02
7.58840630E+01  2.103E-02
7.62242630E+01  2.074E-02
7.65644630E+01  2.046E-02
7.69046630E+01  2.018E-02
7.72448630E+01  1.991E-02
7.75850630E+01  1.964E-02
7.79252630E+01  1.937E-02
7.82654630E+01  1.911E-02
7.86056630E+01  1.886E-02
7.89458630E+01  1.861E-02
7.92860630E+01  1.836E-02
7.96262630E+01  1.812E-02
7.99664630E+01  1.788E-02
8.03066630E+01  1.764E-02
8.06468630E+01  1.741E-02
8.09870630E+01  1.719E-02
8.13272630E+01  1.696E-02
8.16674630E+01  1.675E-02
8.20076630E+01  1.653E-02
8.23478630E+01  1.632E-02
8.26880630E+01  1.612E-02
8.30282630E+01  1.591E-02
8.33684630E+01  1.571E-02
8.37086630E+01  1.552E-02
8.40488630E+01  1.533E-02
8.43890630E+01  1.514E-02
8.47292630E+01  1.495E-02
8.50694630E+01  1.477E-02
8.54096630E+01  1.459E-02
8.57498630E+01  1.442E-02
8.60900630E+01  1.425E-02
8.64302630E+01  1.408E-02
8.67704630E+01  1.391E-02
8.71106630E+01  1.375E-02
8.74508630E+01  1.358E-02
8.77910630E+01  1.342E-02
8.81312630E+01  1.327E-02
8.84714630E+01  1.311E-02
8.88116630E+01  1.296E-02
8.91518630E+01  1.281E-02
8.94920630E+01  1.266E-02
8.98322630E+01  1.251E-02
9.01724630E+01  1.237E-02
9.05126630E+01  1.222E-02
9.08528630E+01  1.208E-02
9.11930630E+01  1.194E-02
9.15332630E+01  1.180E-02
9.18734630E+01  1.167E-02
9.22136630E+01  1.153E-02
9.25538630E+01  1.140E-02
9.28940630E+01  1.127E-02
9.32342630E+01  1.114E-02
9.35744630E+01  1.101E-02
9.39146630E+01  1.089E-02
9.42548630E+01  1.076E-02
9.45950630E+01  1.064E-02
9.49352630E+01  1.052E-02
9.52754630E+01  1.040E-02
9.56156630E+01  1.028E-02
9.59558630E+01  1.016E-02
9.62960630E+01  1.005E-02
9.66362630E+01  9.935E-03
9.69764630E+01  9.823E-03
9.73166630E+01  9.712E-03
9.76568630E+01  9.603E-03
9.79970630E+01  9.495E-03
9.83372630E+01  9.388E-03
9.86774630E+01  9.283E-03
9.90176630E+01  9.179E-03
9.93578630E+01  9.076E-03
9.96980630E+01  8.975E-03
1.00038263E+02  8.875E-03
1.00378463E+02  8.777E-03
1.00718663E+02  8.680E-03
1.01058863E+02  8.584E-03
1.01399063E+02  8.490E-03
1.01739263E+02  8.396E-03
1.02079463E+02  8.305E-03
1.02419663E+02  8.214E-03
1.02759863E+02  8.125E-03
1.03100063E+02  8.038E-03
1.03440263E+02  7.951E-03
1.03780463E+02  7.867E-03
1.04120663E+02  7.783E-03
1.04460863E+02  7.701E-03
1.04801063E+02  7.620E-03
1.05141263E+02  7.541E-03
1.05481463E+02  7.463E-03
1.05821663E+02  7.386E-03
1.06161863E+02  7.311E-03
1.06502063E+02  7.236E-03
1.06842263E+02  7.164E-03
1.07182463E+02  7.092E-03
1.07522663E+02  7.022E-03
1.07862863E+02  6.953E-03
1.08203063E+02  6.885E-03
1.08543263E+02  6.818E-03
1.08883463E+02  6.752E-03
1.09223663E+02  6.687E-03
1.09563863E+02  6.624E-03
1.09904063E+02  6.561E-03
1.10244263E+02  6.499E-03
1.10584463E+02  6.438E-03
1.10924663E+02  6.378E-03
1.11264863E+02  6.319E-03
1.11605063E+02  6.260E-03
1.11945263E+02  6.203E-03
1.12285463E+02  6.146E-03
1.12625663E+02  6.089E-03
1.12965863E+02  6.033E-03
1.13306063E+02  5.978E-03
1.13646263E+02  5.923E-03
1.13986463E+02  5.869E-03
1.14326663E+02  5.815E-03
1.14666863E+02  5.762E-03
1.15007063E+02  5.709E-03
1.15347263E+02  5.657E-03
1.15687463E+02  5.605E-03
1.16027663E+02  5.553E-03
1.16367863E+02  5.502E-03
1.16708063E+02  5.452E-03
1.17048263E+02  5.401E-03
1.17388463E+02  5.351E-03
1.17728663E+02  5.301E-03
1.18068863E+02  5.252E-03
1.18409063E+02  5.203E-03
1.18749263E+02  5.154E-03
1.19089463E+02  5.106E-03
1.19429663E+02  5.058E-03
1.19769863E+02  5.011E-03
1.20110063E+02  4.963E-03
1.20450263E+02  4.917E-03
1.20790463E+02  4.870E-03
1.21130663E+02  4.824E-03
1.21470863E+02  4.778E-03
1.21811063E+02  4.733E-03
1.22151263E+02  4.688E-03
1.22491463E+02  4.643E-03
1.22831663E+02  4.599E-03
1.23171863E+02  4.555E-03
1.23512063E+02  4.511E-03
1.23852263E+02  4.468E-03
1.24192463E+02  4.425E-03
1.24532663E+02  4.383E-03
1.24872863E+02  4.341E-03
1.25213063E+02  4.299E-03
1.25553263E+02  4.258E-03
1.25893463E+02  4.217E-03
1.26233663E+02  4.177E-03
1.26573863E+02  4.137E-03
1.26914063E+02  4.098E-03
1.27254263E+02  4.059E-03
1.27594463E+02  4.021E-03
1.27934663E+02  3.983E-03
1.28274863E+02  3.945E-03
1.28615063E+02  3.908E-03
1.28955263E+02  3.872E-03
1.29295463E+02  3.836E-03
1.29635663E+02  3.800E-03
1.29975863E+02  3.766E-03
1.30316063E+02  3.731E-03
1.30656263E+02  3.697E-03
1.30996463E+02  3.664E-03
1.31336663E+02  3.632E-03
1.31676863E+02  3.600E-03
1.32017063E+02  3.568E-03
1.32357263E+02  3.537E-03
1.32697463E+02  3.507E-03
1.33037663E+02  3.477E-03
1.33377863E+02  3.448E-03
1.33718063E+02  3.419E-03
1.34058263E+02  3.391E-03
1.34398463E+02  3.364E-03
1.34738663E+02  3.337E-03
1.35078863E+02  3.310E-03
1.35419063E+02  3.284E-03
1.35759263E+02  3.259E-03
1.36099463E+02  3.234E-03
1.36439663E+02  3.210E-03
1.36779863E+02  3.186E-03
1.37120063E+02  3.162E-03
1.37460263E+02  3.139E-03
1.37800463E+02  3.116E-03
1.38140663E+02  3.094E-03
1.38480863E+02  3.072E-03
1.38821063E+02  3.050E-03
1.39161263E+02  3.029E-03
1.39501463E+02  3.008E-03
1.39841663E+02  2.987E-03
1.40181863E+02  2.966E-03
1.40522063E+02  2.946E-03
1.40862263E+02  2.925E-03
1.41202463E+02  2.905E-03
1.41542663E+02  2.885E-03
1.41882863E+02  2.866E-03
1.42223063E+02  2.846E-03
1.42563263E+02  2.826E-03
1.42903463E+02  2.807E-03
1.43243663E+02  2.787E-03
1.43583863E+02  2.768E-03
1.43924063E+02  2.748E-03
1.44264263E+02  2.729E-03
1.44604463E+02  2.709E-03
1.44944663E+02  2.690E-03
1.45284863E+02  2.671E-03
1.45625063E+02  2.651E-03
1.45965263E+02  2.632E-03
1.46305463E+02  2.612E-03
1.46645663E+02  2.593E-03
1.46985863E+02  2.573E-03
1.47326063E+02  2.553E-03
1.47666263E+02  2.534E-03
1.48006463E+02  2.514E-03
1.48346663E+02  2.495E-03
1.48686863E+02  2.475E-03
1.49027063E+02  2.455E-03
1.49367263E+02  2.436E-03
1.49707463E+02  2.416E-03
1.50047663E+02  2.396E-03
1.50387863E+02  2.377E-03
1.50728063E+02  2.357E-03
1.51068263E+02  2.337E-03
1.51408463E+02  2.318E-03
1.51748663E+02  2.298E-03
1.52088863E+02  2.279E-03
1.52429063E+02  2.259E-03
1.52769263E+02  2.240E-03
1.53109463E+02  2.220E-03
1.53449663E+02  2.201E-03
1.53789863E+02  2.182E-03
1.54130063E+02  2.163E-03
1.54470263E+02  2.144E-03
1.54810463E+02  2.125E-03
1.55150663E+02  2.106E-03
1.55490863E+02  2.087E-03
1.55831063E+02  2.069E-03
1.56171263E+02  2.050E-03
1.56511463E+02  2.032E-03
1.56851663E+02  2.014E-03
1.57191863E+02  1.996E-03
1.57532063E+02  1.979E-03
1.57872263E+02  1.961E-03
1.58212463E+02  1.944E-03
1.58552663E+02  1.927E-03
1.58892863E+02  1.910E-03
1.59233063E+02  1.893E-03
1.59573263E+02  1.877E-03
1.59913463E+02  1.861E-03
1.60253663E+02  1.845E-03
1.60593863E+02  1.829E-03
1.60934063E+02  1.814E-03
1.61274263E+02  1.799E-03
1.61614463E+02  1.784E-03
1.61954663E+02  1.770E-03
1.62294863E+02  1.756E-03
1.62635063E+02  1.742E-03
1.62975263E+02  1.729E-03
1.63315463E+02  1.716E-03
1.63655663E+02  1.703E-03
1.63995863E+02  1.691E-03
1.64336063E+02  1.678E-03
1.64676263E+02  1.667E-03
1.65016463E+02  1.655E-03
1.65356663E+02  1.644E-03
1.65696863E+02  1.634E-03
1.66037063E+02  1.623E-03
1.66377263E+02  1.613E-03
1.66717463E+02  1.604E-03
1.67057663E+02  1.594E-03
1.67397863E+02  1.585E-03
1.67738063E+02  1.576E-03
1.68078263E+02  1.568E-03
1.68418463E+02  1.560E-03
1.68758663E+02  1.552E-03
1.69098863E+02  1.544E-03
1.69439063E+02  1.537E-03
1.69779263E+02  1.529E-03
1.70119463E+02  1.522E-03
1.70459663E+02  1.516E-03
1.70799863E+02  1.509E-03
1.71140063E+02  1.502E-03
1.71480263E+02  1.496E-03
1.71820463E+02  1.490E-03
1.72160663E+02  1.484E-03
1.72500863E+02  1.478E-03
1.72841063E+02  1.472E-03
1.73181263E+02  1.466E-03
1.73521463E+02  1.460E-03
1.73861663E+02  1.454E-03
1.74201863E+02  1.448E-03
1.74542063E+02  1.442E-03
1.74882263E+02  1.436E-03
1.75222463E+02  1.430E-03
1.75562663E+02  1.424E-03
1.75902863E+02  1.417E-03
1.76243063E+02  1.411E-03
1.76583263E+02  1.405E-03
1.76923463E+02  1.398E-03
1.77263663E+02  1.391E-03
1.77603863E+02  1.384E-03
1.77944063E+02  1.377E-03
1.78284263E+02  1.370E-03
1.78624463E+02  1.363E-03
1.78964663E+02  1.355E-03
1.79304863E+02  1.347E-03
1.79645063E+02  1.340E-03
1.79985263E+02  1.332E-03
1.80325463E+02  1.323E-03
1.80665663E+02  1.315E-03
1.81005863E+02  1.306E-03
1.81346063E+02  1.298E-03
1.81686263E+02  1.289E-03
1.82026463E+02  1.280E-03
1.82366663E+02  1.270E-03
1.82706863E+02  1.261E-03
1.83047063E+02  1.252E-03
1.83387263E+02  1.242E-03
1.83727463E+02  1.232E-03
1.84067663E+02  1.222E-03
1.84407863E+02  1.212E-03
1.84748063E+02  1.202E-03
1.85088263E+02  1.192E-03
1.85428463E+02  1.182E-03
1.85768663E+02  1.172E-03
1.86108863E+02  1.161E-03
1.86449063E+02  1.151E-03
1.86789263E+02  1.140E-03
1.87129463E+02  1.130E-03
1.87469663E+02  1.119E-03
1.87809863E+02  1.108E-03
1.88150063E+02  1.098E-03
1.88490263E+02  1.087E-03
1.88830463E+02  1.077E-03
1.89170663E+02  1.066E-03
1.89510863E+02  1.055E-03
1.89851063E+02  1.045E-03
1.90191263E+02  1.034E-03
1.90531463E+02  1.024E-03
1.90871663E+02  1.013E-03
1.91211863E+02  1.003E-03
1.91552063E+02  9.926E-04
1.91892263E+02  9.824E-04
1.92232463E+02  9.723E-04
1.92572663E+02  9.623E-04
1.92912863E+02  9.525E-04
1.93253063E+02  9.427E-04
1.93593263E+02  9.332E-04
1.93933463E+02  9.237E-04
1.94273663E+02  9.145E-04
1.94613863E+02  9.054E-04
1.94954063E+02  8.966E-04
1.95294263E+02  8.879E-04
1.95634463E+02  8.794E-04
1.95974663E+02  8.712E-04
1.96314863E+02  8.632E-04
1.96655063E+02  8.555E-04
1.96995263E+02  8.480E-04
1.97335463E+02  8.408E-04
1.97675663E+02  8.338E-04
1.98015863E+02  8.272E-04
1.98356063E+02  8.208E-04
1.98696263E+02  8.148E-04
1.99036463E+02  8.090E-04
1.99376663E+02  8.036E-04
1.99716863E+02  7.985E-04
2.00057063E+02  7.937E-04
2.00397263E+02  7.893E-04
2.00737463E+02  7.852E-04
2.01077663E+02  7.815E-04
2.01417863E+02  7.781E-04
2.01758063E+02  7.750E-04
2.02098263E+02  7.723E-04
2.02438463E+02  7.699E-04
2.02778663E+02  7.679E-04
2.03118863E+02  7.662E-04
2.03459063E+02  7.648E-04
2.03799263E+02  7.638E-04
2.04139463E+02  7.630E-04
2.04479663E+02  7.626E-04
