          16           7
         215          13           1           1
           0          -4           0          -4           0          -6           0          -2           0          -4           0           6           0           4           0           2           0           4           0           6           0           2           0           4           0           2           0          -4           0          -2           0           2           0           4           0           6           0           2           0           4           0           6           0           4           0          -2           0          -2           0          -4           0          -6           0          -8           0          -2           0          -4           0          -6           0          -4           0           2           0          -4           0          -6           0          -2           0          -4           0          -6           0          -6           0          -8           0          -4           0          -6           0          -2           0          -4           0           4           0           6           0           8           0          10           0           4           0          -4           0           2           0           6           0           4           0           8           0           2           0          -4           0          -2           0           6           0           6           0           4           0           2           0           8           0           4           0           6           0           8           0           4           0           6           0           8           0          10           0           4           0           6           0           8           0           6           0           4           0           2           0           6           0           2           0           4           0           2           0          -4           0          -2           0          -6           0          -8           0           6           0           4           0          -4           0          -6           0          -2           0          -4           0          -6           0          -8           0         -10           0          -2           0          -4           0          -6           0          -4           0          -2           0          -6           0          -8           0          -2           0          -4           0           2           0           4           0           6           0           8           0           4           0           4           0           6           0           8           0           2           0          10           0           8           0           6           0           4           0           2           0           6           0           6           0           4           0           4           0           2           0           4           0           6           0           8           0          -4           0           2           0           4           0          -6           0          -4           0           2           0           4           0           6           0           4           0           6           0          -2           0          -4           0          -6           0          -8           0         -10           0          -6           0          -8           0         -10           0         -12           0           2           0          -2           0          -4           0          -6           0          -8           0          -2           0          -8           0         -10           0          -4           0          -2           0          -6           0          -4           0          -2           0          -4           0          -2           0          -4           0          -6           0          -4           0          -8           0          -6           0           2           0           4           0           2           0           4           0           6           0         -10           0          -8           0          -6           0          -4           0           6           0          -2           0          -4           0           8           0          -6           0          -2           0          -4           0          -6           0          -8           0           4           0           6           0          -4           0          -6           0          -6           0          -8           0          -2           0           2           0          -4           0           4           0           6           0           4           0           4           0           2           0           2           0          -4           0          -6           0          -8           0          -2           0          -4           0          -6           0          -8           0         -10           0          -8           0          -6           0          -4           0          -2           0          -2           0          -4           0          -6           0          -6           0          -8           0          -4           0          -2           0          -6           0          -4
    0.000000E+00    9.645106E-03    9.843162E-03    1.435602E-02    1.458263E-02
    4.247197E-02    4.320385E-02    4.360158E-02    5.944295E-02    5.948713E-02
    6.922989E-02    7.316769E-02    7.411300E-02    1.134727E-01    1.147319E-01
    2.354040E-01    2.358931E-01    2.366026E-01    2.382857E-01    2.391328E-01
    2.438023E-01    2.438287E-01    2.461520E-01    2.471700E-01    2.474363E-01
    2.479076E-01    2.485433E-01    2.486026E-01    2.487216E-01    2.491410E-01
    2.502551E-01    2.507374E-01    2.510783E-01    2.511300E-01    2.524691E-01
    2.524772E-01    2.554279E-01    2.561102E-01    2.563381E-01    2.591442E-01
    2.591854E-01    2.609226E-01    2.615363E-01    2.619649E-01    2.622131E-01
    2.625883E-01    2.631076E-01    2.632646E-01    2.633261E-01    2.634365E-01
    2.637297E-01    2.638533E-01    2.640096E-01    2.643758E-01    2.644930E-01
    2.645338E-01    2.648466E-01    2.652759E-01    2.655531E-01    2.656939E-01
    2.657640E-01    2.676748E-01    2.677713E-01    2.679166E-01    2.688115E-01
    2.690337E-01    2.711118E-01    2.712141E-01    2.720014E-01    2.721113E-01
    2.724223E-01    2.724984E-01    2.725578E-01    2.726085E-01    2.727219E-01
    2.737570E-01    2.740430E-01    2.746587E-01    2.763855E-01    2.763956E-01
    2.763957E-01    2.764682E-01    2.789238E-01    2.791446E-01    2.808157E-01
    2.808428E-01    2.816082E-01    2.816156E-01    2.816277E-01    2.816445E-01
    2.816660E-01    2.832213E-01    2.832636E-01    2.833497E-01    2.872720E-01
    2.872722E-01    2.872783E-01    2.873017E-01    2.873787E-01    2.874354E-01
    2.875828E-01    2.876419E-01    2.877951E-01    2.879672E-01    2.884374E-01
    2.885530E-01    2.886000E-01    2.886971E-01    2.887362E-01    2.888178E-01
    2.901974E-01    2.902310E-01    2.934227E-01    2.936053E-01    2.936679E-01
    2.948139E-01    2.948751E-01    2.949134E-01    2.954910E-01    2.955387E-01
    2.955818E-01    2.956302E-01    2.974080E-01    2.974265E-01    2.978254E-01
    2.979930E-01    2.980044E-01    2.981863E-01    2.981951E-01    2.982014E-01
    2.986863E-01    2.989406E-01    2.997979E-01    3.013547E-01    3.014398E-01
    3.015665E-01    3.017420E-01    3.025165E-01    3.025355E-01    3.025686E-01
    3.026262E-01    3.032771E-01    3.036433E-01    3.036673E-01    3.036996E-01
    3.037196E-01    3.041292E-01    3.046134E-01    3.046301E-01    3.048276E-01
    3.048611E-01    3.049614E-01    3.051740E-01    3.052844E-01    3.060373E-01
    3.062721E-01    3.065126E-01    3.067251E-01    3.072820E-01    3.083217E-01
    3.083847E-01    3.085481E-01    3.086063E-01    3.093086E-01    3.093690E-01
    3.093750E-01    3.093804E-01    3.094500E-01    3.095030E-01    3.095365E-01
    3.096086E-01    3.096683E-01    3.098305E-01    3.098337E-01    3.100372E-01
    3.110986E-01    3.111053E-01    3.111248E-01    3.111449E-01    3.124031E-01
    3.124222E-01    3.126400E-01    3.132139E-01    3.132929E-01    3.134326E-01
    3.163175E-01    3.165548E-01    3.167011E-01    3.167161E-01    3.173537E-01
    3.174815E-01    3.194473E-01    3.198310E-01    3.206567E-01    3.235572E-01
    3.235827E-01    3.236877E-01    3.236885E-01    3.238034E-01    3.239013E-01
    3.239634E-01    3.240075E-01    3.245628E-01    3.245933E-01    3.263728E-01
    3.264517E-01    3.271738E-01    3.284075E-01    3.287843E-01    3.314323E-01
    3.314556E-01    3.324856E-01    3.325179E-01    3.327131E-01    3.333147E-01
           0           0           0           1
  -27.915863041215566               13
3.33590630E+01  2.017E-01  2.157E-01  2.378E-04  1.325E-01  8.690E-02  2.580E-04
                1.446E-04  1.277E-01  6.678E-04  7.050E-04
4.69670630E+01  8.432E-02  8.453E-02  1.176E-04  5.549E-02  3.390E-02  1.880E-04
                1.770E-04  7.860E-02  2.111E-04  1.462E-04  2.004E-03  2.207E-04
                3.019E-02  1.130E-03  1.722E-03
6.05750630E+01  3.911E-02  4.123E-02  2.887E-05  2.533E-02  1.651E-02  5.496E-05
                3.900E-05  4.884E-02  1.158E-04  6.712E-05  1.325E-03  8.272E-05
                2.046E-02  4.742E-04  7.004E-04  1.716E-06  5.671E-06  3.101E-05
                6.529E-06  2.171E-05  9.541E-08  1.211E-05  1.005E-05  8.641E-07
                3.817E-06  3.448E-06  9.050E-06  5.518E-06  1.601E-05  2.496E-05
                3.310E-05  2.975E-06  1.191E-04  1.671E-05  1.923E-05  3.868E-06
                3.455E-07  1.603E-05  6.052E-08  8.131E-05  8.731E-06  4.005E-05
                1.468E-05  5.749E-06  5.553E-06  2.948E-07  6.389E-07  7.560E-06
                1.196E-04  1.077E-06  3.500E-06  2.191E-06  8.138E-07  1.399E-05
                2.893E-05  2.929E-05  8.331E-06  5.492E-05  4.713E-05  3.204E-05
                3.429E-07  1.665E-07  4.238E-08  6.645E-08  2.822E-05  7.539E-07
                8.814E-08  1.817E-08  1.287E-05  2.154E-06  1.190E-07  1.616E-05
                9.823E-06  1.230E-05  4.657E-05  7.540E-06  5.391E-06  5.148E-06
                1.259E-05  1.178E-05  3.234E-07  1.233E-06  1.725E-06  1.769E-05
                1.032E-04  1.513E-07  2.343E-09  1.086E-08  1.075E-08  1.248E-08
                4.328E-10  1.805E-06  1.118E-05  5.054E-07  5.759E-06  4.313E-06
                1.018E-06  1.162E-06  4.971E-05  1.569E-05  9.721E-07  5.062E-07
                6.042E-07  4.278E-08  9.814E-07  4.236E-06  1.499E-06  1.069E-07
                3.564E-06  2.990E-07  5.391E-07  3.058E-05  2.686E-07  1.111E-04
                9.215E-07  7.723E-07  2.110E-06  4.852E-06  1.119E-06  2.279E-06
                2.090E-06  9.819E-08  5.306E-05  1.854E-06  3.304E-06  1.149E-07
                2.120E-05  1.047E-04  1.682E-06  3.023E-06  1.451E-05  6.100E-06
                1.341E-05  2.185E-06  2.582E-06  2.170E-06  7.296E-10  1.063E-05
                6.504E-06  8.148E-09  2.207E-08  1.086E-06  1.355E-05  1.668E-05
                3.635E-06  2.389E-07  2.081E-06  1.833E-05  5.303E-09  3.867E-06
                8.440E-06  1.434E-07  2.508E-05  5.736E-06  2.597E-06  2.933E-06
                1.506E-05  1.293E-06  5.709E-06  8.878E-07  6.346E-06  1.649E-06
                2.779E-06  5.374E-05  9.743E-07  1.768E-05  2.947E-09  3.613E-06
                4.589E-06  1.857E-06  7.349E-06  1.150E-06  6.977E-06  1.380E-08
                2.109E-06  1.730E-05  1.907E-05  1.113E-06  5.255E-06  1.065E-06
                4.017E-07  3.765E-06  1.021E-05  4.412E-06  3.408E-06  3.998E-07
                1.767E-05  3.527E-06  1.657E-06  1.010E-06  2.593E-06  1.862E-06
                3.131E-05  1.553E-05  4.056E-06  1.174E-05  2.665E-05  1.327E-05
                1.444E-05  3.198E-06  2.560E-06  7.704E-09  1.153E-06  6.311E-07
                1.679E-06  2.744E-06  3.640E-06  1.538E-05  4.692E-06  8.171E-07
                1.668E-07  5.353E-07  5.119E-07  9.427E-07  1.438E-05
7.41830630E+01  2.146E-02  2.254E-02  1.316E-05  1.385E-02  9.014E-03  2.994E-05
                2.139E-05  3.333E-02  6.151E-05  3.626E-05  9.244E-04  4.499E-05
                1.439E-02  2.732E-04  4.035E-04  9.669E-07  3.128E-06  1.577E-05
                5.289E-06  1.108E-05  1.189E-08  9.244E-06  4.225E-06  2.686E-07
                8.339E-07  1.024E-06  6.185E-06  3.010E-06  1.033E-05  1.595E-05
                1.492E-05  2.170E-06  4.978E-05  9.683E-06  8.890E-06  2.745E-06
                7.514E-09  7.515E-06  2.362E-09  4.289E-05  1.867E-06  1.858E-05
                7.786E-06  2.243E-06  2.211E-06  1.318E-07  3.660E-07  6.574E-07
                6.641E-05  6.146E-07  2.326E-06  4.170E-07  3.835E-07  5.167E-06
                1.504E-05  1.488E-05  3.953E-06  2.962E-05  1.245E-05  1.234E-05
                2.468E-07  9.498E-09  3.583E-08  4.916E-11  9.234E-06  4.638E-07
                1.904E-07  5.417E-10  6.932E-06  9.114E-07  5.843E-08  7.025E-06
                4.025E-06  9.404E-06  2.530E-05  3.287E-06  3.277E-06  1.418E-06
                8.675E-06  8.850E-06  2.900E-08  1.586E-07  1.214E-06  7.135E-06
                6.099E-05  1.178E-07  1.997E-10  6.339E-10  3.487E-10  1.472E-10
                1.203E-11  1.572E-06  9.025E-06  3.086E-07  4.132E-06  3.206E-06
                6.986E-07  3.601E-07  2.854E-05  1.025E-05  6.516E-07  8.370E-07
                2.484E-07  1.915E-08  5.199E-07  1.644E-06  1.049E-06  5.828E-08
                5.229E-07  2.258E-07  3.689E-08  1.729E-05  1.183E-07  6.473E-05
                3.477E-07  3.911E-07  8.917E-07  2.124E-06  5.505E-07  1.331E-06
                1.220E-06  9.009E-08  3.392E-05  6.515E-07  2.277E-06  5.165E-08
                1.440E-05  6.525E-05  7.379E-07  1.441E-06  9.204E-06  3.843E-06
                9.406E-06  7.017E-07  1.034E-06  1.103E-06  1.112E-09  5.031E-06
                2.957E-06  5.018E-09  1.644E-08  9.423E-07  7.876E-06  9.746E-06
                1.251E-06  1.125E-07  5.479E-07  6.565E-06  6.909E-09  2.648E-06
                5.809E-06  3.656E-08  1.405E-05  3.146E-06  1.333E-06  1.064E-06
                1.025E-05  6.566E-07  2.678E-06  3.257E-07  3.133E-06  1.380E-06
                1.435E-06  2.977E-05  5.908E-07  1.040E-05  6.133E-09  1.914E-06
                1.948E-06  7.834E-07  4.235E-06  6.826E-07  3.897E-06  4.955E-09
                7.669E-07  1.088E-05  1.134E-05  5.369E-07  2.265E-06  6.267E-07
                1.603E-07  1.780E-06  4.013E-06  2.294E-06  1.215E-06  1.365E-07
                1.185E-05  2.047E-06  1.025E-06  5.837E-07  1.330E-06  9.263E-07
                2.219E-05  1.132E-05  1.722E-06  5.420E-06  1.068E-05  6.313E-06
                7.001E-06  1.311E-06  6.285E-07  3.864E-10  4.623E-07  3.918E-07
                1.479E-06  2.370E-06  3.226E-06  8.976E-06  2.316E-06  3.299E-07
                3.867E-08  4.473E-07  4.304E-07  5.124E-07  1.045E-05
8.77910630E+01  1.280E-02  1.342E-02  8.046E-06  8.251E-03  5.360E-03  1.826E-05
                1.278E-05  2.366E-02  3.560E-05  2.120E-05  6.672E-04  2.638E-05
                1.045E-02  1.664E-04  2.464E-04  6.812E-07  2.042E-06  8.836E-06
                3.599E-06  6.383E-06  8.509E-09  6.253E-06  2.405E-06  1.194E-07
                3.740E-07  7.037E-07  4.518E-06  1.811E-06  6.386E-06  9.820E-06
                8.266E-06  1.463E-06  2.503E-05  6.062E-06  5.057E-06  1.774E-06
                4.737E-09  4.034E-06  1.677E-09  2.297E-05  1.191E-06  1.002E-05
                3.995E-06  1.072E-06  1.105E-06  9.172E-08  2.312E-07  3.344E-07
                4.024E-05  5.004E-07  1.482E-06  2.354E-07  2.013E-07  4.111E-06
                8.395E-06  7.969E-06  2.145E-06  1.662E-05  5.770E-06  8.832E-06
                1.805E-07  6.585E-09  2.468E-08  1.826E-11  4.139E-06  3.056E-07
                2.180E-07  4.678E-10  4.265E-06  4.886E-07  3.513E-08  5.235E-06
                3.128E-06  7.037E-06  1.534E-05  1.467E-06  1.939E-06  6.358E-07
                5.985E-06  6.163E-06  1.333E-08  7.987E-08  8.066E-07  3.700E-06
                3.892E-05  8.195E-08  1.339E-10  4.240E-10  2.589E-10  1.164E-10
                1.138E-11  1.132E-06  6.393E-06  1.921E-07  3.157E-06  2.498E-06
                4.767E-07  1.491E-07  1.835E-05  6.549E-06  4.672E-07  6.256E-07
                1.807E-07  1.118E-08  3.412E-07  1.132E-06  7.348E-07  4.293E-08
                1.706E-07  1.644E-07  2.084E-08  1.217E-05  7.818E-08  4.176E-05
                2.334E-07  2.615E-07  5.774E-07  1.707E-06  4.218E-07  9.866E-07
                9.310E-07  7.533E-08  2.181E-05  3.471E-07  1.679E-06  2.941E-08
                9.416E-06  4.312E-05  4.948E-07  9.986E-07  6.593E-06  2.743E-06
                6.301E-06  3.252E-07  5.228E-07  6.000E-07  6.281E-10  2.566E-06
                1.514E-06  5.695E-09  2.021E-08  6.039E-07  5.221E-06  6.418E-06
                6.001E-07  6.269E-08  3.055E-07  2.710E-06  7.666E-09  1.744E-06
                3.827E-06  1.642E-08  9.154E-06  2.007E-06  6.963E-07  6.789E-07
                7.024E-06  3.682E-07  1.434E-06  1.646E-07  1.849E-06  1.097E-06
                9.965E-07  1.827E-05  4.011E-07  7.060E-06  8.183E-09  1.077E-06
                1.027E-06  3.709E-07  2.867E-06  4.420E-07  2.512E-06  1.823E-09
                3.401E-07  7.156E-06  7.416E-06  3.029E-07  1.283E-06  4.720E-07
                8.417E-08  9.931E-07  1.946E-06  1.291E-06  5.768E-07  7.802E-08
                8.222E-06  1.261E-06  7.115E-07  3.717E-07  8.018E-07  6.167E-07
                1.589E-05  8.274E-06  8.990E-07  2.705E-06  4.813E-06  3.650E-06
                3.967E-06  6.394E-07  1.846E-07  4.644E-10  1.963E-07  2.346E-07
                1.136E-06  1.832E-06  2.437E-06  6.101E-06  1.265E-06  1.743E-07
                1.482E-08  2.984E-07  3.362E-07  2.985E-07  7.666E-06
1.01399063E+02  8.092E-03  8.490E-03  4.883E-06  5.236E-03  3.391E-03  1.076E-05
                7.884E-06  1.761E-02  2.080E-05  1.259E-05  5.045E-04  1.622E-05
                7.932E-03  1.110E-04  1.643E-04  5.634E-07  1.316E-06  5.222E-06
                2.409E-06  3.784E-06  7.537E-09  4.029E-06  1.496E-06  5.019E-08
                1.753E-07  5.966E-07  3.973E-06  1.123E-06  3.917E-06  6.137E-06
                4.853E-06  9.411E-07  1.382E-05  4.137E-06  3.071E-06  1.126E-06
                2.976E-09  2.295E-06  1.388E-09  1.314E-05  8.629E-07  5.866E-06
                2.205E-06  5.573E-07  5.988E-07  8.048E-08  2.129E-07  1.827E-07
                2.582E-05  4.245E-07  9.190E-07  1.433E-07  1.032E-07  3.469E-06
                4.994E-06  4.616E-06  1.248E-06  9.798E-06  3.088E-06  7.145E-06
                1.437E-07  4.625E-09  1.657E-08  1.289E-11  2.155E-06  2.075E-07
                1.981E-07  4.098E-10  2.688E-06  2.786E-07  2.466E-08  3.789E-06
                2.358E-06  5.175E-06  9.448E-06  7.774E-07  1.163E-06  3.323E-07
                4.017E-06  4.147E-06  8.854E-09  5.397E-08  5.236E-07  2.102E-06
                2.594E-05  5.070E-08  9.834E-11  3.099E-10  1.803E-10  9.659E-11
                9.258E-12  7.710E-07  4.335E-06  1.179E-07  2.475E-06  2.004E-06
                3.229E-07  9.211E-08  1.236E-05  4.375E-06  3.438E-07  4.677E-07
                1.346E-07  6.569E-09  2.404E-07  8.151E-07  5.448E-07  2.904E-08
                1.186E-07  1.096E-07  1.111E-08  8.413E-06  5.488E-08  2.918E-05
                1.512E-07  1.819E-07  3.858E-07  1.338E-06  3.244E-07  7.206E-07
                6.878E-07  6.063E-08  1.454E-05  2.400E-07  1.247E-06  1.827E-08
                6.374E-06  3.077E-05  3.562E-07  7.407E-07  4.628E-06  1.923E-06
                4.245E-06  1.683E-07  2.976E-07  3.656E-07  3.523E-10  1.464E-06
                8.682E-07  6.088E-09  2.226E-08  4.065E-07  3.749E-06  4.582E-06
                3.197E-07  3.862E-08  1.823E-07  1.307E-06  8.464E-09  1.182E-06
                2.603E-06  7.884E-09  6.466E-06  1.395E-06  4.013E-07  4.644E-07
                5.076E-06  2.205E-07  8.383E-07  1.027E-07  1.120E-06  8.515E-07
                7.033E-07  1.273E-05  2.729E-07  4.751E-06  7.887E-09  6.699E-07
                6.045E-07  1.990E-07  1.965E-06  3.127E-07  1.770E-06  1.205E-09
                1.753E-07  5.097E-06  5.253E-06  1.821E-07  7.989E-07  3.855E-07
                4.931E-08  5.894E-07  1.098E-06  7.739E-07  3.307E-07  4.838E-08
                6.096E-06  8.100E-07  5.043E-07  2.461E-07  5.240E-07  4.517E-07
                1.199E-05  6.338E-06  5.406E-07  1.456E-06  2.432E-06  2.380E-06
                2.492E-06  3.488E-07  6.788E-08  4.243E-10  8.586E-08  1.489E-07
                8.590E-07  1.402E-06  1.841E-06  4.440E-06  7.812E-07  1.010E-07
                8.432E-09  2.065E-07  2.606E-07  2.015E-07  5.755E-06
1.15007063E+02  5.434E-03  5.709E-03  3.185E-06  3.515E-03  2.281E-03  7.791E-06
                5.263E-06  1.328E-02  1.390E-05  8.410E-06  3.825E-04  1.053E-05
                6.026E-03  7.445E-05  1.106E-04  5.084E-07  8.548E-07  2.944E-06
                1.714E-06  2.127E-06  5.538E-09  2.708E-06  1.092E-06  2.254E-08
                1.058E-07  4.365E-07  2.934E-06  7.601E-07  2.506E-06  3.954E-06
                3.138E-06  6.318E-07  8.965E-06  2.772E-06  2.046E-06  7.346E-07
                1.906E-09  1.396E-06  9.073E-10  8.478E-06  6.240E-07  3.808E-06
                1.385E-06  3.158E-07  3.499E-07  7.237E-08  2.122E-07  1.161E-07
                1.773E-05  3.648E-07  5.906E-07  1.026E-07  5.572E-08  2.976E-06
                3.249E-06  2.974E-06  7.771E-07  6.124E-06  1.869E-06  6.015E-06
                1.224E-07  3.442E-09  1.117E-08  1.422E-11  1.296E-06  1.524E-07
                1.579E-07  3.056E-10  1.796E-06  1.750E-07  3.063E-08  2.737E-06
                1.807E-06  3.893E-06  6.272E-06  4.762E-07  7.937E-07  1.990E-07
                2.872E-06  2.957E-06  6.576E-09  3.971E-08  3.648E-07  1.335E-06
                1.843E-05  4.069E-08  7.366E-11  2.293E-10  1.230E-10  9.004E-11
                7.630E-12  5.596E-07  3.153E-06  7.404E-08  1.977E-06  1.632E-06
                2.188E-07  8.890E-08  8.790E-06  3.140E-06  2.647E-07  3.598E-07
                1.012E-07  4.904E-09  1.676E-07  6.141E-07  4.174E-07  2.286E-08
                1.009E-07  8.531E-08  9.517E-09  5.995E-06  3.937E-08  2.116E-05
                1.110E-07  1.326E-07  2.614E-07  1.064E-06  2.564E-07  5.317E-07
                5.036E-07  4.677E-08  1.038E-05  1.812E-07  9.483E-07  1.325E-08
                4.421E-06  2.263E-05  2.676E-07  5.507E-07  3.389E-06  1.400E-06
                3.091E-06  9.374E-08  1.815E-07  2.362E-07  2.414E-10  9.009E-07
                5.372E-07  5.335E-09  1.949E-08  2.842E-07  2.847E-06  3.467E-06
                1.804E-07  2.676E-08  1.223E-07  6.975E-07  7.063E-09  8.210E-07
                1.798E-06  4.655E-09  4.902E-06  1.043E-06  2.523E-07  3.428E-07
                3.862E-06  1.381E-07  5.418E-07  7.404E-08  7.076E-07  6.590E-07
                5.200E-07  9.219E-06  1.989E-07  3.435E-06  7.043E-09  4.459E-07
                3.820E-07  1.153E-07  1.474E-06  2.381E-07  1.339E-06  9.657E-10
                9.707E-08  3.858E-06  3.964E-06  1.164E-07  5.300E-07  3.111E-07
                3.162E-08  3.634E-07  7.049E-07  4.834E-07  2.196E-07  3.254E-08
                4.515E-06  5.447E-07  3.752E-07  1.851E-07  4.010E-07  3.459E-07
                8.969E-06  4.785E-06  3.535E-07  8.529E-07  1.405E-06  1.673E-06
                1.687E-06  2.035E-07  4.258E-08  4.016E-10  3.349E-08  9.416E-08
                6.783E-07  1.122E-06  1.441E-06  3.396E-06  5.299E-07  6.596E-08
                6.134E-09  1.495E-07  2.088E-07  1.521E-07  4.518E-06
1.28615063E+02  3.718E-03  3.908E-03  2.395E-06  2.419E-03  1.564E-03  4.762E-06
                3.474E-06  1.046E-02  8.556E-06  5.253E-06  3.062E-04  7.013E-06
                4.841E-03  5.417E-05  8.049E-05  4.869E-07  5.725E-07  1.949E-06
                1.225E-06  1.386E-06  4.224E-09  1.767E-06  7.925E-07  1.092E-08
                6.509E-08  4.176E-07  2.844E-06  5.150E-07  1.615E-06  2.569E-06
                2.034E-06  4.132E-07  5.727E-06  2.122E-06  1.357E-06  4.728E-07
                1.234E-09  8.701E-07  8.928E-10  5.394E-06  5.135E-07  2.477E-06
                8.563E-07  1.823E-07  2.116E-07  6.317E-08  1.899E-07  7.352E-08
                1.217E-05  3.057E-07  3.836E-07  6.938E-08  3.013E-08  2.490E-06
                2.106E-06  1.917E-06  4.967E-07  4.021E-06  1.173E-06  4.959E-06
                9.581E-08  2.561E-09  8.387E-09  1.997E-11  8.009E-07  1.144E-07
                1.218E-07  2.356E-10  1.252E-06  1.116E-07  2.526E-08  2.185E-06
                1.369E-06  2.879E-06  4.253E-06  3.023E-07  5.312E-07  1.220E-07
                1.967E-06  2.027E-06  5.945E-09  3.604E-08  2.553E-07  8.708E-07
                1.278E-05  2.458E-08  5.743E-11  1.797E-10  8.899E-11  7.206E-11
                5.859E-12  3.811E-07  2.145E-06  4.867E-08  1.582E-06  1.329E-06
                1.562E-07  6.895E-08  6.144E-06  2.170E-06  1.962E-07  2.680E-07
                7.604E-08  3.167E-09  1.263E-07  4.568E-07  3.191E-07  1.602E-08
                8.519E-08  5.984E-08  5.641E-09  4.457E-06  2.911E-08  1.578E-05
                7.864E-08  9.680E-08  1.797E-07  8.043E-07  1.931E-07  3.882E-07
                3.690E-07  3.802E-08  7.074E-06  1.461E-07  7.292E-07  8.439E-09
                3.140E-06  1.715E-05  1.987E-07  4.115E-07  2.515E-06  1.030E-06
                2.100E-06  5.434E-08  1.252E-07  1.767E-07  1.729E-10  6.595E-07
                3.944E-07  4.311E-09  1.568E-08  1.999E-07  2.172E-06  2.638E-06
                1.045E-07  1.691E-08  8.246E-08  5.261E-07  6.022E-09  5.866E-07
                1.290E-06  3.339E-09  3.717E-06  7.809E-07  1.615E-07  2.573E-07
                2.891E-06  9.155E-08  3.590E-07  5.663E-08  4.745E-07  4.987E-07
                3.817E-07  7.125E-06  1.426E-07  2.427E-06  5.663E-09  3.352E-07
                2.705E-07  6.972E-08  1.106E-06  1.810E-07  1.011E-06  1.069E-09
                5.604E-08  2.920E-06  2.989E-06  8.051E-08  3.972E-07  2.462E-07
                2.320E-08  2.339E-07  5.307E-07  3.226E-07  1.692E-07  2.243E-08
                3.522E-06  3.811E-07  2.700E-07  1.402E-07  3.130E-07  2.545E-07
                7.044E-06  3.779E-06  2.438E-07  5.745E-07  1.011E-06  1.200E-06
                1.166E-06  1.250E-07  3.261E-08  2.729E-10  1.864E-08  6.233E-08
                5.249E-07  8.855E-07  1.109E-06  2.611E-06  3.810E-07  4.682E-08
                4.362E-09  1.112E-07  1.644E-07  1.150E-07  3.527E-06
1.42223063E+02  2.707E-03  2.846E-03  1.757E-06  1.757E-03  1.139E-03  4.021E-06
                2.521E-06  8.139E-03  6.415E-06  3.885E-06  2.382E-04  4.845E-06
                3.769E-03  3.796E-05  5.662E-05  4.724E-07  3.898E-07  1.188E-06
                9.412E-07  8.091E-07  3.564E-09  1.234E-06  6.137E-07  1.183E-08
                6.143E-08  2.905E-07  1.978E-06  3.604E-07  1.044E-06  1.687E-06
                1.450E-06  2.891E-07  4.336E-06  1.435E-06  9.844E-07  3.082E-07
                8.045E-10  5.663E-07  5.513E-10  3.967E-06  3.769E-07  1.818E-06
                6.182E-07  1.180E-07  1.390E-07  6.082E-08  2.011E-07  5.580E-08
                9.130E-06  2.662E-07  2.554E-07  5.568E-08  2.371E-08  2.166E-06
                1.520E-06  1.403E-06  3.366E-07  2.689E-06  8.021E-07  4.272E-06
                9.059E-08  1.981E-09  5.473E-09  2.306E-11  5.500E-07  9.313E-08
                9.433E-08  1.884E-10  8.885E-07  7.802E-08  2.776E-08  1.494E-06
                1.053E-06  2.266E-06  3.030E-06  2.119E-07  3.845E-07  8.323E-08
                1.406E-06  1.436E-06  4.232E-09  2.550E-08  1.879E-07  6.049E-07
                9.806E-06  2.264E-08  4.381E-11  1.350E-10  6.155E-11  6.626E-11
                4.450E-12  2.746E-07  1.562E-06  3.069E-08  1.270E-06  1.077E-06
                1.125E-07  7.996E-08  4.714E-06  1.684E-06  1.502E-07  2.061E-07
                5.626E-08  2.448E-09  9.087E-08  3.452E-07  2.482E-07  1.209E-08
                8.013E-08  4.467E-08  4.729E-09  3.000E-06  2.114E-08  1.236E-05
                6.073E-08  6.741E-08  1.346E-07  6.460E-07  1.513E-07  2.761E-07
                2.636E-07  2.902E-08  5.372E-06  1.280E-07  5.247E-07  7.192E-09
                2.326E-06  1.358E-05  1.483E-07  2.967E-07  1.747E-06  7.098E-07
                1.583E-06  3.191E-08  8.015E-08  1.176E-07  1.083E-10  4.315E-07
                2.590E-07  3.661E-09  1.326E-08  1.518E-07  1.712E-06  2.076E-06
                6.268E-08  1.378E-08  6.039E-08  3.363E-07  4.666E-09  4.343E-07
                9.467E-07  1.960E-09  2.932E-06  6.114E-07  1.115E-07  2.019E-07
                2.294E-06  6.072E-08  2.562E-07  4.391E-08  3.108E-07  3.883E-07
                2.841E-07  5.683E-06  1.007E-07  1.699E-06  4.445E-09  2.267E-07
                1.764E-07  4.296E-08  8.034E-07  1.442E-07  8.005E-07  7.625E-10
                3.280E-08  2.303E-06  2.355E-06  5.233E-08  2.664E-07  2.011E-07
                1.585E-08  1.518E-07  3.698E-07  2.096E-07  1.206E-07  1.595E-08
                2.754E-06  2.684E-07  2.045E-07  1.038E-07  2.387E-07  1.933E-07
                5.487E-06  2.956E-06  1.744E-07  3.553E-07  6.383E-07  9.026E-07
                8.472E-07  7.752E-08  3.721E-08  2.789E-10  6.203E-09  4.373E-08
                4.215E-07  7.179E-07  8.810E-07  2.052E-06  2.675E-07  3.550E-08
                4.815E-09  8.342E-08  1.339E-07  8.752E-08  2.818E-06
1.55831063E+02  1.960E-03  2.069E-03  9.729E-07  1.283E-03  8.314E-04  2.354E-06
                1.682E-06  6.808E-03  3.927E-06  2.440E-06  2.019E-04  3.424E-06
                3.201E-03  3.033E-05  4.514E-05  4.582E-07  2.681E-07  8.999E-07
                7.085E-07  5.936E-07  2.619E-09  8.035E-07  4.509E-07  9.934E-09
                4.652E-08  3.068E-07  2.102E-06  2.496E-07  6.942E-07  1.123E-06
                9.843E-07  1.896E-07  2.915E-06  1.229E-06  6.711E-07  1.970E-07
                5.256E-10  3.720E-07  6.303E-10  2.711E-06  3.325E-07  1.249E-06
                4.110E-07  7.169E-08  8.923E-08  5.110E-08  1.709E-07  3.882E-08
                6.492E-06  2.249E-07  1.676E-07  3.715E-08  1.963E-08  1.830E-06
                1.035E-06  9.650E-07  2.212E-07  1.831E-06  5.413E-07  3.591E-06
                7.180E-08  1.465E-09  4.385E-09  2.654E-11  3.735E-07  7.283E-08
                6.961E-08  1.506E-10  6.315E-07  5.146E-08  2.192E-08  1.255E-06
                7.884E-07  1.736E-06  2.089E-06  1.495E-07  2.644E-07  5.580E-08
                9.517E-07  9.761E-07  4.288E-09  2.629E-08  1.324E-07  4.160E-07
                6.888E-06  1.093E-08  3.714E-11  1.158E-10  4.569E-11  4.855E-11
                3.329E-12  1.831E-07  1.037E-06  2.066E-08  1.042E-06  8.968E-07
                8.307E-08  5.138E-08  3.347E-06  1.173E-06  1.100E-07  1.509E-07
                4.222E-08  1.656E-09  6.862E-08  2.564E-07  1.889E-07  8.730E-09
                7.096E-08  3.233E-08  3.134E-09  2.306E-06  1.627E-08  9.771E-06
                4.560E-08  5.058E-08  9.432E-08  4.754E-07  1.116E-07  2.014E-07
                1.929E-07  2.330E-08  3.647E-06  1.074E-07  4.095E-07  3.868E-09
                1.707E-06  1.088E-05  1.102E-07  2.242E-07  1.335E-06  5.381E-07
                1.053E-06  1.931E-08  6.077E-08  9.561E-08  8.904E-11  3.529E-07
                2.117E-07  2.654E-09  9.520E-09  1.086E-07  1.348E-06  1.634E-06
                3.802E-08  9.737E-09  4.530E-08  2.841E-07  3.963E-09  3.217E-07
                7.043E-07  1.485E-09  2.289E-06  4.718E-07  7.606E-08  1.624E-07
                1.757E-06  4.342E-08  1.869E-07  3.195E-08  2.178E-07  3.006E-07
                2.060E-07  4.687E-06  7.238E-08  1.196E-06  3.420E-09  1.834E-07
                1.352E-07  2.732E-08  6.256E-07  1.127E-07  6.217E-07  8.270E-10
                1.944E-08  1.796E-06  1.829E-06  3.846E-08  2.129E-07  1.546E-07
                1.292E-08  1.033E-07  2.864E-07  1.499E-07  9.384E-08  1.201E-08
                2.270E-06  1.999E-07  1.456E-07  8.231E-08  1.960E-07  1.413E-07
                4.544E-06  2.449E-06  1.289E-07  2.697E-07  5.253E-07  6.755E-07
                6.119E-07  5.005E-08  2.520E-08  1.398E-10  5.310E-09  3.003E-08
                3.350E-07  5.818E-07  6.986E-07  1.633E-06  2.022E-07  2.580E-08
                3.071E-09  6.536E-08  1.080E-07  6.452E-08  2.270E-06
1.69439063E+02  1.466E-03  1.537E-03  1.739E-06  9.541E-04  6.155E-04  2.152E-06
                1.292E-06  5.290E-03  3.146E-06  1.911E-06  1.582E-04  2.421E-06
                2.513E-03  2.073E-05  3.109E-05  4.496E-07  1.950E-07  5.888E-07
                5.955E-07  3.623E-07  2.152E-09  6.004E-07  3.832E-07  1.612E-08
                5.558E-08  1.631E-07  1.114E-06  1.864E-07  4.630E-07  7.384E-07
                7.665E-07  1.420E-07  2.442E-06  7.273E-07  5.188E-07  1.294E-07
                3.520E-10  2.604E-07  2.895E-10  2.107E-06  2.208E-07  9.662E-07
                3.135E-07  5.107E-08  6.324E-08  4.700E-08  1.679E-07  3.262E-08
                5.091E-06  2.001E-07  1.211E-07  3.323E-08  2.044E-08  1.625E-06
                7.833E-07  7.418E-07  1.573E-07  1.305E-06  3.869E-07  3.145E-06
                7.134E-08  1.197E-09  2.929E-09  2.574E-11  2.602E-07  6.268E-08
                5.368E-08  1.067E-10  4.751E-07  3.795E-08  2.637E-08  8.663E-07
                6.347E-07  1.335E-06  1.586E-06  1.074E-07  2.030E-07  3.846E-08
                7.305E-07  7.394E-07  2.618E-09  1.589E-08  1.032E-07  3.020E-07
                5.543E-06  1.579E-08  2.692E-11  8.267E-11  3.287E-11  4.833E-11
                2.475E-12  1.416E-07  8.150E-07  1.347E-08  8.138E-07  7.011E-07
                6.437E-08  7.349E-08  2.666E-06  9.530E-07  8.670E-08  1.199E-07
                3.286E-08  1.462E-09  5.337E-08  2.060E-07  1.556E-07  7.067E-09
                7.045E-08  2.608E-08  2.742E-09  1.617E-06  1.160E-08  7.508E-06
                3.496E-08  3.549E-08  7.670E-08  3.939E-07  8.893E-08  1.474E-07
                1.445E-07  1.765E-08  2.959E-06  9.826E-08  3.022E-07  4.613E-09
                1.303E-06  8.438E-06  8.402E-08  1.576E-07  9.597E-07  3.825E-07
                8.572E-07  1.138E-08  3.824E-08  6.166E-08  5.414E-11  2.256E-07
                1.359E-07  2.162E-09  7.681E-09  8.914E-08  1.064E-06  1.288E-06
                2.287E-08  7.724E-09  3.144E-08  2.128E-07  2.453E-09  2.441E-07
                5.304E-07  9.444E-10  1.813E-06  3.723E-07  5.374E-08  1.262E-07
                1.410E-06  2.918E-08  1.317E-07  2.789E-08  1.501E-07  2.262E-07
                1.634E-07  3.713E-06  5.542E-08  9.028E-07  2.629E-09  1.203E-07
                8.699E-08  1.717E-08  4.784E-07  9.027E-08  4.951E-07  4.907E-10
                1.102E-08  1.424E-06  1.452E-06  2.511E-08  1.414E-07  1.262E-07
                9.447E-09  6.869E-08  2.230E-07  9.900E-08  7.319E-08  8.523E-09
                1.735E-06  1.428E-07  1.178E-07  6.561E-08  1.600E-07  1.099E-07
                3.431E-06  1.854E-06  9.528E-08  1.716E-07  3.517E-07  5.211E-07
                4.606E-07  3.157E-08  3.563E-08  1.938E-10  1.507E-09  2.217E-08
                2.674E-07  4.654E-07  5.458E-07  1.277E-06  1.409E-07  2.281E-08
                3.859E-09  4.913E-08  8.692E-08  5.164E-08  1.788E-06
1.83047063E+02  1.181E-03  1.252E-03  7.415E-07  7.733E-04  5.048E-04  1.576E-06
                9.129E-07  4.645E-03  2.202E-06  1.354E-06  1.371E-04  1.831E-06
                2.174E-03  1.810E-05  2.697E-05  4.138E-07  1.379E-07  5.294E-07
                4.566E-07  3.092E-07  1.823E-09  3.847E-07  2.536E-07  1.209E-08
                4.086E-08  2.428E-07  1.665E-06  1.205E-07  3.009E-07  5.148E-07
                5.255E-07  9.261E-08  1.671E-06  8.092E-07  3.534E-07  8.093E-08
                2.269E-10  1.697E-07  4.862E-10  1.610E-06  2.394E-07  7.141E-07
                2.351E-07  3.401E-08  4.399E-08  4.007E-08  1.447E-07  2.541E-08
                3.809E-06  1.704E-07  7.848E-08  2.186E-08  2.020E-08  1.390E-06
                5.763E-07  5.614E-07  1.101E-07  8.880E-07  2.909E-07  2.713E-06
                5.608E-08  8.543E-10  2.184E-09  2.577E-11  2.100E-07  4.937E-08
                3.995E-08  1.022E-10  3.355E-07  2.793E-08  1.662E-08  6.831E-07
                4.632E-07  1.137E-06  1.113E-06  8.842E-08  1.442E-07  3.054E-08
                4.355E-07  4.433E-07  3.046E-09  1.883E-08  7.360E-08  2.212E-07
                3.985E-06  5.579E-09  2.644E-11  8.204E-11  2.468E-11  3.136E-11
                1.845E-12  8.255E-08  4.736E-07  9.022E-09  7.040E-07  6.157E-07
                4.873E-08  3.905E-08  1.958E-06  6.817E-07  6.210E-08  8.602E-08
                2.342E-08  8.730E-10  3.836E-08  1.452E-07  1.139E-07  4.589E-09
                5.958E-08  1.672E-08  2.051E-09  1.098E-06  9.314E-09  6.676E-06
                3.005E-08  2.550E-08  5.700E-08  2.906E-07  6.509E-08  1.009E-07
                9.926E-08  1.401E-08  1.949E-06  8.600E-08  2.151E-07  2.202E-09
                1.006E-06  7.571E-06  6.135E-08  1.192E-07  6.621E-07  2.623E-07
                5.197E-07  7.234E-09  3.053E-08  5.167E-08  3.846E-11  1.922E-07
                1.154E-07  1.571E-09  5.535E-09  6.589E-08  8.711E-07  1.055E-06
                1.500E-08  7.106E-09  2.936E-08  1.542E-07  2.314E-09  1.917E-07
                4.142E-07  6.569E-10  1.461E-06  2.976E-07  4.166E-08  1.112E-07
                1.115E-06  2.302E-08  1.155E-07  1.770E-08  1.073E-07  1.902E-07
                1.136E-07  3.390E-06  3.431E-08  5.496E-07  1.961E-09  9.993E-08
                6.833E-08  1.151E-08  3.295E-07  7.326E-08  3.998E-07  5.544E-10
                6.672E-09  1.153E-06  1.168E-06  1.887E-08  1.133E-07  9.951E-08
                7.054E-09  5.019E-08  1.544E-07  7.431E-08  5.081E-08  6.948E-09
                1.564E-06  1.140E-07  8.095E-08  4.406E-08  1.119E-07  7.799E-08
                3.104E-06  1.672E-06  7.512E-08  1.300E-07  2.665E-07  4.059E-07
                3.474E-07  2.166E-08  2.259E-08  1.062E-10  1.495E-09  1.672E-08
                2.193E-07  3.892E-07  4.514E-07  1.047E-06  1.070E-07  1.673E-08
                2.840E-09  4.040E-08  7.212E-08  3.520E-08  1.492E-06
1.96655063E+02  8.108E-04  8.555E-04  2.048E-06  5.359E-04  3.459E-04  7.687E-07
                6.079E-07  3.816E-03  1.222E-06  7.860E-07  1.172E-04  1.287E-06
                1.871E-03  1.323E-05  1.981E-05  4.125E-07  1.026E-07  3.367E-07
                4.101E-07  1.924E-07  1.251E-09  2.966E-07  2.417E-07  1.666E-08
                4.486E-08  1.065E-07  7.264E-07  1.031E-07  2.317E-07  3.269E-07
                4.111E-07  7.146E-08  1.285E-06  4.138E-07  2.653E-07  5.303E-08
                1.561E-10  1.355E-07  1.976E-10  1.080E-06  1.363E-07  4.874E-07
                1.533E-07  2.021E-08  2.839E-08  3.576E-08  1.416E-07  1.858E-08
                2.701E-06  1.566E-07  5.773E-08  1.686E-08  2.085E-08  1.272E-06
                3.900E-07  3.760E-07  7.127E-08  6.467E-07  1.825E-07  2.439E-06
                5.919E-08  6.920E-10  1.870E-09  2.387E-11  1.215E-07  4.113E-08
                2.885E-08  6.773E-11  2.518E-07  1.741E-08  2.329E-08  5.908E-07
                3.855E-07  7.897E-07  8.058E-07  5.868E-08  1.044E-07  1.747E-08
                3.990E-07  4.061E-07  2.033E-09  1.252E-08  5.458E-08  1.502E-07
                2.930E-06  8.349E-09  1.790E-11  5.604E-11  1.859E-11  3.070E-11
                1.349E-12  7.609E-08  4.350E-07  6.267E-09  5.294E-07  4.643E-07
                3.878E-08  4.878E-08  1.417E-06  4.994E-07  4.858E-08  6.744E-08
                1.952E-08  9.641E-10  3.264E-08  1.226E-07  9.580E-08  4.591E-09
                6.299E-08  1.692E-08  1.568E-09  1.026E-06  6.718E-09  4.597E-06
                2.064E-08  2.135E-08  4.606E-08  2.312E-07  4.999E-08  8.251E-08
                8.326E-08  1.090E-08  1.549E-06  7.396E-08  1.961E-07  2.224E-09
                7.153E-07  5.269E-06  4.939E-08  9.055E-08  6.110E-07  2.405E-07
                4.574E-07  4.282E-09  2.045E-08  3.561E-08  3.020E-11  1.326E-07
                7.987E-08  1.128E-09  3.936E-09  5.372E-08  6.586E-07  7.993E-07
                8.942E-09  4.433E-09  1.849E-08  1.392E-07  1.458E-09  1.359E-07
                2.957E-07  4.676E-10  1.106E-06  2.226E-07  2.742E-08  8.720E-08
                8.556E-07  1.575E-08  7.652E-08  1.609E-08  7.844E-08  1.327E-07
                9.354E-08  2.448E-06  3.354E-08  5.163E-07  1.512E-09  6.936E-08
                4.740E-08  7.305E-09  3.248E-07  5.525E-08  2.999E-07  3.612E-10
                3.579E-09  8.668E-07  8.815E-07  1.274E-08  8.022E-08  7.597E-08
                6.701E-09  3.426E-08  1.331E-07  5.295E-08  4.316E-08  5.262E-09
                1.121E-06  8.378E-08  6.900E-08  4.691E-08  1.193E-07  6.409E-08
                2.209E-06  1.193E-06  5.449E-08  9.685E-08  2.200E-07  2.979E-07
                2.480E-07  1.339E-08  2.047E-08  8.132E-11  1.260E-09  1.090E-08
                1.727E-07  3.078E-07  3.463E-07  8.136E-07  7.651E-08  1.292E-08
                1.762E-09  3.016E-08  5.740E-08  2.872E-08  1.161E-06
