          16           7
         215          13           1           1
           0          -4           0          -4           0          -6           0          -2           0          -4           0           6           0           4           0           2           0           4           0           6           0           2           0           4           0           2           0          -4           0          -2           0           2           0           4           0           6           0           2           0           4           0           6           0           4           0          -2           0          -2           0          -4           0          -6           0          -8           0          -2           0          -4           0          -6           0          -4           0           2           0          -4           0          -6           0          -2           0          -4           0          -6           0          -6           0          -8           0          -4           0          -6           0          -2           0          -4           0           4           0           6           0           8           0          10           0           4           0          -4           0           2           0           6           0           4           0           8           0           2           0          -4           0          -2           0           6           0           6           0           4           0           2           0           8           0           4           0           6           0           8           0           4           0           6           0           8           0          10           0           4           0           6           0           8           0           6           0           4           0           2           0           6           0           2           0           4           0           2           0          -4           0          -2           0          -6           0          -8           0           6           0           4           0          -4           0          -6           0          -2           0          -4           0          -6           0          -8           0         -10           0          -2           0          -4           0          -6           0          -4           0          -2           0          -6           0          -8           0          -2           0          -4           0           2           0           4           0           6           0           8           0           4           0           4           0           6           0           8           0           2           0          10           0           8           0           6           0           4           0           2           0           6           0           6           0           4           0           4           0           2           0           4           0           6           0           8           0          -4           0           2           0           4           0          -6           0          -4           0           2           0           4           0           6           0           4           0           6           0          -2           0          -4           0          -6           0          -8           0         -10           0          -6           0          -8           0         -10           0         -12           0           2           0          -2           0          -4           0          -6           0          -8           0          -2           0          -8           0         -10           0          -4           0          -2           0          -6           0          -4           0          -2           0          -4           0          -2           0          -4           0          -6           0          -4           0          -8           0          -6           0           2           0           4           0           2           0           4           0           6           0         -10           0          -8           0          -6           0          -4           0           6           0          -2           0          -4           0           8           0          -6           0          -2           0          -4           0          -6           0          -8           0           4           0           6           0          -4           0          -6           0          -6           0          -8           0          -2           0           2           0          -4           0           4           0           6           0           4           0           4           0           2           0           2           0          -4           0          -6           0          -8           0          -2           0          -4           0          -6           0          -8           0         -10           0          -8           0          -6           0          -4           0          -2           0          -2           0          -4           0          -6           0          -6           0          -8           0          -4           0          -2           0          -6           0          -4
    0.000000E+00    9.645106E-03    9.843162E-03    1.435602E-02    1.458263E-02
    4.247197E-02    4.320385E-02    4.360158E-02    5.944295E-02    5.948713E-02
    6.922989E-02    7.316769E-02    7.411300E-02    1.134727E-01    1.147319E-01
    2.354040E-01    2.358931E-01    2.366026E-01    2.382857E-01    2.391328E-01
    2.438023E-01    2.438287E-01    2.461520E-01    2.471700E-01    2.474363E-01
    2.479076E-01    2.485433E-01    2.486026E-01    2.487216E-01    2.491410E-01
    2.502551E-01    2.507374E-01    2.510783E-01    2.511300E-01    2.524691E-01
    2.524772E-01    2.554279E-01    2.561102E-01    2.563381E-01    2.591442E-01
    2.591854E-01    2.609226E-01    2.615363E-01    2.619649E-01    2.622131E-01
    2.625883E-01    2.631076E-01    2.632646E-01    2.633261E-01    2.634365E-01
    2.637297E-01    2.638533E-01    2.640096E-01    2.643758E-01    2.644930E-01
    2.645338E-01    2.648466E-01    2.652759E-01    2.655531E-01    2.656939E-01
    2.657640E-01    2.676748E-01    2.677713E-01    2.679166E-01    2.688115E-01
    2.690337E-01    2.711118E-01    2.712141E-01    2.720014E-01    2.721113E-01
    2.724223E-01    2.724984E-01    2.725578E-01    2.726085E-01    2.727219E-01
    2.737570E-01    2.740430E-01    2.746587E-01    2.763855E-01    2.763956E-01
    2.763957E-01    2.764682E-01    2.789238E-01    2.791446E-01    2.808157E-01
    2.808428E-01    2.816082E-01    2.816156E-01    2.816277E-01    2.816445E-01
    2.816660E-01    2.832213E-01    2.832636E-01    2.833497E-01    2.872720E-01
    2.872722E-01    2.872783E-01    2.873017E-01    2.873787E-01    2.874354E-01
    2.875828E-01    2.876419E-01    2.877951E-01    2.879672E-01    2.884374E-01
    2.885530E-01    2.886000E-01    2.886971E-01    2.887362E-01    2.888178E-01
    2.901974E-01    2.902310E-01    2.934227E-01    2.936053E-01    2.936679E-01
    2.948139E-01    2.948751E-01    2.949134E-01    2.954910E-01    2.955387E-01
    2.955818E-01    2.956302E-01    2.974080E-01    2.974265E-01    2.978254E-01
    2.979930E-01    2.980044E-01    2.981863E-01    2.981951E-01    2.982014E-01
    2.986863E-01    2.989406E-01    2.997979E-01    3.013547E-01    3.014398E-01
    3.015665E-01    3.017420E-01    3.025165E-01    3.025355E-01    3.025686E-01
    3.026262E-01    3.032771E-01    3.036433E-01    3.036673E-01    3.036996E-01
    3.037196E-01    3.041292E-01    3.046134E-01    3.046301E-01    3.048276E-01
    3.048611E-01    3.049614E-01    3.051740E-01    3.052844E-01    3.060373E-01
    3.062721E-01    3.065126E-01    3.067251E-01    3.072820E-01    3.083217E-01
    3.083847E-01    3.085481E-01    3.086063E-01    3.093086E-01    3.093690E-01
    3.093750E-01    3.093804E-01    3.094500E-01    3.095030E-01    3.095365E-01
    3.096086E-01    3.096683E-01    3.098305E-01    3.098337E-01    3.100372E-01
    3.110986E-01    3.111053E-01    3.111248E-01    3.111449E-01    3.124031E-01
    3.124222E-01    3.126400E-01    3.132139E-01    3.132929E-01    3.134326E-01
    3.163175E-01    3.165548E-01    3.167011E-01    3.167161E-01    3.173537E-01
    3.174815E-01    3.194473E-01    3.198310E-01    3.206567E-01    3.235572E-01
    3.235827E-01    3.236877E-01    3.236885E-01    3.238034E-01    3.239013E-01
    3.239634E-01    3.240075E-01    3.245628E-01    3.245933E-01    3.263728E-01
    3.264517E-01    3.271738E-01    3.284075E-01    3.287843E-01    3.314323E-01
    3.314556E-01    3.324856E-01    3.325179E-01    3.327131E-01    3.333147E-01
           0           0           0           1
  -27.915863041215566               13
3.36992630E+01  1.966E-01  2.136E-01  1.254E-04  1.307E-01  8.587E-02  5.530E-04
                3.739E-04  1.278E-01  1.661E-03  3.742E-04  3.025E-03
4.73072630E+01  8.012E-02  8.336E-02  7.033E-05  5.204E-02  3.372E-02  1.711E-04
                1.287E-04  7.736E-02  2.902E-04  1.821E-04  1.969E-03  1.654E-04
                3.009E-02  8.609E-04  1.239E-03  2.937E-05  3.086E-05  6.084E-05
                1.031E-04  9.419E-05
6.09152630E+01  3.848E-02  4.054E-02  2.787E-05  2.492E-02  1.623E-02  5.417E-05
                3.825E-05  4.834E-02  1.141E-04  6.576E-05  1.313E-03  8.126E-05
                2.027E-02  4.670E-04  6.900E-04  1.738E-06  4.676E-06  3.152E-05
                7.436E-06  2.148E-05  1.648E-08  1.215E-05  9.619E-06  7.136E-07
                2.011E-06  1.655E-06  9.840E-06  5.710E-06  1.722E-05  2.610E-05
                3.011E-05  2.838E-06  1.134E-04  1.632E-05  1.692E-05  5.449E-06
                1.257E-08  1.553E-05  9.755E-09  8.792E-05  3.515E-06  3.802E-05
                1.641E-05  4.699E-06  4.571E-06  2.446E-07  6.905E-07  1.254E-06
                1.190E-04  1.417E-06  3.798E-06  7.178E-07  7.662E-07  1.294E-05
                3.020E-05  3.007E-05  7.936E-06  5.571E-05  3.532E-05  2.559E-05
                5.050E-07  2.273E-08  4.880E-08  7.055E-10  2.578E-05  8.394E-07
                7.950E-08  3.516E-10  1.274E-05  1.880E-06  1.941E-07  1.616E-05
                1.066E-05  1.311E-05  4.544E-05  9.510E-06  6.648E-06  4.058E-06
                1.182E-05  1.164E-05  1.849E-07  7.023E-07  1.871E-06  1.674E-05
                9.345E-05  1.512E-07  4.572E-10  1.897E-09  1.413E-09  1.261E-09
                1.499E-11  1.824E-06  1.087E-05  5.250E-07  4.292E-06  3.116E-06
                1.194E-06  1.161E-06  4.539E-05  1.712E-05  7.178E-07  1.013E-06
                7.234E-07  2.611E-08  5.667E-07  3.638E-06  2.114E-06  9.384E-08
                2.905E-06  4.597E-07  1.128E-07  2.963E-05  2.820E-07  1.086E-04
                1.171E-06  8.533E-07  1.670E-06  3.323E-06  7.705E-07  2.209E-06
                2.094E-06  8.625E-08  5.493E-05  1.715E-06  3.975E-06  1.065E-07
                2.134E-05  1.038E-04  1.763E-06  2.860E-06  1.496E-05  6.394E-06
                1.340E-05  1.945E-06  2.260E-06  1.961E-06  4.966E-09  1.043E-05
                6.055E-06  2.494E-09  4.923E-09  1.685E-06  1.274E-05  1.580E-05
                3.044E-06  4.885E-07  1.333E-06  1.797E-05  2.197E-08  3.680E-06
                8.181E-06  1.228E-07  2.181E-05  5.030E-06  3.122E-06  2.282E-06
                1.542E-05  1.300E-06  5.295E-06  9.105E-07  5.845E-06  1.629E-06
                2.655E-06  5.345E-05  9.563E-07  1.731E-05  4.580E-09  3.730E-06
                4.167E-06  2.008E-06  6.813E-06  1.177E-06  6.139E-06  9.860E-09
                2.012E-06  1.821E-05  1.920E-05  1.041E-06  4.498E-06  1.300E-06
                4.202E-07  3.625E-06  9.936E-06  4.505E-06  3.222E-06  4.169E-07
                1.718E-05  3.375E-06  1.744E-06  1.089E-06  2.848E-06  1.894E-06
                3.102E-05  1.531E-05  4.101E-06  1.148E-05  2.600E-05  1.313E-05
                1.443E-05  3.202E-06  2.480E-06  4.642E-10  1.149E-06  6.458E-07
                1.651E-06  2.755E-06  3.607E-06  1.528E-05  4.675E-06  8.186E-07
                1.552E-07  6.085E-07  6.299E-07  1.103E-06  1.443E-05
7.45232630E+01  2.117E-02  2.223E-02  1.297E-05  1.366E-02  8.888E-03  2.947E-05
                2.108E-05  3.304E-02  6.054E-05  3.571E-05  9.168E-04  4.435E-05
                1.428E-02  2.698E-04  3.986E-04  9.563E-07  3.096E-06  1.555E-05
                5.236E-06  1.093E-05  1.188E-08  9.157E-06  4.144E-06  2.635E-07
                8.159E-07  1.010E-06  6.112E-06  2.963E-06  1.019E-05  1.574E-05
                1.467E-05  2.150E-06  4.881E-05  9.553E-06  8.751E-06  2.712E-06
                7.420E-09  7.387E-06  2.344E-09  4.216E-05  1.841E-06  1.827E-05
                7.645E-06  2.199E-06  2.171E-06  1.311E-07  3.647E-07  6.444E-07
                6.552E-05  6.116E-07  2.301E-06  4.093E-07  3.776E-07  5.136E-06
                1.481E-05  1.463E-05  3.893E-06  2.919E-05  1.217E-05  1.221E-05
                2.461E-07  9.394E-09  3.540E-08  4.792E-11  9.023E-06  4.591E-07
                1.923E-07  5.439E-10  6.851E-06  8.971E-07  5.758E-08  6.948E-06
                3.997E-06  9.338E-06  2.500E-05  3.212E-06  3.229E-06  1.386E-06
                8.580E-06  8.754E-06  2.822E-08  1.549E-07  1.203E-06  7.007E-06
                6.028E-05  1.162E-07  1.967E-10  6.249E-10  3.461E-10  1.457E-10
                1.195E-11  1.557E-06  8.934E-06  3.042E-07  4.097E-06  3.179E-06
                6.922E-07  3.494E-07  2.821E-05  1.013E-05  6.449E-07  8.298E-07
                2.456E-07  1.889E-08  5.130E-07  1.623E-06  1.036E-06  5.781E-08
                5.058E-07  2.237E-07  3.650E-08  1.707E-05  1.171E-07  6.398E-05
                3.436E-07  3.856E-07  8.839E-07  2.113E-06  5.462E-07  1.319E-06
                1.210E-06  8.951E-08  3.354E-05  6.417E-07  2.251E-06  5.080E-08
                1.424E-05  6.453E-05  7.283E-07  1.424E-06  9.096E-06  3.799E-06
                9.306E-06  6.869E-07  1.014E-06  1.083E-06  1.094E-09  4.933E-06
                2.900E-06  5.072E-09  1.670E-08  9.320E-07  7.778E-06  9.625E-06
                1.226E-06  1.113E-07  5.393E-07  6.392E-06  6.998E-09  2.620E-06
                5.748E-06  3.571E-08  1.386E-05  3.102E-06  1.309E-06  1.052E-06
                1.014E-05  6.463E-07  2.634E-06  3.179E-07  3.087E-06  1.370E-06
                1.418E-06  2.939E-05  5.834E-07  1.027E-05  6.218E-09  1.880E-06
                1.911E-06  7.669E-07  4.178E-06  6.736E-07  3.845E-06  4.847E-09
                7.496E-07  1.075E-05  1.120E-05  5.275E-07  2.223E-06  6.208E-07
                1.569E-07  1.753E-06  3.916E-06  2.258E-06  1.184E-06  1.343E-07
                1.174E-05  2.022E-06  1.014E-06  5.746E-07  1.306E-06  9.150E-07
                2.199E-05  1.123E-05  1.690E-06  5.310E-06  1.043E-05  6.216E-06
                6.892E-06  1.285E-06  6.060E-07  3.898E-10  4.511E-07  3.873E-07
                1.472E-06  2.358E-06  3.209E-06  8.882E-06  2.276E-06  3.233E-07
                3.754E-08  4.432E-07  4.278E-07  5.031E-07  1.037E-05
8.81312630E+01  1.265E-02  1.327E-02  7.900E-06  8.154E-03  5.297E-03  1.804E-05
                1.262E-05  2.347E-02  3.514E-05  2.094E-05  6.620E-04  2.605E-05
                1.037E-02  1.645E-04  2.436E-04  6.770E-07  2.018E-06  8.696E-06
                3.563E-06  6.284E-06  8.439E-09  6.187E-06  2.376E-06  1.169E-07
                3.674E-07  6.961E-07  4.473E-06  1.789E-06  6.309E-06  9.704E-06
                8.156E-06  1.448E-06  2.466E-05  5.990E-06  4.993E-06  1.754E-06
                4.680E-09  3.976E-06  1.651E-09  2.265E-05  1.178E-06  9.879E-06
                3.937E-06  1.053E-06  1.087E-06  9.122E-08  2.307E-07  3.296E-07
                3.979E-05  4.986E-07  1.463E-06  2.328E-07  1.983E-07  4.095E-06
                8.285E-06  7.860E-06  2.111E-06  1.637E-05  5.670E-06  8.783E-06
                1.799E-07  6.523E-09  2.440E-08  1.780E-11  4.066E-06  3.023E-07
                2.178E-07  4.650E-10  4.205E-06  4.809E-07  3.536E-08  5.188E-06
                3.105E-06  6.990E-06  1.512E-05  1.442E-06  1.913E-06  6.247E-07
                5.932E-06  6.110E-06  1.314E-08  7.884E-08  7.969E-07  3.642E-06
                3.853E-05  8.125E-08  1.330E-10  4.206E-10  2.563E-10  1.163E-10
                1.138E-11  1.123E-06  6.341E-06  1.896E-07  3.139E-06  2.485E-06
                4.718E-07  1.471E-07  1.816E-05  6.485E-06  4.640E-07  6.214E-07
                1.794E-07  1.107E-08  3.374E-07  1.123E-06  7.292E-07  4.273E-08
                1.680E-07  1.635E-07  2.085E-08  1.206E-05  7.749E-08  4.137E-05
                2.312E-07  2.595E-07  5.709E-07  1.698E-06  4.194E-07  9.798E-07
                9.243E-07  7.472E-08  2.160E-05  3.427E-07  1.668E-06  2.905E-08
                9.316E-06  4.274E-05  4.907E-07  9.913E-07  6.544E-06  2.723E-06
                6.247E-06  3.194E-07  5.142E-07  5.909E-07  6.226E-10  2.522E-06
                1.489E-06  5.698E-09  2.024E-08  5.974E-07  5.179E-06  6.364E-06
                5.901E-07  6.195E-08  3.015E-07  2.647E-06  7.666E-09  1.725E-06
                3.786E-06  1.602E-08  9.075E-06  1.989E-06  6.867E-07  6.722E-07
                6.971E-06  3.633E-07  1.414E-06  1.621E-07  1.824E-06  1.092E-06
                9.880E-07  1.808E-05  3.979E-07  7.001E-06  8.227E-09  1.062E-06
                1.012E-06  3.647E-07  2.845E-06  4.381E-07  2.490E-06  1.795E-09
                3.339E-07  7.095E-06  7.353E-06  2.988E-07  1.266E-06  4.693E-07
                8.284E-08  9.795E-07  1.913E-06  1.273E-06  5.668E-07  7.712E-08
                8.155E-06  1.247E-06  7.058E-07  3.683E-07  7.938E-07  6.127E-07
                1.577E-05  8.216E-06  8.864E-07  2.659E-06  4.719E-06  3.608E-06
                3.919E-06  6.290E-07  1.791E-07  4.646E-10  1.914E-07  2.315E-07
                1.129E-06  1.820E-06  2.421E-06  6.050E-06  1.248E-06  1.714E-07
                1.445E-08  2.955E-07  3.343E-07  2.955E-07  7.611E-06
1.01739263E+02  8.004E-03  8.396E-03  4.880E-06  5.179E-03  3.354E-03  1.064E-05
                7.803E-06  1.748E-02  2.056E-05  1.244E-05  5.009E-04  1.603E-05
                7.878E-03  1.098E-04  1.626E-04  5.613E-07  1.302E-06  5.155E-06
                2.388E-06  3.736E-06  7.440E-09  3.989E-06  1.485E-06  4.894E-08
                1.723E-07  5.938E-07  3.957E-06  1.113E-06  3.875E-06  6.070E-06
                4.795E-06  9.317E-07  1.364E-05  4.100E-06  3.036E-06  1.114E-06
                2.944E-09  2.266E-06  1.382E-09  1.297E-05  8.571E-07  5.791E-06
                2.174E-06  5.488E-07  5.904E-07  7.993E-08  2.111E-07  1.803E-07
                2.555E-05  4.221E-07  9.095E-07  1.418E-07  1.013E-07  3.449E-06
                4.933E-06  4.556E-06  1.232E-06  9.689E-06  3.047E-06  7.099E-06
                1.424E-07  4.593E-09  1.647E-08  1.287E-11  2.124E-06  2.057E-07
                1.971E-07  4.050E-10  2.662E-06  2.750E-07  2.471E-08  3.772E-06
                2.344E-06  5.130E-06  9.349E-06  7.666E-07  1.152E-06  3.276E-07
                3.985E-06  4.115E-06  8.809E-09  5.369E-08  5.188E-07  2.077E-06
                2.568E-05  5.043E-08  9.777E-11  3.081E-10  1.789E-10  9.623E-11
                9.228E-12  7.651E-07  4.301E-06  1.167E-07  2.462E-06  1.995E-06
                3.199E-07  9.167E-08  1.223E-05  4.330E-06  3.417E-07  4.648E-07
                1.338E-07  6.510E-09  2.387E-07  8.100E-07  5.416E-07  2.885E-08
                1.177E-07  1.089E-07  1.099E-08  8.366E-06  5.439E-08  2.890E-05
                1.498E-07  1.806E-07  3.815E-07  1.330E-06  3.224E-07  7.159E-07
                6.834E-07  6.036E-08  1.439E-05  2.377E-07  1.241E-06  1.811E-08
                6.314E-06  3.049E-05  3.537E-07  7.352E-07  4.602E-06  1.912E-06
                4.206E-06  1.659E-07  2.943E-07  3.623E-07  3.495E-10  1.448E-06
                8.593E-07  6.052E-09  2.212E-08  4.026E-07  3.722E-06  4.549E-06
                3.149E-07  3.801E-08  1.801E-07  1.292E-06  8.395E-09  1.171E-06
                2.580E-06  7.855E-09  6.419E-06  1.384E-06  3.959E-07  4.602E-07
                5.037E-06  2.180E-07  8.276E-07  1.020E-07  1.108E-06  8.455E-07
                6.989E-07  1.261E-05  2.712E-07  4.721E-06  7.873E-09  6.644E-07
                5.985E-07  1.963E-07  1.955E-06  3.105E-07  1.757E-06  1.207E-09
                1.726E-07  5.060E-06  5.214E-06  1.804E-07  7.929E-07  3.832E-07
                4.886E-08  5.823E-07  1.090E-06  7.654E-07  3.283E-07  4.786E-08
                6.045E-06  8.022E-07  5.006E-07  2.449E-07  5.217E-07  4.484E-07
                1.190E-05  6.290E-06  5.347E-07  1.439E-06  2.405E-06  2.358E-06
                2.466E-06  3.441E-07  6.694E-08  4.239E-10  8.430E-08  1.471E-07
                8.534E-07  1.394E-06  1.828E-06  4.408E-06  7.736E-07  1.001E-07
                8.294E-09  2.048E-07  2.590E-07  2.002E-07  5.717E-06
1.15347263E+02  5.383E-03  5.657E-03  3.122E-06  3.483E-03  2.260E-03  7.705E-06
                5.206E-06  1.320E-02  1.374E-05  8.318E-06  3.802E-04  1.042E-05
                5.990E-03  7.388E-05  1.097E-04  5.079E-07  8.454E-07  2.911E-06
                1.698E-06  2.101E-06  5.550E-09  2.678E-06  1.080E-06  2.216E-08
                1.044E-07  4.360E-07  2.932E-06  7.514E-07  2.476E-06  3.910E-06
                3.103E-06  6.247E-07  8.865E-06  2.751E-06  2.025E-06  7.261E-07
                1.884E-09  1.379E-06  9.042E-10  8.389E-06  6.203E-07  3.769E-06
                1.370E-06  3.115E-07  3.455E-07  7.247E-08  2.132E-07  1.147E-07
                1.757E-05  3.635E-07  5.837E-07  1.015E-07  5.501E-08  2.966E-06
                3.216E-06  2.943E-06  7.686E-07  6.055E-06  1.848E-06  5.993E-06
                1.220E-07  3.411E-09  1.103E-08  1.435E-11  1.281E-06  1.513E-07
                1.571E-07  3.060E-10  1.779E-06  1.731E-07  3.030E-08  2.707E-06
                1.792E-06  3.869E-06  6.208E-06  4.710E-07  7.849E-07  1.967E-07
                2.841E-06  2.925E-06  6.535E-09  3.946E-08  3.613E-07  1.320E-06
                1.828E-05  4.006E-08  7.323E-11  2.279E-10  1.217E-10  8.954E-11
                7.579E-12  5.535E-07  3.119E-06  7.312E-08  1.966E-06  1.624E-06
                2.167E-07  8.838E-08  8.719E-06  3.114E-06  2.626E-07  3.571E-07
                1.003E-07  4.837E-09  1.661E-07  6.085E-07  4.141E-07  2.258E-08
                1.006E-07  8.423E-08  9.354E-09  5.921E-06  3.906E-08  2.104E-05
                1.099E-07  1.312E-07  2.589E-07  1.057E-06  2.546E-07  5.268E-07
                4.990E-07  4.652E-08  1.029E-05  1.805E-07  9.387E-07  1.309E-08
                4.384E-06  2.250E-05  2.654E-07  5.466E-07  3.350E-06  1.384E-06
                3.062E-06  9.240E-08  1.794E-07  2.338E-07  2.372E-10  8.907E-07
                5.312E-07  5.337E-09  1.951E-08  2.816E-07  2.828E-06  3.443E-06
                1.780E-07  2.658E-08  1.212E-07  6.872E-07  7.090E-09  8.143E-07
                1.783E-06  4.558E-09  4.868E-06  1.036E-06  2.495E-07  3.404E-07
                3.836E-06  1.365E-07  5.363E-07  7.334E-08  6.989E-07  6.550E-07
                5.151E-07  9.172E-06  1.964E-07  3.392E-06  7.000E-09  4.413E-07
                3.776E-07  1.138E-07  1.456E-06  2.365E-07  1.330E-06  9.636E-10
                9.575E-08  3.831E-06  3.936E-06  1.150E-07  5.242E-07  3.095E-07
                3.125E-08  3.591E-07  6.962E-07  4.777E-07  2.171E-07  3.223E-08
                4.490E-06  5.394E-07  3.717E-07  1.827E-07  3.961E-07  3.432E-07
                8.922E-06  4.761E-06  3.501E-07  8.408E-07  1.384E-06  1.659E-06
                1.671E-06  2.008E-07  4.218E-08  3.985E-10  3.277E-08  9.331E-08
                6.742E-07  1.116E-06  1.433E-06  3.375E-06  5.247E-07  6.523E-08
                6.143E-09  1.483E-07  2.077E-07  1.507E-07  4.492E-06
1.28955263E+02  3.684E-03  3.872E-03  2.423E-06  2.397E-03  1.549E-03  4.724E-06
                3.445E-06  1.039E-02  8.474E-06  5.201E-06  3.044E-04  6.944E-06
                4.812E-03  5.365E-05  7.974E-05  4.863E-07  5.672E-07  1.923E-06
                1.217E-06  1.368E-06  4.165E-09  1.752E-06  7.895E-07  1.084E-08
                6.480E-08  4.132E-07  2.814E-06  5.114E-07  1.600E-06  2.543E-06
                2.016E-06  4.096E-07  5.679E-06  2.100E-06  1.345E-06  4.682E-07
                1.221E-09  8.608E-07  8.828E-10  5.341E-06  5.095E-07  2.453E-06
                8.472E-07  1.800E-07  2.092E-07  6.286E-08  1.893E-07  7.290E-08
                1.207E-05  3.044E-07  3.802E-07  6.894E-08  2.974E-08  2.478E-06
                2.086E-06  1.898E-06  4.915E-07  3.984E-06  1.160E-06  4.934E-06
                9.549E-08  2.546E-09  8.338E-09  2.003E-11  7.920E-07  1.138E-07
                1.208E-07  2.323E-10  1.242E-06  1.104E-07  2.555E-08  2.175E-06
                1.361E-06  2.855E-06  4.218E-06  2.991E-07  5.275E-07  1.207E-07
                1.954E-06  2.014E-06  5.909E-09  3.581E-08  2.534E-07  8.628E-07
                1.268E-05  2.461E-08  5.703E-11  1.784E-10  8.825E-11  7.192E-11
                5.825E-12  3.788E-07  2.131E-06  4.818E-08  1.573E-06  1.322E-06
                1.549E-07  6.910E-08  6.093E-06  2.152E-06  1.950E-07  2.663E-07
                7.562E-08  3.162E-09  1.254E-07  4.545E-07  3.175E-07  1.598E-08
                8.485E-08  5.971E-08  5.638E-09  4.437E-06  2.890E-08  1.564E-05
                7.812E-08  9.624E-08  1.782E-07  7.995E-07  1.920E-07  3.858E-07
                3.666E-07  3.777E-08  7.018E-06  1.453E-07  7.262E-07  8.405E-09
                3.113E-06  1.701E-05  1.974E-07  4.083E-07  2.504E-06  1.025E-06
                2.086E-06  5.362E-08  1.240E-07  1.753E-07  1.726E-10  6.540E-07
                3.911E-07  4.274E-09  1.554E-08  1.983E-07  2.158E-06  2.621E-06
                1.031E-07  1.673E-08  8.166E-08  5.222E-07  5.948E-09  5.817E-07
                1.279E-06  3.333E-09  3.693E-06  7.756E-07  1.598E-07  2.556E-07
                2.871E-06  9.063E-08  3.555E-07  5.634E-08  4.702E-07  4.947E-07
                3.796E-07  7.067E-06  1.421E-07  2.417E-06  5.639E-09  3.328E-07
                2.682E-07  6.887E-08  1.103E-06  1.799E-07  1.004E-06  1.062E-09
                5.526E-08  2.901E-06  2.970E-06  7.983E-08  3.944E-07  2.447E-07
                2.305E-08  2.314E-07  5.276E-07  3.194E-07  1.683E-07  2.224E-08
                3.494E-06  3.779E-07  2.684E-07  1.400E-07  3.128E-07  2.530E-07
                6.987E-06  3.749E-06  2.416E-07  5.695E-07  1.004E-06  1.190E-06
                1.156E-06  1.236E-07  3.262E-08  2.723E-10  1.829E-08  6.165E-08
                5.219E-07  8.807E-07  1.102E-06  2.595E-06  3.781E-07  4.653E-08
                4.323E-09  1.105E-07  1.635E-07  1.143E-07  3.507E-06
1.42563263E+02  2.687E-03  2.826E-03  1.715E-06  1.744E-03  1.131E-03  3.990E-06
                2.498E-06  8.099E-03  6.357E-06  3.850E-06  2.370E-04  4.801E-06
                3.749E-03  3.774E-05  5.627E-05  4.722E-07  3.860E-07  1.179E-06
                9.340E-07  8.016E-07  3.569E-09  1.221E-06  6.074E-07  1.177E-08
                6.102E-08  2.914E-07  1.985E-06  3.564E-07  1.032E-06  1.669E-06
                1.436E-06  2.860E-07  4.298E-06  1.430E-06  9.754E-07  3.046E-07
                7.955E-10  5.599E-07  5.524E-10  3.937E-06  3.757E-07  1.804E-06
                6.134E-07  1.167E-07  1.376E-07  6.082E-08  2.015E-07  5.537E-08
                9.062E-06  2.652E-07  2.526E-07  5.520E-08  2.366E-08  2.158E-06
                1.507E-06  1.392E-06  3.336E-07  2.662E-06  7.954E-07  4.257E-06
                9.026E-08  1.964E-09  5.409E-09  2.315E-11  5.459E-07  9.258E-08
                9.377E-08  1.887E-10  8.810E-07  7.741E-08  2.741E-08  1.478E-06
                1.045E-06  2.256E-06  3.004E-06  2.104E-07  3.810E-07  8.258E-08
                1.389E-06  1.419E-06  4.218E-09  2.542E-08  1.864E-07  5.997E-07
                9.733E-06  2.226E-08  4.364E-11  1.345E-10  6.102E-11  6.581E-11
                4.419E-12  2.713E-07  1.543E-06  3.034E-08  1.264E-06  1.072E-06
                1.117E-07  7.944E-08  4.680E-06  1.672E-06  1.490E-07  2.045E-07
                5.575E-08  2.411E-09  9.010E-08  3.420E-07  2.463E-07  1.192E-08
                7.992E-08  4.406E-08  4.658E-09  2.961E-06  2.098E-08  1.231E-05
                6.029E-08  6.665E-08  1.335E-07  6.416E-07  1.502E-07  2.733E-07
                2.611E-07  2.887E-08  5.325E-06  1.277E-07  5.189E-07  7.102E-09
                2.310E-06  1.353E-05  1.470E-07  2.943E-07  1.725E-06  7.009E-07
                1.567E-06  3.150E-08  7.939E-08  1.167E-07  1.065E-10  4.279E-07
                2.569E-07  3.651E-09  1.322E-08  1.506E-07  1.702E-06  2.064E-06
                6.193E-08  1.373E-08  6.005E-08  3.331E-07  4.669E-09  4.313E-07
                9.401E-07  1.926E-09  2.915E-06  6.076E-07  1.105E-07  2.008E-07
                2.281E-06  6.017E-08  2.544E-07  4.353E-08  3.075E-07  3.864E-07
                2.815E-07  5.667E-06  9.934E-08  1.676E-06  4.411E-09  2.248E-07
                1.747E-07  4.247E-08  7.932E-07  1.433E-07  7.958E-07  7.642E-10
                3.239E-08  2.290E-06  2.341E-06  5.179E-08  2.640E-07  2.001E-07
                1.569E-08  1.502E-07  3.662E-07  2.075E-07  1.195E-07  1.582E-08
                2.745E-06  2.662E-07  2.025E-07  1.024E-07  2.357E-07  1.916E-07
                5.468E-06  2.945E-06  1.731E-07  3.511E-07  6.311E-07  8.963E-07
                8.405E-07  7.663E-08  3.716E-08  2.766E-10  6.082E-09  4.341E-08
                4.192E-07  7.142E-07  8.763E-07  2.040E-06  2.652E-07  3.525E-08
                4.831E-09  8.287E-08  1.332E-07  8.677E-08  2.803E-06
1.56171263E+02  1.943E-03  2.050E-03  9.963E-07  1.272E-03  8.240E-04  2.323E-06
                1.667E-06  6.771E-03  3.880E-06  2.411E-06  2.009E-04  3.393E-06
                3.186E-03  3.009E-05  4.479E-05  4.580E-07  2.658E-07  8.899E-07
                7.048E-07  5.871E-07  2.582E-09  7.968E-07  4.497E-07  1.003E-08
                4.655E-08  3.031E-07  2.077E-06  2.482E-07  6.886E-07  1.111E-06
                9.767E-07  1.880E-07  2.893E-06  1.215E-06  6.658E-07  1.951E-07
                5.204E-10  3.688E-07  6.229E-10  2.686E-06  3.296E-07  1.238E-06
                4.068E-07  7.083E-08  8.827E-08  5.085E-08  1.702E-07  3.851E-08
                6.439E-06  2.240E-07  1.662E-07  3.688E-08  1.958E-08  1.823E-06
                1.025E-06  9.559E-07  2.189E-07  1.816E-06  5.358E-07  3.574E-06
                7.167E-08  1.457E-09  4.370E-09  2.656E-11  3.693E-07  7.250E-08
                6.904E-08  1.486E-10  6.268E-07  5.086E-08  2.214E-08  1.252E-06
                7.841E-07  1.721E-06  2.072E-06  1.480E-07  2.625E-07  5.515E-08
                9.470E-07  9.713E-07  4.264E-09  2.615E-08  1.314E-07  4.123E-07
                6.833E-06  1.094E-08  3.687E-11  1.150E-10  4.534E-11  4.839E-11
                3.305E-12  1.822E-07  1.032E-06  2.046E-08  1.036E-06  8.916E-07
                8.248E-08  5.134E-08  3.319E-06  1.164E-06  1.093E-07  1.499E-07
                4.203E-08  1.658E-09  6.826E-08  2.553E-07  1.881E-07  8.721E-09
                7.082E-08  3.231E-08  3.119E-09  2.301E-06  1.616E-08  9.687E-06
                4.527E-08  5.036E-08  9.359E-08  4.723E-07  1.109E-07  2.004E-07
                1.919E-07  2.315E-08  3.619E-06  1.069E-07  4.085E-07  3.848E-09
                1.693E-06  1.078E-05  1.095E-07  2.226E-07  1.332E-06  5.368E-07
                1.047E-06  1.906E-08  6.027E-08  9.495E-08  8.907E-11  3.505E-07
                2.103E-07  2.628E-09  9.420E-09  1.078E-07  1.340E-06  1.624E-06
                3.752E-08  9.630E-09  4.486E-08  2.830E-07  3.918E-09  3.192E-07
                6.988E-07  1.481E-09  2.275E-06  4.686E-07  7.527E-08  1.614E-07
                1.745E-06  4.303E-08  1.852E-07  3.180E-08  2.160E-07  2.981E-07
                2.049E-07  4.652E-06  7.227E-08  1.193E-06  3.401E-09  1.822E-07
                1.342E-07  2.701E-08  6.253E-07  1.120E-07  6.176E-07  8.202E-10
                1.917E-08  1.784E-06  1.817E-06  3.816E-08  2.116E-07  1.535E-07
                1.288E-08  1.023E-07  2.851E-07  1.486E-07  9.341E-08  1.193E-08
                2.252E-06  1.984E-07  1.448E-07  8.241E-08  1.963E-07  1.405E-07
                4.508E-06  2.430E-06  1.279E-07  2.681E-07  5.233E-07  6.705E-07
                6.070E-07  4.950E-08  2.509E-08  1.384E-10  5.271E-09  2.971E-08
                3.332E-07  5.787E-07  6.942E-07  1.624E-06  2.008E-07  2.564E-08
                3.027E-09  6.495E-08  1.074E-07  6.416E-08  2.258E-06
1.69779263E+02  1.459E-03  1.529E-03  1.694E-06  9.494E-04  6.126E-04  2.159E-06
                1.284E-06  5.259E-03  3.140E-06  1.906E-06  1.572E-04  2.402E-06
                2.498E-03  2.056E-05  3.084E-05  4.491E-07  1.934E-07  5.862E-07
                5.921E-07  3.595E-07  2.158E-09  5.948E-07  3.798E-07  1.616E-08
                5.557E-08  1.625E-07  1.111E-06  1.844E-07  4.572E-07  7.309E-07
                7.612E-07  1.408E-07  2.430E-06  7.227E-07  5.153E-07  1.279E-07
                3.483E-10  2.577E-07  2.875E-10  2.100E-06  2.199E-07  9.623E-07
                3.124E-07  5.075E-08  6.280E-08  4.695E-08  1.678E-07  3.253E-08
                5.067E-06  1.994E-07  1.200E-07  3.312E-08  2.048E-08  1.620E-06
                7.795E-07  7.391E-07  1.563E-07  1.293E-06  3.848E-07  3.135E-06
                7.114E-08  1.189E-09  2.886E-09  2.573E-11  2.591E-07  6.239E-08
                5.339E-08  1.066E-10  4.718E-07  3.780E-08  2.616E-08  8.544E-07
                6.301E-07  1.330E-06  1.576E-06  1.069E-07  2.016E-07  3.827E-08
                7.218E-07  7.303E-07  2.593E-09  1.573E-08  1.026E-07  2.999E-07
                5.516E-06  1.576E-08  2.680E-11  8.227E-11  3.262E-11  4.817E-11
                2.456E-12  1.399E-07  8.058E-07  1.332E-08  8.098E-07  6.976E-07
                6.403E-08  7.370E-08  2.654E-06  9.487E-07  8.611E-08  1.191E-07
                3.258E-08  1.442E-09  5.294E-08  2.043E-07  1.546E-07  6.975E-09
                7.038E-08  2.573E-08  2.715E-09  1.592E-06  1.150E-08  7.485E-06
                3.480E-08  3.504E-08  7.631E-08  3.920E-07  8.841E-08  1.458E-07
                1.430E-07  1.753E-08  2.939E-06  9.818E-08  2.983E-07  4.613E-09
                1.296E-06  8.415E-06  8.335E-08  1.561E-07  9.459E-07  3.769E-07
                8.497E-07  1.123E-08  3.781E-08  6.100E-08  5.302E-11  2.232E-07
                1.345E-07  2.157E-09  7.661E-09  8.870E-08  1.058E-06  1.282E-06
                2.260E-08  7.733E-09  3.130E-08  2.110E-07  2.436E-09  2.428E-07
                5.275E-07  9.288E-10  1.804E-06  3.704E-07  5.342E-08  1.256E-07
                1.403E-06  2.893E-08  1.310E-07  2.774E-08  1.487E-07  2.251E-07
                1.622E-07  3.705E-06  5.463E-08  8.902E-07  2.609E-09  1.190E-07
                8.600E-08  1.699E-08  4.716E-07  8.985E-08  4.928E-07  4.879E-10
                1.087E-08  1.417E-06  1.445E-06  2.483E-08  1.399E-07  1.257E-07
                9.326E-09  6.802E-08  2.214E-07  9.797E-08  7.264E-08  8.451E-09
                1.729E-06  1.416E-07  1.169E-07  6.464E-08  1.578E-07  1.090E-07
                3.417E-06  1.846E-06  9.469E-08  1.693E-07  3.471E-07  5.183E-07
                4.578E-07  3.124E-08  3.601E-08  1.955E-10  1.467E-09  2.209E-08
                2.660E-07  4.630E-07  5.429E-07  1.269E-06  1.396E-07  2.281E-08
                3.921E-09  4.883E-08  8.648E-08  5.130E-08  1.778E-06
1.83387263E+02  1.172E-03  1.242E-03  7.196E-07  7.674E-04  5.011E-04  1.544E-06
                9.024E-07  4.636E-03  2.165E-06  1.334E-06  1.369E-04  1.820E-06
                2.171E-03  1.806E-05  2.691E-05  4.129E-07  1.367E-07  5.263E-07
                4.539E-07  3.076E-07  1.799E-09  3.807E-07  2.519E-07  1.201E-08
                4.053E-08  2.433E-07  1.669E-06  1.197E-07  2.988E-07  5.101E-07
                5.204E-07  9.166E-08  1.651E-06  8.085E-07  3.497E-07  8.002E-08
                2.246E-10  1.683E-07  4.898E-10  1.593E-06  2.389E-07  7.063E-07
                2.324E-07  3.351E-08  4.348E-08  3.980E-08  1.437E-07  2.515E-08
                3.772E-06  1.697E-07  7.760E-08  2.152E-08  2.017E-08  1.384E-06
                5.702E-07  5.554E-07  1.087E-07  8.794E-07  2.878E-07  2.702E-06
                5.568E-08  8.476E-10  2.187E-09  2.580E-11  2.079E-07  4.908E-08
                3.959E-08  1.016E-10  3.322E-07  2.754E-08  1.656E-08  6.847E-07
                4.602E-07  1.129E-06  1.101E-06  8.774E-08  1.427E-07  3.023E-08
                4.324E-07  4.404E-07  3.066E-09  1.897E-08  7.280E-08  2.190E-07
                3.943E-06  5.382E-09  2.639E-11  8.193E-11  2.450E-11  3.094E-11
                1.830E-12  8.193E-08  4.696E-07  8.939E-09  7.010E-07  6.134E-07
                4.833E-08  3.814E-08  1.938E-06  6.742E-07  6.158E-08  8.529E-08
                2.327E-08  8.711E-10  3.811E-08  1.442E-07  1.131E-07  4.580E-09
                5.939E-08  1.669E-08  2.041E-09  1.099E-06  9.276E-09  6.632E-06
                2.988E-08  2.545E-08  5.654E-08  2.881E-07  6.454E-08  1.003E-07
                9.866E-08  1.393E-08  1.927E-06  8.550E-08  2.149E-07  2.135E-09
                9.979E-07  7.523E-06  6.098E-08  1.186E-07  6.620E-07  2.623E-07
                5.143E-07  7.155E-09  3.043E-08  5.157E-08  3.861E-11  1.920E-07
                1.152E-07  1.551E-09  5.462E-09  6.533E-08  8.661E-07  1.049E-06
                1.483E-08  7.044E-09  2.924E-08  1.538E-07  2.309E-09  1.902E-07
                4.111E-07  6.548E-10  1.452E-06  2.956E-07  4.128E-08  1.109E-07
                1.108E-06  2.287E-08  1.149E-07  1.750E-08  1.064E-07  1.890E-07
                1.127E-07  3.371E-06  3.420E-08  5.470E-07  1.948E-09  9.974E-08
                6.813E-08  1.139E-08  3.297E-07  7.281E-08  3.973E-07  5.550E-10
                6.585E-09  1.145E-06  1.161E-06  1.877E-08  1.130E-07  9.870E-08
                7.061E-09  4.980E-08  1.534E-07  7.391E-08  5.048E-08  6.924E-09
                1.557E-06  1.134E-07  8.031E-08  4.415E-08  1.122E-07  7.746E-08
                3.090E-06  1.664E-06  7.463E-08  1.298E-07  2.667E-07  4.029E-07
                3.445E-07  2.145E-08  2.193E-08  1.022E-10  1.542E-09  1.651E-08
                2.183E-07  3.877E-07  4.493E-07  1.042E-06  1.064E-07  1.648E-08
                2.747E-09  4.021E-08  7.181E-08  3.487E-08  1.486E-06
1.96995263E+02  8.042E-04  8.480E-04  2.190E-06  5.313E-04  3.427E-04  7.681E-07
                6.036E-07  3.785E-03  1.218E-06  7.830E-07  1.164E-04  1.274E-06
                1.858E-03  1.305E-05  1.955E-05  4.129E-07  1.020E-07  3.331E-07
                4.096E-07  1.897E-07  1.252E-09  2.953E-07  2.413E-07  1.689E-08
                4.528E-08  1.029E-07  7.018E-07  1.024E-07  2.292E-07  3.230E-07
                4.097E-07  7.116E-08  1.284E-06  4.035E-07  2.641E-07  5.242E-08
                1.547E-10  1.346E-07  1.894E-10  1.073E-06  1.336E-07  4.845E-07
                1.522E-07  2.009E-08  2.815E-08  3.560E-08  1.412E-07  1.854E-08
                2.686E-06  1.565E-07  5.738E-08  1.694E-08  2.081E-08  1.271E-06
                3.874E-07  3.734E-07  7.067E-08  6.414E-07  1.808E-07  2.436E-06
                5.913E-08  6.897E-10  1.843E-09  2.374E-11  1.201E-07  4.093E-08
                2.863E-08  6.700E-11  2.502E-07  1.731E-08  2.339E-08  5.823E-07
                3.840E-07  7.830E-07  8.014E-07  5.814E-08  1.037E-07  1.725E-08
                3.973E-07  4.041E-07  1.984E-09  1.221E-08  5.432E-08  1.489E-07
                2.919E-06  8.691E-09  1.766E-11  5.526E-11  1.847E-11  3.098E-11
                1.339E-12  7.578E-08  4.337E-07  6.216E-09  5.248E-07  4.602E-07
                3.867E-08  5.013E-08  1.411E-06  4.978E-07  4.840E-08  6.719E-08
                1.942E-08  9.612E-10  3.252E-08  1.221E-07  9.547E-08  4.567E-09
                6.333E-08  1.684E-08  1.569E-09  1.013E-06  6.633E-09  4.557E-06
                2.041E-08  2.109E-08  4.595E-08  2.307E-07  4.978E-08  8.185E-08
                8.270E-08  1.082E-08  1.547E-06  7.396E-08  1.941E-07  2.297E-09
                7.103E-07  5.227E-06  4.909E-08  8.954E-08  6.041E-07  2.377E-07
                4.571E-07  4.217E-09  2.012E-08  3.504E-08  2.953E-11  1.304E-07
                7.858E-08  1.127E-09  3.929E-09  5.364E-08  6.542E-07  7.939E-07
                8.815E-09  4.400E-09  1.817E-08  1.392E-07  1.424E-09  1.348E-07
                2.933E-07  4.617E-10  1.099E-06  2.212E-07  2.715E-08  8.642E-08
                8.513E-07  1.555E-08  7.541E-08  1.619E-08  7.783E-08  1.315E-07
                9.319E-08  2.431E-06  3.329E-08  5.126E-07  1.503E-09  6.826E-08
                4.668E-08  7.221E-09  3.216E-07  5.493E-08  2.981E-07  3.536E-10
                3.515E-09  8.615E-07  8.762E-07  1.257E-08  7.905E-08  7.569E-08
                6.635E-09  3.385E-08  1.331E-07  5.230E-08  4.312E-08  5.200E-09
                1.111E-06  8.292E-08  6.879E-08  4.651E-08  1.184E-07  6.369E-08
                2.189E-06  1.182E-06  5.407E-08  9.538E-08  2.174E-07  2.961E-07
                2.464E-07  1.322E-08  2.109E-08  8.505E-11  1.204E-09  1.086E-08
                1.715E-07  3.057E-07  3.436E-07  8.076E-07  7.567E-08  1.300E-08
                1.823E-09  2.989E-08  5.702E-08  2.868E-08  1.152E-06
