          16           7
         215          13           1           1
           0          -4           0          -4           0          -6           0          -2           0          -4           0           6           0           4           0           2           0           4           0           6           0           2           0           4           0           2           0          -4           0          -2           0           2           0           4           0           6           0           2           0           4           0           6           0           4           0          -2           0          -2           0          -4           0          -6           0          -8           0          -2           0          -4           0          -6           0          -4           0           2           0          -4           0          -6           0          -2           0          -4           0          -6           0          -6           0          -8           0          -4           0          -6           0          -2           0          -4           0           4           0           6           0           8           0          10           0           4           0          -4           0           2           0           6           0           4           0           8           0           2           0          -4           0          -2           0           6           0           6           0           4           0           2           0           8           0           4           0           6           0           8           0           4           0           6           0           8           0          10           0           4           0           6           0           8           0           6           0           4           0           2           0           6           0           2           0           4           0           2           0          -4           0          -2           0          -6           0          -8           0           6           0           4           0          -4           0          -6           0          -2           0          -4           0          -6           0          -8           0         -10           0          -2           0          -4           0          -6           0          -4           0          -2           0          -6           0          -8           0          -2           0          -4           0           2           0           4           0           6           0           8           0           4           0           4           0           6           0           8           0           2           0          10           0           8           0           6           0           4           0           2           0           6           0           6           0           4           0           4           0           2           0           4           0           6           0           8           0          -4           0           2           0           4           0          -6           0          -4           0           2           0           4           0           6           0           4           0           6           0          -2           0          -4           0          -6           0          -8           0         -10           0          -6           0          -8           0         -10           0         -12           0           2           0          -2           0          -4           0          -6           0          -8           0          -2           0          -8           0         -10           0          -4           0          -2           0          -6           0          -4           0          -2           0          -4           0          -2           0          -4           0          -6           0          -4           0          -8           0          -6           0           2           0           4           0           2           0           4           0           6           0         -10           0          -8           0          -6           0          -4           0           6           0          -2           0          -4           0           8           0          -6           0          -2           0          -4           0          -6           0          -8           0           4           0           6           0          -4           0          -6           0          -6           0          -8           0          -2           0           2           0          -4           0           4           0           6           0           4           0           4           0           2           0           2           0          -4           0          -6           0          -8           0          -2           0          -4           0          -6           0          -8           0         -10           0          -8           0          -6           0          -4           0          -2           0          -2           0          -4           0          -6           0          -6           0          -8           0          -4           0          -2           0          -6           0          -4
    0.000000E+00    9.645106E-03    9.843162E-03    1.435602E-02    1.458263E-02
    4.247197E-02    4.320385E-02    4.360158E-02    5.944295E-02    5.948713E-02
    6.922989E-02    7.316769E-02    7.411300E-02    1.134727E-01    1.147319E-01
    2.354040E-01    2.358931E-01    2.366026E-01    2.382857E-01    2.391328E-01
    2.438023E-01    2.438287E-01    2.461520E-01    2.471700E-01    2.474363E-01
    2.479076E-01    2.485433E-01    2.486026E-01    2.487216E-01    2.491410E-01
    2.502551E-01    2.507374E-01    2.510783E-01    2.511300E-01    2.524691E-01
    2.524772E-01    2.554279E-01    2.561102E-01    2.563381E-01    2.591442E-01
    2.591854E-01    2.609226E-01    2.615363E-01    2.619649E-01    2.622131E-01
    2.625883E-01    2.631076E-01    2.632646E-01    2.633261E-01    2.634365E-01
    2.637297E-01    2.638533E-01    2.640096E-01    2.643758E-01    2.644930E-01
    2.645338E-01    2.648466E-01    2.652759E-01    2.655531E-01    2.656939E-01
    2.657640E-01    2.676748E-01    2.677713E-01    2.679166E-01    2.688115E-01
    2.690337E-01    2.711118E-01    2.712141E-01    2.720014E-01    2.721113E-01
    2.724223E-01    2.724984E-01    2.725578E-01    2.726085E-01    2.727219E-01
    2.737570E-01    2.740430E-01    2.746587E-01    2.763855E-01    2.763956E-01
    2.763957E-01    2.764682E-01    2.789238E-01    2.791446E-01    2.808157E-01
    2.808428E-01    2.816082E-01    2.816156E-01    2.816277E-01    2.816445E-01
    2.816660E-01    2.832213E-01    2.832636E-01    2.833497E-01    2.872720E-01
    2.872722E-01    2.872783E-01    2.873017E-01    2.873787E-01    2.874354E-01
    2.875828E-01    2.876419E-01    2.877951E-01    2.879672E-01    2.884374E-01
    2.885530E-01    2.886000E-01    2.886971E-01    2.887362E-01    2.888178E-01
    2.901974E-01    2.902310E-01    2.934227E-01    2.936053E-01    2.936679E-01
    2.948139E-01    2.948751E-01    2.949134E-01    2.954910E-01    2.955387E-01
    2.955818E-01    2.956302E-01    2.974080E-01    2.974265E-01    2.978254E-01
    2.979930E-01    2.980044E-01    2.981863E-01    2.981951E-01    2.982014E-01
    2.986863E-01    2.989406E-01    2.997979E-01    3.013547E-01    3.014398E-01
    3.015665E-01    3.017420E-01    3.025165E-01    3.025355E-01    3.025686E-01
    3.026262E-01    3.032771E-01    3.036433E-01    3.036673E-01    3.036996E-01
    3.037196E-01    3.041292E-01    3.046134E-01    3.046301E-01    3.048276E-01
    3.048611E-01    3.049614E-01    3.051740E-01    3.052844E-01    3.060373E-01
    3.062721E-01    3.065126E-01    3.067251E-01    3.072820E-01    3.083217E-01
    3.083847E-01    3.085481E-01    3.086063E-01    3.093086E-01    3.093690E-01
    3.093750E-01    3.093804E-01    3.094500E-01    3.095030E-01    3.095365E-01
    3.096086E-01    3.096683E-01    3.098305E-01    3.098337E-01    3.100372E-01
    3.110986E-01    3.111053E-01    3.111248E-01    3.111449E-01    3.124031E-01
    3.124222E-01    3.126400E-01    3.132139E-01    3.132929E-01    3.134326E-01
    3.163175E-01    3.165548E-01    3.167011E-01    3.167161E-01    3.173537E-01
    3.174815E-01    3.194473E-01    3.198310E-01    3.206567E-01    3.235572E-01
    3.235827E-01    3.236877E-01    3.236885E-01    3.238034E-01    3.239013E-01
    3.239634E-01    3.240075E-01    3.245628E-01    3.245933E-01    3.263728E-01
    3.264517E-01    3.271738E-01    3.284075E-01    3.287843E-01    3.314323E-01
    3.314556E-01    3.324856E-01    3.325179E-01    3.327131E-01    3.333147E-01
           0           0           0           1
  -27.915863041215566               13
2.96168630E+01  2.865E-01  2.948E-01  2.927E-04  1.793E-01  1.173E-01
4.32248630E+01  1.035E-01  1.099E-01  8.397E-05  6.733E-02  4.422E-02  1.319E-04
                9.533E-05  8.827E-02  3.591E-04  2.461E-04  2.195E-03  2.172E-04
                3.378E-02  1.048E-03  1.564E-03
5.68328630E+01  4.705E-02  4.968E-02  3.422E-05  3.050E-02  1.991E-02  6.726E-05
                4.717E-05  5.482E-02  1.421E-04  8.139E-05  1.473E-03  9.943E-05
                2.265E-02  5.609E-04  8.290E-04  2.319E-06  5.443E-06  3.712E-05
                8.705E-06  2.415E-05  2.718E-08  1.406E-05  1.327E-05  7.972E-07
                2.864E-06  2.582E-06  1.360E-05  7.432E-06  2.119E-05  3.290E-05
                3.796E-05  3.199E-06  1.541E-04  2.108E-05  2.199E-05  5.095E-06
                1.433E-08  2.026E-05  3.756E-09  1.124E-04  4.200E-06  4.895E-05
                2.189E-05  7.124E-06  6.511E-06  2.412E-07  6.633E-07  2.007E-06
                1.394E-04  1.569E-06  4.283E-06  1.401E-06  1.210E-06  1.471E-05
                3.720E-05  3.926E-05  1.071E-05  7.167E-05  4.994E-05  4.152E-05
                5.108E-07  1.841E-08  6.306E-08  3.994E-10  3.815E-05  9.684E-07
                3.206E-08  5.636E-10  1.455E-05  2.622E-06  1.980E-07  1.305E-05
                7.059E-06  1.263E-05  5.433E-05  1.415E-05  8.316E-06  5.689E-06
                1.482E-05  1.454E-05  1.361E-07  5.974E-07  2.129E-06  2.318E-05
                1.152E-04  2.332E-07  3.801E-10  1.277E-09  3.952E-10  2.135E-10
                8.727E-12  2.388E-06  1.454E-05  6.282E-07  5.458E-06  4.297E-06
                1.019E-06  1.952E-06  5.265E-05  1.963E-05  1.358E-06  1.520E-06
                6.703E-07  4.586E-08  1.176E-06  4.251E-06  2.741E-06  7.327E-08
                5.124E-06  2.881E-07  5.281E-08  3.391E-05  1.831E-07  1.295E-04
                5.649E-07  9.854E-07  1.625E-06  3.604E-06  1.027E-06  2.455E-06
                2.193E-06  1.079E-07  6.386E-05  2.228E-06  4.723E-06  1.499E-07
                2.309E-05  1.245E-04  2.107E-06  3.758E-06  1.722E-05  7.208E-06
                1.628E-05  2.527E-06  3.060E-06  2.660E-06  1.613E-09  1.267E-05
                7.420E-06  3.299E-09  6.616E-09  2.034E-06  1.627E-05  2.021E-05
                4.106E-06  2.912E-07  1.375E-06  2.490E-05  3.973E-09  4.063E-06
                9.007E-06  1.949E-07  2.969E-05  6.948E-06  3.891E-06  1.982E-06
                1.889E-05  1.595E-06  7.337E-06  1.240E-06  6.974E-06  2.229E-06
                3.083E-06  6.574E-05  1.331E-06  2.144E-05  8.034E-10  4.563E-06
                5.515E-06  2.832E-06  8.702E-06  1.489E-06  8.699E-06  1.538E-08
                3.117E-06  2.242E-05  2.354E-05  1.318E-06  5.736E-06  1.493E-06
                4.559E-07  4.314E-06  1.383E-05  5.516E-06  4.533E-06  3.528E-07
                1.992E-05  4.121E-06  2.094E-06  1.289E-06  3.479E-06  2.663E-06
                3.503E-05  1.710E-05  5.573E-06  1.461E-05  3.344E-05  1.690E-05
                1.829E-05  4.396E-06  3.938E-06  2.207E-10  1.609E-06  8.014E-07
                1.499E-06  2.549E-06  3.492E-06  1.887E-05  5.929E-06  1.130E-06
                2.599E-07  7.117E-07  6.495E-07  1.489E-06  1.644E-05
7.04408630E+01  2.509E-02  2.637E-02  1.609E-05  1.619E-02  1.055E-02  3.561E-05
                2.510E-05  3.679E-02  7.322E-05  4.290E-05  1.014E-03  5.286E-05
                1.575E-02  3.129E-04  4.624E-04  1.088E-06  3.504E-06  1.870E-05
                5.891E-06  1.306E-05  1.261E-08  1.021E-05  5.225E-06  3.317E-07
                1.056E-06  1.223E-06  7.255E-06  3.581E-06  1.199E-05  1.848E-05
                1.794E-05  2.407E-06  6.177E-05  1.133E-05  1.061E-05  3.131E-06
                8.647E-09  9.116E-06  2.704E-09  5.173E-05  2.197E-06  2.241E-05
                9.531E-06  2.813E-06  2.730E-06  1.442E-07  3.899E-07  8.117E-07
                7.713E-05  6.646E-07  2.610E-06  5.138E-07  4.644E-07  5.680E-06
                1.796E-05  1.795E-05  4.805E-06  3.519E-05  1.592E-05  1.419E-05
                2.569E-07  1.074E-08  4.088E-08  7.580E-11  1.194E-05  5.262E-07
                1.645E-07  5.442E-10  8.111E-06  1.112E-06  6.347E-08  7.973E-06
                4.375E-06  1.022E-05  2.970E-05  4.253E-06  3.893E-06  1.822E-06
                9.703E-06  9.855E-06  3.920E-08  2.056E-07  1.396E-06  8.840E-06
                6.952E-05  1.355E-07  2.177E-10  6.909E-10  3.726E-10  1.568E-10
                1.195E-11  1.725E-06  9.973E-06  3.631E-07  4.412E-06  3.409E-06
                7.667E-07  5.067E-07  3.240E-05  1.168E-05  7.331E-07  9.242E-07
                2.840E-07  2.238E-08  6.061E-07  1.897E-06  1.208E-06  6.168E-08
                7.773E-07  2.410E-07  3.823E-08  1.969E-05  1.320E-07  7.413E-05
                3.937E-07  4.552E-07  9.919E-07  2.279E-06  6.027E-07  1.470E-06
                1.336E-06  9.970E-08  3.839E-05  7.988E-07  2.548E-06  6.295E-08
                1.622E-05  7.417E-05  8.598E-07  1.669E-06  1.031E-05  4.295E-06
                1.050E-05  9.000E-07  1.299E-06  1.357E-06  1.304E-09  6.293E-06
                3.695E-06  4.392E-09  1.283E-08  1.078E-06  8.926E-06  1.106E-05
                1.572E-06  1.326E-07  6.634E-07  8.883E-06  6.681E-09  2.975E-06
                6.530E-06  5.055E-08  1.608E-05  3.631E-06  1.631E-06  1.201E-06
                1.144E-05  7.756E-07  3.264E-06  4.256E-07  3.706E-06  1.479E-06
                1.634E-06  3.473E-05  6.719E-07  1.183E-05  6.259E-09  2.369E-06
                2.443E-06  1.004E-06  4.826E-06  7.806E-07  4.469E-06  6.488E-09
                1.002E-06  1.229E-05  1.284E-05  6.549E-07  2.817E-06  7.132E-07
                2.050E-07  2.111E-06  5.225E-06  2.726E-06  1.594E-06  1.621E-07
                1.314E-05  2.353E-06  1.148E-06  6.821E-07  1.603E-06  1.061E-06
                2.434E-05  1.231E-05  2.129E-06  6.784E-06  1.392E-05  7.512E-06
                8.351E-06  1.649E-06  9.414E-07  2.171E-10  6.207E-07  4.547E-07
                1.563E-06  2.526E-06  3.414E-06  1.023E-05  2.838E-06  4.271E-07
                5.810E-08  4.951E-07  4.660E-07  6.186E-07  1.148E-05
8.40488630E+01  1.462E-02  1.533E-02  9.614E-06  9.429E-03  6.120E-03  2.060E-05
                1.470E-05  2.590E-02  4.084E-05  2.422E-05  7.286E-04  3.030E-05
                1.140E-02  1.898E-04  2.808E-04  7.377E-07  2.316E-06  1.048E-05
                3.996E-06  7.523E-06  9.866E-09  6.981E-06  2.727E-06  1.497E-07
                4.565E-07  7.936E-07  5.049E-06  2.051E-06  7.245E-06  1.117E-05
                9.594E-06  1.635E-06  2.957E-05  6.914E-06  5.821E-06  1.993E-06
                5.386E-09  4.737E-06  1.966E-09  2.677E-05  1.343E-06  1.169E-05
                4.704E-06  1.302E-06  1.330E-06  1.004E-07  2.528E-07  3.951E-07
                4.577E-05  5.177E-07  1.683E-06  2.667E-07  2.361E-07  4.265E-06
                9.725E-06  9.308E-06  2.525E-06  1.952E-05  7.017E-06  9.362E-06
                1.912E-07  7.245E-09  2.753E-08  2.373E-11  5.056E-06  3.405E-07
                2.199E-07  5.148E-10  4.869E-06  5.719E-07  3.239E-08  5.659E-06
                3.346E-06  7.577E-06  1.752E-05  1.791E-06  2.197E-06  7.784E-07
                6.559E-06  6.747E-06  1.562E-08  9.232E-08  8.963E-07  4.355E-06
                4.366E-05  8.860E-08  1.498E-10  4.756E-10  2.845E-10  1.181E-10
                1.129E-11  1.228E-06  6.951E-06  2.188E-07  3.403E-06  2.682E-06
                5.340E-07  1.798E-07  2.059E-05  7.329E-06  5.024E-07  6.703E-07
                1.949E-07  1.236E-08  3.840E-07  1.233E-06  8.000E-07  4.464E-08
                2.119E-07  1.717E-07  2.077E-08  1.323E-05  8.653E-08  4.671E-05
                2.544E-07  2.834E-07  6.528E-07  1.803E-06  4.463E-07  1.059E-06
                1.003E-06  8.085E-08  2.427E-05  4.039E-07  1.790E-06  3.363E-08
                1.065E-05  4.799E-05  5.400E-07  1.084E-06  7.104E-06  2.960E-06
                6.919E-06  3.967E-07  6.258E-07  7.068E-07  6.841E-10  3.079E-06
                1.815E-06  5.832E-09  2.051E-08  6.799E-07  5.791E-06  7.129E-06
                7.260E-07  7.355E-08  3.513E-07  3.468E-06  8.001E-09  1.974E-06
                4.335E-06  2.028E-08  1.017E-05  2.241E-06  8.153E-07  7.564E-07
                7.712E-06  4.290E-07  1.671E-06  1.928E-07  2.128E-06  1.162E-06
                1.087E-06  2.073E-05  4.367E-07  7.698E-06  7.582E-09  1.251E-06
                1.212E-06  4.479E-07  3.114E-06  4.923E-07  2.798E-06  2.211E-09
                4.186E-07  7.954E-06  8.250E-06  3.498E-07  1.484E-06  5.050E-07
                9.903E-08  1.160E-06  2.337E-06  1.504E-06  6.922E-07  8.928E-08
                9.089E-06  1.435E-06  7.774E-07  4.093E-07  8.909E-07  6.710E-07
                1.743E-05  9.035E-06  1.060E-06  3.243E-06  5.912E-06  4.184E-06
                4.572E-06  7.689E-07  2.570E-07  4.593E-10  2.553E-07  2.765E-07
                1.218E-06  1.959E-06  2.624E-06  6.706E-06  1.462E-06  2.069E-07
                1.977E-08  3.330E-07  3.579E-07  3.326E-07  8.282E-06
9.76568630E+01  9.149E-03  9.603E-03  5.055E-06  5.914E-03  3.837E-03  1.233E-05
                8.912E-06  1.909E-02  2.402E-05  1.451E-05  5.440E-04  1.847E-05
                8.542E-03  1.244E-04  1.841E-04  5.891E-07  1.474E-06  5.971E-06
                2.673E-06  4.313E-06  8.272E-09  4.529E-06  1.658E-06  6.574E-08
                2.164E-07  6.089E-07  4.020E-06  1.261E-06  4.438E-06  6.937E-06
                5.573E-06  1.057E-06  1.615E-05  4.527E-06  3.503E-06  1.267E-06
                3.353E-09  2.658E-06  1.398E-09  1.531E-05  9.227E-07  6.783E-06
                2.597E-06  6.631E-07  7.042E-07  8.593E-08  2.325E-07  2.133E-07
                2.912E-05  4.506E-07  1.042E-06  1.621E-07  1.276E-07  3.689E-06
                5.748E-06  5.361E-06  1.443E-06  1.121E-05  3.624E-06  7.671E-06
                1.592E-07  5.018E-09  1.789E-08  1.315E-11  2.555E-06  2.305E-07
                2.072E-07  4.496E-10  3.023E-06  3.245E-07  2.702E-08  3.995E-06
                2.527E-06  5.677E-06  1.072E-05  9.176E-07  1.323E-06  3.936E-07
                4.442E-06  4.579E-06  9.395E-09  5.719E-08  5.858E-07  2.434E-06
                2.906E-05  5.589E-08  1.060E-10  3.339E-10  1.969E-10  1.023E-10
                9.726E-12  8.506E-07  4.795E-06  1.317E-07  2.627E-06  2.112E-06
                3.568E-07  9.979E-08  1.382E-05  4.909E-06  3.722E-07  5.049E-07
                1.442E-07  7.580E-09  2.595E-07  8.805E-07  5.842E-07  3.217E-08
                1.289E-07  1.212E-07  1.351E-08  9.028E-06  6.078E-08  3.234E-05
                1.687E-07  1.977E-07  4.334E-07  1.435E-06  3.494E-07  7.801E-07
                7.416E-07  6.343E-08  1.635E-05  2.677E-07  1.324E-06  2.041E-08
                7.063E-06  3.390E-05  3.871E-07  8.015E-07  4.973E-06  2.074E-06
                4.753E-06  1.990E-07  3.384E-07  4.055E-07  4.002E-10  1.649E-06
                9.767E-07  6.308E-09  2.307E-08  4.520E-07  4.072E-06  4.985E-06
                3.789E-07  4.591E-08  2.098E-07  1.491E-06  8.858E-09  1.307E-06
                2.875E-06  8.642E-09  7.044E-06  1.527E-06  4.647E-07  5.162E-07
                5.543E-06  2.510E-07  9.689E-07  1.116E-07  1.258E-06  9.162E-07
                7.604E-07  1.409E-05  2.967E-07  5.177E-06  8.110E-09  7.380E-07
                6.788E-07  2.332E-07  2.117E-06  3.406E-07  1.933E-06  1.222E-09
                2.082E-07  5.553E-06  5.732E-06  2.037E-07  8.755E-07  4.082E-07
                5.512E-08  6.744E-07  1.210E-06  8.765E-07  3.621E-07  5.489E-08
                6.629E-06  9.060E-07  5.500E-07  2.661E-07  5.644E-07  4.923E-07
                1.297E-05  6.831E-06  6.134E-07  1.669E-06  2.786E-06  2.657E-06
                2.808E-06  4.063E-07  8.214E-08  4.345E-10  1.036E-07  1.691E-07
                9.303E-07  1.512E-06  2.000E-06  4.839E-06  8.783E-07  1.135E-07
                9.986E-09  2.274E-07  2.808E-07  2.190E-07  6.239E-06
1.11264863E+02  6.022E-03  6.319E-03  3.923E-06  3.892E-03  2.523E-03  8.654E-06
                5.921E-06  1.425E-02  1.562E-05  9.426E-06  4.105E-04  1.185E-05
                6.466E-03  8.184E-05  1.216E-04  5.161E-07  9.677E-07  3.411E-06
                1.894E-06  2.485E-06  5.495E-09  3.054E-06  1.220E-06  2.685E-08
                1.197E-07  4.601E-07  3.084E-06  8.595E-07  2.863E-06  4.479E-06
                3.542E-06  7.126E-07  1.007E-05  3.061E-06  2.288E-06  8.338E-07
                2.167E-09  1.602E-06  9.971E-10  9.479E-06  6.773E-07  4.247E-06
                1.558E-06  3.667E-07  4.031E-07  7.138E-08  2.004E-07  1.314E-07
                1.954E-05  3.791E-07  6.745E-07  1.137E-07  6.445E-08  3.092E-06
                3.632E-06  3.320E-06  8.827E-07  6.992E-06  2.129E-06  6.267E-06
                1.257E-07  3.788E-09  1.282E-08  1.303E-11  1.475E-06  1.656E-07
                1.672E-07  3.070E-10  2.021E-06  1.985E-07  3.228E-08  3.102E-06
                1.975E-06  4.170E-06  7.071E-06  5.382E-07  8.969E-07  2.262E-07
                3.206E-06  3.305E-06  7.161E-09  4.332E-08  4.073E-07  1.516E-06
                2.013E-05  4.612E-08  7.866E-11  2.462E-10  1.382E-10  9.387E-11
                8.171E-12  6.228E-07  3.503E-06  8.528E-08  2.096E-06  1.722E-06
                2.435E-07  9.089E-08  9.572E-06  3.416E-06  2.864E-07  3.894E-07
                1.111E-07  5.535E-09  1.860E-07  6.747E-07  4.540E-07  2.552E-08
                1.038E-07  9.582E-08  1.078E-08  6.829E-06  4.302E-08  2.269E-05
                1.230E-07  1.483E-07  2.915E-07  1.140E-06  2.748E-07  5.867E-07
                5.558E-07  5.017E-08  1.136E-05  1.912E-07  1.053E-06  1.482E-08
                4.847E-06  2.416E-05  2.922E-07  5.981E-07  3.822E-06  1.577E-06
                3.395E-06  1.099E-07  2.085E-07  2.679E-07  2.870E-10  1.033E-06
                6.155E-07  5.311E-09  1.932E-08  3.143E-07  3.055E-06  3.724E-06
                2.093E-07  2.839E-08  1.357E-07  8.400E-07  6.874E-09  8.998E-07
                1.973E-06  5.903E-09  5.274E-06  1.126E-06  2.848E-07  3.706E-07
                4.137E-06  1.568E-07  6.081E-07  8.227E-08  8.125E-07  7.023E-07
                5.755E-07  9.843E-06  2.251E-07  3.888E-06  7.465E-09  5.042E-07
                4.370E-07  1.334E-07  1.659E-06  2.554E-07  1.438E-06  1.034E-09
                1.131E-07  4.141E-06  4.261E-06  1.335E-07  6.035E-07  3.281E-07
                3.620E-08  4.149E-07  8.146E-07  5.515E-07  2.514E-07  3.616E-08
                4.819E-06  6.080E-07  4.135E-07  2.089E-07  4.516E-07  3.748E-07
                9.558E-06  5.088E-06  3.938E-07  1.003E-06  1.671E-06  1.827E-06
                1.869E-06  2.358E-07  4.729E-08  4.225E-10  4.394E-08  1.044E-07
                7.227E-07  1.192E-06  1.533E-06  3.634E-06  5.922E-07  7.479E-08
                6.060E-09  1.629E-07  2.208E-07  1.672E-07  4.809E-06
1.24872863E+02  4.127E-03  4.341E-03  2.177E-06  2.682E-03  1.737E-03  5.343E-06
                3.843E-06  1.122E-02  9.679E-06  5.943E-06  3.266E-04  7.838E-06
                5.157E-03  5.982E-05  8.879E-05  4.929E-07  6.357E-07  2.222E-06
                1.328E-06  1.578E-06  4.924E-09  1.962E-06  8.348E-07  1.271E-08
                7.087E-08  4.515E-07  3.069E-06  5.605E-07  1.798E-06  2.881E-06
                2.262E-06  4.589E-07  6.366E-06  2.336E-06  1.504E-06  5.285E-07
                1.384E-09  9.834E-07  9.580E-10  6.069E-06  5.509E-07  2.778E-06
                9.721E-07  2.107E-07  2.419E-07  6.732E-08  2.015E-07  8.179E-08
                1.346E-05  3.229E-07  4.262E-07  7.565E-08  3.564E-08  2.633E-06
                2.364E-06  2.156E-06  5.615E-07  4.469E-06  1.324E-06  5.271E-06
                1.017E-07  2.737E-09  8.858E-09  1.887E-11  9.112E-07  1.227E-07
                1.327E-07  2.722E-10  1.373E-06  1.267E-07  2.318E-08  2.268E-06
                1.459E-06  3.167E-06  4.696E-06  3.417E-07  5.808E-07  1.391E-07
                2.125E-06  2.189E-06  6.187E-09  3.752E-08  2.793E-07  9.710E-07
                1.409E-05  2.549E-08  6.147E-11  1.921E-10  9.711E-11  7.490E-11
                6.244E-12  4.115E-07  2.318E-06  5.419E-08  1.681E-06  1.405E-06
                1.707E-07  6.981E-08  6.780E-06  2.395E-06  2.104E-07  2.878E-07
                8.090E-08  3.307E-09  1.357E-07  4.849E-07  3.382E-07  1.668E-08
                8.911E-08  6.212E-08  5.916E-09  4.663E-06  3.152E-08  1.737E-05
                8.523E-08  1.031E-07  1.992E-07  8.642E-07  2.072E-07  4.161E-07
                3.964E-07  4.056E-08  7.800E-06  1.562E-07  7.618E-07  9.093E-09
                3.452E-06  1.881E-05  2.138E-07  4.467E-07  2.633E-06  1.083E-06
                2.294E-06  6.278E-08  1.378E-07  1.904E-07  1.753E-10  7.139E-07
                4.266E-07  4.759E-09  1.741E-08  2.193E-07  2.330E-06  2.831E-06
                1.216E-07  1.937E-08  9.230E-08  5.580E-07  6.790E-09  6.434E-07
                1.415E-06  3.357E-09  3.987E-06  8.411E-07  1.827E-07  2.777E-07
                3.121E-06  1.021E-07  4.024E-07  5.987E-08  5.229E-07  5.439E-07
                4.072E-07  7.776E-06  1.493E-07  2.559E-06  5.948E-09  3.592E-07
                2.945E-07  7.972E-08  1.142E-06  1.940E-07  1.087E-06  1.091E-09
                6.526E-08  3.138E-06  3.214E-06  8.785E-08  4.245E-07  2.648E-07
                2.475E-08  2.627E-07  5.600E-07  3.576E-07  1.779E-07  2.470E-08
                3.836E-06  4.175E-07  2.895E-07  1.428E-07  3.155E-07  2.730E-07
                7.657E-06  4.101E-06  2.684E-07  6.263E-07  1.074E-06  1.309E-06
                1.283E-06  1.418E-07  3.317E-08  2.914E-10  2.195E-08  7.046E-08
                5.602E-07  9.408E-07  1.190E-06  2.796E-06  4.134E-07  5.019E-08
                4.960E-09  1.198E-07  1.752E-07  1.222E-07  3.763E-06
1.38480863E+02  2.926E-03  3.072E-03  2.253E-06  1.899E-03  1.228E-03  4.268E-06
                2.775E-06  8.648E-03  6.981E-06  4.234E-06  2.539E-04  5.355E-06
                4.017E-03  4.108E-05  6.131E-05  4.749E-07  4.348E-07  1.312E-06
                1.021E-06  9.151E-07  3.488E-09  1.383E-06  6.812E-07  1.193E-08
                6.418E-08  2.962E-07  2.015E-06  4.060E-07  1.190E-06  1.896E-06
                1.603E-06  3.235E-07  4.715E-06  1.541E-06  1.082E-06  3.497E-07
                9.092E-10  6.405E-07  5.791E-10  4.275E-06  3.983E-07  1.964E-06
                6.686E-07  1.324E-07  1.550E-07  6.034E-08  1.951E-07  6.032E-08
                9.852E-06  2.766E-07  2.882E-07  6.028E-08  2.421E-08  2.249E-06
                1.652E-06  1.512E-06  3.720E-07  3.007E-06  8.801E-07  4.436E-06
                9.294E-08  2.159E-09  6.303E-09  2.198E-11  5.991E-07  9.897E-08
                1.004E-07  1.864E-10  9.782E-07  8.513E-08  3.060E-08  1.703E-06
                1.150E-06  2.386E-06  3.333E-06  2.300E-07  4.254E-07  9.087E-08
                1.588E-06  1.626E-06  4.542E-09  2.732E-08  2.053E-07  6.676E-07
                1.056E-05  2.561E-08  4.616E-11  1.429E-10  6.815E-11  6.994E-11
                4.811E-12  3.102E-07  1.758E-06  3.494E-08  1.341E-06  1.134E-06
                1.226E-07  8.126E-08  5.058E-06  1.808E-06  1.631E-07  2.234E-07
                6.210E-08  2.827E-09  9.997E-08  3.803E-07  2.697E-07  1.381E-08
                8.136E-08  5.134E-08  5.445E-09  3.480E-06  2.308E-08  1.292E-05
                6.564E-08  7.641E-08  1.467E-07  6.914E-07  1.628E-07  3.084E-07
                2.934E-07  3.095E-08  5.852E-06  1.311E-07  5.928E-07  7.911E-09
                2.508E-06  1.415E-05  1.623E-07  3.245E-07  2.006E-06  8.157E-07
                1.748E-06  3.688E-08  9.026E-08  1.310E-07  1.321E-10  4.817E-07
                2.890E-07  3.743E-09  1.353E-08  1.647E-07  1.821E-06  2.209E-06
                7.168E-08  1.419E-08  6.467E-08  3.801E-07  4.690E-09  4.677E-07
                1.022E-06  2.410E-09  3.124E-06  6.523E-07  1.224E-07  2.145E-07
                2.440E-06  6.753E-08  2.782E-07  4.787E-08  3.509E-07  4.109E-07
                3.136E-07  5.893E-06  1.165E-07  1.959E-06  4.824E-09  2.526E-07
                1.986E-07  4.888E-08  9.209E-07  1.530E-07  8.502E-07  7.812E-10
                3.772E-08  2.450E-06  2.507E-06  5.918E-08  2.986E-07  2.116E-07
                1.788E-08  1.707E-07  4.129E-07  2.358E-07  1.339E-07  1.746E-08
                2.883E-06  2.949E-07  2.257E-07  1.194E-07  2.726E-07  2.117E-07
                5.750E-06  3.096E-06  1.898E-07  4.096E-07  7.355E-07  9.714E-07
                9.226E-07  8.829E-08  3.614E-08  2.906E-10  8.297E-09  4.733E-08
                4.472E-07  7.594E-07  9.338E-07  2.183E-06  2.960E-07  3.829E-08
                4.462E-09  8.987E-08  1.413E-07  9.577E-08  2.985E-06
1.52088863E+02  2.158E-03  2.279E-03  9.321E-07  1.409E-03  9.152E-04  2.777E-06
                1.875E-06  7.187E-03  4.544E-06  2.804E-06  2.114E-04  3.772E-06
                3.348E-03  3.271E-05  4.866E-05  4.619E-07  2.957E-07  9.979E-07
                7.569E-07  6.579E-07  3.050E-09  8.924E-07  4.719E-07  9.553E-09
                4.794E-08  3.308E-07  2.264E-06  2.687E-07  7.628E-07  1.255E-06
                1.082E-06  2.105E-07  3.214E-06  1.340E-06  7.391E-07  2.209E-07
                5.874E-10  4.127E-07  6.677E-10  3.023E-06  3.565E-07  1.390E-06
                4.629E-07  8.248E-08  1.010E-07  5.457E-08  1.818E-07  4.289E-08
                7.139E-06  2.361E-07  1.856E-07  4.110E-08  2.062E-08  1.923E-06
                1.154E-06  1.076E-06  2.499E-07  2.018E-06  6.077E-07  3.788E-06
                7.528E-08  1.567E-09  4.509E-09  2.589E-11  4.229E-07  7.723E-08
                7.639E-08  1.720E-10  6.903E-07  5.878E-08  2.065E-08  1.275E-06
                8.420E-07  1.909E-06  2.309E-06  1.670E-07  2.901E-07  6.333E-08
                1.020E-06  1.044E-06  4.385E-09  2.683E-08  1.454E-07  4.617E-07
                7.585E-06  1.189E-08  3.960E-11  1.230E-10  4.954E-11  5.163E-11
                3.611E-12  1.966E-07  1.117E-06  2.292E-08  1.108E-06  9.503E-07
                9.005E-08  5.519E-08  3.687E-06  1.296E-06  1.186E-07  1.629E-07
                4.468E-08  1.687E-09  7.304E-08  2.713E-07  1.999E-07  8.967E-09
                7.279E-08  3.306E-08  3.364E-09  2.356E-06  1.744E-08  1.069E-05
                4.943E-08  5.306E-08  1.038E-07  5.153E-07  1.207E-07  2.144E-07
                2.055E-07  2.490E-08  4.018E-06  1.137E-07  4.216E-07  4.361E-09
                1.865E-06  1.186E-05  1.182E-07  2.414E-07  1.370E-06  5.542E-07
                1.148E-06  2.216E-08  6.559E-08  1.014E-07  8.742E-11  3.737E-07
                2.242E-07  2.983E-09  1.076E-08  1.186E-07  1.444E-06  1.749E-06
                4.385E-08  1.101E-08  5.006E-08  2.917E-07  4.394E-09  3.507E-07
                7.667E-07  1.512E-09  2.453E-06  5.077E-07  8.522E-08  1.730E-07
                1.893E-06  4.772E-08  2.062E-07  3.408E-08  2.380E-07  3.285E-07
                2.203E-07  5.068E-06  7.456E-08  1.246E-06  3.643E-09  1.940E-07
                1.448E-07  3.098E-08  6.323E-07  1.209E-07  6.680E-07  8.644E-10
                2.261E-08  1.928E-06  1.964E-06  4.158E-08  2.250E-07  1.677E-07
                1.326E-08  1.147E-07  3.000E-07  1.635E-07  9.840E-08  1.296E-08
                2.451E-06  2.165E-07  1.561E-07  8.177E-08  1.931E-07  1.512E-07
                4.901E-06  2.640E-06  1.402E-07  2.852E-07  5.391E-07  7.325E-07
                6.689E-07  5.632E-08  2.791E-08  1.675E-10  5.377E-09  3.379E-08
                3.564E-07  6.163E-07  7.468E-07  1.738E-06  2.173E-07  2.793E-08
                3.709E-09  6.984E-08  1.146E-07  6.908E-08  2.411E-06
1.65696863E+02  1.556E-03  1.634E-03  2.003E-06  1.017E-03  6.550E-04  2.067E-06
                1.375E-06  5.671E-03  3.209E-06  1.969E-06  1.701E-04  2.644E-06
                2.703E-03  2.293E-05  3.435E-05  4.534E-07  2.130E-07  6.347E-07
                6.287E-07  4.047E-07  2.105E-09  6.568E-07  4.147E-07  1.494E-08
                5.391E-08  1.834E-07  1.255E-06  2.076E-07  5.287E-07  8.278E-07
                8.209E-07  1.550E-07  2.540E-06  8.150E-07  5.557E-07  1.464E-07
                3.942E-10  2.904E-07  3.432E-10  2.194E-06  2.402E-07  1.013E-06
                3.273E-07  5.469E-08  6.839E-08  4.764E-08  1.683E-07  3.352E-08
                5.356E-06  2.065E-07  1.333E-07  3.396E-08  1.998E-08  1.676E-06
                8.280E-07  7.760E-07  1.700E-07  1.437E-06  4.150E-07  3.247E-06
                7.277E-08  1.271E-09  3.437E-09  2.589E-11  2.781E-07  6.559E-08
                5.707E-08  1.103E-10  5.138E-07  4.002E-08  2.759E-08  1.007E-06
                6.807E-07  1.405E-06  1.702E-06  1.148E-07  2.186E-07  4.122E-08
                8.149E-07  8.295E-07  3.020E-09  1.837E-08  1.100E-07  3.270E-07
                5.813E-06  1.496E-08  2.884E-11  8.916E-11  3.592E-11  4.882E-11
                2.699E-12  1.579E-07  9.020E-07  1.519E-08  8.644E-07  7.451E-07
                6.843E-08  6.722E-08  2.797E-06  9.955E-07  9.279E-08  1.279E-07
                3.592E-08  1.632E-09  5.790E-08  2.232E-07  1.663E-07  7.962E-09
                7.017E-08  2.954E-08  2.958E-09  1.898E-06  1.281E-08  7.855E-06
                3.709E-08  4.067E-08  8.066E-08  4.126E-07  9.438E-08  1.648E-07
                1.602E-07  1.899E-08  3.137E-06  9.911E-08  3.445E-07  4.396E-09
                1.383E-06  8.803E-06  9.135E-08  1.754E-07  1.112E-06  4.446E-07
                9.248E-07  1.316E-08  4.386E-08  7.037E-08  6.815E-11  2.581E-07
                1.553E-07  2.218E-09  7.881E-09  9.344E-08  1.127E-06  1.365E-06
                2.612E-08  7.764E-09  3.383E-08  2.324E-07  2.718E-09  2.596E-07
                5.664E-07  1.134E-09  1.920E-06  3.940E-07  5.792E-08  1.346E-07
                1.486E-06  3.239E-08  1.423E-07  2.904E-08  1.671E-07  2.399E-07
                1.768E-07  3.853E-06  6.357E-08  1.032E-06  2.851E-09  1.370E-07
                9.960E-08  1.944E-08  5.493E-07  9.507E-08  5.216E-07  5.498E-10
                1.284E-08  1.504E-06  1.534E-06  2.854E-08  1.608E-07  1.314E-07
                1.078E-08  7.695E-08  2.403E-07  1.118E-07  7.898E-08  9.414E-09
                1.827E-06  1.567E-07  1.270E-07  7.529E-08  1.821E-07  1.198E-07
                3.628E-06  1.960E-06  1.026E-07  1.998E-07  4.066E-07  5.537E-07
                4.929E-07  3.573E-08  3.065E-08  1.690E-10  2.302E-09  2.332E-08
                2.836E-07  4.937E-07  5.808E-07  1.361E-06  1.570E-07  2.287E-08
                3.180E-09  5.298E-08  9.198E-08  5.521E-08  1.902E-06
1.79304863E+02  1.276E-03  1.347E-03  8.615E-07  8.320E-04  5.419E-04  1.904E-06
                1.030E-06  4.740E-03  2.590E-06  1.567E-06  1.396E-04  1.958E-06
                2.212E-03  1.839E-05  2.746E-05  4.244E-07  1.518E-07  5.535E-07
                4.904E-07  3.222E-07  2.054E-09  4.356E-07  2.789E-07  1.341E-08
                4.565E-08  2.204E-07  1.510E-06  1.329E-07  3.301E-07  5.658E-07
                5.886E-07  1.044E-07  1.907E-06  7.807E-07  3.982E-07  9.203E-08
                2.552E-10  1.887E-07  4.129E-10  1.795E-06  2.361E-07  8.008E-07
                2.646E-07  3.951E-08  4.973E-08  4.319E-08  1.569E-07  2.814E-08
                4.218E-06  1.783E-07  8.954E-08  2.585E-08  2.067E-08  1.454E-06
                6.448E-07  6.273E-07  1.251E-07  9.928E-07  3.234E-07  2.835E-06
                6.140E-08  9.397E-10  2.189E-09  2.545E-11  2.302E-07  5.300E-08
                4.405E-08  1.065E-10  3.745E-07  3.191E-08  1.833E-08  6.763E-07
                5.022E-07  1.210E-06  1.259E-06  9.492E-08  1.614E-07  3.356E-08
                4.875E-07  4.929E-07  2.753E-09  1.690E-08  8.283E-08  2.454E-07
                4.470E-06  8.598E-09  2.649E-11  8.147E-11  2.670E-11  3.679E-11
                2.013E-12  9.296E-08  5.376E-07  1.000E-08  7.312E-07  6.359E-07
                5.340E-08  5.171E-08  2.184E-06  7.683E-07  6.833E-08  9.480E-08
                2.542E-08  9.405E-10  4.166E-08  1.588E-07  1.241E-07  4.860E-09
                6.256E-08  1.769E-08  2.137E-09  1.127E-06  9.719E-09  7.041E-06
                3.155E-08  2.655E-08  6.254E-08  3.207E-07  7.157E-08  1.092E-07
                1.079E-07  1.489E-08  2.222E-06  9.133E-08  2.225E-07  3.082E-09
                1.096E-06  7.969E-06  6.610E-08  1.260E-07  6.825E-07  2.707E-07
                5.971E-07  8.129E-09  3.139E-08  5.227E-08  3.773E-11  1.930E-07
                1.160E-07  1.795E-09  6.351E-09  7.251E-08  9.225E-07  1.116E-06
                1.686E-08  7.631E-09  3.017E-08  1.629E-07  2.322E-09  2.075E-07
                4.480E-07  6.821E-10  1.555E-06  3.183E-07  4.551E-08  1.145E-07
                1.198E-06  2.449E-08  1.204E-07  2.048E-08  1.171E-07  2.014E-07
                1.257E-07  3.550E-06  3.693E-08  6.005E-07  2.115E-09  1.014E-07
                7.035E-08  1.280E-08  3.380E-07  7.810E-08  4.271E-07  5.320E-10
                7.658E-09  1.228E-06  1.247E-06  1.994E-08  1.163E-07  1.083E-07
                7.143E-09  5.444E-08  1.694E-07  7.878E-08  5.563E-08  7.209E-09
                1.625E-06  1.203E-07  8.947E-08  4.498E-08  1.132E-07  8.490E-08
                3.212E-06  1.731E-06  8.032E-08  1.329E-07  2.693E-07  4.381E-07
                3.791E-07  2.404E-08  3.054E-08  1.539E-10  1.198E-09  1.888E-08
                2.309E-07  4.067E-07  4.744E-07  1.100E-06  1.135E-07  1.967E-08
                3.834E-09  4.240E-08  7.561E-08  3.946E-08  1.560E-06
1.92912863E+02  8.984E-04  9.525E-04  7.199E-07  5.945E-04  3.856E-04  8.498E-07
                6.654E-07  4.135E-03  1.344E-06  8.637E-07  1.258E-04  1.446E-06
                2.005E-03  1.513E-05  2.257E-05  4.074E-07  1.102E-07  3.886E-07
                4.140E-07  2.279E-07  1.287E-09  3.108E-07  2.423E-07  1.411E-08
                4.063E-08  1.539E-07  1.055E-06  1.080E-07  2.547E-07  3.745E-07
                4.288E-07  7.483E-08  1.317E-06  5.471E-07  2.801E-07  5.971E-08
                1.725E-10  1.433E-07  3.116E-10  1.186E-06  1.700E-07  5.299E-07
                1.690E-07  2.229E-08  3.153E-08  3.665E-08  1.411E-07  1.943E-08
                2.915E-06  1.577E-07  6.175E-08  1.643E-08  2.082E-08  1.283E-06
                4.270E-07  4.132E-07  7.899E-08  7.050E-07  2.059E-07  2.477E-06
                5.762E-08  7.206E-10  2.117E-09  2.521E-11  1.419E-07  4.321E-08
                3.134E-08  7.631E-11  2.695E-07  1.901E-08  2.121E-08  6.668E-07
                4.016E-07  8.723E-07  8.602E-07  6.587E-08  1.120E-07  2.050E-08
                4.080E-07  4.181E-07  2.590E-09  1.605E-08  5.783E-08  1.661E-07
                3.087E-06  5.444E-09  2.080E-11  6.547E-11  1.999E-11  2.797E-11
                1.456E-12  7.758E-08  4.401E-07  6.895E-09  5.820E-07  5.116E-07
                4.031E-08  3.663E-08  1.507E-06  5.247E-07  5.095E-08  7.064E-08
                2.056E-08  9.586E-10  3.388E-08  1.275E-07  9.929E-08  4.708E-09
                5.984E-08  1.732E-08  1.620E-09  1.120E-06  7.638E-09  5.104E-06
                2.339E-08  2.364E-08  4.765E-08  2.389E-07  5.267E-08  8.873E-08
                8.826E-08  1.178E-08  1.580E-06  7.500E-08  2.117E-07  1.641E-09
                7.803E-07  5.829E-06  5.258E-08  1.009E-07  6.645E-07  2.623E-07
                4.573E-07  5.031E-09  2.415E-08  4.193E-08  3.676E-11  1.569E-07
                9.423E-08  1.170E-09  4.087E-09  5.505E-08  7.120E-07  8.646E-07
                1.043E-08  4.999E-09  2.218E-08  1.426E-07  1.811E-09  1.492E-07
                3.244E-07  5.351E-10  1.192E-06  2.399E-07  3.081E-08  9.568E-08
                9.114E-07  1.798E-08  8.936E-08  1.539E-08  8.553E-08  1.473E-07
                9.720E-08  2.675E-06  3.501E-08  5.391E-07  1.622E-09  8.150E-08
                5.539E-08  8.320E-09  3.461E-07  5.941E-08  3.229E-07  4.449E-10
                4.328E-09  9.345E-07  9.490E-07  1.471E-08  9.313E-08  8.003E-08
                7.187E-09  3.873E-08  1.365E-07  6.001E-08  4.442E-08  5.895E-09
                1.243E-06  9.309E-08  7.093E-08  4.906E-08  1.248E-07  6.778E-08
                2.465E-06  1.330E-06  5.973E-08  1.123E-07  2.478E-07  3.217E-07
                2.693E-07  1.546E-08  1.590E-08  5.672E-11  2.003E-09  1.180E-08
                1.860E-07  3.327E-07  3.770E-07  8.835E-07  8.607E-08  1.270E-08
                1.420E-09  3.331E-08  6.171E-08  2.953E-08  1.264E-06
