          16           7
         215          13           1           1
           0          -4           0          -4           0          -6           0          -2           0          -4           0           6           0           4           0           2           0           4           0           6           0           2           0           4           0           2           0          -4           0          -2           0           2           0           4           0           6           0           2           0           4           0           6           0           4           0          -2           0          -2           0          -4           0          -6           0          -8           0          -2           0          -4           0          -6           0          -4           0           2           0          -4           0          -6           0          -2           0          -4           0          -6           0          -6           0          -8           0          -4           0          -6           0          -2           0          -4           0           4           0           6           0           8           0          10           0           4           0          -4           0           2           0           6           0           4           0           8           0           2           0          -4           0          -2           0           6           0           6           0           4           0           2           0           8           0           4           0           6           0           8           0           4           0           6           0           8           0          10           0           4           0           6           0           8           0           6           0           4           0           2           0           6           0           2           0           4           0           2           0          -4           0          -2           0          -6           0          -8           0           6           0           4           0          -4           0          -6           0          -2           0          -4           0          -6           0          -8           0         -10           0          -2           0          -4           0          -6           0          -4           0          -2           0          -6           0          -8           0          -2           0          -4           0           2           0           4           0           6           0           8           0           4           0           4           0           6           0           8           0           2           0          10           0           8           0           6           0           4           0           2           0           6           0           6           0           4           0           4           0           2           0           4           0           6           0           8           0          -4           0           2           0           4           0          -6           0          -4           0           2           0           4           0           6           0           4           0           6           0          -2           0          -4           0          -6           0          -8           0         -10           0          -6           0          -8           0         -10           0         -12           0           2           0          -2           0          -4           0          -6           0          -8           0          -2           0          -8           0         -10           0          -4           0          -2           0          -6           0          -4           0          -2           0          -4           0          -2           0          -4           0          -6           0          -4           0          -8           0          -6           0           2           0           4           0           2           0           4           0           6           0         -10           0          -8           0          -6           0          -4           0           6           0          -2           0          -4           0           8           0          -6           0          -2           0          -4           0          -6           0          -8           0           4           0           6           0          -4           0          -6           0          -6           0          -8           0          -2           0           2           0          -4           0           4           0           6           0           4           0           4           0           2           0           2           0          -4           0          -6           0          -8           0          -2           0          -4           0          -6           0          -8           0         -10           0          -8           0          -6           0          -4           0          -2           0          -2           0          -4           0          -6           0          -6           0          -8           0          -4           0          -2           0          -6           0          -4
    0.000000E+00    9.645106E-03    9.843162E-03    1.435602E-02    1.458263E-02
    4.247197E-02    4.320385E-02    4.360158E-02    5.944295E-02    5.948713E-02
    6.922989E-02    7.316769E-02    7.411300E-02    1.134727E-01    1.147319E-01
    2.354040E-01    2.358931E-01    2.366026E-01    2.382857E-01    2.391328E-01
    2.438023E-01    2.438287E-01    2.461520E-01    2.471700E-01    2.474363E-01
    2.479076E-01    2.485433E-01    2.486026E-01    2.487216E-01    2.491410E-01
    2.502551E-01    2.507374E-01    2.510783E-01    2.511300E-01    2.524691E-01
    2.524772E-01    2.554279E-01    2.561102E-01    2.563381E-01    2.591442E-01
    2.591854E-01    2.609226E-01    2.615363E-01    2.619649E-01    2.622131E-01
    2.625883E-01    2.631076E-01    2.632646E-01    2.633261E-01    2.634365E-01
    2.637297E-01    2.638533E-01    2.640096E-01    2.643758E-01    2.644930E-01
    2.645338E-01    2.648466E-01    2.652759E-01    2.655531E-01    2.656939E-01
    2.657640E-01    2.676748E-01    2.677713E-01    2.679166E-01    2.688115E-01
    2.690337E-01    2.711118E-01    2.712141E-01    2.720014E-01    2.721113E-01
    2.724223E-01    2.724984E-01    2.725578E-01    2.726085E-01    2.727219E-01
    2.737570E-01    2.740430E-01    2.746587E-01    2.763855E-01    2.763956E-01
    2.763957E-01    2.764682E-01    2.789238E-01    2.791446E-01    2.808157E-01
    2.808428E-01    2.816082E-01    2.816156E-01    2.816277E-01    2.816445E-01
    2.816660E-01    2.832213E-01    2.832636E-01    2.833497E-01    2.872720E-01
    2.872722E-01    2.872783E-01    2.873017E-01    2.873787E-01    2.874354E-01
    2.875828E-01    2.876419E-01    2.877951E-01    2.879672E-01    2.884374E-01
    2.885530E-01    2.886000E-01    2.886971E-01    2.887362E-01    2.888178E-01
    2.901974E-01    2.902310E-01    2.934227E-01    2.936053E-01    2.936679E-01
    2.948139E-01    2.948751E-01    2.949134E-01    2.954910E-01    2.955387E-01
    2.955818E-01    2.956302E-01    2.974080E-01    2.974265E-01    2.978254E-01
    2.979930E-01    2.980044E-01    2.981863E-01    2.981951E-01    2.982014E-01
    2.986863E-01    2.989406E-01    2.997979E-01    3.013547E-01    3.014398E-01
    3.015665E-01    3.017420E-01    3.025165E-01    3.025355E-01    3.025686E-01
    3.026262E-01    3.032771E-01    3.036433E-01    3.036673E-01    3.036996E-01
    3.037196E-01    3.041292E-01    3.046134E-01    3.046301E-01    3.048276E-01
    3.048611E-01    3.049614E-01    3.051740E-01    3.052844E-01    3.060373E-01
    3.062721E-01    3.065126E-01    3.067251E-01    3.072820E-01    3.083217E-01
    3.083847E-01    3.085481E-01    3.086063E-01    3.093086E-01    3.093690E-01
    3.093750E-01    3.093804E-01    3.094500E-01    3.095030E-01    3.095365E-01
    3.096086E-01    3.096683E-01    3.098305E-01    3.098337E-01    3.100372E-01
    3.110986E-01    3.111053E-01    3.111248E-01    3.111449E-01    3.124031E-01
    3.124222E-01    3.126400E-01    3.132139E-01    3.132929E-01    3.134326E-01
    3.163175E-01    3.165548E-01    3.167011E-01    3.167161E-01    3.173537E-01
    3.174815E-01    3.194473E-01    3.198310E-01    3.206567E-01    3.235572E-01
    3.235827E-01    3.236877E-01    3.236885E-01    3.238034E-01    3.239013E-01
    3.239634E-01    3.240075E-01    3.245628E-01    3.245933E-01    3.263728E-01
    3.264517E-01    3.271738E-01    3.284075E-01    3.287843E-01    3.314323E-01
    3.314556E-01    3.324856E-01    3.325179E-01    3.327131E-01    3.333147E-01
           0           0           0           1
  -27.915863041215566               13
2.85962630E+01  7.338E-01
4.22042630E+01  1.125E-01  1.161E-01  1.137E-04  7.037E-02  4.636E-02  2.384E-04
                1.386E-04  8.925E-02  3.010E-04  2.060E-04  2.135E-03  6.207E-04
                3.374E-02  1.129E-03  1.697E-03
5.58122630E+01  4.955E-02  5.235E-02  3.626E-05  3.214E-02  2.099E-02  7.102E-05
                4.976E-05  5.661E-02  1.502E-04  8.583E-05  1.517E-03  1.046E-04
                2.330E-02  5.864E-04  8.669E-04  2.643E-06  5.442E-06  3.923E-05
                8.383E-06  2.546E-05  2.111E-08  1.332E-05  1.446E-05  8.833E-07
                3.097E-06  2.747E-06  1.434E-05  7.842E-06  2.184E-05  3.431E-05
                4.058E-05  3.200E-06  1.658E-04  2.231E-05  2.348E-05  5.228E-06
                1.495E-08  2.156E-05  3.872E-09  1.196E-04  4.420E-06  5.206E-05
                2.343E-05  7.736E-06  7.044E-06  2.533E-07  6.814E-07  2.145E-06
                1.457E-04  1.732E-06  4.523E-06  1.533E-06  1.328E-06  1.632E-05
                3.946E-05  4.173E-05  1.158E-05  7.689E-05  5.486E-05  4.596E-05
                5.577E-07  1.913E-08  6.494E-08  4.588E-10  4.199E-05  1.031E-06
                2.722E-08  5.929E-10  1.556E-05  2.834E-06  2.177E-07  1.354E-05
                7.391E-06  1.289E-05  5.850E-05  1.549E-05  9.031E-06  6.216E-06
                1.529E-05  1.493E-05  1.494E-07  6.415E-07  2.278E-06  2.531E-05
                1.195E-04  2.450E-07  3.938E-10  1.339E-09  3.897E-10  2.282E-10
                7.961E-12  2.428E-06  1.487E-05  6.603E-07  5.419E-06  4.294E-06
                1.031E-06  2.173E-06  5.459E-05  2.038E-05  1.450E-06  1.621E-06
                7.452E-07  4.831E-08  1.236E-06  4.606E-06  2.972E-06  7.285E-08
                5.814E-06  2.863E-07  5.273E-08  3.575E-05  1.827E-07  1.359E-04
                5.547E-07  1.066E-06  1.629E-06  3.800E-06  1.088E-06  2.581E-06
                2.312E-06  1.040E-07  6.629E-05  2.373E-06  5.018E-06  1.657E-07
                2.360E-05  1.299E-04  2.320E-06  4.104E-06  1.803E-05  7.541E-06
                1.675E-05  2.747E-06  3.258E-06  2.758E-06  1.548E-09  1.314E-05
                7.687E-06  3.138E-09  6.036E-09  2.136E-06  1.739E-05  2.158E-05
                4.439E-06  3.147E-07  1.454E-06  2.678E-05  3.529E-09  4.123E-06
                9.160E-06  2.304E-07  3.168E-05  7.427E-06  4.187E-06  2.063E-06
                1.995E-05  1.683E-06  7.815E-06  1.349E-06  7.324E-06  2.368E-06
                3.268E-06  6.904E-05  1.434E-06  2.265E-05  7.370E-10  4.751E-06
                5.853E-06  3.076E-06  9.103E-06  1.595E-06  9.321E-06  1.671E-08
                3.413E-06  2.400E-05  2.519E-05  1.386E-06  6.049E-06  1.622E-06
                4.872E-07  4.546E-06  1.487E-05  5.794E-06  4.912E-06  3.771E-07
                2.043E-05  4.302E-06  2.237E-06  1.360E-06  3.720E-06  2.938E-06
                3.576E-05  1.744E-05  6.078E-06  1.532E-05  3.525E-05  1.827E-05
                1.968E-05  4.779E-06  4.368E-06  2.414E-10  1.691E-06  8.263E-07
                1.503E-06  2.554E-06  3.531E-06  2.004E-05  6.296E-06  1.207E-06
                2.866E-07  7.400E-07  6.674E-07  1.590E-06  1.695E-05
6.94202630E+01  2.620E-02  2.755E-02  1.714E-05  1.692E-02  1.102E-02  3.738E-05
                2.625E-05  3.781E-02  7.681E-05  4.495E-05  1.040E-03  5.530E-05
                1.615E-02  3.253E-04  4.808E-04  1.124E-06  3.626E-06  1.969E-05
                6.067E-06  1.370E-05  1.312E-08  1.050E-05  5.525E-06  3.523E-07
                1.126E-06  1.287E-06  7.587E-06  3.750E-06  1.247E-05  1.925E-05
                1.888E-05  2.478E-06  6.562E-05  1.182E-05  1.116E-05  3.244E-06
                8.993E-09  9.630E-06  3.019E-09  5.449E-05  2.291E-06  2.365E-05
                1.009E-05  2.987E-06  2.896E-06  1.491E-07  4.029E-07  8.605E-07
                8.035E-05  6.896E-07  2.719E-06  5.428E-07  4.951E-07  5.915E-06
                1.888E-05  1.893E-05  5.171E-06  3.725E-05  1.717E-05  1.494E-05
                2.565E-07  1.112E-08  4.230E-08  8.544E-11  1.290E-05  5.472E-07
                1.642E-07  6.932E-10  8.509E-06  1.181E-06  6.726E-08  8.213E-06
                4.476E-06  1.039E-05  3.154E-05  4.599E-06  4.130E-06  1.966E-06
                9.987E-06  1.013E-05  4.295E-08  2.214E-07  1.450E-06  9.450E-06
                7.213E-05  1.409E-07  2.211E-10  7.073E-10  3.909E-10  1.589E-10
                7.998E-12  1.773E-06  1.027E-05  3.724E-07  4.503E-06  3.479E-06
                7.885E-07  5.527E-07  3.356E-05  1.207E-05  7.581E-07  9.490E-07
                2.960E-07  2.253E-08  6.304E-07  1.981E-06  1.262E-06  6.228E-08
                8.967E-07  2.448E-07  3.736E-08  2.030E-05  1.357E-07  7.694E-05
                4.017E-07  4.752E-07  1.021E-06  2.329E-06  6.194E-07  1.516E-06
                1.383E-06  1.053E-07  3.973E-05  8.717E-07  2.622E-06  6.643E-08
                1.677E-05  7.679E-05  9.003E-07  1.740E-06  1.059E-05  4.413E-06
                1.082E-05  9.708E-07  1.385E-06  1.428E-06  2.413E-09  6.648E-06
                3.898E-06  6.715E-09  1.205E-08  1.121E-06  9.311E-06  1.156E-05
                1.699E-06  1.436E-07  6.994E-07  9.644E-06  1.590E-08  3.073E-06
                6.695E-06  5.695E-08  1.680E-05  3.794E-06  1.735E-06  1.248E-06
                1.179E-05  8.119E-07  3.431E-06  4.420E-07  3.918E-06  1.501E-06
                1.693E-06  3.628E-05  6.940E-07  1.223E-05  1.143E-08  2.577E-06
                2.613E-06  1.045E-06  4.980E-06  8.305E-07  4.737E-06  7.054E-09
                1.043E-06  1.303E-05  1.360E-05  6.820E-07  3.033E-06  7.436E-07
                2.173E-07  2.167E-06  5.595E-06  2.926E-06  1.685E-06  1.781E-07
                1.356E-05  2.473E-06  1.182E-06  7.202E-07  1.676E-06  1.109E-06
                2.489E-05  1.257E-05  2.274E-06  7.183E-06  1.487E-05  7.941E-06
                8.779E-06  1.745E-06  1.030E-06  9.616E-10  6.605E-07  5.021E-07
                1.593E-06  2.595E-06  3.472E-06  1.062E-05  2.993E-06  4.726E-07
                6.889E-08  5.169E-07  4.830E-07  6.441E-07  1.213E-05
8.30282630E+01  1.518E-02  1.591E-02  9.998E-06  9.792E-03  6.355E-03  2.122E-05
                1.525E-05  2.657E-02  4.235E-05  2.510E-05  7.468E-04  3.147E-05
                1.168E-02  1.970E-04  2.914E-04  7.562E-07  2.389E-06  1.094E-05
                4.106E-06  7.845E-06  1.035E-08  7.177E-06  2.823E-06  1.593E-07
                4.828E-07  8.179E-07  5.186E-06  2.121E-06  7.491E-06  1.156E-05
                9.999E-06  1.681E-06  3.100E-05  7.159E-06  6.055E-06  2.055E-06
                5.570E-09  4.952E-06  2.034E-09  2.796E-05  1.388E-06  1.222E-05
                4.927E-06  1.374E-06  1.398E-06  1.036E-07  2.636E-07  4.150E-07
                4.750E-05  5.229E-07  1.732E-06  2.772E-07  2.474E-07  4.310E-06
                1.014E-05  9.728E-06  2.629E-06  2.028E-05  7.391E-06  9.521E-06
                1.963E-07  7.418E-09  2.822E-08  2.544E-11  5.336E-06  3.497E-07
                2.201E-07  5.309E-10  5.014E-06  5.945E-07  3.246E-08  5.761E-06
                3.401E-06  7.755E-06  1.805E-05  1.891E-06  2.262E-06  8.227E-07
                6.718E-06  6.908E-06  1.638E-08  9.628E-08  9.171E-07  4.541E-06
                4.512E-05  9.038E-08  1.546E-10  4.906E-10  2.908E-10  1.193E-10
                1.126E-11  1.254E-06  7.106E-06  2.257E-07  3.475E-06  2.734E-06
                5.509E-07  1.913E-07  2.128E-05  7.571E-06  5.117E-07  6.820E-07
                1.989E-07  1.273E-08  3.954E-07  1.263E-06  8.187E-07  4.523E-08
                2.266E-07  1.741E-07  2.123E-08  1.353E-05  8.925E-08  4.830E-05
                2.608E-07  2.910E-07  6.771E-07  1.830E-06  4.532E-07  1.079E-06
                1.021E-06  8.185E-08  2.504E-05  4.224E-07  1.825E-06  3.492E-08
                1.101E-05  4.956E-05  5.531E-07  1.111E-06  7.256E-06  3.025E-06
                7.107E-06  4.187E-07  6.563E-07  7.375E-07  7.061E-10  3.229E-06
                1.902E-06  5.890E-09  2.068E-08  7.031E-07  5.964E-06  7.345E-06
                7.653E-07  7.729E-08  3.652E-07  3.695E-06  8.129E-09  2.038E-06
                4.477E-06  2.112E-08  1.048E-05  2.313E-06  8.543E-07  7.800E-07
                7.932E-06  4.476E-07  1.745E-06  2.011E-07  2.206E-06  1.184E-06
                1.111E-06  2.151E-05  4.476E-07  7.883E-06  7.428E-09  1.300E-06
                1.265E-06  4.720E-07  3.191E-06  5.074E-07  2.885E-06  2.366E-09
                4.438E-07  8.193E-06  8.501E-06  3.634E-07  1.539E-06  5.163E-07
                1.033E-07  1.210E-06  2.449E-06  1.568E-06  7.254E-07  9.290E-08
                9.362E-06  1.485E-06  7.976E-07  4.202E-07  9.172E-07  6.902E-07
                1.792E-05  9.275E-06  1.110E-06  3.402E-06  6.237E-06  4.350E-06
                4.760E-06  8.092E-07  2.804E-07  4.555E-10  2.723E-07  2.889E-07
                1.239E-06  1.992E-06  2.674E-06  6.883E-06  1.522E-06  2.160E-07
                2.131E-08  3.424E-07  3.642E-07  3.432E-07  8.451E-06
9.66362630E+01  9.465E-03  9.935E-03  5.187E-06  6.116E-03  3.970E-03  1.285E-05
                9.237E-06  1.951E-02  2.503E-05  1.511E-05  5.551E-04  1.914E-05
                8.712E-03  1.281E-04  1.896E-04  5.969E-07  1.521E-06  6.183E-06
                2.754E-06  4.464E-06  8.338E-09  4.682E-06  1.715E-06  7.042E-08
                2.299E-07  6.089E-07  4.008E-06  1.306E-06  4.601E-06  7.180E-06
                5.799E-06  1.093E-06  1.690E-05  4.637E-06  3.636E-06  1.311E-06
                3.467E-09  2.770E-06  1.393E-09  1.599E-05  9.399E-07  7.062E-06
                2.719E-06  6.961E-07  7.369E-07  8.697E-08  2.361E-07  2.233E-07
                3.010E-05  4.565E-07  1.081E-06  1.682E-07  1.347E-07  3.740E-06
                5.978E-06  5.588E-06  1.501E-06  1.166E-05  3.799E-06  7.802E-06
                1.631E-07  5.141E-09  1.834E-08  1.321E-11  2.685E-06  2.373E-07
                2.088E-07  4.543E-10  3.123E-06  3.380E-07  2.844E-08  4.068E-06
                2.578E-06  5.808E-06  1.111E-05  9.629E-07  1.376E-06  4.136E-07
                4.584E-06  4.725E-06  9.604E-09  5.842E-08  6.041E-07  2.538E-06
                2.998E-05  5.812E-08  1.089E-10  3.431E-10  2.016E-10  1.043E-10
                9.913E-12  8.776E-07  4.949E-06  1.362E-07  2.677E-06  2.149E-06
                3.665E-07  1.032E-07  1.424E-05  5.067E-06  3.818E-07  5.168E-07
                1.474E-07  7.960E-09  2.653E-07  9.026E-07  5.972E-07  3.337E-08
                1.323E-07  1.258E-07  1.452E-08  9.254E-06  6.248E-08  3.320E-05
                1.741E-07  2.028E-07  4.452E-07  1.462E-06  3.573E-07  7.994E-07
                7.587E-07  6.419E-08  1.689E-05  2.747E-07  1.352E-06  2.114E-08
                7.269E-06  3.474E-05  3.966E-07  8.185E-07  5.100E-06  2.127E-06
                4.911E-06  2.088E-07  3.516E-07  4.186E-07  4.194E-10  1.710E-06
                1.012E-06  6.293E-09  2.298E-08  4.647E-07  4.178E-06  5.117E-06
                3.970E-07  4.791E-08  2.179E-07  1.557E-06  8.819E-09  1.345E-06
                2.956E-06  9.046E-09  7.235E-06  1.570E-06  4.837E-07  5.315E-07
                5.687E-06  2.604E-07  1.007E-06  1.148E-07  1.303E-06  9.344E-07
                7.799E-07  1.446E-05  3.054E-07  5.335E-06  8.181E-09  7.612E-07
                7.034E-07  2.440E-07  2.176E-06  3.499E-07  1.987E-06  1.250E-09
                2.185E-07  5.703E-06  5.889E-06  2.110E-07  9.025E-07  4.137E-07
                5.707E-08  7.005E-07  1.253E-06  9.092E-07  3.743E-07  5.692E-08
                6.771E-06  9.361E-07  5.645E-07  2.745E-07  5.823E-07  5.048E-07
                1.324E-05  6.963E-06  6.367E-07  1.742E-06  2.913E-06  2.745E-06
                2.908E-06  4.246E-07  8.791E-08  4.394E-10  1.090E-07  1.748E-07
                9.524E-07  1.546E-06  2.049E-06  4.963E-06  9.092E-07  1.177E-07
                1.035E-08  2.342E-07  2.867E-07  2.252E-07  6.386E-06
1.10244263E+02  6.196E-03  6.499E-03  4.122E-06  4.005E-03  2.594E-03  8.857E-06
                6.108E-06  1.454E-02  1.608E-05  9.702E-06  4.191E-04  1.223E-05
                6.601E-03  8.424E-05  1.252E-04  5.191E-07  1.001E-06  3.569E-06
                1.944E-06  2.602E-06  5.546E-09  3.149E-06  1.252E-06  2.822E-08
                1.235E-07  4.722E-07  3.164E-06  8.867E-07  2.965E-06  4.631E-06
                3.656E-06  7.349E-07  1.038E-05  3.158E-06  2.357E-06  8.620E-07
                2.242E-09  1.662E-06  1.038E-09  9.769E-06  6.952E-07  4.376E-06
                1.609E-06  3.821E-07  4.195E-07  7.139E-08  1.979E-07  1.357E-07
                2.005E-05  3.829E-07  6.998E-07  1.163E-07  6.727E-08  3.122E-06
                3.743E-06  3.422E-06  9.159E-07  7.264E-06  2.211E-06  6.337E-06
                1.264E-07  3.879E-09  1.329E-08  1.284E-11  1.531E-06  1.695E-07
                1.699E-07  3.106E-10  2.090E-06  2.057E-07  3.196E-08  3.201E-06
                2.019E-06  4.249E-06  7.315E-06  5.574E-07  9.261E-07  2.348E-07
                3.292E-06  3.395E-06  7.349E-09  4.449E-08  4.198E-07  1.571E-06
                2.060E-05  4.703E-08  8.033E-11  2.519E-10  1.427E-10  9.426E-11
                8.313E-12  6.388E-07  3.591E-06  8.859E-08  2.130E-06  1.748E-06
                2.508E-07  9.050E-08  9.792E-06  3.492E-06  2.923E-07  3.974E-07
                1.138E-07  5.663E-09  1.916E-07  6.905E-07  4.638E-07  2.606E-08
                1.044E-07  9.800E-08  1.090E-08  7.042E-06  4.412E-08  2.317E-05
                1.260E-07  1.522E-07  3.001E-07  1.160E-06  2.797E-07  6.015E-07
                5.703E-07  5.129E-08  1.163E-05  1.948E-07  1.078E-06  1.518E-08
                4.975E-06  2.465E-05  2.988E-07  6.114E-07  3.928E-06  1.622E-06
                3.474E-06  1.149E-07  2.169E-07  2.777E-07  2.974E-10  1.075E-06
                6.401E-07  5.325E-09  1.936E-08  3.228E-07  3.113E-06  3.797E-06
                2.182E-07  2.887E-08  1.397E-07  8.865E-07  6.894E-09  9.237E-07
                2.027E-06  6.263E-09  5.377E-06  1.149E-06  2.942E-07  3.787E-07
                4.212E-06  1.624E-07  6.276E-07  8.457E-08  8.432E-07  7.143E-07
                5.902E-07  1.006E-05  2.314E-07  3.999E-06  7.551E-09  5.218E-07
                4.537E-07  1.389E-07  1.702E-06  2.602E-07  1.465E-06  1.063E-09
                1.180E-07  4.221E-06  4.344E-06  1.385E-07  6.254E-07  3.329E-07
                3.759E-08  4.302E-07  8.470E-07  5.718E-07  2.607E-07  3.720E-08
                4.917E-06  6.267E-07  4.232E-07  2.144E-07  4.629E-07  3.820E-07
                9.747E-06  5.185E-06  4.059E-07  1.048E-06  1.751E-06  1.872E-06
                1.921E-06  2.455E-07  4.880E-08  4.242E-10  4.755E-08  1.077E-07
                7.351E-07  1.211E-06  1.560E-06  3.705E-06  6.105E-07  7.741E-08
                6.110E-09  1.669E-07  2.243E-07  1.711E-07  4.895E-06
1.23852263E+02  4.247E-03  4.468E-03  2.172E-06  2.758E-03  1.788E-03  5.553E-06
                3.963E-06  1.142E-02  1.005E-05  6.166E-06  3.320E-04  8.080E-06
                5.241E-03  6.134E-05  9.103E-05  4.946E-07  6.546E-07  2.292E-06
                1.360E-06  1.628E-06  5.102E-09  2.024E-06  8.508E-07  1.347E-08
                7.333E-08  4.549E-07  3.089E-06  5.754E-07  1.855E-06  2.973E-06
                2.335E-06  4.734E-07  6.580E-06  2.384E-06  1.550E-06  5.456E-07
                1.428E-09  1.018E-06  9.600E-10  6.282E-06  5.588E-07  2.871E-06
                1.009E-06  2.196E-07  2.513E-07  6.853E-08  2.055E-07  8.453E-08
                1.384E-05  3.279E-07  4.398E-07  7.782E-08  3.750E-08  2.675E-06
                2.443E-06  2.230E-06  5.816E-07  4.609E-06  1.371E-06  5.361E-06
                1.041E-07  2.791E-09  8.987E-09  1.843E-11  9.457E-07  1.253E-07
                1.357E-07  2.812E-10  1.410E-06  1.314E-07  2.313E-08  2.289E-06
                1.487E-06  3.249E-06  4.838E-06  3.539E-07  5.978E-07  1.444E-07
                2.179E-06  2.243E-06  6.208E-09  3.763E-08  2.870E-07  1.003E-06
                1.450E-05  2.623E-08  6.254E-11  1.953E-10  9.931E-11  7.607E-11
                6.364E-12  4.221E-07  2.379E-06  5.575E-08  1.707E-06  1.426E-06
                1.749E-07  7.087E-08  6.972E-06  2.465E-06  2.147E-07  2.938E-07
                8.240E-08  3.388E-09  1.383E-07  4.941E-07  3.443E-07  1.700E-08
                9.019E-08  6.326E-08  6.082E-09  4.727E-06  3.223E-08  1.781E-05
                8.732E-08  1.050E-07  2.053E-07  8.827E-07  2.115E-07  4.247E-07
                4.048E-07  4.120E-08  8.034E-06  1.593E-07  7.721E-07  9.375E-09
                3.541E-06  1.926E-05  2.183E-07  4.564E-07  2.673E-06  1.100E-06
                2.360E-06  6.531E-08  1.412E-07  1.939E-07  1.768E-10  7.276E-07
                4.347E-07  4.880E-09  1.787E-08  2.252E-07  2.375E-06  2.887E-06
                1.267E-07  2.017E-08  9.524E-08  5.644E-07  6.958E-09  6.596E-07
                1.450E-06  3.370E-09  4.065E-06  8.586E-07  1.890E-07  2.839E-07
                3.188E-06  1.051E-07  4.155E-07  6.085E-08  5.370E-07  5.561E-07
                4.153E-07  7.951E-06  1.519E-07  2.607E-06  6.036E-09  3.654E-07
                3.010E-07  8.269E-08  1.156E-06  1.978E-07  1.109E-06  1.079E-09
                6.800E-08  3.201E-06  3.279E-06  8.991E-08  4.315E-07  2.699E-07
                2.520E-08  2.713E-07  5.675E-07  3.677E-07  1.801E-07  2.537E-08
                3.916E-06  4.281E-07  2.959E-07  1.442E-07  3.177E-07  2.789E-07
                7.811E-06  4.181E-06  2.756E-07  6.408E-07  1.090E-06  1.341E-06
                1.318E-06  1.468E-07  3.361E-08  3.003E-10  2.275E-08  7.281E-08
                5.709E-07  9.575E-07  1.214E-06  2.851E-06  4.228E-07  5.126E-08
                5.163E-09  1.223E-07  1.784E-07  1.244E-07  3.834E-06
1.37460263E+02  2.991E-03  3.139E-03  2.379E-06  1.941E-03  1.255E-03  4.309E-06
                2.844E-06  8.809E-03  7.117E-06  4.321E-06  2.587E-04  5.503E-06
                4.094E-03  4.215E-05  6.288E-05  4.757E-07  4.479E-07  1.358E-06
                1.042E-06  9.525E-07  3.478E-09  1.423E-06  6.978E-07  1.179E-08
                6.435E-08  3.029E-07  2.061E-06  4.184E-07  1.233E-06  1.958E-06
                1.643E-06  3.327E-07  4.808E-06  1.584E-06  1.108E-06  3.616E-07
                9.394E-10  6.618E-07  5.995E-10  4.360E-06  4.072E-07  2.005E-06
                6.826E-07  1.365E-07  1.598E-07  6.020E-08  1.932E-07  6.150E-08
                1.005E-05  2.793E-07  2.978E-07  6.130E-08  2.442E-08  2.271E-06
                1.689E-06  1.543E-06  3.827E-07  3.103E-06  9.040E-07  4.481E-06
                9.325E-08  2.204E-09  6.555E-09  2.168E-11  6.146E-07  1.005E-07
                1.022E-07  1.870E-10  1.005E-06  8.730E-08  3.090E-08  1.766E-06
                1.175E-06  2.423E-06  3.422E-06  2.356E-07  4.369E-07  9.325E-08
                1.634E-06  1.675E-06  4.670E-09  2.810E-08  2.104E-07  6.864E-07
                1.075E-05  2.596E-08  4.701E-11  1.458E-10  7.015E-11  7.048E-11
                4.919E-12  3.191E-07  1.806E-06  3.623E-08  1.362E-06  1.151E-06
                1.256E-07  8.033E-08  5.148E-06  1.838E-06  1.665E-07  2.280E-07
                6.371E-08  2.908E-09  1.026E-07  3.896E-07  2.754E-07  1.423E-08
                8.141E-08  5.295E-08  5.580E-09  3.615E-06  2.366E-08  1.311E-05
                6.699E-08  7.893E-08  1.500E-07  7.027E-07  1.658E-07  3.174E-07
                3.017E-07  3.156E-08  5.970E-06  1.321E-07  6.114E-07  8.019E-09
                2.560E-06  1.435E-05  1.661E-07  3.327E-07  2.077E-06  8.448E-07
                1.788E-06  3.838E-08  9.352E-08  1.354E-07  1.391E-10  4.987E-07
                2.990E-07  3.764E-09  1.360E-08  1.680E-07  1.851E-06  2.247E-06
                7.439E-08  1.430E-08  6.604E-08  3.946E-07  4.731E-09  4.774E-07
                1.044E-06  2.548E-09  3.176E-06  6.635E-07  1.256E-07  2.183E-07
                2.479E-06  6.964E-08  2.849E-07  4.886E-08  3.629E-07  4.176E-07
                3.215E-07  5.970E-06  1.206E-07  2.027E-06  4.926E-09  2.610E-07
                2.057E-07  5.066E-08  9.513E-07  1.554E-07  8.638E-07  7.995E-10
                3.922E-08  2.490E-06  2.549E-06  6.131E-08  3.089E-07  2.144E-07
                1.848E-08  1.764E-07  4.257E-07  2.439E-07  1.379E-07  1.791E-08
                2.927E-06  3.029E-07  2.310E-07  1.233E-07  2.809E-07  2.165E-07
                5.841E-06  3.144E-06  1.944E-07  4.267E-07  7.663E-07  9.907E-07
                9.439E-07  9.153E-08  3.556E-08  2.899E-10  9.129E-09  4.842E-08
                4.544E-07  7.711E-07  9.490E-07  2.221E-06  3.046E-07  3.910E-08
                4.351E-09  9.182E-08  1.433E-07  9.797E-08  3.034E-06
1.51068263E+02  2.214E-03  2.337E-03  9.768E-07  1.445E-03  9.385E-04  2.913E-06
                1.935E-06  7.282E-03  4.735E-06  2.914E-06  2.138E-04  3.870E-06
                3.384E-03  3.328E-05  4.951E-05  4.630E-07  3.040E-07  1.020E-06
                7.726E-07  6.729E-07  3.163E-09  9.212E-07  4.807E-07  9.640E-09
                4.887E-08  3.316E-07  2.268E-06  2.752E-07  7.845E-07  1.294E-06
                1.113E-06  2.171E-07  3.314E-06  1.358E-06  7.608E-07  2.282E-07
                6.058E-10  4.255E-07  6.635E-10  3.117E-06  3.605E-07  1.433E-06
                4.787E-07  8.579E-08  1.046E-07  5.565E-08  1.856E-07  4.415E-08
                7.332E-06  2.393E-07  1.915E-07  4.246E-08  2.100E-08  1.950E-06
                1.190E-06  1.109E-06  2.586E-07  2.077E-06  6.273E-07  3.843E-06
                7.683E-08  1.600E-09  4.544E-09  2.560E-11  4.369E-07  7.869E-08
                7.835E-08  1.769E-10  7.086E-07  6.094E-08  2.073E-08  1.280E-06
                8.590E-07  1.955E-06  2.379E-06  1.718E-07  2.985E-07  6.548E-08
                1.046E-06  1.070E-06  4.367E-09  2.668E-08  1.495E-07  4.755E-07
                7.800E-06  1.254E-08  4.012E-11  1.244E-10  5.059E-11  5.286E-11
                3.695E-12  2.017E-07  1.147E-06  2.356E-08  1.124E-06  9.636E-07
                9.211E-08  5.724E-08  3.790E-06  1.334E-06  1.213E-07  1.666E-07
                4.551E-08  1.718E-09  7.443E-08  2.765E-07  2.036E-07  9.105E-09
                7.339E-08  3.354E-08  3.444E-09  2.379E-06  1.776E-08  1.093E-05
                5.051E-08  5.388E-08  1.068E-07  5.277E-07  1.234E-07  2.187E-07
                2.097E-07  2.532E-08  4.140E-06  1.156E-07  4.263E-07  4.580E-09
                1.910E-06  1.211E-05  1.207E-07  2.462E-07  1.385E-06  5.607E-07
                1.183E-06  2.300E-08  6.676E-08  1.027E-07  8.716E-11  3.780E-07
                2.268E-07  3.078E-09  1.111E-08  1.217E-07  1.470E-06  1.781E-06
                4.556E-08  1.137E-08  5.128E-08  2.931E-07  4.481E-09  3.590E-07
                7.842E-07  1.521E-09  2.498E-06  5.177E-07  8.784E-08  1.759E-07
                1.932E-06  4.890E-08  2.115E-07  3.483E-08  2.439E-07  3.356E-07
                2.251E-07  5.161E-06  7.572E-08  1.268E-06  3.709E-09  1.964E-07
                1.471E-07  3.203E-08  6.373E-07  1.232E-07  6.810E-07  8.623E-10
                2.353E-08  1.964E-06  2.001E-06  4.241E-08  2.278E-07  1.714E-07
                1.337E-08  1.180E-07  3.041E-07  1.673E-07  9.978E-08  1.322E-08
                2.493E-06  2.211E-07  1.598E-07  8.216E-08  1.935E-07  1.545E-07
                4.982E-06  2.683E-06  1.433E-07  2.892E-07  5.422E-07  7.486E-07
                6.854E-07  5.814E-08  2.904E-08  1.786E-10  5.334E-09  3.487E-08
                3.625E-07  6.260E-07  7.601E-07  1.768E-06  2.214E-07  2.864E-08
                3.914E-09  7.107E-08  1.165E-07  7.056E-08  2.450E-06
1.64676263E+02  1.587E-03  1.667E-03  1.980E-06  1.038E-03  6.685E-04  2.050E-06
                1.398E-06  5.786E-03  3.232E-06  1.989E-06  1.735E-04  2.711E-06
                2.757E-03  2.364E-05  3.538E-05  4.540E-07  2.180E-07  6.538E-07
                6.366E-07  4.203E-07  2.106E-09  6.708E-07  4.211E-07  1.442E-08
                5.302E-08  1.931E-07  1.321E-06  2.128E-07  5.469E-07  8.544E-07
                8.351E-07  1.582E-07  2.563E-06  8.494E-07  5.655E-07  1.512E-07
                4.063E-10  2.985E-07  3.670E-10  2.226E-06  2.481E-07  1.029E-06
                3.324E-07  5.581E-08  6.998E-08  4.783E-08  1.683E-07  3.379E-08
                5.437E-06  2.081E-07  1.367E-07  3.407E-08  1.986E-08  1.689E-06
                8.425E-07  7.881E-07  1.740E-07  1.475E-06  4.245E-07  3.274E-06
                7.287E-08  1.290E-09  3.577E-09  2.595E-11  2.848E-07  6.632E-08
                5.806E-08  1.122E-10  5.249E-07  4.074E-08  2.751E-08  1.046E-06
                6.920E-07  1.428E-06  1.735E-06  1.173E-07  2.230E-07  4.225E-08
                8.339E-07  8.500E-07  3.160E-09  1.925E-08  1.120E-07  3.347E-07
                5.888E-06  1.447E-08  2.955E-11  9.155E-11  3.683E-11  4.866E-11
                2.763E-12  1.614E-07  9.206E-07  1.570E-08  8.803E-07  7.590E-07
                6.967E-08  6.474E-08  2.834E-06  1.007E-06  9.439E-08  1.300E-07
                3.671E-08  1.661E-09  5.909E-08  2.274E-07  1.689E-07  8.148E-09
                6.996E-08  3.026E-08  2.987E-09  1.969E-06  1.317E-08  7.986E-06
                3.779E-08  4.205E-08  8.167E-08  4.174E-07  9.585E-08  1.694E-07
                1.643E-07  1.939E-08  3.177E-06  9.945E-08  3.551E-07  4.295E-09
                1.408E-06  8.942E-06  9.330E-08  1.805E-07  1.151E-06  4.602E-07
                9.388E-07  1.370E-08  4.561E-08  7.310E-08  7.208E-11  2.684E-07
                1.614E-07  2.236E-09  7.948E-09  9.454E-08  1.146E-06  1.388E-06
                2.713E-08  7.836E-09  3.474E-08  2.381E-07  2.816E-09  2.646E-07
                5.778E-07  1.187E-09  1.951E-06  4.004E-07  5.931E-08  1.373E-07
                1.507E-06  3.342E-08  1.460E-07  2.927E-08  1.722E-07  2.445E-07
                1.802E-07  3.909E-06  6.542E-08  1.063E-06  2.912E-09  1.421E-07
                1.034E-07  2.013E-08  5.657E-07  9.651E-08  5.296E-07  5.746E-10
                1.340E-08  1.529E-06  1.559E-06  2.958E-08  1.666E-07  1.330E-07
                1.112E-08  7.945E-08  2.452E-07  1.156E-07  8.056E-08  9.680E-09
                1.860E-06  1.610E-07  1.292E-07  7.739E-08  1.868E-07  1.224E-07
                3.699E-06  1.998E-06  1.048E-07  2.081E-07  4.225E-07  5.636E-07
                5.026E-07  3.701E-08  2.932E-08  1.616E-10  2.634E-09  2.375E-08
                2.884E-07  5.021E-07  5.915E-07  1.387E-06  1.617E-07  2.298E-08
                3.031E-09  5.417E-08  9.347E-08  5.613E-08  1.937E-06
1.78284263E+02  1.299E-03  1.370E-03  8.781E-07  8.461E-04  5.506E-04  1.977E-06
                1.061E-06  4.769E-03  2.686E-06  1.621E-06  1.405E-04  1.997E-06
                2.228E-03  1.847E-05  2.759E-05  4.276E-07  1.558E-07  5.575E-07
                5.008E-07  3.249E-07  2.101E-09  4.513E-07  2.881E-07  1.386E-08
                4.716E-08  2.109E-07  1.445E-06  1.373E-07  3.401E-07  5.802E-07
                6.076E-07  1.080E-07  1.975E-06  7.657E-07  4.115E-07  9.537E-08
                2.639E-10  1.949E-07  3.879E-10  1.842E-06  2.330E-07  8.237E-07
                2.721E-07  4.097E-08  5.128E-08  4.393E-08  1.597E-07  2.882E-08
                4.327E-06  1.806E-07  9.280E-08  2.693E-08  2.078E-08  1.472E-06
                6.629E-07  6.441E-07  1.290E-07  1.024E-06  3.314E-07  2.868E-06
                6.290E-08  9.662E-10  2.212E-09  2.542E-11  2.344E-07  5.407E-08
                4.516E-08  1.070E-10  3.857E-07  3.284E-08  1.906E-08  6.801E-07
                5.145E-07  1.225E-06  1.299E-06  9.637E-08  1.661E-07  3.422E-08
                5.071E-07  5.121E-07  2.671E-09  1.636E-08  8.533E-08  2.518E-07
                4.604E-06  9.621E-09  2.639E-11  8.102E-11  2.727E-11  3.840E-11
                2.057E-12  9.692E-08  5.613E-07  1.029E-08  7.378E-07  6.406E-07
                5.468E-08  5.562E-08  2.245E-06  7.921E-07  7.019E-08  9.740E-08
                2.607E-08  9.747E-10  4.273E-08  1.631E-07  1.272E-07  4.994E-09
                6.359E-08  1.818E-08  2.165E-09  1.149E-06  9.839E-09  7.107E-06
                3.188E-08  2.703E-08  6.414E-08  3.292E-07  7.344E-08  1.121E-07
                1.108E-07  1.514E-08  2.305E-06  9.260E-08  2.266E-07  3.341E-09
                1.120E-06  8.038E-06  6.763E-08  1.282E-07  6.957E-07  2.760E-07
                6.229E-07  8.390E-09  3.166E-08  5.248E-08  3.802E-11  1.934E-07
                1.163E-07  1.853E-09  6.562E-09  7.442E-08  9.361E-07  1.133E-06
                1.738E-08  7.721E-09  3.025E-08  1.667E-07  2.317E-09  2.116E-07
                4.569E-07  6.926E-10  1.581E-06  3.238E-07  4.645E-08  1.153E-07
                1.220E-06  2.486E-08  1.213E-07  2.138E-08  1.199E-07  2.039E-07
                1.294E-07  3.577E-06  3.811E-08  6.214E-07  2.160E-09  1.019E-07
                7.106E-08  1.317E-08  3.446E-07  7.937E-08  4.343E-07  5.225E-10
                7.940E-09  1.248E-06  1.268E-06  2.026E-08  1.173E-07  1.106E-07
                7.236E-09  5.560E-08  1.747E-07  8.014E-08  5.732E-08  7.287E-09
                1.636E-06  1.220E-07  9.219E-08  4.593E-08  1.152E-07  8.712E-08
                3.230E-06  1.741E-06  8.173E-08  1.344E-07  2.725E-07  4.468E-07
                3.877E-07  2.469E-08  3.257E-08  1.661E-10  1.182E-09  1.940E-08
                2.343E-07  4.117E-07  4.808E-07  1.115E-06  1.154E-07  2.041E-08
                4.052E-09  4.295E-08  7.662E-08  4.079E-08  1.579E-06
1.91892263E+02  9.260E-04  9.824E-04  5.063E-07  6.123E-04  3.977E-04  8.939E-07
                6.845E-07  4.213E-03  1.400E-06  8.983E-07  1.278E-04  1.491E-06
                2.035E-03  1.561E-05  2.327E-05  4.063E-07  1.124E-07  4.054E-07
                4.155E-07  2.386E-07  1.314E-09  3.151E-07  2.417E-07  1.351E-08
                3.975E-08  1.686E-07  1.156E-06  1.090E-07  2.597E-07  3.887E-07
                4.348E-07  7.588E-08  1.335E-06  5.873E-07  2.850E-07  6.157E-08
                1.773E-10  1.452E-07  3.469E-10  1.222E-06  1.800E-07  5.445E-07
                1.744E-07  2.311E-08  3.255E-08  3.670E-08  1.398E-07  1.982E-08
                2.988E-06  1.583E-07  6.291E-08  1.652E-08  2.070E-08  1.288E-06
                4.392E-07  4.256E-07  8.143E-08  7.206E-07  2.136E-07  2.491E-06
                5.670E-08  7.298E-10  2.160E-09  2.550E-11  1.486E-07  4.373E-08
                3.206E-08  7.895E-11  2.746E-07  1.962E-08  2.042E-08  6.803E-07
                4.061E-07  8.979E-07  8.773E-07  6.814E-08  1.144E-07  2.148E-08
                4.084E-07  4.189E-07  2.729E-09  1.693E-08  5.885E-08  1.709E-07
                3.146E-06  4.943E-09  2.163E-11  6.810E-11  2.040E-11  2.748E-11
                1.488E-12  7.759E-08  4.397E-07  7.086E-09  5.969E-07  5.247E-07
                4.087E-08  3.450E-08  1.539E-06  5.346E-07  5.175E-08  7.171E-08
                2.080E-08  9.478E-10  3.420E-08  1.287E-07  1.003E-07  4.701E-09
                5.925E-08  1.728E-08  1.655E-09  1.131E-06  7.872E-09  5.264E-06
                2.419E-08  2.406E-08  4.823E-08  2.420E-07  5.359E-08  9.007E-08
                8.930E-08  1.202E-08  1.595E-06  7.561E-08  2.139E-07  1.557E-09
                8.008E-07  6.006E-06  5.342E-08  1.033E-07  6.714E-07  2.652E-07
                4.573E-07  5.247E-09  2.512E-08  4.356E-08  3.806E-11  1.631E-07
                9.794E-08  1.190E-09  4.160E-09  5.564E-08  7.283E-07  8.844E-07
                1.086E-08  5.204E-09  2.318E-08  1.443E-07  1.896E-09  1.533E-07
                3.331E-07  5.533E-10  1.219E-06  2.453E-07  3.184E-08  9.784E-08
                9.294E-07  1.858E-08  9.282E-08  1.534E-08  8.757E-08  1.517E-07
                9.819E-08  2.749E-06  3.502E-08  5.403E-07  1.654E-09  8.462E-08
                5.745E-08  8.622E-09  3.477E-07  6.074E-08  3.303E-07  4.662E-10
                4.546E-09  9.557E-07  9.702E-07  1.524E-08  9.641E-08  8.148E-08
                7.245E-09  3.993E-08  1.380E-07  6.184E-08  4.496E-08  6.046E-09
                1.280E-06  9.555E-08  7.142E-08  4.898E-08  1.247E-07  6.863E-08
                2.541E-06  1.371E-06  6.131E-08  1.159E-07  2.540E-07  3.295E-07
                2.763E-07  1.607E-08  1.535E-08  5.463E-11  2.158E-09  1.217E-08
                1.898E-07  3.395E-07  3.856E-07  9.029E-07  8.864E-08  1.282E-08
                1.422E-09  3.418E-08  6.290E-08  2.985E-08  1.292E-06
