          16           7
         215          13           1           1
           0          -4           0          -4           0          -6           0          -2           0          -4           0           6           0           4           0           2           0           4           0           6           0           2           0           4           0           2           0          -4           0          -2           0           2           0           4           0           6           0           2           0           4           0           6           0           4           0          -2           0          -2           0          -4           0          -6           0          -8           0          -2           0          -4           0          -6           0          -4           0           2           0          -4           0          -6           0          -2           0          -4           0          -6           0          -6           0          -8           0          -4           0          -6           0          -2           0          -4           0           4           0           6           0           8           0          10           0           4           0          -4           0           2           0           6           0           4           0           8           0           2           0          -4           0          -2           0           6           0           6           0           4           0           2           0           8           0           4           0           6           0           8           0           4           0           6           0           8           0          10           0           4           0           6           0           8           0           6           0           4           0           2           0           6           0           2           0           4           0           2           0          -4           0          -2           0          -6           0          -8           0           6           0           4           0          -4           0          -6           0          -2           0          -4           0          -6           0          -8           0         -10           0          -2           0          -4           0          -6           0          -4           0          -2           0          -6           0          -8           0          -2           0          -4           0           2           0           4           0           6           0           8           0           4           0           4           0           6           0           8           0           2           0          10           0           8           0           6           0           4           0           2           0           6           0           6           0           4           0           4           0           2           0           4           0           6           0           8           0          -4           0           2           0           4           0          -6           0          -4           0           2           0           4           0           6           0           4           0           6           0          -2           0          -4           0          -6           0          -8           0         -10           0          -6           0          -8           0         -10           0         -12           0           2           0          -2           0          -4           0          -6           0          -8           0          -2           0          -8           0         -10           0          -4           0          -2           0          -6           0          -4           0          -2           0          -4           0          -2           0          -4           0          -6           0          -4           0          -8           0          -6           0           2           0           4           0           2           0           4           0           6           0         -10           0          -8           0          -6           0          -4           0           6           0          -2           0          -4           0           8           0          -6           0          -2           0          -4           0          -6           0          -8           0           4           0           6           0          -4           0          -6           0          -6           0          -8           0          -2           0           2           0          -4           0           4           0           6           0           4           0           4           0           2           0           2           0          -4           0          -6           0          -8           0          -2           0          -4           0          -6           0          -8           0         -10           0          -8           0          -6           0          -4           0          -2           0          -2           0          -4           0          -6           0          -6           0          -8           0          -4           0          -2           0          -6           0          -4
    0.000000E+00    9.645106E-03    9.843162E-03    1.435602E-02    1.458263E-02
    4.247197E-02    4.320385E-02    4.360158E-02    5.944295E-02    5.948713E-02
    6.922989E-02    7.316769E-02    7.411300E-02    1.134727E-01    1.147319E-01
    2.354040E-01    2.358931E-01    2.366026E-01    2.382857E-01    2.391328E-01
    2.438023E-01    2.438287E-01    2.461520E-01    2.471700E-01    2.474363E-01
    2.479076E-01    2.485433E-01    2.486026E-01    2.487216E-01    2.491410E-01
    2.502551E-01    2.507374E-01    2.510783E-01    2.511300E-01    2.524691E-01
    2.524772E-01    2.554279E-01    2.561102E-01    2.563381E-01    2.591442E-01
    2.591854E-01    2.609226E-01    2.615363E-01    2.619649E-01    2.622131E-01
    2.625883E-01    2.631076E-01    2.632646E-01    2.633261E-01    2.634365E-01
    2.637297E-01    2.638533E-01    2.640096E-01    2.643758E-01    2.644930E-01
    2.645338E-01    2.648466E-01    2.652759E-01    2.655531E-01    2.656939E-01
    2.657640E-01    2.676748E-01    2.677713E-01    2.679166E-01    2.688115E-01
    2.690337E-01    2.711118E-01    2.712141E-01    2.720014E-01    2.721113E-01
    2.724223E-01    2.724984E-01    2.725578E-01    2.726085E-01    2.727219E-01
    2.737570E-01    2.740430E-01    2.746587E-01    2.763855E-01    2.763956E-01
    2.763957E-01    2.764682E-01    2.789238E-01    2.791446E-01    2.808157E-01
    2.808428E-01    2.816082E-01    2.816156E-01    2.816277E-01    2.816445E-01
    2.816660E-01    2.832213E-01    2.832636E-01    2.833497E-01    2.872720E-01
    2.872722E-01    2.872783E-01    2.873017E-01    2.873787E-01    2.874354E-01
    2.875828E-01    2.876419E-01    2.877951E-01    2.879672E-01    2.884374E-01
    2.885530E-01    2.886000E-01    2.886971E-01    2.887362E-01    2.888178E-01
    2.901974E-01    2.902310E-01    2.934227E-01    2.936053E-01    2.936679E-01
    2.948139E-01    2.948751E-01    2.949134E-01    2.954910E-01    2.955387E-01
    2.955818E-01    2.956302E-01    2.974080E-01    2.974265E-01    2.978254E-01
    2.979930E-01    2.980044E-01    2.981863E-01    2.981951E-01    2.982014E-01
    2.986863E-01    2.989406E-01    2.997979E-01    3.013547E-01    3.014398E-01
    3.015665E-01    3.017420E-01    3.025165E-01    3.025355E-01    3.025686E-01
    3.026262E-01    3.032771E-01    3.036433E-01    3.036673E-01    3.036996E-01
    3.037196E-01    3.041292E-01    3.046134E-01    3.046301E-01    3.048276E-01
    3.048611E-01    3.049614E-01    3.051740E-01    3.052844E-01    3.060373E-01
    3.062721E-01    3.065126E-01    3.067251E-01    3.072820E-01    3.083217E-01
    3.083847E-01    3.085481E-01    3.086063E-01    3.093086E-01    3.093690E-01
    3.093750E-01    3.093804E-01    3.094500E-01    3.095030E-01    3.095365E-01
    3.096086E-01    3.096683E-01    3.098305E-01    3.098337E-01    3.100372E-01
    3.110986E-01    3.111053E-01    3.111248E-01    3.111449E-01    3.124031E-01
    3.124222E-01    3.126400E-01    3.132139E-01    3.132929E-01    3.134326E-01
    3.163175E-01    3.165548E-01    3.167011E-01    3.167161E-01    3.173537E-01
    3.174815E-01    3.194473E-01    3.198310E-01    3.206567E-01    3.235572E-01
    3.235827E-01    3.236877E-01    3.236885E-01    3.238034E-01    3.239013E-01
    3.239634E-01    3.240075E-01    3.245628E-01    3.245933E-01    3.263728E-01
    3.264517E-01    3.271738E-01    3.284075E-01    3.287843E-01    3.314323E-01
    3.314556E-01    3.324856E-01    3.325179E-01    3.327131E-01    3.333147E-01
           0           0           0           1
  -27.915863041215566               13
3.23384630E+01  2.188E-01  2.346E-01  2.256E-04  1.434E-01  9.438E-02  2.733E-04
                3.096E-04  1.382E-01
4.59464630E+01  6.909E-02  9.254E-02  5.540E-04  4.998E-02  3.138E-02  1.078E-04
                2.151E-04  7.784E-02  2.470E-04  1.335E-04  2.109E-03  1.242E-04
                3.142E-02  1.012E-03  1.390E-03
5.95544630E+01  4.109E-02  4.333E-02  2.986E-05  2.663E-02  1.735E-02  5.805E-05
                4.121E-05  5.039E-02  1.224E-04  7.049E-05  1.364E-03  8.672E-05
                2.104E-02  4.964E-04  7.335E-04  1.884E-06  4.864E-06  3.194E-05
                7.802E-06  2.183E-05  3.073E-08  1.191E-05  1.090E-05  6.598E-07
                2.310E-06  2.284E-06  1.205E-05  6.204E-06  1.902E-05  3.003E-05
                3.315E-05  3.252E-06  1.265E-04  1.958E-05  1.923E-05  4.456E-06
                1.356E-08  1.616E-05  6.790E-09  9.536E-05  3.918E-06  4.107E-05
                1.822E-05  5.557E-06  5.265E-06  2.186E-07  6.475E-07  1.715E-06
                1.237E-04  1.235E-06  3.691E-06  1.239E-06  9.705E-07  1.165E-05
                3.319E-05  3.374E-05  8.639E-06  6.021E-05  4.038E-05  3.292E-05
                4.112E-07  1.963E-08  5.809E-08  3.524E-10  3.099E-05  7.898E-07
                7.712E-08  4.611E-10  1.186E-05  2.215E-06  2.197E-07  1.193E-05
                6.636E-06  1.202E-05  4.756E-05  1.087E-05  7.046E-06  3.517E-06
                1.315E-05  1.310E-05  1.168E-07  4.523E-07  1.833E-06  1.787E-05
                1.046E-04  2.317E-07  3.663E-10  1.203E-09  4.220E-10  2.441E-10
                8.093E-12  2.193E-06  1.318E-05  5.579E-07  5.400E-06  4.256E-06
                9.822E-07  1.413E-06  4.813E-05  1.773E-05  1.043E-06  1.238E-06
                5.226E-07  4.193E-08  9.977E-07  3.526E-06  2.239E-06  7.301E-08
                3.371E-06  2.835E-07  6.084E-08  3.017E-05  1.673E-07  1.133E-04
                5.859E-07  8.628E-07  1.636E-06  3.178E-06  8.108E-07  2.045E-06
                1.943E-06  1.130E-07  5.778E-05  1.807E-06  4.084E-06  1.417E-07
                2.193E-05  1.100E-04  1.619E-06  2.969E-06  1.526E-05  6.455E-06
                1.505E-05  1.990E-06  2.516E-06  2.315E-06  1.609E-09  1.119E-05
                6.554E-06  3.361E-09  8.768E-09  1.855E-06  1.435E-05  1.780E-05
                3.340E-06  2.397E-07  1.094E-06  2.010E-05  4.201E-09  3.943E-06
                8.643E-06  1.486E-07  2.622E-05  6.135E-06  3.147E-06  1.815E-06
                1.712E-05  1.373E-06  6.226E-06  9.790E-07  6.095E-06  1.855E-06
                2.653E-06  5.763E-05  1.086E-06  1.855E-05  1.340E-09  4.039E-06
                4.636E-06  2.230E-06  7.685E-06  1.236E-06  7.565E-06  1.131E-08
                2.445E-06  1.975E-05  2.069E-05  1.144E-06  4.988E-06  1.248E-06
                3.758E-07  3.712E-06  1.133E-05  4.788E-06  3.669E-06  2.965E-07
                1.837E-05  3.686E-06  1.862E-06  1.150E-06  3.026E-06  2.155E-06
                3.227E-05  1.597E-05  4.457E-06  1.264E-05  2.854E-05  1.395E-05
                1.534E-05  3.610E-06  2.942E-06  1.523E-10  1.310E-06  7.225E-07
                1.549E-06  2.663E-06  3.549E-06  1.586E-05  5.074E-06  9.256E-07
                1.827E-07  6.508E-07  5.627E-07  1.251E-06  1.489E-05
7.31624630E+01  2.238E-02  2.351E-02  1.380E-05  1.445E-02  9.404E-03  3.137E-05
                2.234E-05  3.423E-02  6.449E-05  3.796E-05  9.476E-04  4.698E-05
                1.474E-02  2.834E-04  4.187E-04  9.994E-07  3.224E-06  1.647E-05
                5.449E-06  1.155E-05  1.194E-08  9.503E-06  4.481E-06  2.842E-07
                8.898E-07  1.071E-06  6.436E-06  3.158E-06  1.077E-05  1.661E-05
                1.569E-05  2.233E-06  5.279E-05  1.010E-05  9.324E-06  2.847E-06
                7.806E-09  7.915E-06  2.427E-09  4.514E-05  1.951E-06  1.954E-05
                8.224E-06  2.382E-06  2.337E-06  1.342E-07  3.696E-07  6.979E-07
                6.917E-05  6.241E-07  2.400E-06  4.414E-07  4.027E-07  5.268E-06
                1.578E-05  1.565E-05  4.145E-06  3.093E-05  1.329E-05  1.274E-05
                2.490E-07  9.821E-09  3.717E-08  5.388E-11  9.892E-06  4.783E-07
                1.845E-07  5.385E-10  7.189E-06  9.564E-07  6.052E-08  7.275E-06
                4.113E-06  9.619E-06  2.625E-05  3.522E-06  3.426E-06  1.518E-06
                8.962E-06  9.135E-06  3.149E-08  1.704E-07  1.252E-06  7.537E-06
                6.318E-05  1.226E-07  2.074E-10  6.577E-10  3.566E-10  1.510E-10
                1.224E-11  1.618E-06  9.296E-06  3.225E-07  4.229E-06  3.278E-06
                7.180E-07  3.947E-07  2.953E-05  1.061E-05  6.722E-07  8.591E-07
                2.573E-07  1.992E-08  5.418E-07  1.709E-06  1.089E-06  5.950E-08
                5.763E-07  2.314E-07  3.769E-08  1.796E-05  1.221E-07  6.710E-05
                3.605E-07  4.081E-07  9.167E-07  2.162E-06  5.637E-07  1.369E-06
                1.251E-06  9.218E-08  3.509E-05  6.833E-07  2.356E-06  5.437E-08
                1.487E-05  6.751E-05  7.680E-07  1.498E-06  9.531E-06  3.977E-06
                9.707E-06  7.486E-07  1.098E-06  1.166E-06  1.165E-09  5.342E-06
                3.140E-06  4.868E-09  1.571E-08  9.752E-07  8.162E-06  1.010E-05
                1.327E-06  1.164E-07  5.755E-07  7.124E-06  6.679E-09  2.734E-06
                5.997E-06  3.937E-08  1.460E-05  3.277E-06  1.409E-06  1.099E-06
                1.058E-05  6.878E-07  2.820E-06  3.505E-07  3.277E-06  1.411E-06
                1.487E-06  3.098E-05  6.134E-07  1.079E-05  5.852E-09  2.021E-06
                2.066E-06  8.359E-07  4.406E-06  7.092E-07  4.051E-06  5.289E-09
                8.224E-07  1.127E-05  1.175E-05  5.665E-07  2.395E-06  6.467E-07
                1.715E-07  1.864E-06  4.321E-06  2.407E-06  1.312E-06  1.431E-07
                1.220E-05  2.124E-06  1.056E-06  6.112E-07  1.403E-06  9.610E-07
                2.279E-05  1.160E-05  1.821E-06  5.763E-06  1.149E-05  6.610E-06
                7.337E-06  1.394E-06  7.019E-07  3.758E-10  4.995E-07  4.058E-07
                1.500E-06  2.407E-06  3.274E-06  9.274E-06  2.440E-06  3.518E-07
                4.270E-08  4.591E-07  4.393E-07  5.413E-07  1.070E-05
8.67704630E+01  1.326E-02  1.391E-02  8.486E-06  8.552E-03  5.554E-03  1.892E-05
                1.328E-05  2.423E-02  3.700E-05  2.200E-05  6.830E-04  2.740E-05
                1.069E-02  1.722E-04  2.550E-04  6.947E-07  2.116E-06  9.270E-06
                3.707E-06  6.686E-06  8.778E-09  6.454E-06  2.491E-06  1.269E-07
                3.946E-07  7.273E-07  4.659E-06  1.875E-06  6.617E-06  1.017E-05
                8.607E-06  1.511E-06  2.618E-05  6.285E-06  5.253E-06  1.833E-06
                4.909E-09  4.215E-06  1.756E-09  2.393E-05  1.231E-06  1.044E-05
                4.175E-06  1.130E-06  1.163E-06  9.351E-08  2.343E-07  3.493E-07
                4.163E-05  5.056E-07  1.540E-06  2.434E-07  2.103E-07  4.156E-06
                8.733E-06  8.308E-06  2.249E-06  1.742E-05  6.085E-06  8.978E-06
                1.825E-07  6.771E-09  2.551E-08  1.971E-11  4.369E-06  3.154E-07
                2.187E-07  4.780E-10  4.442E-06  5.117E-07  3.431E-08  5.367E-06
                3.192E-06  7.177E-06  1.598E-05  1.548E-06  2.014E-06  6.711E-07
                6.141E-06  6.322E-06  1.390E-08  8.304E-08  8.345E-07  3.876E-06
                4.012E-05  8.392E-08  1.374E-10  4.355E-10  2.663E-10  1.165E-10
                1.138E-11  1.158E-06  6.546E-06  1.996E-07  3.216E-06  2.541E-06
                4.916E-07  1.559E-07  1.891E-05  6.746E-06  4.769E-07  6.382E-07
                1.845E-07  1.150E-08  3.528E-07  1.158E-06  7.519E-07  4.345E-08
                1.797E-07  1.667E-07  2.075E-08  1.247E-05  8.031E-08  4.299E-05
                2.395E-07  2.672E-07  5.969E-07  1.734E-06  4.286E-07  1.007E-06
                9.511E-07  7.709E-08  2.243E-05  3.612E-07  1.709E-06  3.051E-08
                9.730E-06  4.432E-05  5.071E-07  1.020E-06  6.733E-06  2.802E-06
                6.463E-06  3.434E-07  5.494E-07  6.279E-07  6.431E-10  2.699E-06
                1.593E-06  5.703E-09  2.018E-08  6.238E-07  5.359E-06  6.591E-06
                6.317E-07  6.515E-08  3.177E-07  2.905E-06  7.706E-09  1.803E-06
                3.958E-06  1.759E-08  9.406E-06  2.065E-06  7.260E-07  6.992E-07
                7.191E-06  3.836E-07  1.495E-06  1.719E-07  1.925E-06  1.113E-06
                1.022E-06  1.889E-05  4.106E-07  7.234E-06  8.035E-09  1.123E-06
                1.076E-06  3.904E-07  2.932E-06  4.543E-07  2.582E-06  1.913E-09
                3.594E-07  7.351E-06  7.620E-06  3.153E-07  1.337E-06  4.801E-07
                8.819E-08  1.035E-06  2.049E-06  1.345E-06  6.073E-07  8.084E-08
                8.435E-06  1.307E-06  7.288E-07  3.817E-07  8.256E-07  6.295E-07
                1.626E-05  8.458E-06  9.391E-07  2.846E-06  5.100E-06  3.781E-06
                4.118E-06  6.721E-07  2.022E-07  4.637E-10  2.117E-07  2.449E-07
                1.159E-06  1.868E-06  2.487E-06  6.258E-06  1.316E-06  1.830E-07
                1.602E-08  3.075E-07  3.421E-07  3.074E-07  7.835E-06
1.00378463E+02  8.365E-03  8.777E-03  4.896E-06  5.412E-03  3.507E-03  1.113E-05
                8.139E-06  1.800E-02  2.159E-05  1.306E-05  5.151E-04  1.680E-05
                8.097E-03  1.145E-04  1.696E-04  5.700E-07  1.357E-06  5.425E-06
                2.476E-06  3.927E-06  7.804E-09  4.155E-06  1.533E-06  5.412E-08
                1.852E-07  6.031E-07  4.009E-06  1.157E-06  4.048E-06  6.342E-06
                5.033E-06  9.705E-07  1.439E-05  4.245E-06  3.180E-06  1.162E-06
                3.073E-09  2.388E-06  1.399E-09  1.368E-05  8.796E-07  6.098E-06
                2.302E-06  5.838E-07  6.252E-07  8.211E-08  2.185E-07  1.902E-07
                2.668E-05  4.318E-07  9.492E-07  1.479E-07  1.094E-07  3.530E-06
                5.185E-06  4.804E-06  1.297E-06  1.014E-05  3.217E-06  7.287E-06
                1.478E-07  4.724E-09  1.690E-08  1.296E-11  2.251E-06  2.132E-07
                2.011E-07  4.234E-10  2.771E-06  2.901E-07  2.479E-08  3.840E-06
                2.401E-06  5.314E-06  9.763E-06  8.116E-07  1.200E-06  3.472E-07
                4.118E-06  4.251E-06  8.988E-09  5.477E-08  5.391E-07  2.183E-06
                2.674E-05  5.168E-08  1.001E-10  3.154E-10  1.848E-10  9.785E-11
                9.358E-12  7.899E-07  4.444E-06  1.213E-07  2.513E-06  2.031E-06
                3.320E-07  9.362E-08  1.274E-05  4.512E-06  3.505E-07  4.769E-07
                1.370E-07  6.778E-09  2.455E-07  8.309E-07  5.545E-07  2.968E-08
                1.211E-07  1.120E-07  1.154E-08  8.559E-06  5.640E-08  3.004E-05
                1.555E-07  1.859E-07  3.990E-07  1.364E-06  3.306E-07  7.352E-07
                7.014E-07  6.142E-08  1.500E-05  2.474E-07  1.266E-06  1.877E-08
                6.555E-06  3.163E-05  3.640E-07  7.573E-07  4.709E-06  1.959E-06
                4.369E-06  1.760E-07  3.078E-07  3.757E-07  3.622E-10  1.510E-06
                8.954E-07  6.184E-09  2.262E-08  4.187E-07  3.830E-06  4.683E-06
                3.348E-07  4.051E-08  1.893E-07  1.353E-06  8.645E-09  1.214E-06
                2.675E-06  7.998E-09  6.609E-06  1.428E-06  4.177E-07  4.776E-07
                5.196E-06  2.283E-07  8.718E-07  1.049E-07  1.154E-06  8.693E-07
                7.171E-07  1.310E-05  2.784E-07  4.848E-06  7.938E-09  6.867E-07
                6.230E-07  2.076E-07  1.999E-06  3.196E-07  1.811E-06  1.201E-09
                1.836E-07  5.211E-06  5.372E-06  1.874E-07  8.175E-07  3.922E-07
                5.073E-08  6.112E-07  1.124E-06  8.000E-07  3.379E-07  5.002E-08
                6.246E-06  8.343E-07  5.157E-07  2.502E-07  5.319E-07  4.620E-07
                1.227E-05  6.477E-06  5.589E-07  1.508E-06  2.516E-06  2.450E-06
                2.571E-06  3.633E-07  7.095E-08  4.259E-10  9.054E-08  1.544E-07
                8.766E-07  1.429E-06  1.880E-06  4.540E-06  8.052E-07  1.040E-07
                8.858E-09  2.116E-07  2.658E-07  2.056E-07  5.875E-06
1.13986463E+02  5.588E-03  5.869E-03  3.379E-06  3.613E-03  2.344E-03  8.043E-06
                5.437E-06  1.352E-02  1.437E-05  8.687E-06  3.896E-04  1.088E-05
                6.137E-03  7.626E-05  1.133E-04  5.101E-07  8.838E-07  3.054E-06
                1.762E-06  2.213E-06  5.505E-09  2.801E-06  1.127E-06  2.366E-08
                1.097E-07  4.395E-07  2.951E-06  7.867E-07  2.600E-06  4.092E-06
                3.246E-06  6.535E-07  9.266E-06  2.840E-06  2.111E-06  7.608E-07
                1.974E-09  1.450E-06  9.218E-10  8.745E-06  6.364E-07  3.924E-06
                1.431E-06  3.289E-07  3.634E-07  7.204E-08  2.090E-07  1.202E-07
                1.821E-05  3.688E-07  6.119E-07  1.058E-07  5.791E-08  3.008E-06
                3.351E-06  3.065E-06  8.034E-07  6.341E-06  1.935E-06  6.082E-06
                1.235E-07  3.537E-09  1.159E-08  1.383E-11  1.341E-06  1.558E-07
                1.604E-07  3.048E-10  1.852E-06  1.808E-07  3.147E-08  2.832E-06
                1.853E-06  3.967E-06  6.472E-06  4.920E-07  8.207E-07  2.059E-07
                2.965E-06  3.054E-06  6.713E-09  4.055E-08  3.756E-07  1.381E-06
                1.890E-05  4.246E-08  7.495E-11  2.335E-10  1.268E-10  9.143E-11
                7.780E-12  5.775E-07  3.252E-06  7.692E-08  2.010E-06  1.657E-06
                2.252E-07  9.011E-08  9.003E-06  3.216E-06  2.708E-07  3.680E-07
                1.039E-07  5.099E-09  1.722E-07  6.309E-07  4.274E-07  2.366E-08
                1.019E-07  8.846E-08  9.971E-09  6.222E-06  4.030E-08  2.155E-05
                1.143E-07  1.370E-07  2.692E-07  1.086E-06  2.616E-07  5.467E-07
                5.175E-07  4.758E-08  1.065E-05  1.835E-07  9.774E-07  1.372E-08
                4.533E-06  2.301E-05  2.743E-07  5.633E-07  3.510E-06  1.449E-06
                3.177E-06  9.789E-08  1.883E-07  2.440E-07  2.542E-10  9.332E-07
                5.563E-07  5.324E-09  1.943E-08  2.921E-07  2.905E-06  3.538E-06
                1.878E-07  2.723E-08  1.258E-07  7.311E-07  6.986E-09  8.416E-07
                1.843E-06  4.968E-09  5.005E-06  1.066E-06  2.608E-07  3.501E-07
                3.939E-06  1.429E-07  5.589E-07  7.619E-08  7.346E-07  6.709E-07
                5.351E-07  9.368E-06  2.063E-07  3.563E-06  7.169E-09  4.605E-07
                3.959E-07  1.199E-07  1.527E-06  2.429E-07  1.366E-06  9.765E-10
                1.012E-07  3.936E-06  4.046E-06  1.208E-07  5.485E-07  3.157E-07
                3.277E-08  3.767E-07  7.327E-07  5.009E-07  2.276E-07  3.350E-08
                4.590E-06  5.612E-07  3.860E-07  1.919E-07  4.156E-07  3.542E-07
                9.116E-06  4.861E-06  3.641E-07  8.910E-07  1.471E-06  1.714E-06
                1.736E-06  2.118E-07  4.380E-08  4.097E-10  3.589E-08  9.678E-08
                6.904E-07  1.141E-06  1.466E-06  3.459E-06  5.460E-07  6.824E-08
                6.099E-09  1.530E-07  2.121E-07  1.562E-07  4.595E-06
1.27594463E+02  3.824E-03  4.021E-03  2.314E-06  2.488E-03  1.609E-03  4.889E-06
                3.564E-06  1.067E-02  8.823E-06  5.419E-06  3.119E-04  7.227E-06
                4.929E-03  5.571E-05  8.275E-05  4.885E-07  5.888E-07  2.026E-06
                1.251E-06  1.440E-06  4.410E-09  1.815E-06  8.021E-07  1.125E-08
                6.617E-08  4.298E-07  2.926E-06  5.263E-07  1.662E-06  2.650E-06
                2.091E-06  4.245E-07  5.880E-06  2.185E-06  1.393E-06  4.871E-07
                1.273E-09  8.989E-07  9.192E-10  5.562E-06  5.250E-07  2.553E-06
                8.849E-07  1.894E-07  2.193E-07  6.419E-08  1.923E-07  7.551E-08
                1.250E-05  3.101E-07  3.942E-07  7.082E-08  3.142E-08  2.526E-06
                2.171E-06  1.977E-06  5.130E-07  4.135E-06  1.211E-06  5.038E-06
                9.698E-08  2.606E-09  8.525E-09  1.975E-11  8.286E-07  1.164E-07
                1.247E-07  2.456E-10  1.283E-06  1.153E-07  2.445E-08  2.211E-06
                1.392E-06  2.953E-06  4.362E-06  3.122E-07  5.430E-07  1.264E-07
                2.005E-06  2.067E-06  6.040E-09  3.663E-08  2.612E-07  8.958E-07
                1.311E-05  2.458E-08  5.859E-11  1.833E-10  9.122E-11  7.260E-11
                5.958E-12  3.884E-07  2.186E-06  5.016E-08  1.609E-06  1.351E-06
                1.601E-07  6.872E-08  6.305E-06  2.226E-06  1.999E-07  2.731E-07
                7.731E-08  3.187E-09  1.288E-07  4.638E-07  3.239E-07  1.614E-08
                8.623E-08  6.026E-08  5.669E-09  4.514E-06  2.974E-08  1.620E-05
                8.027E-08  9.847E-08  1.845E-07  8.193E-07  1.968E-07  3.955E-07
                3.762E-07  3.874E-08  7.251E-06  1.486E-07  7.380E-07  8.564E-09
                3.223E-06  1.759E-05  2.026E-07  4.210E-07  2.547E-06  1.044E-06
                2.146E-06  5.653E-08  1.287E-07  1.807E-07  1.734E-10  6.754E-07
                4.038E-07  4.427E-09  1.613E-08  2.047E-07  2.214E-06  2.690E-06
                1.089E-07  1.750E-08  8.497E-08  5.367E-07  6.243E-09  6.017E-07
                1.324E-06  3.351E-09  3.788E-06  7.968E-07  1.670E-07  2.625E-07
                2.951E-06  9.435E-08  3.700E-07  5.748E-08  4.874E-07  5.109E-07
                3.882E-07  7.300E-06  1.442E-07  2.459E-06  5.737E-09  3.422E-07
                2.773E-07  7.233E-08  1.115E-06  1.844E-07  1.031E-06  1.086E-09
                5.844E-08  2.978E-06  3.049E-06  8.254E-08  4.052E-07  2.511E-07
                2.363E-08  2.414E-07  5.395E-07  3.320E-07  1.718E-07  2.303E-08
                3.609E-06  3.908E-07  2.747E-07  1.407E-07  3.133E-07  2.592E-07
                7.215E-06  3.869E-06  2.504E-07  5.889E-07  1.029E-06  1.229E-06
                1.197E-06  1.294E-07  3.264E-08  2.756E-10  1.963E-08  6.446E-08
                5.340E-07  8.999E-07  1.130E-06  2.660E-06  3.896E-07  4.770E-08
                4.496E-09  1.135E-07  1.672E-07  1.168E-07  3.589E-06
1.41202463E+02  2.765E-03  2.905E-03  1.888E-06  1.794E-03  1.162E-03  4.105E-06
                2.591E-06  8.265E-03  6.581E-06  3.985E-06  2.421E-04  4.979E-06
                3.831E-03  3.870E-05  5.773E-05  4.731E-07  4.016E-07  1.215E-06
                9.629E-07  8.334E-07  3.545E-09  1.275E-06  6.327E-07  1.196E-08
                6.252E-08  2.892E-07  1.968E-06  3.727E-07  1.082E-06  1.741E-06
                1.492E-06  2.985E-07  4.447E-06  1.456E-06  1.011E-06  3.191E-07
                8.321E-10  5.858E-07  5.515E-10  4.053E-06  3.810E-07  1.859E-06
                6.322E-07  1.219E-07  1.432E-07  6.076E-08  1.998E-07  5.707E-08
                9.330E-06  2.691E-07  2.640E-07  5.706E-08  2.384E-08  2.189E-06
                1.556E-06  1.433E-06  3.458E-07  2.771E-06  8.224E-07  4.317E-06
                9.145E-08  2.031E-09  5.679E-09  2.278E-11  5.625E-07  9.476E-08
                9.599E-08  1.875E-10  9.117E-07  7.986E-08  2.874E-08  1.546E-06
                1.080E-06  2.297E-06  3.109E-06  2.165E-07  3.954E-07  8.520E-08
                1.457E-06  1.489E-06  4.290E-09  2.582E-08  1.925E-07  6.212E-07
                1.002E-05  2.370E-08  4.435E-11  1.368E-10  6.322E-11  6.751E-11
                4.543E-12  2.846E-07  1.617E-06  3.177E-08  1.289E-06  1.092E-06
                1.152E-07  8.112E-08  4.811E-06  1.720E-06  1.538E-07  2.109E-07
                5.782E-08  2.560E-09  9.324E-08  3.548E-07  2.541E-07  1.257E-08
                8.066E-08  4.653E-08  4.943E-09  3.125E-06  2.164E-08  1.250E-05
                6.205E-08  6.977E-08  1.379E-07  6.591E-07  1.546E-07  2.847E-07
                2.715E-07  2.951E-08  5.510E-06  1.288E-07  5.427E-07  7.438E-09
                2.375E-06  1.372E-05  1.521E-07  3.039E-07  1.815E-06  7.376E-07
                1.631E-06  3.319E-08  8.260E-08  1.208E-07  1.142E-10  4.432E-07
                2.660E-07  3.689E-09  1.335E-08  1.554E-07  1.742E-06  2.112E-06
                6.500E-08  1.391E-08  6.146E-08  3.467E-07  4.660E-09  4.432E-07
                9.666E-07  2.070E-09  2.985E-06  6.225E-07  1.144E-07  2.052E-07
                2.335E-06  6.244E-08  2.618E-07  4.503E-08  3.210E-07  3.943E-07
                2.922E-07  5.731E-06  1.050E-07  1.769E-06  4.547E-09  2.329E-07
                1.818E-07  4.449E-08  8.351E-07  1.466E-07  8.142E-07  7.604E-10
                3.406E-08  2.343E-06  2.397E-06  5.403E-08  2.742E-07  2.040E-07
                1.636E-08  1.566E-07  3.808E-07  2.162E-07  1.240E-07  1.634E-08
                2.785E-06  2.751E-07  2.104E-07  1.081E-07  2.480E-07  1.984E-07
                5.550E-06  2.989E-06  1.785E-07  3.686E-07  6.617E-07  9.212E-07
                8.675E-07  8.029E-08  3.717E-08  2.846E-10  6.630E-09  4.467E-08
                4.285E-07  7.291E-07  8.951E-07  2.087E-06  2.747E-07  3.625E-08
                4.744E-09  8.508E-08  1.359E-07  8.977E-08  2.862E-06
1.54810463E+02  2.013E-03  2.125E-03  9.235E-07  1.317E-03  8.538E-04  2.454E-06
                1.730E-06  6.916E-03  4.079E-06  2.531E-06  2.046E-04  3.518E-06
                3.243E-03  3.103E-05  4.617E-05  4.591E-07  2.752E-07  9.290E-07
                7.202E-07  6.127E-07  2.733E-09  8.251E-07  4.551E-07  9.714E-09
                4.658E-08  3.164E-07  2.168E-06  2.542E-07  7.116E-07  1.158E-06
                1.008E-06  1.947E-07  2.986E-06  1.265E-06  6.879E-07  2.031E-07
                5.417E-10  3.823E-07  6.488E-10  2.790E-06  3.405E-07  1.285E-06
                4.241E-07  7.440E-08  9.222E-08  5.192E-08  1.731E-07  3.982E-08
                6.658E-06  2.277E-07  1.720E-07  3.805E-08  1.983E-08  1.854E-06
                1.065E-06  9.932E-07  2.285E-07  1.878E-06  5.585E-07  3.642E-06
                7.236E-08  1.490E-09  4.424E-09  2.644E-11  3.865E-07  7.388E-08
                7.137E-08  1.568E-10  6.463E-07  5.332E-08  2.136E-08  1.262E-06
                8.018E-07  1.783E-06  2.144E-06  1.542E-07  2.707E-07  5.778E-08
                9.671E-07  9.915E-07  4.344E-09  2.663E-08  1.356E-07  4.277E-07
                7.062E-06  1.098E-08  3.790E-11  1.181E-10  4.675E-11  4.915E-11
                3.402E-12  1.861E-07  1.055E-06  2.126E-08  1.061E-06  9.122E-07
                8.489E-08  5.181E-08  3.433E-06  1.204E-06  1.122E-07  1.539E-07
                4.282E-08  1.655E-09  6.975E-08  2.599E-07  1.915E-07  8.764E-09
                7.141E-08  3.241E-08  3.186E-09  2.318E-06  1.659E-08  1.003E-05
                4.663E-08  5.123E-08  9.666E-08  4.854E-07  1.139E-07  2.047E-07
                1.960E-07  2.374E-08  3.736E-06  1.090E-07  4.125E-07  3.953E-09
                1.749E-06  1.115E-05  1.123E-07  2.289E-07  1.343E-06  5.421E-07
                1.075E-06  2.005E-08  6.220E-08  9.745E-08  8.874E-11  3.596E-07
                2.157E-07  2.738E-09  9.836E-09  1.110E-07  1.374E-06  1.666E-06
                3.954E-08  1.007E-08  4.663E-08  2.869E-07  4.095E-09  3.295E-07
                7.210E-07  1.495E-09  2.333E-06  4.814E-07  7.847E-08  1.653E-07
                1.792E-06  4.459E-08  1.921E-07  3.245E-08  2.232E-07  3.084E-07
                2.094E-07  4.795E-06  7.275E-08  1.206E-06  3.479E-09  1.867E-07
                1.380E-07  2.829E-08  6.265E-07  1.149E-07  6.341E-07  8.443E-10
                2.027E-08  1.831E-06  1.865E-06  3.934E-08  2.166E-07  1.580E-07
                1.301E-08  1.063E-07  2.901E-07  1.536E-07  9.509E-08  1.227E-08
                2.322E-06  2.044E-07  1.480E-07  8.200E-08  1.948E-07  1.437E-07
                4.648E-06  2.505E-06  1.319E-07  2.744E-07  5.302E-07  6.907E-07
                6.270E-07  5.171E-08  2.569E-08  1.450E-10  5.386E-09  3.101E-08
                3.408E-07  5.912E-07  7.116E-07  1.662E-06  2.064E-07  2.631E-08
                3.219E-09  6.660E-08  1.098E-07  6.566E-08  2.309E-06
1.68418463E+02  1.488E-03  1.560E-03  1.857E-06  9.691E-04  6.248E-04  2.130E-06
                1.315E-06  5.386E-03  3.164E-06  1.927E-06  1.613E-04  2.479E-06
                2.563E-03  2.126E-05  3.188E-05  4.510E-07  1.999E-07  5.978E-07
                6.053E-07  3.716E-07  2.135E-09  6.166E-07  3.930E-07  1.594E-08
                5.544E-08  1.661E-07  1.135E-06  1.925E-07  4.805E-07  7.614E-07
                7.820E-07  1.457E-07  2.472E-06  7.447E-07  5.292E-07  1.339E-07
                3.633E-10  2.686E-07  2.986E-10  2.127E-06  2.244E-07  9.781E-07
                3.168E-07  5.202E-08  6.457E-08  4.717E-08  1.680E-07  3.287E-08
                5.161E-06  2.020E-07  1.243E-07  3.352E-08  2.032E-08  1.640E-06
                7.946E-07  7.500E-07  1.605E-07  1.339E-06  3.937E-07  3.173E-06
                7.187E-08  1.219E-09  3.063E-09  2.578E-11  2.642E-07  6.352E-08
                5.459E-08  1.073E-10  4.853E-07  3.845E-08  2.692E-08  9.034E-07
                6.479E-07  1.352E-06  1.617E-06  1.091E-07  2.072E-07  3.907E-08
                7.556E-07  7.660E-07  2.707E-09  1.643E-08  1.050E-07  3.083E-07
                5.620E-06  1.576E-08  2.733E-11  8.406E-11  3.366E-11  4.867E-11
                2.533E-12  1.465E-07  8.416E-07  1.392E-08  8.264E-07  7.119E-07
                6.542E-08  7.244E-08  2.702E-06  9.653E-07  8.841E-08  1.221E-07
                3.371E-08  1.517E-09  5.462E-08  2.109E-07  1.586E-07  7.336E-09
                7.052E-08  2.712E-08  2.817E-09  1.694E-06  1.190E-08  7.584E-06
                3.547E-08  3.688E-08  7.785E-08  3.994E-07  9.046E-08  1.522E-07
                1.488E-07  1.799E-08  3.013E-06  9.847E-08  3.139E-07  4.589E-09
                1.323E-06  8.516E-06  8.604E-08  1.622E-07  1.002E-06  3.996E-07
                8.784E-07  1.183E-08  3.963E-08  6.379E-08  5.771E-11  2.335E-07
                1.406E-07  2.178E-09  7.737E-09  9.040E-08  1.080E-06  1.308E-06
                2.369E-08  7.708E-09  3.195E-08  2.181E-07  2.510E-09  2.480E-07
                5.395E-07  9.933E-10  1.841E-06  3.780E-07  5.476E-08  1.283E-07
                1.431E-06  2.996E-08  1.341E-07  2.828E-08  1.545E-07  2.295E-07
                1.672E-07  3.742E-06  5.778E-08  9.402E-07  2.689E-09  1.244E-07
                9.014E-08  1.775E-08  4.986E-07  9.153E-08  5.020E-07  5.016E-10
                1.148E-08  1.445E-06  1.474E-06  2.597E-08  1.462E-07  1.276E-07
                9.813E-09  7.078E-08  2.278E-07  1.022E-07  7.480E-08  8.749E-09
                1.756E-06  1.463E-07  1.206E-07  6.845E-08  1.665E-07  1.127E-07
                3.476E-06  1.878E-06  9.713E-08  1.787E-07  3.658E-07  5.296E-07
                4.690E-07  3.262E-08  3.438E-08  1.880E-10  1.655E-09  2.243E-08
                2.716E-07  4.728E-07  5.548E-07  1.298E-06  1.450E-07  2.279E-08
                3.667E-09  5.010E-08  8.825E-08  5.266E-08  1.817E-06
1.82026463E+02  1.209E-03  1.280E-03  7.946E-07  7.903E-04  5.157E-04  1.671E-06
                9.446E-07  4.672E-03  2.312E-06  1.414E-06  1.377E-04  1.865E-06
                2.183E-03  1.820E-05  2.713E-05  4.164E-07  1.415E-07  5.377E-07
                4.650E-07  3.135E-07  1.892E-09  3.974E-07  2.591E-07  1.237E-08
                4.200E-08  2.394E-07  1.642E-06  1.233E-07  3.078E-07  5.287E-07
                5.414E-07  9.557E-08  1.731E-06  8.076E-07  3.648E-07  8.377E-08
                2.341E-10  1.743E-07  4.715E-10  1.661E-06  2.401E-07  7.376E-07
                2.433E-07  3.551E-08  4.555E-08  4.093E-08  1.480E-07  2.618E-08
                3.920E-06  1.725E-07  8.129E-08  2.292E-08  2.032E-08  1.407E-06
                5.949E-07  5.795E-07  1.141E-07  9.147E-07  3.001E-07  2.746E-06
                5.739E-08  8.755E-10  2.176E-09  2.566E-11  2.162E-07  5.030E-08
                4.105E-08  1.039E-10  3.456E-07  2.907E-08  1.691E-08  6.789E-07
                4.729E-07  1.159E-06  1.152E-06  9.038E-08  1.488E-07  3.145E-08
                4.465E-07  4.536E-07  2.976E-09  1.837E-08  7.606E-08  2.278E-07
                4.114E-06  6.253E-09  2.655E-11  8.216E-11  2.522E-11  3.271E-11
                1.892E-12  8.474E-08  4.874E-07  9.276E-09  7.122E-07  6.220E-07
                4.997E-08  4.206E-08  2.019E-06  7.047E-07  6.369E-08  8.827E-08
                2.390E-08  8.828E-10  3.915E-08  1.485E-07  1.165E-07  4.632E-09
                6.024E-08  1.686E-08  2.077E-09  1.099E-06  9.425E-09  6.796E-06
                3.051E-08  2.570E-08  5.844E-08  2.985E-07  6.679E-08  1.028E-07
                1.013E-07  1.424E-08  2.018E-06  8.751E-08  2.161E-07  2.420E-09
                1.031E-06  7.703E-06  6.252E-08  1.209E-07  6.638E-07  2.631E-07
                5.378E-07  7.472E-09  3.078E-08  5.188E-08  3.804E-11  1.926E-07
                1.156E-07  1.632E-09  5.758E-09  6.760E-08  8.856E-07  1.072E-06
                1.550E-08  7.277E-09  2.968E-08  1.557E-07  2.323E-09  1.961E-07
                4.235E-07  6.629E-10  1.487E-06  3.033E-07  4.276E-08  1.122E-07
                1.138E-06  2.344E-08  1.171E-07  1.836E-08  1.098E-07  1.936E-07
                1.166E-07  3.444E-06  3.476E-08  5.595E-07  2.001E-09  1.004E-07
                6.887E-08  1.185E-08  3.296E-07  7.462E-08  4.074E-07  5.511E-10
                6.936E-09  1.174E-06  1.190E-06  1.916E-08  1.141E-07  1.019E-07
                7.045E-09  5.135E-08  1.577E-07  7.549E-08  5.190E-08  7.019E-09
                1.585E-06  1.158E-07  8.302E-08  4.395E-08  1.114E-07  7.967E-08
                3.141E-06  1.692E-06  7.656E-08  1.305E-07  2.662E-07  4.147E-07
                3.560E-07  2.231E-08  2.468E-08  1.188E-10  1.373E-09  1.733E-08
                2.224E-07  3.939E-07  4.578E-07  1.061E-06  1.087E-07  1.752E-08
                3.122E-09  4.096E-08  7.306E-08  3.625E-08  1.510E-06
1.95634463E+02  8.321E-04  8.794E-04  1.627E-06  5.505E-04  3.558E-04  7.776E-07
                6.217E-07  3.906E-03  1.242E-06  7.992E-07  1.198E-04  1.328E-06
                1.911E-03  1.375E-05  2.058E-05  4.111E-07  1.046E-07  3.488E-07
                4.112E-07  2.011E-07  1.252E-09  3.005E-07  2.425E-07  1.594E-08
                4.361E-08  1.180E-07  8.061E-07  1.047E-07  2.387E-07  3.391E-07
                4.154E-07  7.236E-08  1.290E-06  4.468E-07  2.689E-07  5.484E-08
                1.605E-10  1.378E-07  2.247E-10  1.105E-06  1.447E-07  4.971E-07
                1.569E-07  2.063E-08  2.916E-08  3.615E-08  1.424E-07  1.872E-08
                2.751E-06  1.568E-07  5.881E-08  1.664E-08  2.093E-08  1.274E-06
                3.988E-07  3.847E-07  7.318E-08  6.627E-07  1.881E-07  2.448E-06
                5.916E-08  6.992E-10  1.949E-09  2.427E-11  1.264E-07  4.172E-08
                2.951E-08  6.995E-11  2.565E-07  1.775E-08  2.290E-08  6.151E-07
                3.900E-07  8.105E-07  8.195E-07  6.042E-08  1.063E-07  1.819E-08
                4.030E-07  4.111E-07  2.186E-09  1.348E-08  5.540E-08  1.542E-07
                2.964E-06  7.395E-09  1.865E-11  5.850E-11  1.895E-11  2.987E-11
                1.378E-12  7.681E-08  4.379E-07  6.427E-09  5.433E-07  4.768E-07
                3.912E-08  4.490E-08  1.437E-06  5.047E-07  4.916E-08  6.822E-08
                1.983E-08  9.692E-10  3.300E-08  1.241E-07  9.677E-08  4.649E-09
                6.201E-08  1.713E-08  1.571E-09  1.059E-06  6.974E-09  4.721E-06
                2.134E-08  2.208E-08  4.643E-08  2.328E-07  5.062E-08  8.442E-08
                8.482E-08  1.114E-08  1.555E-06  7.407E-08  2.015E-07  2.025E-09
                7.312E-07  5.406E-06  5.028E-08  9.353E-08  6.299E-07  2.481E-07
                4.580E-07  4.479E-09  2.145E-08  3.733E-08  3.217E-11  1.392E-07
                8.378E-08  1.135E-09  3.963E-09  5.398E-08  6.721E-07  8.158E-07
                9.333E-09  4.552E-09  1.947E-08  1.395E-07  1.559E-09  1.392E-07
                3.029E-07  4.856E-10  1.128E-06  2.268E-07  2.828E-08  8.956E-08
                8.693E-07  1.636E-08  7.995E-08  1.582E-08  8.030E-08  1.363E-07
                9.458E-08  2.503E-06  3.419E-08  5.257E-07  1.541E-09  7.268E-08
                4.960E-08  7.567E-09  3.331E-07  5.627E-08  3.055E-07  3.842E-10
                3.775E-09  8.836E-07  8.982E-07  1.327E-08  8.378E-08  7.690E-08
                6.876E-09  3.548E-08  1.335E-07  5.490E-08  4.336E-08  5.445E-09
                1.152E-06  8.634E-08  6.960E-08  4.790E-08  1.218E-07  6.521E-08
                2.275E-06  1.228E-06  5.581E-08  1.012E-07  2.280E-07  3.036E-07
                2.531E-07  1.392E-08  1.882E-08  7.173E-11  1.452E-09  1.107E-08
                1.762E-07  3.145E-07  3.544E-07  8.322E-07  7.909E-08  1.274E-08
                1.610E-09  3.100E-08  5.855E-08  2.888E-08  1.189E-06
