3.40394630E+01  4.383E-02
3.43796630E+01  4.632E-02
3.47198630E+01  4.907E-02
3.50600630E+01  4.372E-02
3.54002630E+01  4.957E-02
3.57404630E+01  4.436E-02
3.60806630E+01  4.562E-02
3.64208630E+01  4.270E-02
3.67610630E+01  4.259E-02
3.71012630E+01  4.191E-02
3.74414630E+01  4.110E-02
3.77816630E+01  4.079E-02
3.81218630E+01  4.058E-02
3.84620630E+01  3.977E-02
3.88022630E+01  3.990E-02
3.91424630E+01  3.840E-02
3.94826630E+01  3.856E-02
3.98228630E+01  3.796E-02
4.01630630E+01  3.722E-02
4.05032630E+01  3.736E-02
4.08434630E+01  3.711E-02
4.11836630E+01  3.712E-02
4.15238630E+01  3.730E-02
4.18640630E+01  3.050E-02
4.22042630E+01  3.374E-02
4.25444630E+01  4.220E-02
4.28846630E+01  3.334E-02
4.32248630E+01  3.378E-02
4.35650630E+01  3.330E-02
4.39052630E+01  2.979E-02
4.42454630E+01  3.159E-02
4.45856630E+01  3.249E-02
4.49258630E+01  3.149E-02
4.52660630E+01  3.105E-02
4.56062630E+01  3.192E-02
4.59464630E+01  3.142E-02
4.62866630E+01  3.560E-02
4.66268630E+01  3.327E-02
4.69670630E+01  3.019E-02
4.73072630E+01  3.009E-02
4.76474630E+01  3.087E-02
4.79876630E+01  3.065E-02
4.83278630E+01  2.945E-02
4.86680630E+01  2.959E-02
4.90082630E+01  2.929E-02
4.93484630E+01  2.883E-02
4.96886630E+01  2.845E-02
5.00288630E+01  2.792E-02
5.03690630E+01  2.783E-02
5.07092630E+01  2.670E-02
5.10494630E+01  2.715E-02
5.13896630E+01  2.650E-02
5.17298630E+01  2.633E-02
5.20700630E+01  2.633E-02
5.24102630E+01  2.590E-02
5.27504630E+01  2.597E-02
5.30906630E+01  2.535E-02
5.34308630E+01  2.518E-02
5.37710630E+01  2.426E-02
5.41112630E+01  2.428E-02
5.44514630E+01  2.423E-02
5.47916630E+01  2.401E-02
5.51318630E+01  2.375E-02
5.54720630E+01  2.352E-02
5.58122630E+01  2.330E-02
5.61524630E+01  2.308E-02
5.64926630E+01  2.287E-02
5.68328630E+01  2.265E-02
5.71730630E+01  2.244E-02
5.75132630E+01  2.224E-02
5.78534630E+01  2.203E-02
5.81936630E+01  2.183E-02
5.85338630E+01  2.163E-02
5.88740630E+01  2.143E-02
5.92142630E+01  2.123E-02
5.95544630E+01  2.104E-02
5.98946630E+01  2.084E-02
6.02348630E+01  2.068E-02
6.05750630E+01  2.046E-02
6.09152630E+01  2.027E-02
6.12554630E+01  2.008E-02
6.15956630E+01  1.989E-02
6.19358630E+01  1.971E-02
6.22760630E+01  1.954E-02
6.26162630E+01  1.935E-02
6.29564630E+01  1.917E-02
6.32966630E+01  1.900E-02
6.36368630E+01  1.882E-02
6.39770630E+01  1.863E-02
6.43172630E+01  1.849E-02
6.46574630E+01  1.830E-02
6.49976630E+01  1.813E-02
6.53378630E+01  1.797E-02
6.56780630E+01  1.780E-02
6.60182630E+01  1.765E-02
6.63584630E+01  1.749E-02
6.66986630E+01  1.733E-02
6.70388630E+01  1.718E-02
6.73790630E+01  1.702E-02
6.77192630E+01  1.687E-02
6.80594630E+01  1.673E-02
6.83996630E+01  1.658E-02
6.87398630E+01  1.644E-02
6.90800630E+01  1.629E-02
6.94202630E+01  1.615E-02
6.97604630E+01  1.602E-02
7.01006630E+01  1.588E-02
7.04408630E+01  1.575E-02
7.07810630E+01  1.562E-02
7.11212630E+01  1.549E-02
7.14614630E+01  1.536E-02
7.18016630E+01  1.523E-02
7.21418630E+01  1.511E-02
7.24820630E+01  1.499E-02
7.28222630E+01  1.486E-02
7.31624630E+01  1.474E-02
7.35026630E+01  1.462E-02
7.38428630E+01  1.451E-02
7.41830630E+01  1.439E-02
7.45232630E+01  1.428E-02
7.48634630E+01  1.416E-02
7.52036630E+01  1.405E-02
7.55438630E+01  1.394E-02
7.58840630E+01  1.383E-02
7.62242630E+01  1.372E-02
7.65644630E+01  1.361E-02
7.69046630E+01  1.350E-02
7.72448630E+01  1.339E-02
7.75850630E+01  1.329E-02
7.79252630E+01  1.318E-02
7.82654630E+01  1.307E-02
7.86056630E+01  1.297E-02
7.89458630E+01  1.287E-02
7.92860630E+01  1.276E-02
7.96262630E+01  1.266E-02
7.99664630E+01  1.256E-02
8.03066630E+01  1.246E-02
8.06468630E+01  1.236E-02
8.09870630E+01  1.226E-02
8.13272630E+01  1.216E-02
8.16674630E+01  1.206E-02
8.20076630E+01  1.196E-02
8.23478630E+01  1.187E-02
8.26880630E+01  1.177E-02
8.30282630E+01  1.168E-02
8.33684630E+01  1.158E-02
8.37086630E+01  1.149E-02
8.40488630E+01  1.140E-02
8.43890630E+01  1.130E-02
8.47292630E+01  1.121E-02
8.50694630E+01  1.112E-02
8.54096630E+01  1.104E-02
8.57498630E+01  1.095E-02
8.60900630E+01  1.086E-02
8.64302630E+01  1.078E-02
8.67704630E+01  1.069E-02
8.71106630E+01  1.061E-02
8.74508630E+01  1.053E-02
8.77910630E+01  1.045E-02
8.81312630E+01  1.037E-02
8.84714630E+01  1.029E-02
8.88116630E+01  1.021E-02
8.91518630E+01  1.013E-02
8.94920630E+01  1.006E-02
8.98322630E+01  9.986E-03
9.01724630E+01  9.914E-03
9.05126630E+01  9.843E-03
9.08528630E+01  9.773E-03
9.11930630E+01  9.703E-03
9.15332630E+01  9.635E-03
9.18734630E+01  9.568E-03
9.22136630E+01  9.502E-03
9.25538630E+01  9.437E-03
9.28940630E+01  9.373E-03
9.32342630E+01  9.310E-03
9.35744630E+01  9.247E-03
9.39146630E+01  9.186E-03
9.42548630E+01  9.124E-03
9.45950630E+01  9.064E-03
9.49352630E+01  9.004E-03
9.52754630E+01  8.945E-03
9.56156630E+01  8.886E-03
9.59558630E+01  8.828E-03
9.62960630E+01  8.770E-03
9.66362630E+01  8.712E-03
9.69764630E+01  8.655E-03
9.73166630E+01  8.598E-03
9.76568630E+01  8.542E-03
9.79970630E+01  8.486E-03
9.83372630E+01  8.429E-03
9.86774630E+01  8.374E-03
9.90176630E+01  8.318E-03
9.93578630E+01  8.262E-03
9.96980630E+01  8.207E-03
1.00038263E+02  8.152E-03
1.00378463E+02  8.097E-03
1.00718663E+02  8.042E-03
1.01058863E+02  7.987E-03
1.01399063E+02  7.932E-03
1.01739263E+02  7.878E-03
1.02079463E+02  7.824E-03
1.02419663E+02  7.769E-03
1.02759863E+02  7.715E-03
1.03100063E+02  7.661E-03
1.03440263E+02  7.608E-03
1.03780463E+02  7.554E-03
1.04120663E+02  7.501E-03
1.04460863E+02  7.448E-03
1.04801063E+02  7.395E-03
1.05141263E+02  7.343E-03
1.05481463E+02  7.291E-03
1.05821663E+02  7.239E-03
1.06161863E+02  7.187E-03
1.06502063E+02  7.136E-03
1.06842263E+02  7.085E-03
1.07182463E+02  7.034E-03
1.07522663E+02  6.984E-03
1.07862863E+02  6.935E-03
1.08203063E+02  6.885E-03
1.08543263E+02  6.837E-03
1.08883463E+02  6.788E-03
1.09223663E+02  6.741E-03
1.09563863E+02  6.693E-03
1.09904063E+02  6.647E-03
1.10244263E+02  6.601E-03
1.10584463E+02  6.555E-03
1.10924663E+02  6.510E-03
1.11264863E+02  6.466E-03
1.11605063E+02  6.422E-03
1.11945263E+02  6.380E-03
1.12285463E+02  6.337E-03
1.12625663E+02  6.296E-03
1.12965863E+02  6.255E-03
1.13306063E+02  6.215E-03
1.13646263E+02  6.176E-03
1.13986463E+02  6.137E-03
1.14326663E+02  6.100E-03
1.14666863E+02  6.062E-03
1.15007063E+02  6.026E-03
1.15347263E+02  5.990E-03
1.15687463E+02  5.955E-03
1.16027663E+02  5.921E-03
1.16367863E+02  5.887E-03
1.16708063E+02  5.854E-03
1.17048263E+02  5.821E-03
1.17388463E+02  5.789E-03
1.17728663E+02  5.758E-03
1.18068863E+02  5.727E-03
1.18409063E+02  5.696E-03
1.18749263E+02  5.666E-03
1.19089463E+02  5.636E-03
1.19429663E+02  5.607E-03
1.19769863E+02  5.578E-03
1.20110063E+02  5.549E-03
1.20450263E+02  5.520E-03
1.20790463E+02  5.492E-03
1.21130663E+02  5.464E-03
1.21470863E+02  5.436E-03
1.21811063E+02  5.408E-03
1.22151263E+02  5.380E-03
1.22491463E+02  5.352E-03
1.22831663E+02  5.325E-03
1.23171863E+02  5.297E-03
1.23512063E+02  5.269E-03
1.23852263E+02  5.241E-03
1.24192463E+02  5.213E-03
1.24532663E+02  5.185E-03
1.24872863E+02  5.157E-03
1.25213063E+02  5.129E-03
1.25553263E+02  5.101E-03
1.25893463E+02  5.072E-03
1.26233663E+02  5.044E-03
1.26573863E+02  5.015E-03
1.26914063E+02  4.987E-03
1.27254263E+02  4.958E-03
1.27594463E+02  4.929E-03
1.27934663E+02  4.900E-03
1.28274863E+02  4.871E-03
1.28615063E+02  4.841E-03
1.28955263E+02  4.812E-03
1.29295463E+02  4.783E-03
1.29635663E+02  4.753E-03
1.29975863E+02  4.724E-03
1.30316063E+02  4.694E-03
1.30656263E+02  4.665E-03
1.30996463E+02  4.635E-03
1.31336663E+02  4.606E-03
1.31676863E+02  4.576E-03
1.32017063E+02  4.547E-03
1.32357263E+02  4.517E-03
1.32697463E+02  4.488E-03
1.33037663E+02  4.458E-03
1.33377863E+02  4.429E-03
1.33718063E+02  4.400E-03
1.34058263E+02  4.371E-03
1.34398463E+02  4.343E-03
1.34738663E+02  4.314E-03
1.35078863E+02  4.286E-03
1.35419063E+02  4.257E-03
1.35759263E+02  4.230E-03
1.36099463E+02  4.202E-03
1.36439663E+02  4.174E-03
1.36779863E+02  4.147E-03
1.37120063E+02  4.121E-03
1.37460263E+02  4.094E-03
1.37800463E+02  4.068E-03
1.38140663E+02  4.042E-03
1.38480863E+02  4.017E-03
1.38821063E+02  3.992E-03
1.39161263E+02  3.968E-03
1.39501463E+02  3.944E-03
1.39841663E+02  3.920E-03
1.40181863E+02  3.897E-03
1.40522063E+02  3.874E-03
1.40862263E+02  3.852E-03
1.41202463E+02  3.831E-03
1.41542663E+02  3.809E-03
1.41882863E+02  3.789E-03
1.42223063E+02  3.769E-03
1.42563263E+02  3.749E-03
1.42903463E+02  3.730E-03
1.43243663E+02  3.711E-03
1.43583863E+02  3.693E-03
1.43924063E+02  3.675E-03
1.44264263E+02  3.658E-03
1.44604463E+02  3.642E-03
1.44944663E+02  3.625E-03
1.45284863E+02  3.609E-03
1.45625063E+02  3.594E-03
1.45965263E+02  3.579E-03
1.46305463E+02  3.564E-03
1.46645663E+02  3.550E-03
1.46985863E+02  3.536E-03
1.47326063E+02  3.523E-03
1.47666263E+02  3.509E-03
1.48006463E+02  3.496E-03
1.48346663E+02  3.483E-03
1.48686863E+02  3.470E-03
1.49027063E+02  3.458E-03
1.49367263E+02  3.446E-03
1.49707463E+02  3.433E-03
1.50047663E+02  3.421E-03
1.50387863E+02  3.409E-03
1.50728063E+02  3.397E-03
1.51068263E+02  3.384E-03
1.51408463E+02  3.372E-03
1.51748663E+02  3.360E-03
1.52088863E+02  3.348E-03
1.52429063E+02  3.335E-03
1.52769263E+02  3.323E-03
1.53109463E+02  3.310E-03
1.53449663E+02  3.297E-03
1.53789863E+02  3.284E-03
1.54130063E+02  3.271E-03
1.54470263E+02  3.257E-03
1.54810463E+02  3.243E-03
1.55150663E+02  3.230E-03
1.55490863E+02  3.215E-03
1.55831063E+02  3.201E-03
1.56171263E+02  3.186E-03
1.56511463E+02  3.171E-03
1.56851663E+02  3.156E-03
1.57191863E+02  3.141E-03
1.57532063E+02  3.125E-03
1.57872263E+02  3.109E-03
1.58212463E+02  3.093E-03
1.58552663E+02  3.077E-03
1.58892863E+02  3.060E-03
1.59233063E+02  3.044E-03
1.59573263E+02  3.027E-03
1.59913463E+02  3.010E-03
1.60253663E+02  2.992E-03
1.60593863E+02  2.975E-03
1.60934063E+02  2.957E-03
1.61274263E+02  2.939E-03
1.61614463E+02  2.922E-03
1.61954663E+02  2.904E-03
1.62294863E+02  2.885E-03
1.62635063E+02  2.867E-03
1.62975263E+02  2.849E-03
1.63315463E+02  2.831E-03
1.63655663E+02  2.812E-03
1.63995863E+02  2.794E-03
1.64336063E+02  2.776E-03
1.64676263E+02  2.757E-03
1.65016463E+02  2.739E-03
1.65356663E+02  2.721E-03
1.65696863E+02  2.703E-03
1.66037063E+02  2.685E-03
1.66377263E+02  2.667E-03
1.66717463E+02  2.649E-03
1.67057663E+02  2.631E-03
1.67397863E+02  2.614E-03
1.67738063E+02  2.597E-03
1.68078263E+02  2.580E-03
1.68418463E+02  2.563E-03
1.68758663E+02  2.546E-03
1.69098863E+02  2.530E-03
1.69439063E+02  2.513E-03
1.69779263E+02  2.498E-03
1.70119463E+02  2.482E-03
1.70459663E+02  2.467E-03
1.70799863E+02  2.452E-03
1.71140063E+02  2.438E-03
1.71480263E+02  2.423E-03
1.71820463E+02  2.410E-03
1.72160663E+02  2.396E-03
1.72500863E+02  2.383E-03
1.72841063E+02  2.371E-03
1.73181263E+02  2.358E-03
1.73521463E+02  2.347E-03
1.73861663E+02  2.335E-03
1.74201863E+02  2.325E-03
1.74542063E+02  2.314E-03
1.74882263E+02  2.304E-03
1.75222463E+02  2.295E-03
1.75562663E+02  2.285E-03
1.75902863E+02  2.277E-03
1.76243063E+02  2.269E-03
1.76583263E+02  2.261E-03
1.76923463E+02  2.253E-03
1.77263663E+02  2.246E-03
1.77603863E+02  2.240E-03
1.77944063E+02  2.234E-03
1.78284263E+02  2.228E-03
1.78624463E+02  2.222E-03
1.78964663E+02  2.217E-03
1.79304863E+02  2.212E-03
1.79645063E+02  2.208E-03
1.79985263E+02  2.204E-03
1.80325463E+02  2.200E-03
1.80665663E+02  2.196E-03
1.81005863E+02  2.192E-03
1.81346063E+02  2.189E-03
1.81686263E+02  2.186E-03
1.82026463E+02  2.183E-03
1.82366663E+02  2.180E-03
1.82706863E+02  2.177E-03
1.83047063E+02  2.174E-03
1.83387263E+02  2.171E-03
1.83727463E+02  2.168E-03
1.84067663E+02  2.165E-03
1.84407863E+02  2.162E-03
1.84748063E+02  2.159E-03
1.85088263E+02  2.156E-03
1.85428463E+02  2.152E-03
1.85768663E+02  2.149E-03
1.86108863E+02  2.145E-03
1.86449063E+02  2.141E-03
1.86789263E+02  2.137E-03
1.87129463E+02  2.133E-03
1.87469663E+02  2.128E-03
1.87809863E+02  2.123E-03
1.88150063E+02  2.117E-03
1.88490263E+02  2.112E-03
1.88830463E+02  2.106E-03
1.89170663E+02  2.099E-03
1.89510863E+02  2.093E-03
1.89851063E+02  2.086E-03
1.90191263E+02  2.078E-03
1.90531463E+02  2.070E-03
1.90871663E+02  2.062E-03
1.91211863E+02  2.053E-03
1.91552063E+02  2.045E-03
1.91892263E+02  2.035E-03
1.92232463E+02  2.026E-03
1.92572663E+02  2.016E-03
1.92912863E+02  2.005E-03
1.93253063E+02  1.994E-03
1.93593263E+02  1.983E-03
1.93933463E+02  1.972E-03
1.94273663E+02  1.960E-03
1.94613863E+02  1.948E-03
1.94954063E+02  1.936E-03
1.95294263E+02  1.924E-03
1.95634463E+02  1.911E-03
1.95974663E+02  1.898E-03
1.96314863E+02  1.885E-03
1.96655063E+02  1.871E-03
1.96995263E+02  1.858E-03
1.97335463E+02  1.844E-03
1.97675663E+02  1.830E-03
1.98015863E+02  1.816E-03
1.98356063E+02  1.802E-03
1.98696263E+02  1.788E-03
1.99036463E+02  1.773E-03
1.99376663E+02  1.759E-03
1.99716863E+02  1.744E-03
2.00057063E+02  1.730E-03
2.00397263E+02  1.716E-03
2.00737463E+02  1.701E-03
2.01077663E+02  1.687E-03
2.01417863E+02  1.672E-03
2.01758063E+02  1.658E-03
2.02098263E+02  1.644E-03
2.02438463E+02  1.630E-03
2.02778663E+02  1.616E-03
2.03118863E+02  1.602E-03
2.03459063E+02  1.589E-03
2.03799263E+02  1.575E-03
2.04139463E+02  1.562E-03
2.04479663E+02  1.549E-03
