          16           7
         215          13           1           1
           0          -4           0          -4           0          -6           0          -2           0          -4           0           6           0           4           0           2           0           4           0           6           0           2           0           4           0           2           0          -4           0          -2           0           2           0           4           0           6           0           2           0           4           0           6           0           4           0          -2           0          -2           0          -4           0          -6           0          -8           0          -2           0          -4           0          -6           0          -4           0           2           0          -4           0          -6           0          -2           0          -4           0          -6           0          -6           0          -8           0          -4           0          -6           0          -2           0          -4           0           4           0           6           0           8           0          10           0           4           0          -4           0           2           0           6           0           4           0           8           0           2           0          -4           0          -2           0           6           0           6           0           4           0           2           0           8           0           4           0           6           0           8           0           4           0           6           0           8           0          10           0           4           0           6           0           8           0           6           0           4           0           2           0           6           0           2           0           4           0           2           0          -4           0          -2           0          -6           0          -8           0           6           0           4           0          -4           0          -6           0          -2           0          -4           0          -6           0          -8           0         -10           0          -2           0          -4           0          -6           0          -4           0          -2           0          -6           0          -8           0          -2           0          -4           0           2           0           4           0           6           0           8           0           4           0           4           0           6           0           8           0           2           0          10           0           8           0           6           0           4           0           2           0           6           0           6           0           4           0           4           0           2           0           4           0           6           0           8           0          -4           0           2           0           4           0          -6           0          -4           0           2           0           4           0           6           0           4           0           6           0          -2           0          -4           0          -6           0          -8           0         -10           0          -6           0          -8           0         -10           0         -12           0           2           0          -2           0          -4           0          -6           0          -8           0          -2           0          -8           0         -10           0          -4           0          -2           0          -6           0          -4           0          -2           0          -4           0          -2           0          -4           0          -6           0          -4           0          -8           0          -6           0           2           0           4           0           2           0           4           0           6           0         -10           0          -8           0          -6           0          -4           0           6           0          -2           0          -4           0           8           0          -6           0          -2           0          -4           0          -6           0          -8           0           4           0           6           0          -4           0          -6           0          -6           0          -8           0          -2           0           2           0          -4           0           4           0           6           0           4           0           4           0           2           0           2           0          -4           0          -6           0          -8           0          -2           0          -4           0          -6           0          -8           0         -10           0          -8           0          -6           0          -4           0          -2           0          -2           0          -4           0          -6           0          -6           0          -8           0          -4           0          -2           0          -6           0          -4
    0.000000E+00    9.645106E-03    9.843162E-03    1.435602E-02    1.458263E-02
    4.247197E-02    4.320385E-02    4.360158E-02    5.944295E-02    5.948713E-02
    6.922989E-02    7.316769E-02    7.411300E-02    1.134727E-01    1.147319E-01
    2.354040E-01    2.358931E-01    2.366026E-01    2.382857E-01    2.391328E-01
    2.438023E-01    2.438287E-01    2.461520E-01    2.471700E-01    2.474363E-01
    2.479076E-01    2.485433E-01    2.486026E-01    2.487216E-01    2.491410E-01
    2.502551E-01    2.507374E-01    2.510783E-01    2.511300E-01    2.524691E-01
    2.524772E-01    2.554279E-01    2.561102E-01    2.563381E-01    2.591442E-01
    2.591854E-01    2.609226E-01    2.615363E-01    2.619649E-01    2.622131E-01
    2.625883E-01    2.631076E-01    2.632646E-01    2.633261E-01    2.634365E-01
    2.637297E-01    2.638533E-01    2.640096E-01    2.643758E-01    2.644930E-01
    2.645338E-01    2.648466E-01    2.652759E-01    2.655531E-01    2.656939E-01
    2.657640E-01    2.676748E-01    2.677713E-01    2.679166E-01    2.688115E-01
    2.690337E-01    2.711118E-01    2.712141E-01    2.720014E-01    2.721113E-01
    2.724223E-01    2.724984E-01    2.725578E-01    2.726085E-01    2.727219E-01
    2.737570E-01    2.740430E-01    2.746587E-01    2.763855E-01    2.763956E-01
    2.763957E-01    2.764682E-01    2.789238E-01    2.791446E-01    2.808157E-01
    2.808428E-01    2.816082E-01    2.816156E-01    2.816277E-01    2.816445E-01
    2.816660E-01    2.832213E-01    2.832636E-01    2.833497E-01    2.872720E-01
    2.872722E-01    2.872783E-01    2.873017E-01    2.873787E-01    2.874354E-01
    2.875828E-01    2.876419E-01    2.877951E-01    2.879672E-01    2.884374E-01
    2.885530E-01    2.886000E-01    2.886971E-01    2.887362E-01    2.888178E-01
    2.901974E-01    2.902310E-01    2.934227E-01    2.936053E-01    2.936679E-01
    2.948139E-01    2.948751E-01    2.949134E-01    2.954910E-01    2.955387E-01
    2.955818E-01    2.956302E-01    2.974080E-01    2.974265E-01    2.978254E-01
    2.979930E-01    2.980044E-01    2.981863E-01    2.981951E-01    2.982014E-01
    2.986863E-01    2.989406E-01    2.997979E-01    3.013547E-01    3.014398E-01
    3.015665E-01    3.017420E-01    3.025165E-01    3.025355E-01    3.025686E-01
    3.026262E-01    3.032771E-01    3.036433E-01    3.036673E-01    3.036996E-01
    3.037196E-01    3.041292E-01    3.046134E-01    3.046301E-01    3.048276E-01
    3.048611E-01    3.049614E-01    3.051740E-01    3.052844E-01    3.060373E-01
    3.062721E-01    3.065126E-01    3.067251E-01    3.072820E-01    3.083217E-01
    3.083847E-01    3.085481E-01    3.086063E-01    3.093086E-01    3.093690E-01
    3.093750E-01    3.093804E-01    3.094500E-01    3.095030E-01    3.095365E-01
    3.096086E-01    3.096683E-01    3.098305E-01    3.098337E-01    3.100372E-01
    3.110986E-01    3.111053E-01    3.111248E-01    3.111449E-01    3.124031E-01
    3.124222E-01    3.126400E-01    3.132139E-01    3.132929E-01    3.134326E-01
    3.163175E-01    3.165548E-01    3.167011E-01    3.167161E-01    3.173537E-01
    3.174815E-01    3.194473E-01    3.198310E-01    3.206567E-01    3.235572E-01
    3.235827E-01    3.236877E-01    3.236885E-01    3.238034E-01    3.239013E-01
    3.239634E-01    3.240075E-01    3.245628E-01    3.245933E-01    3.263728E-01
    3.264517E-01    3.271738E-01    3.284075E-01    3.287843E-01    3.314323E-01
    3.314556E-01    3.324856E-01    3.325179E-01    3.327131E-01    3.333147E-01
           0           0           0           1
  -27.915863041215566               13
3.13178630E+01  2.274E-01  2.593E-01  2.422E-04  1.585E-01  1.073E-01
4.49258630E+01  8.994E-02  9.542E-02  1.381E-04  6.000E-02  3.884E-02  1.784E-04
                2.296E-04  8.669E-02  3.345E-04  1.863E-04  2.108E-03  2.534E-04
                3.149E-02  9.940E-04  1.455E-03
5.85338630E+01  4.322E-02  4.559E-02  3.138E-05  2.801E-02  1.826E-02  6.128E-05
                4.325E-05  5.200E-02  1.293E-04  7.436E-05  1.404E-03  9.130E-05
                2.163E-02  5.199E-04  7.683E-04  2.013E-06  4.843E-06  3.359E-05
                7.850E-06  2.231E-05  1.744E-08  1.304E-05  1.161E-05  6.945E-07
                2.472E-06  2.333E-06  1.244E-05  6.691E-06  1.974E-05  3.089E-05
                3.488E-05  3.075E-06  1.357E-04  1.970E-05  2.023E-05  4.775E-06
                1.376E-08  1.832E-05  2.984E-09  1.020E-04  3.820E-06  4.422E-05
                1.970E-05  6.303E-06  5.791E-06  2.309E-07  6.548E-07  1.808E-06
                1.293E-04  1.344E-06  3.971E-06  1.215E-06  1.042E-06  1.248E-05
                3.399E-05  3.555E-05  9.521E-06  6.481E-05  4.278E-05  3.523E-05
                4.636E-07  1.720E-08  5.962E-08  3.127E-10  3.285E-05  8.677E-07
                4.694E-08  5.537E-10  1.331E-05  2.293E-06  1.904E-07  1.225E-05
                6.647E-06  1.219E-05  4.929E-05  1.202E-05  7.442E-06  4.869E-06
                1.406E-05  1.389E-05  1.178E-07  5.308E-07  1.961E-06  2.034E-05
                1.082E-04  2.183E-07  3.575E-10  1.188E-09  3.972E-10  2.033E-10
                9.192E-12  2.285E-06  1.378E-05  5.981E-07  5.476E-06  4.295E-06
                1.000E-06  1.611E-06  4.970E-05  1.836E-05  1.197E-06  1.370E-06
                5.867E-07  4.392E-08  1.071E-06  3.722E-06  2.392E-06  7.634E-08
                4.171E-06  2.988E-07  5.651E-08  3.150E-05  1.762E-07  1.192E-04
                5.770E-07  8.777E-07  1.621E-06  3.317E-06  9.141E-07  2.240E-06
                2.025E-06  1.113E-07  6.027E-05  1.981E-06  4.315E-06  1.375E-07
                2.236E-05  1.152E-04  1.824E-06  3.253E-06  1.603E-05  6.703E-06
                1.548E-05  2.182E-06  2.731E-06  2.469E-06  1.599E-09  1.179E-05
                6.910E-06  3.383E-09  7.497E-09  1.918E-06  1.498E-05  1.860E-05
                3.578E-06  2.607E-07  1.253E-06  2.186E-05  4.401E-09  3.974E-06
                8.783E-06  1.589E-07  2.729E-05  6.348E-06  3.457E-06  1.882E-06
                1.760E-05  1.448E-06  6.582E-06  1.082E-06  6.412E-06  2.003E-06
                2.780E-06  6.063E-05  1.173E-06  1.956E-05  1.093E-09  4.248E-06
                4.974E-06  2.455E-06  8.055E-06  1.356E-06  7.896E-06  1.443E-08
                2.666E-06  2.063E-05  2.165E-05  1.210E-06  5.261E-06  1.288E-06
                4.085E-07  3.936E-06  1.227E-05  5.065E-06  3.982E-06  3.178E-07
                1.892E-05  3.844E-06  1.931E-06  1.188E-06  3.168E-06  2.288E-06
                3.356E-05  1.650E-05  4.874E-06  1.339E-05  3.032E-05  1.496E-05
                1.636E-05  3.880E-06  3.272E-06  2.185E-10  1.428E-06  7.374E-07
                1.530E-06  2.539E-06  3.539E-06  1.689E-05  5.388E-06  9.813E-07
                2.098E-07  6.786E-07  5.975E-07  1.318E-06  1.527E-05
7.21418630E+01  2.335E-02  2.454E-02  1.456E-05  1.507E-02  9.814E-03  3.288E-05
                2.333E-05  3.516E-02  6.762E-05  3.973E-05  9.716E-04  4.908E-05
                1.511E-02  2.940E-04  4.343E-04  1.032E-06  3.323E-06  1.723E-05
                5.611E-06  1.207E-05  1.208E-08  9.761E-06  4.751E-06  3.010E-07
                9.489E-07  1.125E-06  6.724E-06  3.313E-06  1.122E-05  1.729E-05
                1.650E-05  2.296E-06  5.597E-05  1.054E-05  9.783E-06  2.952E-06
                8.110E-09  8.342E-06  2.515E-09  4.750E-05  2.040E-06  2.055E-05
                8.687E-06  2.531E-06  2.473E-06  1.372E-07  3.740E-07  7.399E-07
                7.205E-05  6.359E-07  2.475E-06  4.675E-07  4.244E-07  5.390E-06
                1.656E-05  1.647E-05  4.361E-06  3.236E-05  1.420E-05  1.320E-05
                2.514E-07  1.015E-08  3.857E-08  6.048E-11  1.060E-05  4.942E-07
                1.778E-07  5.400E-10  7.489E-06  1.007E-06  6.201E-08  7.544E-06
                4.207E-06  9.851E-06  2.737E-05  3.773E-06  3.587E-06  1.624E-06
                9.244E-06  9.413E-06  3.419E-08  1.829E-07  1.299E-06  7.980E-06
                6.546E-05  1.274E-07  2.128E-10  6.743E-10  3.638E-10  1.539E-10
                1.236E-11  1.661E-06  9.560E-06  3.371E-07  4.307E-06  3.334E-06
                7.369E-07  4.331E-07  3.055E-05  1.099E-05  6.938E-07  8.824E-07
                2.668E-07  2.075E-08  5.651E-07  1.776E-06  1.132E-06  6.045E-08
                6.374E-07  2.359E-07  3.802E-08  1.864E-05  1.259E-07  6.963E-05
                3.737E-07  4.259E-07  9.441E-07  2.203E-06  5.777E-07  1.407E-06
                1.282E-06  9.474E-08  3.630E-05  7.205E-07  2.434E-06  5.736E-08
                1.535E-05  6.991E-05  8.006E-07  1.560E-06  9.846E-06  4.106E-06
                1.001E-05  8.003E-07  1.168E-06  1.233E-06  1.214E-09  5.676E-06
                3.335E-06  4.738E-09  1.505E-08  1.011E-06  8.440E-06  1.045E-05
                1.411E-06  1.211E-07  6.060E-07  7.741E-06  6.519E-09  2.821E-06
                6.188E-06  4.285E-08  1.514E-05  3.406E-06  1.488E-06  1.134E-06
                1.090E-05  7.199E-07  2.974E-06  3.770E-07  3.430E-06  1.439E-06
                1.541E-06  3.230E-05  6.359E-07  1.119E-05  5.556E-09  2.136E-06
                2.194E-06  8.938E-07  4.571E-06  7.355E-07  4.205E-06  5.659E-09
                8.836E-07  1.164E-05  1.215E-05  5.972E-07  2.534E-06  6.700E-07
                1.836E-07  1.952E-06  4.648E-06  2.525E-06  1.416E-06  1.501E-07
                1.255E-05  2.205E-06  1.089E-06  6.385E-07  1.477E-06  9.968E-07
                2.338E-05  1.188E-05  1.929E-06  6.129E-06  1.236E-05  6.924E-06
                7.690E-06  1.483E-06  7.839E-07  3.620E-10  5.417E-07  4.212E-07
                1.522E-06  2.447E-06  3.322E-06  9.600E-06  2.576E-06  3.766E-07
                4.777E-08  4.711E-07  4.491E-07  5.715E-07  1.099E-05
8.57498630E+01  1.375E-02  1.442E-02  8.921E-06  8.867E-03  5.757E-03  1.957E-05
                1.380E-05  2.484E-02  3.842E-05  2.282E-05  6.996E-04  2.846E-05
                1.095E-02  1.785E-04  2.643E-04  7.097E-07  2.191E-06  9.717E-06
                3.816E-06  6.996E-06  9.131E-09  6.653E-06  2.578E-06  1.350E-07
                4.165E-07  7.519E-07  4.805E-06  1.940E-06  6.850E-06  1.054E-05
                8.963E-06  1.557E-06  2.739E-05  6.515E-06  5.458E-06  1.892E-06
                5.085E-09  4.403E-06  1.837E-09  2.495E-05  1.272E-06  1.089E-05
                4.365E-06  1.191E-06  1.223E-06  9.576E-08  2.394E-07  3.653E-07
                4.310E-05  5.103E-07  1.596E-06  2.516E-07  2.195E-07  4.198E-06
                9.089E-06  8.665E-06  2.353E-06  1.822E-05  6.422E-06  9.122E-06
                1.851E-07  6.953E-09  2.631E-08  2.120E-11  4.616E-06  3.251E-07
                2.192E-07  4.903E-10  4.612E-06  5.347E-07  3.341E-08  5.484E-06
                3.253E-06  7.318E-06  1.659E-05  1.634E-06  2.086E-06  7.093E-07
                6.297E-06  6.481E-06  1.450E-08  8.634E-08  8.599E-07  4.055E-06
                4.138E-05  8.573E-08  1.416E-10  4.495E-10  2.734E-10  1.168E-10
                1.135E-11  1.184E-06  6.698E-06  2.070E-07  3.282E-06  2.591E-06
                5.070E-07  1.637E-07  1.951E-05  6.954E-06  4.866E-07  6.505E-07
                1.884E-07  1.182E-08  3.645E-07  1.185E-06  7.695E-07  4.389E-08
                1.905E-07  1.686E-07  2.064E-08  1.275E-05  8.251E-08  4.430E-05
                2.451E-07  2.729E-07  6.169E-07  1.760E-06  4.354E-07  1.026E-06
                9.708E-07  7.869E-08  2.309E-05  3.763E-07  1.738E-06  3.164E-08
                1.006E-05  4.561E-05  5.193E-07  1.043E-06  6.869E-06  2.859E-06
                6.629E-06  3.625E-07  5.772E-07  6.569E-07  6.570E-10  2.838E-06
                1.674E-06  5.738E-09  2.025E-08  6.442E-07  5.511E-06  6.782E-06
                6.654E-07  6.800E-08  3.300E-07  3.109E-06  7.793E-09  1.865E-06
                4.096E-06  1.869E-08  9.679E-06  2.127E-06  7.574E-07  7.201E-07
                7.373E-06  3.999E-07  1.558E-06  1.795E-07  2.001E-06  1.130E-06
                1.046E-06  1.954E-05  4.201E-07  7.406E-06  7.867E-09  1.170E-06
                1.125E-06  4.109E-07  2.998E-06  4.678E-07  2.658E-06  2.011E-09
                3.803E-07  7.565E-06  7.844E-06  3.280E-07  1.392E-06  4.887E-07
                9.223E-08  1.080E-06  2.155E-06  1.402E-06  6.386E-07  8.382E-08
                8.665E-06  1.354E-06  7.464E-07  3.919E-07  8.495E-07  6.436E-07
                1.667E-05  8.660E-06  9.821E-07  2.991E-06  5.396E-06  3.924E-06
                4.279E-06  7.067E-07  2.214E-07  4.627E-10  2.276E-07  2.562E-07
                1.181E-06  1.903E-06  2.539E-06  6.422E-06  1.369E-06  1.920E-07
                1.735E-08  3.170E-07  3.480E-07  3.165E-07  8.005E-06
9.93578630E+01  8.650E-03  9.076E-03  4.929E-06  5.594E-03  3.627E-03  1.154E-05
                8.412E-06  1.840E-02  2.245E-05  1.358E-05  5.258E-04  1.740E-05
                8.262E-03  1.182E-04  1.749E-04  5.769E-07  1.399E-06  5.628E-06
                2.547E-06  4.070E-06  8.027E-09  4.289E-06  1.575E-06  5.830E-08
                1.960E-07  6.069E-07  4.025E-06  1.193E-06  4.187E-06  6.556E-06
                5.225E-06  1.002E-06  1.501E-05  4.351E-06  3.295E-06  1.199E-06
                3.175E-09  2.485E-06  1.403E-09  1.426E-05  8.958E-07  6.344E-06
                2.407E-06  6.121E-07  6.534E-07  8.368E-08  2.241E-07  1.983E-07
                2.757E-05  4.391E-07  9.822E-07  1.529E-07  1.160E-07  3.592E-06
                5.387E-06  5.003E-06  1.349E-06  1.052E-05  3.359E-06  7.434E-06
                1.521E-07  4.829E-09  1.724E-08  1.303E-11  2.357E-06  2.194E-07
                2.037E-07  4.353E-10  2.861E-06  3.025E-07  2.532E-08  3.894E-06
                2.447E-06  5.452E-06  1.011E-05  8.488E-07  1.242E-06  3.634E-07
                4.230E-06  4.364E-06  9.125E-09  5.560E-08  5.559E-07  2.271E-06
                2.758E-05  5.297E-08  1.020E-10  3.215E-10  1.893E-10  9.935E-11
                9.476E-12  8.107E-07  4.565E-06  1.250E-07  2.553E-06  2.059E-06
                3.412E-07  9.550E-08  1.313E-05  4.657E-06  3.580E-07  4.868E-07
                1.395E-07  7.037E-09  2.506E-07  8.480E-07  5.649E-07  3.048E-08
                1.238E-07  1.149E-07  1.214E-08  8.717E-06  5.800E-08  3.090E-05
                1.603E-07  1.900E-07  4.122E-07  1.390E-06  3.372E-07  7.509E-07
                7.156E-07  6.218E-08  1.549E-05  2.551E-07  1.286E-06  1.933E-08
                6.740E-06  3.249E-05  3.722E-07  7.738E-07  4.798E-06  1.998E-06
                4.505E-06  1.841E-07  3.186E-07  3.863E-07  3.743E-10  1.559E-06
                9.240E-07  6.256E-09  2.290E-08  4.311E-07  3.915E-06  4.789E-06
                3.506E-07  4.250E-08  1.967E-07  1.401E-06  8.776E-09  1.247E-06
                2.747E-06  8.171E-09  6.760E-06  1.463E-06  4.348E-07  4.916E-07
                5.321E-06  2.365E-07  9.072E-07  1.071E-07  1.191E-06  8.869E-07
                7.320E-07  1.347E-05  2.846E-07  4.957E-06  7.998E-09  7.046E-07
                6.426E-07  2.167E-07  2.037E-06  3.269E-07  1.854E-06  1.202E-09
                1.924E-07  5.330E-06  5.498E-06  1.930E-07  8.374E-07  3.985E-07
                5.226E-08  6.339E-07  1.153E-06  8.272E-07  3.459E-07  5.176E-08
                6.392E-06  8.598E-07  5.279E-07  2.552E-07  5.419E-07  4.728E-07
                1.254E-05  6.612E-06  5.782E-07  1.564E-06  2.607E-06  2.523E-06
                2.655E-06  3.786E-07  7.454E-08  4.283E-10  9.529E-08  1.599E-07
                8.956E-07  1.458E-06  1.923E-06  4.646E-06  8.310E-07  1.073E-07
                9.292E-09  2.171E-07  2.713E-07  2.102E-07  6.005E-06
1.12965863E+02  5.747E-03  6.033E-03  3.581E-06  3.715E-03  2.409E-03  8.284E-06
                5.615E-06  1.378E-02  1.484E-05  8.965E-06  3.971E-04  1.123E-05
                6.255E-03  7.822E-05  1.162E-04  5.121E-07  9.142E-07  3.177E-06
                1.811E-06  2.308E-06  5.483E-09  2.895E-06  1.163E-06  2.480E-08
                1.135E-07  4.450E-07  2.986E-06  8.139E-07  2.696E-06  4.233E-06
                3.355E-06  6.755E-07  9.567E-06  2.916E-06  2.176E-06  7.877E-07
                2.045E-09  1.505E-06  9.439E-10  9.016E-06  6.505E-07  4.042E-06
                1.478E-06  3.426E-07  3.776E-07  7.172E-08  2.056E-07  1.244E-07
                1.871E-05  3.727E-07  6.344E-07  1.088E-07  6.022E-08  3.039E-06
                3.454E-06  3.158E-06  8.315E-07  6.572E-06  2.004E-06  6.151E-06
                1.243E-07  3.632E-09  1.204E-08  1.348E-11  1.389E-06  1.594E-07
                1.628E-07  3.046E-10  1.912E-06  1.871E-07  3.205E-08  2.932E-06
                1.899E-06  4.042E-06  6.686E-06  5.085E-07  8.487E-07  2.132E-07
                3.057E-06  3.150E-06  6.869E-09  4.151E-08  3.870E-07  1.429E-06
                1.936E-05  4.404E-08  7.626E-11  2.380E-10  1.310E-10  9.258E-11
                7.928E-12  5.950E-07  3.349E-06  7.995E-08  2.042E-06  1.681E-06
                2.318E-07  9.080E-08  9.215E-06  3.291E-06  2.767E-07  3.761E-07
                1.066E-07  5.278E-09  1.771E-07  6.475E-07  4.374E-07  2.442E-08
                1.027E-07  9.144E-08  1.036E-08  6.453E-06  4.128E-08  2.195E-05
                1.177E-07  1.413E-07  2.774E-07  1.107E-06  2.666E-07  5.617E-07
                5.317E-07  4.848E-08  1.092E-05  1.861E-07  1.006E-06  1.416E-08
                4.647E-06  2.342E-05  2.810E-07  5.762E-07  3.630E-06  1.498E-06
                3.260E-06  1.022E-07  1.955E-07  2.525E-07  2.670E-10  9.686E-07
                5.772E-07  5.313E-09  1.936E-08  3.003E-07  2.961E-06  3.608E-06
                1.956E-07  2.767E-08  1.294E-07  7.689E-07  6.922E-09  8.627E-07
                1.890E-06  5.305E-09  5.106E-06  1.088E-06  2.696E-07  3.576E-07
                4.014E-06  1.480E-07  5.768E-07  7.844E-08  7.629E-07  6.827E-07
                5.503E-07  9.531E-06  2.137E-07  3.689E-06  7.289E-09  4.762E-07
                4.106E-07  1.248E-07  1.579E-06  2.476E-07  1.393E-06  9.935E-10
                1.054E-07  4.013E-06  4.126E-06  1.254E-07  5.683E-07  3.203E-07
                3.400E-08  3.905E-07  7.623E-07  5.193E-07  2.362E-07  3.448E-08
                4.671E-06  5.783E-07  3.966E-07  1.987E-07  4.299E-07  3.621E-07
                9.273E-06  4.942E-06  3.749E-07  9.315E-07  1.543E-06  1.756E-06
                1.785E-06  2.205E-07  4.504E-08  4.160E-10  3.863E-08  9.950E-08
                7.024E-07  1.160E-06  1.490E-06  3.524E-06  5.628E-07  7.061E-08
                6.065E-09  1.566E-07  2.153E-07  1.604E-07  4.673E-06
1.26573863E+02  3.934E-03  4.137E-03  2.245E-06  2.559E-03  1.656E-03  5.040E-06
                3.663E-06  1.087E-02  9.119E-06  5.603E-06  3.174E-04  7.450E-06
                5.015E-03  5.726E-05  8.503E-05  4.901E-07  6.058E-07  2.101E-06
                1.278E-06  1.493E-06  4.604E-09  1.867E-06  8.129E-07  1.170E-08
                6.762E-08  4.400E-07  2.994E-06  5.383E-07  1.711E-06  2.734E-06
                2.152E-06  4.367E-07  6.048E-06  2.246E-06  1.432E-06  5.020E-07
                1.313E-09  9.293E-07  9.395E-10  5.742E-06  5.355E-07  2.633E-06
                9.157E-07  1.970E-07  2.274E-07  6.531E-08  1.954E-07  7.769E-08
                1.284E-05  3.147E-07  4.055E-07  7.246E-08  3.287E-08  2.565E-06
                2.240E-06  2.041E-06  5.302E-07  4.255E-06  1.251E-06  5.123E-06
                9.849E-08  2.653E-09  8.653E-09  1.947E-11  8.580E-07  1.186E-07
                1.277E-07  2.557E-10  1.315E-06  1.194E-07  2.380E-08  2.233E-06
                1.416E-06  3.032E-06  4.480E-06  3.228E-07  5.560E-07  1.309E-07
                2.047E-06  2.109E-06  6.113E-09  3.708E-08  2.676E-07  9.224E-07
                1.346E-05  2.475E-08  5.970E-11  1.867E-10  9.344E-11  7.332E-11
                6.061E-12  3.964E-07  2.231E-06  5.166E-08  1.636E-06  1.372E-06
                1.640E-07  6.884E-08  6.476E-06  2.286E-06  2.037E-07  2.784E-07
                7.860E-08  3.219E-09  1.314E-07  4.713E-07  3.290E-07  1.630E-08
                8.731E-08  6.080E-08  5.731E-09  4.568E-06  3.039E-08  1.663E-05
                8.202E-08  1.001E-07  1.897E-07  8.354E-07  2.005E-07  4.030E-07
                3.835E-07  3.945E-08  7.444E-06  1.513E-07  7.466E-07  8.727E-09
                3.307E-06  1.805E-05  2.067E-07  4.306E-07  2.578E-06  1.058E-06
                2.197E-06  5.880E-08  1.321E-07  1.845E-07  1.739E-10  6.904E-07
                4.127E-07  4.550E-09  1.660E-08  2.099E-07  2.257E-06  2.742E-06
                1.135E-07  1.815E-08  8.761E-08  5.458E-07  6.460E-09  6.171E-07
                1.358E-06  3.354E-09  3.861E-06  8.131E-07  1.727E-07  2.680E-07
                3.013E-06  9.720E-08  3.817E-07  5.835E-08  5.005E-07  5.233E-07
                3.949E-07  7.479E-06  1.459E-07  2.493E-06  5.813E-09  3.488E-07
                2.838E-07  7.502E-08  1.124E-06  1.880E-07  1.051E-06  1.095E-09
                6.092E-08  3.037E-06  3.109E-06  8.453E-08  4.127E-07  2.562E-07
                2.405E-08  2.492E-07  5.475E-07  3.415E-07  1.742E-07  2.363E-08
                3.695E-06  4.006E-07  2.799E-07  1.413E-07  3.138E-07  2.641E-07
                7.385E-06  3.958E-06  2.570E-07  6.030E-07  1.047E-06  1.258E-06
                1.228E-06  1.339E-07  3.274E-08  2.801E-10  2.055E-08  6.666E-08
                5.435E-07  9.147E-07  1.152E-06  2.710E-06  3.984E-07  4.859E-08
                4.654E-09  1.158E-07  1.701E-07  1.188E-07  3.653E-06
1.40181863E+02  2.824E-03  2.966E-03  2.025E-06  1.832E-03  1.186E-03  4.176E-06
                2.660E-06  8.401E-03  6.738E-06  4.082E-06  2.463E-04  5.117E-06
                3.897E-03  3.952E-05  5.897E-05  4.738E-07  4.137E-07  1.247E-06
                9.847E-07  8.610E-07  3.522E-09  1.316E-06  6.514E-07  1.202E-08
                6.336E-08  2.899E-07  1.973E-06  3.851E-07  1.122E-06  1.798E-06
                1.534E-06  3.079E-07  4.552E-06  1.483E-06  1.038E-06  3.304E-07
                8.604E-10  6.059E-07  5.572E-10  4.137E-06  3.864E-07  1.898E-06
                6.458E-07  1.258E-07  1.476E-07  6.062E-08  1.982E-07  5.831E-08
                9.528E-06  2.720E-07  2.728E-07  5.835E-08  2.397E-08  2.212E-06
                1.592E-06  1.463E-06  3.553E-07  2.856E-06  8.432E-07  4.362E-06
                9.214E-08  2.080E-09  5.902E-09  2.248E-11  5.755E-07  9.636E-08
                9.764E-08  1.867E-10  9.358E-07  8.177E-08  2.959E-08  1.602E-06
                1.106E-06  2.330E-06  3.191E-06  2.213E-07  4.065E-07  8.724E-08
                1.507E-06  1.541E-06  4.368E-09  2.628E-08  1.972E-07  6.380E-07
                1.023E-05  2.458E-08  4.496E-11  1.388E-10  6.499E-11  6.859E-11
                4.640E-12  2.945E-07  1.672E-06  3.291E-08  1.308E-06  1.107E-06
                1.179E-07  8.167E-08  4.906E-06  1.754E-06  1.574E-07  2.157E-07
                5.942E-08  2.667E-09  9.570E-08  3.644E-07  2.600E-07  1.305E-08
                8.104E-08  4.839E-08  5.149E-09  3.255E-06  2.215E-08  1.265E-05
                6.339E-08  7.222E-08  1.413E-07  6.716E-07  1.577E-07  2.935E-07
                2.796E-07  3.002E-08  5.643E-06  1.297E-07  5.613E-07  7.648E-09
                2.425E-06  1.387E-05  1.559E-07  3.114E-07  1.886E-06  7.665E-07
                1.677E-06  3.452E-08  8.528E-08  1.243E-07  1.206E-10  4.564E-07
                2.739E-07  3.711E-09  1.342E-08  1.589E-07  1.771E-06  2.149E-06
                6.741E-08  1.402E-08  6.259E-08  3.583E-07  4.661E-09  4.522E-07
                9.870E-07  2.190E-09  3.037E-06  6.337E-07  1.173E-07  2.085E-07
                2.375E-06  6.426E-08  2.677E-07  4.612E-08  3.318E-07  4.003E-07
                3.002E-07  5.785E-06  1.094E-07  1.841E-06  4.650E-09  2.398E-07
                1.877E-07  4.608E-08  8.675E-07  1.490E-07  8.278E-07  7.635E-10
                3.538E-08  2.383E-06  2.438E-06  5.586E-08  2.828E-07  2.069E-07
                1.690E-08  1.617E-07  3.925E-07  2.232E-07  1.276E-07  1.674E-08
                2.819E-06  2.823E-07  2.163E-07  1.124E-07  2.574E-07  2.034E-07
                5.618E-06  3.026E-06  1.826E-07  3.831E-07  6.876E-07  9.399E-07
                8.880E-07  8.319E-08  3.691E-08  2.884E-10  7.161E-09  4.564E-08
                4.355E-07  7.403E-07  9.094E-07  2.122E-06  2.824E-07  3.700E-08
                4.648E-09  8.682E-08  1.379E-07  9.203E-08  2.907E-06
1.53789863E+02  2.067E-03  2.182E-03  9.045E-07  1.351E-03  8.766E-04  2.567E-06
                1.782E-06  7.021E-03  4.244E-06  2.629E-06  2.073E-04  3.612E-06
                3.284E-03  3.169E-05  4.715E-05  4.600E-07  2.826E-07  9.564E-07
                7.331E-07  6.306E-07  2.851E-09  8.487E-07  4.604E-07  9.582E-09
                4.689E-08  3.239E-07  2.218E-06  2.591E-07  7.298E-07  1.194E-06
                1.034E-06  2.003E-07  3.065E-06  1.298E-06  7.060E-07  2.095E-07
                5.583E-10  3.931E-07  6.613E-10  2.874E-06  3.474E-07  1.323E-06
                4.380E-07  7.729E-08  9.538E-08  5.285E-08  1.760E-07  4.091E-08
                6.832E-06  2.308E-07  1.768E-07  3.909E-08  2.008E-08  1.879E-06
                1.097E-06  1.023E-06  2.362E-07  1.928E-06  5.763E-07  3.696E-06
                7.321E-08  1.518E-09  4.457E-09  2.628E-11  3.999E-07  7.504E-08
                7.321E-08  1.628E-10  6.620E-07  5.530E-08  2.094E-08  1.268E-06
                8.160E-07  1.830E-06  2.202E-06  1.589E-07  2.775E-07  5.983E-08
                9.847E-07  1.009E-06  4.377E-09  2.682E-08  1.391E-07  4.399E-07
                7.249E-06  1.119E-08  3.859E-11  1.201E-10  4.780E-11  4.994E-11
                3.478E-12  1.895E-07  1.075E-06  2.188E-08  1.079E-06  9.270E-07
                8.677E-08  5.271E-08  3.524E-06  1.237E-06  1.145E-07  1.571E-07
                4.347E-08  1.659E-09  7.092E-08  2.637E-07  1.944E-07  8.817E-09
                7.190E-08  3.257E-08  3.247E-09  2.331E-06  1.691E-08  1.028E-05
                4.767E-08  5.189E-08  9.919E-08  4.960E-07  1.163E-07  2.081E-07
                1.994E-07  2.418E-08  3.834E-06  1.107E-07  4.156E-07  4.074E-09
                1.792E-06  1.142E-05  1.144E-07  2.335E-07  1.352E-06  5.461E-07
                1.099E-06  2.083E-08  6.353E-08  9.909E-08  8.825E-11  3.655E-07
                2.193E-07  2.827E-09  1.017E-08  1.137E-07  1.400E-06  1.697E-06
                4.111E-08  1.041E-08  4.794E-08  2.890E-07  4.217E-09  3.373E-07
                7.380E-07  1.502E-09  2.378E-06  4.912E-07  8.095E-08  1.682E-07
                1.829E-06  4.576E-08  1.974E-07  3.300E-08  2.286E-07  3.161E-07
                2.132E-07  4.901E-06  7.326E-08  1.218E-06  3.539E-09  1.897E-07
                1.407E-07  2.927E-08  6.278E-07  1.171E-07  6.467E-07  8.563E-10
                2.113E-08  1.867E-06  1.902E-06  4.020E-08  2.200E-07  1.616E-07
                1.310E-08  1.094E-07  2.937E-07  1.573E-07  9.631E-08  1.253E-08
                2.373E-06  2.089E-07  1.508E-07  8.176E-08  1.939E-07  1.463E-07
                4.748E-06  2.558E-06  1.350E-07  2.786E-07  5.341E-07  7.062E-07
                6.424E-07  5.341E-08  2.637E-08  1.520E-10  5.412E-09  3.203E-08
                3.466E-07  6.006E-07  7.248E-07  1.691E-06  2.105E-07  2.688E-08
                3.389E-09  6.782E-08  1.116E-07  6.686E-08  2.347E-06
1.67397863E+02  1.511E-03  1.585E-03  1.945E-06  9.856E-04  6.352E-04  2.106E-06
                1.337E-06  5.489E-03  3.180E-06  1.942E-06  1.645E-04  2.539E-06
                2.614E-03  2.184E-05  3.274E-05  4.521E-07  2.047E-07  6.094E-07
                6.145E-07  3.825E-07  2.120E-09  6.323E-07  4.019E-07  1.565E-08
                5.505E-08  1.711E-07  1.169E-06  1.983E-07  4.984E-07  7.855E-07
                7.970E-07  1.493E-07  2.499E-06  7.671E-07  5.393E-07  1.385E-07
                3.747E-10  2.769E-07  3.119E-10  2.150E-06  2.293E-07  9.905E-07
                3.203E-07  5.299E-08  6.595E-08  4.734E-08  1.682E-07  3.311E-08
                5.232E-06  2.038E-07  1.277E-07  3.373E-08  2.019E-08  1.654E-06
                8.065E-07  7.588E-07  1.639E-07  1.375E-06  4.010E-07  3.201E-06
                7.230E-08  1.239E-09  3.202E-09  2.581E-11  2.687E-07  6.432E-08
                5.550E-08  1.081E-10  4.958E-07  3.899E-08  2.731E-08  9.419E-07
                6.606E-07  1.370E-06  1.648E-06  1.110E-07  2.114E-07  3.978E-08
                7.793E-07  7.912E-07  2.812E-09  1.708E-08  1.068E-07  3.150E-07
                5.693E-06  1.557E-08  2.782E-11  8.574E-11  3.447E-11  4.884E-11
                2.594E-12  1.511E-07  8.661E-07  1.438E-08  8.399E-07  7.237E-07
                6.651E-08  7.083E-08  2.737E-06  9.768E-07  9.008E-08  1.243E-07
                3.455E-08  1.566E-09  5.586E-08  2.157E-07  1.616E-07  7.589E-09
                7.046E-08  2.810E-08  2.881E-09  1.772E-06  1.223E-08  7.673E-06
                3.603E-08  3.830E-08  7.894E-08  4.046E-07  9.195E-08  1.570E-07
                1.532E-07  1.835E-08  3.063E-06  9.868E-08  3.256E-07  4.535E-09
                1.345E-06  8.610E-06  8.805E-08  1.670E-07  1.044E-06  4.168E-07
                8.975E-07  1.231E-08  4.113E-08  6.612E-08  6.153E-11  2.422E-07
                1.458E-07  2.192E-09  7.788E-09  9.158E-08  1.097E-06  1.329E-06
                2.456E-08  7.709E-09  3.256E-08  2.234E-07  2.579E-09  2.521E-07
                5.491E-07  1.045E-09  1.870E-06  3.839E-07  5.586E-08  1.305E-07
                1.451E-06  3.081E-08  1.369E-07  2.860E-08  1.591E-07  2.332E-07
                1.709E-07  3.777E-06  6.007E-08  9.764E-07  2.750E-09  1.289E-07
                9.353E-08  1.836E-08  5.184E-07  9.282E-08  5.091E-07  5.164E-10
                1.197E-08  1.466E-06  1.496E-06  2.689E-08  1.514E-07  1.290E-07
                1.018E-08  7.300E-08  2.325E-07  1.056E-07  7.637E-08  8.988E-09
                1.780E-06  1.500E-07  1.231E-07  7.119E-08  1.727E-07  1.154E-07
                3.527E-06  1.906E-06  9.908E-08  1.863E-07  3.807E-07  5.384E-07
                4.777E-07  3.373E-08  3.300E-08  1.812E-10  1.854E-09  2.273E-08
                2.760E-07  4.804E-07  5.642E-07  1.321E-06  1.493E-07  2.279E-08
                3.475E-09  5.112E-08  8.962E-08  5.364E-08  1.848E-06
1.81005863E+02  1.235E-03  1.306E-03  8.295E-07  8.066E-04  5.261E-04  1.763E-06
                9.766E-07  4.697E-03  2.419E-06  1.473E-06  1.383E-04  1.899E-06
                2.192E-03  1.828E-05  2.726E-05  4.193E-07  1.452E-07  5.446E-07
                4.741E-07  3.171E-07  1.958E-09  4.111E-07  2.657E-07  1.272E-08
                4.328E-08  2.338E-07  1.603E-06  1.266E-07  3.154E-07  5.425E-07
                5.584E-07  9.874E-08  1.795E-06  8.007E-07  3.769E-07  8.675E-08
                2.417E-10  1.793E-07  4.520E-10  1.712E-06  2.395E-07  7.614E-07
                2.514E-07  3.702E-08  4.711E-08  4.180E-08  1.514E-07  2.694E-08
                4.031E-06  1.746E-07  8.427E-08  2.401E-08  2.045E-08  1.424E-06
                6.137E-07  5.977E-07  1.183E-07  9.430E-07  3.091E-07  2.779E-06
                5.885E-08  8.984E-10  2.174E-09  2.556E-11  2.218E-07  5.128E-08
                4.217E-08  1.052E-10  3.562E-07  3.018E-08  1.734E-08  6.761E-07
                4.833E-07  1.180E-06  1.192E-06  9.220E-08  1.535E-07  3.229E-08
                4.599E-07  4.663E-07  2.895E-09  1.784E-08  7.859E-08  2.345E-07
                4.246E-06  7.048E-09  2.658E-11  8.204E-11  2.577E-11  3.418E-11
                1.938E-12  8.742E-08  5.039E-07  9.539E-09  7.197E-07  6.276E-07
                5.124E-08  4.545E-08  2.080E-06  7.283E-07  6.537E-08  9.063E-08
                2.444E-08  8.988E-10  4.003E-08  1.521E-07  1.192E-07  4.697E-09
                6.102E-08  1.709E-08  2.099E-09  1.105E-06  9.534E-09  6.901E-06
                3.093E-08  2.595E-08  5.994E-08  3.066E-07  6.854E-08  1.050E-07
                1.035E-07  1.448E-08  2.091E-06  8.899E-08  2.178E-07  2.658E-09
                1.056E-06  7.817E-06  6.378E-08  1.227E-07  6.682E-07  2.649E-07
                5.582E-07  7.713E-09  3.101E-08  5.203E-08  3.776E-11  1.927E-07
                1.158E-07  1.694E-09  5.983E-09  6.940E-08  8.996E-07  1.089E-06
                1.601E-08  7.429E-09  2.992E-08  1.579E-07  2.326E-09  2.004E-07
                4.328E-07  6.692E-10  1.513E-06  3.090E-07  4.383E-08  1.131E-07
                1.160E-06  2.384E-08  1.185E-07  1.910E-08  1.125E-07  1.968E-07
                1.199E-07  3.490E-06  3.540E-08  5.724E-07  2.042E-09  1.007E-07
                6.939E-08  1.220E-08  3.312E-07  7.594E-08  4.149E-07  5.454E-10
                7.203E-09  1.194E-06  1.211E-06  1.945E-08  1.149E-07  1.044E-07
                7.058E-09  5.251E-08  1.616E-07  7.669E-08  5.316E-08  7.089E-09
                1.602E-06  1.175E-07  8.528E-08  4.409E-08  1.115E-07  8.151E-08
                3.172E-06  1.709E-06  7.798E-08  1.312E-07  2.666E-07  4.235E-07
                3.647E-07  2.296E-08  2.688E-08  1.320E-10  1.281E-09  1.793E-08
                2.256E-07  3.986E-07  4.640E-07  1.075E-06  1.104E-07  1.834E-08
                3.402E-09  4.150E-08  7.400E-08  3.739E-08  1.529E-06
1.94613863E+02  8.556E-04  9.054E-04  1.238E-06  5.662E-04  3.664E-04  7.966E-07
                6.369E-07  3.995E-03  1.272E-06  8.184E-07  1.222E-04  1.371E-06
                1.948E-03  1.428E-05  2.134E-05  4.096E-07  1.066E-07  3.626E-07
                4.122E-07  2.107E-07  1.259E-09  3.043E-07  2.428E-07  1.523E-08
                4.241E-08  1.307E-07  8.940E-07  1.062E-07  2.451E-07  3.520E-07
                4.201E-07  7.325E-08  1.297E-06  4.826E-07  2.728E-07  5.665E-08
                1.649E-10  1.399E-07  2.553E-10  1.133E-06  1.538E-07  5.083E-07
                1.610E-07  2.116E-08  2.999E-08  3.642E-08  1.425E-07  1.893E-08
                2.807E-06  1.571E-07  5.990E-08  1.649E-08  2.094E-08  1.277E-06
                4.085E-07  3.945E-07  7.524E-08  6.787E-07  1.943E-07  2.458E-06
                5.880E-08  7.067E-10  2.020E-09  2.465E-11  1.318E-07  4.230E-08
                3.018E-08  7.224E-11  2.613E-07  1.816E-08  2.237E-08  6.370E-07
                3.943E-07  8.326E-07  8.340E-07  6.234E-08  1.084E-07  1.899E-08
                4.057E-07  4.147E-07  2.340E-09  1.446E-08  5.627E-08  1.585E-07
                3.004E-06  6.559E-09  1.943E-11  6.106E-11  1.933E-11  2.908E-11
                1.407E-12  7.727E-08  4.395E-07  6.596E-09  5.576E-07  4.897E-07
                3.952E-08  4.140E-08  1.460E-06  5.112E-07  4.978E-08  6.906E-08
                2.012E-08  9.690E-10  3.334E-08  1.254E-07  9.772E-08  4.686E-09
                6.111E-08  1.726E-08  1.582E-09  1.087E-06  7.228E-09  4.857E-06
                2.209E-08  2.274E-08  4.684E-08  2.348E-07  5.133E-08  8.617E-08
                8.623E-08  1.138E-08  1.562E-06  7.430E-08  2.061E-07  1.855E-09
                7.486E-07  5.555E-06  5.115E-08  9.640E-08  6.456E-07  2.545E-07
                4.579E-07  4.682E-09  2.247E-08  3.907E-08  3.404E-11  1.459E-07
                8.774E-08  1.145E-09  3.999E-09  5.431E-08  6.864E-07  8.334E-07
                9.736E-09  4.700E-09  2.048E-08  1.403E-07  1.657E-09  1.428E-07
                3.106E-07  5.041E-10  1.151E-06  2.314E-07  2.919E-08  9.189E-08
                8.840E-07  1.697E-08  8.347E-08  1.561E-08  8.222E-08  1.403E-07
                9.558E-08  2.563E-06  3.464E-08  5.327E-07  1.571E-09  7.603E-08
                5.180E-08  7.840E-09  3.395E-07  5.737E-08  3.116E-07  4.073E-10
                3.977E-09  9.016E-07  9.162E-07  1.381E-08  8.734E-08  7.795E-08
                7.020E-09  3.671E-08  1.344E-07  5.685E-08  4.367E-08  5.621E-09
                1.184E-06  8.890E-08  7.013E-08  4.859E-08  1.236E-07  6.624E-08
                2.344E-06  1.265E-06  5.722E-08  1.056E-07  2.359E-07  3.099E-07
                2.587E-07  1.448E-08  1.747E-08  6.439E-11  1.665E-09  1.130E-08
                1.798E-07  3.213E-07  3.628E-07  8.512E-07  8.170E-08  1.266E-08
                1.504E-09  3.185E-08  5.972E-08  2.909E-08  1.217E-06
