          16           7
         215          13           1           1
           0          -4           0          -4           0          -6           0          -2           0          -4           0           6           0           4           0           2           0           4           0           6           0           2           0           4           0           2           0          -4           0          -2           0           2           0           4           0           6           0           2           0           4           0           6           0           4           0          -2           0          -2           0          -4           0          -6           0          -8           0          -2           0          -4           0          -6           0          -4           0           2           0          -4           0          -6           0          -2           0          -4           0          -6           0          -6           0          -8           0          -4           0          -6           0          -2           0          -4           0           4           0           6           0           8           0          10           0           4           0          -4           0           2           0           6           0           4           0           8           0           2           0          -4           0          -2           0           6           0           6           0           4           0           2           0           8           0           4           0           6           0           8           0           4           0           6           0           8           0          10           0           4           0           6           0           8           0           6           0           4           0           2           0           6           0           2           0           4           0           2           0          -4           0          -2           0          -6           0          -8           0           6           0           4           0          -4           0          -6           0          -2           0          -4           0          -6           0          -8           0         -10           0          -2           0          -4           0          -6           0          -4           0          -2           0          -6           0          -8           0          -2           0          -4           0           2           0           4           0           6           0           8           0           4           0           4           0           6           0           8           0           2           0          10           0           8           0           6           0           4           0           2           0           6           0           6           0           4           0           4           0           2           0           4           0           6           0           8           0          -4           0           2           0           4           0          -6           0          -4           0           2           0           4           0           6           0           4           0           6           0          -2           0          -4           0          -6           0          -8           0         -10           0          -6           0          -8           0         -10           0         -12           0           2           0          -2           0          -4           0          -6           0          -8           0          -2           0          -8           0         -10           0          -4           0          -2           0          -6           0          -4           0          -2           0          -4           0          -2           0          -4           0          -6           0          -4           0          -8           0          -6           0           2           0           4           0           2           0           4           0           6           0         -10           0          -8           0          -6           0          -4           0           6           0          -2           0          -4           0           8           0          -6           0          -2           0          -4           0          -6           0          -8           0           4           0           6           0          -4           0          -6           0          -6           0          -8           0          -2           0           2           0          -4           0           4           0           6           0           4           0           4           0           2           0           2           0          -4           0          -6           0          -8           0          -2           0          -4           0          -6           0          -8           0         -10           0          -8           0          -6           0          -4           0          -2           0          -2           0          -4           0          -6           0          -6           0          -8           0          -4           0          -2           0          -6           0          -4
    0.000000E+00    9.645106E-03    9.843162E-03    1.435602E-02    1.458263E-02
    4.247197E-02    4.320385E-02    4.360158E-02    5.944295E-02    5.948713E-02
    6.922989E-02    7.316769E-02    7.411300E-02    1.134727E-01    1.147319E-01
    2.354040E-01    2.358931E-01    2.366026E-01    2.382857E-01    2.391328E-01
    2.438023E-01    2.438287E-01    2.461520E-01    2.471700E-01    2.474363E-01
    2.479076E-01    2.485433E-01    2.486026E-01    2.487216E-01    2.491410E-01
    2.502551E-01    2.507374E-01    2.510783E-01    2.511300E-01    2.524691E-01
    2.524772E-01    2.554279E-01    2.561102E-01    2.563381E-01    2.591442E-01
    2.591854E-01    2.609226E-01    2.615363E-01    2.619649E-01    2.622131E-01
    2.625883E-01    2.631076E-01    2.632646E-01    2.633261E-01    2.634365E-01
    2.637297E-01    2.638533E-01    2.640096E-01    2.643758E-01    2.644930E-01
    2.645338E-01    2.648466E-01    2.652759E-01    2.655531E-01    2.656939E-01
    2.657640E-01    2.676748E-01    2.677713E-01    2.679166E-01    2.688115E-01
    2.690337E-01    2.711118E-01    2.712141E-01    2.720014E-01    2.721113E-01
    2.724223E-01    2.724984E-01    2.725578E-01    2.726085E-01    2.727219E-01
    2.737570E-01    2.740430E-01    2.746587E-01    2.763855E-01    2.763956E-01
    2.763957E-01    2.764682E-01    2.789238E-01    2.791446E-01    2.808157E-01
    2.808428E-01    2.816082E-01    2.816156E-01    2.816277E-01    2.816445E-01
    2.816660E-01    2.832213E-01    2.832636E-01    2.833497E-01    2.872720E-01
    2.872722E-01    2.872783E-01    2.873017E-01    2.873787E-01    2.874354E-01
    2.875828E-01    2.876419E-01    2.877951E-01    2.879672E-01    2.884374E-01
    2.885530E-01    2.886000E-01    2.886971E-01    2.887362E-01    2.888178E-01
    2.901974E-01    2.902310E-01    2.934227E-01    2.936053E-01    2.936679E-01
    2.948139E-01    2.948751E-01    2.949134E-01    2.954910E-01    2.955387E-01
    2.955818E-01    2.956302E-01    2.974080E-01    2.974265E-01    2.978254E-01
    2.979930E-01    2.980044E-01    2.981863E-01    2.981951E-01    2.982014E-01
    2.986863E-01    2.989406E-01    2.997979E-01    3.013547E-01    3.014398E-01
    3.015665E-01    3.017420E-01    3.025165E-01    3.025355E-01    3.025686E-01
    3.026262E-01    3.032771E-01    3.036433E-01    3.036673E-01    3.036996E-01
    3.037196E-01    3.041292E-01    3.046134E-01    3.046301E-01    3.048276E-01
    3.048611E-01    3.049614E-01    3.051740E-01    3.052844E-01    3.060373E-01
    3.062721E-01    3.065126E-01    3.067251E-01    3.072820E-01    3.083217E-01
    3.083847E-01    3.085481E-01    3.086063E-01    3.093086E-01    3.093690E-01
    3.093750E-01    3.093804E-01    3.094500E-01    3.095030E-01    3.095365E-01
    3.096086E-01    3.096683E-01    3.098305E-01    3.098337E-01    3.100372E-01
    3.110986E-01    3.111053E-01    3.111248E-01    3.111449E-01    3.124031E-01
    3.124222E-01    3.126400E-01    3.132139E-01    3.132929E-01    3.134326E-01
    3.163175E-01    3.165548E-01    3.167011E-01    3.167161E-01    3.173537E-01
    3.174815E-01    3.194473E-01    3.198310E-01    3.206567E-01    3.235572E-01
    3.235827E-01    3.236877E-01    3.236885E-01    3.238034E-01    3.239013E-01
    3.239634E-01    3.240075E-01    3.245628E-01    3.245933E-01    3.263728E-01
    3.264517E-01    3.271738E-01    3.284075E-01    3.287843E-01    3.314323E-01
    3.314556E-01    3.324856E-01    3.325179E-01    3.327131E-01    3.333147E-01
           0           0           0           1
  -27.915863041215566               13
3.09776630E+01  2.373E-01  2.640E-01  2.090E-04  1.627E-01  1.051E-01
4.45856630E+01  9.268E-02  9.960E-02  1.487E-04  5.991E-02  3.914E-02  1.258E-04
                1.034E-04  8.432E-02  2.978E-04  1.829E-04  2.162E-03  5.620E-04
                3.249E-02  1.008E-03  1.538E-03
5.81936630E+01  4.395E-02  4.637E-02  3.188E-05  2.849E-02  1.858E-02  6.244E-05
                4.398E-05  5.254E-02  1.317E-04  7.572E-05  1.417E-03  9.288E-05
                2.183E-02  5.279E-04  7.802E-04  3.290E-06  5.277E-06  3.578E-05
                7.750E-06  2.228E-05  2.293E-08  1.303E-05  1.189E-05  6.837E-07
                2.448E-06  2.361E-06  1.260E-05  6.760E-06  1.976E-05  3.104E-05
                3.560E-05  3.403E-06  1.385E-04  1.996E-05  1.987E-05  4.703E-06
                1.326E-08  1.857E-05  2.394E-09  1.042E-04  3.876E-06  4.470E-05
                2.002E-05  6.383E-06  5.856E-06  2.329E-07  6.485E-07  1.802E-06
                1.306E-04  1.415E-06  3.917E-06  1.258E-06  1.066E-06  1.298E-05
                3.439E-05  3.617E-05  9.674E-06  6.621E-05  4.374E-05  3.650E-05
                4.682E-07  1.704E-08  6.007E-08  3.256E-10  3.357E-05  8.600E-07
                4.429E-08  5.472E-10  1.355E-05  2.323E-06  1.848E-07  1.245E-05
                6.754E-06  1.235E-05  5.010E-05  1.239E-05  7.583E-06  4.978E-06
                1.400E-05  1.378E-05  1.216E-07  5.289E-07  1.995E-06  2.080E-05
                1.086E-04  2.521E-07  3.643E-10  1.213E-09  3.995E-10  2.006E-10
                9.059E-12  2.455E-06  1.462E-05  5.704E-07  5.482E-06  4.295E-06
                1.002E-06  1.685E-06  5.053E-05  1.881E-05  1.228E-06  1.395E-06
                6.079E-07  4.332E-08  1.085E-06  3.840E-06  2.468E-06  7.340E-08
                4.323E-06  2.836E-07  5.251E-08  3.201E-05  1.921E-07  1.218E-04
                5.863E-07  8.829E-07  1.611E-06  3.420E-06  9.349E-07  2.291E-06
                2.070E-06  1.052E-07  6.128E-05  2.109E-06  4.430E-06  1.433E-07
                2.263E-05  1.169E-04  1.915E-06  3.366E-06  1.641E-05  6.866E-06
                1.570E-05  2.244E-06  2.803E-06  2.524E-06  1.609E-09  1.204E-05
                7.054E-06  3.359E-09  7.360E-09  1.874E-06  1.521E-05  1.889E-05
                3.681E-06  2.696E-07  1.263E-06  2.255E-05  4.642E-09  3.968E-06
                8.781E-06  1.646E-07  2.772E-05  6.475E-06  3.617E-06  1.985E-06
                1.786E-05  1.478E-06  6.731E-06  1.127E-06  6.522E-06  2.040E-06
                2.854E-06  6.185E-05  1.199E-06  1.997E-05  1.058E-09  4.259E-06
                5.053E-06  2.527E-06  8.189E-06  1.371E-06  8.027E-06  1.463E-08
                2.761E-06  2.089E-05  2.190E-05  1.225E-06  5.327E-06  1.294E-06
                4.152E-07  3.985E-06  1.249E-05  5.149E-06  4.056E-06  3.064E-07
                1.914E-05  3.894E-06  1.988E-06  1.206E-06  3.229E-06  2.390E-06
                3.390E-05  1.665E-05  5.007E-06  1.365E-05  3.097E-05  1.530E-05
                1.672E-05  3.986E-06  3.398E-06  2.096E-10  1.468E-06  7.504E-07
                1.521E-06  2.537E-06  3.518E-06  1.729E-05  5.497E-06  1.012E-06
                2.199E-07  6.862E-07  6.032E-07  1.358E-06  1.548E-05
7.18016630E+01  2.368E-02  2.489E-02  1.484E-05  1.529E-02  9.956E-03  3.340E-05
                2.367E-05  3.548E-02  6.870E-05  4.035E-05  9.798E-04  4.981E-05
                1.523E-02  2.976E-04  4.397E-04  1.043E-06  3.358E-06  1.750E-05
                5.666E-06  1.225E-05  1.216E-08  9.848E-06  4.843E-06  3.068E-07
                9.694E-07  1.143E-06  6.826E-06  3.366E-06  1.137E-05  1.752E-05
                1.677E-05  2.318E-06  5.708E-05  1.069E-05  9.942E-06  2.987E-06
                8.215E-09  8.490E-06  2.549E-09  4.831E-05  2.070E-06  2.091E-05
                8.848E-06  2.584E-06  2.521E-06  1.384E-07  3.760E-07  7.542E-07
                7.304E-05  6.406E-07  2.501E-06  4.764E-07  4.321E-07  5.438E-06
                1.683E-05  1.675E-05  4.441E-06  3.288E-05  1.452E-05  1.337E-05
                2.523E-07  1.027E-08  3.904E-08  6.313E-11  1.084E-05  5.000E-07
                1.754E-07  5.415E-10  7.601E-06  1.026E-06  6.241E-08  7.634E-06
                4.240E-06  9.929E-06  2.779E-05  3.861E-06  3.645E-06  1.661E-06
                9.337E-06  9.503E-06  3.514E-08  1.873E-07  1.317E-06  8.140E-06
                6.624E-05  1.290E-07  2.140E-10  6.783E-10  3.661E-10  1.546E-10
                1.236E-11  1.674E-06  9.645E-06  3.422E-07  4.329E-06  3.350E-06
                7.430E-07  4.468E-07  3.091E-05  1.113E-05  7.013E-07  8.905E-07
                2.701E-07  2.105E-08  5.731E-07  1.799E-06  1.146E-06  6.072E-08
                6.608E-07  2.372E-07  3.806E-08  1.886E-05  1.271E-07  7.051E-05
                3.780E-07  4.318E-07  9.536E-07  2.218E-06  5.826E-07  1.419E-06
                1.292E-06  9.566E-08  3.671E-05  7.345E-07  2.459E-06  5.842E-08
                1.552E-05  7.074E-05  8.120E-07  1.581E-06  9.946E-06  4.147E-06
                1.011E-05  8.188E-07  1.193E-06  1.257E-06  1.230E-09  5.792E-06
                3.403E-06  4.697E-09  1.482E-08  1.024E-06  8.533E-06  1.057E-05
                1.441E-06  1.230E-07  6.168E-07  7.958E-06  6.485E-09  2.851E-06
                6.253E-06  4.421E-08  1.532E-05  3.450E-06  1.516E-06  1.147E-06
                1.100E-05  7.308E-07  3.029E-06  3.862E-07  3.483E-06  1.448E-06
                1.559E-06  3.277E-05  6.432E-07  1.132E-05  5.467E-09  2.176E-06
                2.239E-06  9.145E-07  4.624E-06  7.443E-07  4.257E-06  5.795E-09
                9.054E-07  1.177E-05  1.229E-05  6.076E-07  2.582E-06  6.783E-07
                1.879E-07  1.982E-06  4.760E-06  2.564E-06  1.452E-06  1.524E-07
                1.267E-05  2.233E-06  1.100E-06  6.476E-07  1.502E-06  1.009E-06
                2.358E-05  1.196E-05  1.967E-06  6.255E-06  1.266E-05  7.034E-06
                7.814E-06  1.515E-06  8.132E-07  3.550E-10  5.569E-07  4.267E-07
                1.529E-06  2.463E-06  3.339E-06  9.716E-06  2.625E-06  3.854E-07
                4.970E-08  4.754E-07  4.525E-07  5.818E-07  1.109E-05
8.54096630E+01  1.392E-02  1.459E-02  9.064E-06  8.975E-03  5.827E-03  1.978E-05
                1.398E-05  2.505E-02  3.889E-05  2.310E-05  7.053E-04  2.882E-05
                1.104E-02  1.807E-04  2.675E-04  7.150E-07  2.216E-06  9.868E-06
                3.852E-06  7.101E-06  9.265E-09  6.719E-06  2.607E-06  1.378E-07
                4.242E-07  7.603E-07  4.854E-06  1.962E-06  6.928E-06  1.066E-05
                9.085E-06  1.573E-06  2.781E-05  6.594E-06  5.528E-06  1.912E-06
                5.145E-09  4.468E-06  1.864E-09  2.530E-05  1.286E-06  1.104E-05
                4.430E-06  1.213E-06  1.244E-06  9.660E-08  2.416E-07  3.709E-07
                4.361E-05  5.118E-07  1.614E-06  2.544E-07  2.227E-07  4.212E-06
                9.211E-06  8.789E-06  2.388E-06  1.849E-05  6.538E-06  9.169E-06
                1.861E-07  7.012E-09  2.656E-08  2.169E-11  4.701E-06  3.283E-07
                2.194E-07  4.948E-10  4.666E-06  5.422E-07  3.314E-08  5.520E-06
                3.272E-06  7.367E-06  1.679E-05  1.664E-06  2.109E-06  7.226E-07
                6.349E-06  6.534E-06  1.472E-08  8.749E-08  8.676E-07  4.115E-06
                4.182E-05  8.631E-08  1.431E-10  4.546E-10  2.757E-10  1.170E-10
                1.134E-11  1.193E-06  6.748E-06  2.094E-07  3.306E-06  2.609E-06
                5.123E-07  1.666E-07  1.972E-05  7.026E-06  4.898E-07  6.545E-07
                1.897E-07  1.192E-08  3.685E-07  1.195E-06  7.755E-07  4.403E-08
                1.945E-07  1.692E-07  2.063E-08  1.285E-05  8.328E-08  4.476E-05
                2.469E-07  2.748E-07  6.237E-07  1.768E-06  4.376E-07  1.033E-06
                9.773E-07  7.918E-08  2.332E-05  3.816E-07  1.748E-06  3.203E-08
                1.018E-05  4.606E-05  5.234E-07  1.051E-06  6.915E-06  2.879E-06
                6.685E-06  3.692E-07  5.867E-07  6.667E-07  6.618E-10  2.885E-06
                1.702E-06  5.754E-09  2.029E-08  6.511E-07  5.565E-06  6.849E-06
                6.771E-07  6.903E-08  3.342E-07  3.179E-06  7.830E-09  1.887E-06
                4.143E-06  1.904E-08  9.774E-06  2.149E-06  7.684E-07  7.272E-07
                7.437E-06  4.055E-07  1.580E-06  1.821E-07  2.026E-06  1.136E-06
                1.055E-06  1.977E-05  4.233E-07  7.463E-06  7.809E-09  1.186E-06
                1.142E-06  4.181E-07  3.020E-06  4.726E-07  2.685E-06  2.047E-09
                3.876E-07  7.641E-06  7.923E-06  3.323E-07  1.410E-06  4.917E-07
                9.357E-08  1.095E-06  2.191E-06  1.422E-06  6.491E-07  8.486E-08
                8.746E-06  1.370E-06  7.524E-07  3.953E-07  8.576E-07  6.486E-07
                1.682E-05  8.732E-06  9.971E-07  3.040E-06  5.497E-06  3.974E-06
                4.336E-06  7.187E-07  2.282E-07  4.622E-10  2.331E-07  2.601E-07
                1.189E-06  1.915E-06  2.556E-06  6.478E-06  1.387E-06  1.949E-07
                1.781E-08  3.203E-07  3.499E-07  3.196E-07  8.061E-06
9.90176630E+01  8.747E-03  9.179E-03  4.946E-06  5.657E-03  3.668E-03  1.169E-05
                8.508E-06  1.854E-02  2.275E-05  1.376E-05  5.294E-04  1.761E-05
                8.318E-03  1.194E-04  1.767E-04  5.792E-07  1.414E-06  5.696E-06
                2.571E-06  4.118E-06  8.089E-09  4.335E-06  1.590E-06  5.974E-08
                1.999E-07  6.077E-07  4.027E-06  1.206E-06  4.235E-06  6.630E-06
                5.292E-06  1.012E-06  1.522E-05  4.386E-06  3.335E-06  1.213E-06
                3.209E-09  2.518E-06  1.402E-09  1.446E-05  9.011E-07  6.429E-06
                2.443E-06  6.219E-07  6.632E-07  8.417E-08  2.259E-07  2.011E-07
                2.787E-05  4.415E-07  9.937E-07  1.546E-07  1.183E-07  3.612E-06
                5.457E-06  5.073E-06  1.367E-06  1.065E-05  3.409E-06  7.482E-06
                1.535E-07  4.865E-09  1.736E-08  1.306E-11  2.395E-06  2.216E-07
                2.045E-07  4.387E-10  2.893E-06  3.068E-07  2.558E-08  3.912E-06
                2.462E-06  5.498E-06  1.023E-05  8.619E-07  1.258E-06  3.691E-07
                4.270E-06  4.404E-06  9.174E-09  5.589E-08  5.618E-07  2.303E-06
                2.787E-05  5.347E-08  1.027E-10  3.237E-10  1.908E-10  9.990E-11
                9.520E-12  8.182E-07  4.608E-06  1.263E-07  2.567E-06  2.069E-06
                3.443E-07  9.623E-08  1.327E-05  4.706E-06  3.606E-07  4.902E-07
                1.404E-07  7.135E-09  2.523E-07  8.541E-07  5.685E-07  3.079E-08
                1.248E-07  1.161E-07  1.238E-08  8.774E-06  5.855E-08  3.119E-05
                1.619E-07  1.915E-07  4.166E-07  1.399E-06  3.396E-07  7.564E-07
                7.206E-07  6.243E-08  1.565E-05  2.576E-07  1.293E-06  1.953E-08
                6.803E-06  3.277E-05  3.751E-07  7.793E-07  4.830E-06  2.012E-06
                4.553E-06  1.870E-07  3.224E-07  3.899E-07  3.789E-10  1.576E-06
                9.339E-07  6.274E-09  2.296E-08  4.353E-07  3.944E-06  4.826E-06
                3.561E-07  4.318E-08  1.993E-07  1.417E-06  8.807E-09  1.259E-06
                2.772E-06  8.246E-09  6.814E-06  1.475E-06  4.406E-07  4.964E-07
                5.364E-06  2.392E-07  9.193E-07  1.080E-07  1.204E-06  8.928E-07
                7.373E-07  1.360E-05  2.868E-07  4.997E-06  8.019E-09  7.109E-07
                6.494E-07  2.198E-07  2.051E-06  3.295E-07  1.869E-06  1.203E-09
                1.955E-07  5.372E-06  5.542E-06  1.950E-07  8.445E-07  4.006E-07
                5.280E-08  6.417E-07  1.163E-06  8.366E-07  3.488E-07  5.236E-08
                6.440E-06  8.687E-07  5.321E-07  2.571E-07  5.457E-07  4.765E-07
                1.263E-05  6.657E-06  5.849E-07  1.584E-06  2.640E-06  2.549E-06
                2.685E-06  3.839E-07  7.588E-08  4.293E-10  9.689E-08  1.617E-07
                9.023E-07  1.469E-06  1.938E-06  4.683E-06  8.401E-07  1.084E-07
                9.436E-09  2.191E-07  2.732E-07  2.118E-07  6.050E-06
1.12625663E+02  5.801E-03  6.089E-03  3.649E-06  3.750E-03  2.431E-03  8.361E-06
                5.675E-06  1.387E-02  1.500E-05  9.057E-06  3.997E-04  1.135E-05
                6.296E-03  7.890E-05  1.172E-04  5.128E-07  9.246E-07  3.221E-06
                1.827E-06  2.341E-06  5.479E-09  2.927E-06  1.175E-06  2.520E-08
                1.148E-07  4.475E-07  3.002E-06  8.230E-07  2.729E-06  4.281E-06
                3.392E-06  6.829E-07  9.668E-06  2.943E-06  2.198E-06  7.968E-07
                2.069E-09  1.524E-06  9.529E-10  9.107E-06  6.555E-07  4.083E-06
                1.494E-06  3.472E-07  3.825E-07  7.162E-08  2.045E-07  1.258E-07
                1.887E-05  3.740E-07  6.422E-07  1.098E-07  6.102E-08  3.050E-06
                3.489E-06  3.190E-06  8.413E-07  6.652E-06  2.028E-06  6.174E-06
                1.246E-07  3.664E-09  1.219E-08  1.338E-11  1.405E-06  1.606E-07
                1.637E-07  3.048E-10  1.933E-06  1.893E-07  3.217E-08  2.966E-06
                1.914E-06  4.067E-06  6.760E-06  5.142E-07  8.582E-07  2.157E-07
                3.087E-06  3.182E-06  6.925E-09  4.185E-08  3.910E-07  1.446E-06
                1.951E-05  4.451E-08  7.671E-11  2.395E-10  1.324E-10  9.290E-11
                7.977E-12  6.007E-07  3.381E-06  8.099E-08  2.053E-06  1.689E-06
                2.341E-07  9.091E-08  9.285E-06  3.316E-06  2.787E-07  3.788E-07
                1.075E-07  5.334E-09  1.788E-07  6.531E-07  4.407E-07  2.466E-08
                1.029E-07  9.238E-08  1.046E-08  6.529E-06  4.162E-08  2.209E-05
                1.188E-07  1.427E-07  2.801E-07  1.114E-06  2.683E-07  5.667E-07
                5.365E-07  4.880E-08  1.101E-05  1.870E-07  1.016E-06  1.430E-08
                4.686E-06  2.356E-05  2.833E-07  5.806E-07  3.669E-06  1.515E-06
                3.288E-06  1.037E-07  1.980E-07  2.554E-07  2.712E-10  9.810E-07
                5.845E-07  5.311E-09  1.935E-08  3.031E-07  2.980E-06  3.631E-06
                1.982E-07  2.781E-08  1.306E-07  7.824E-07  6.906E-09  8.699E-07
                1.906E-06  5.422E-09  5.140E-06  1.096E-06  2.726E-07  3.601E-07
                4.039E-06  1.497E-07  5.829E-07  7.920E-08  7.727E-07  6.866E-07
                5.554E-07  9.590E-06  2.160E-07  3.730E-06  7.327E-09  4.816E-07
                4.158E-07  1.264E-07  1.596E-06  2.492E-07  1.402E-06  1.000E-09
                1.069E-07  4.038E-06  4.153E-06  1.270E-07  5.751E-07  3.218E-07
                3.443E-08  3.953E-07  7.725E-07  5.256E-07  2.392E-07  3.481E-08
                4.699E-06  5.841E-07  4.000E-07  2.008E-07  4.345E-07  3.647E-07
                9.327E-06  4.970E-06  3.785E-07  9.455E-07  1.567E-06  1.770E-06
                1.801E-06  2.234E-07  4.547E-08  4.177E-10  3.962E-08  1.004E-07
                7.064E-07  1.166E-06  1.499E-06  3.545E-06  5.686E-07  7.143E-08
                6.058E-09  1.578E-07  2.164E-07  1.617E-07  4.700E-06
1.26233663E+02  3.972E-03  4.177E-03  2.226E-06  2.583E-03  1.672E-03  5.095E-06
                3.697E-06  1.094E-02  9.225E-06  5.668E-06  3.193E-04  7.526E-06
                5.044E-03  5.778E-05  8.578E-05  4.907E-07  6.117E-07  2.126E-06
                1.287E-06  1.510E-06  4.669E-09  1.885E-06  8.168E-07  1.187E-08
                6.818E-08  4.429E-07  3.013E-06  5.425E-07  1.728E-06  2.763E-06
                2.173E-06  4.409E-07  6.108E-06  2.265E-06  1.446E-06  5.071E-07
                1.327E-09  9.397E-07  9.447E-10  5.805E-06  5.388E-07  2.661E-06
                9.265E-07  1.996E-07  2.302E-07  6.570E-08  1.965E-07  7.846E-08
                1.296E-05  3.163E-07  4.094E-07  7.305E-08  3.339E-08  2.578E-06
                2.264E-06  2.063E-06  5.362E-07  4.296E-06  1.265E-06  5.152E-06
                9.907E-08  2.669E-09  8.694E-09  1.937E-11  8.682E-07  1.194E-07
                1.287E-07  2.591E-10  1.326E-06  1.208E-07  2.363E-08  2.240E-06
                1.424E-06  3.058E-06  4.521E-06  3.265E-07  5.606E-07  1.325E-07
                2.062E-06  2.124E-06  6.132E-09  3.719E-08  2.698E-07  9.317E-07
                1.358E-05  2.485E-08  6.006E-11  1.878E-10  9.417E-11  7.359E-11
                6.096E-12  3.992E-07  2.247E-06  5.216E-08  1.645E-06  1.378E-06
                1.653E-07  6.896E-08  6.535E-06  2.307E-06  2.050E-07  2.802E-07
                7.905E-08  3.232E-09  1.323E-07  4.738E-07  3.308E-07  1.636E-08
                8.767E-08  6.102E-08  5.759E-09  4.586E-06  3.061E-08  1.678E-05
                8.263E-08  1.007E-07  1.915E-07  8.409E-07  2.018E-07  4.055E-07
                3.860E-07  3.967E-08  7.511E-06  1.522E-07  7.495E-07  8.790E-09
                3.335E-06  1.820E-05  2.081E-07  4.338E-07  2.588E-06  1.063E-06
                2.215E-06  5.957E-08  1.333E-07  1.857E-07  1.741E-10  6.952E-07
                4.155E-07  4.592E-09  1.676E-08  2.117E-07  2.272E-06  2.760E-06
                1.151E-07  1.838E-08  8.852E-08  5.485E-07  6.530E-09  6.223E-07
                1.369E-06  3.354E-09  3.886E-06  8.186E-07  1.746E-07  2.699E-07
                3.034E-06  9.816E-08  3.857E-07  5.865E-08  5.049E-07  5.274E-07
                3.973E-07  7.538E-06  1.465E-07  2.505E-06  5.839E-09  3.509E-07
                2.860E-07  7.594E-08  1.127E-06  1.892E-07  1.058E-06  1.096E-09
                6.177E-08  3.057E-06  3.130E-06  8.519E-08  4.151E-07  2.579E-07
                2.419E-08  2.518E-07  5.501E-07  3.447E-07  1.749E-07  2.384E-08
                3.724E-06  4.039E-07  2.817E-07  1.416E-07  3.140E-07  2.658E-07
                7.441E-06  3.987E-06  2.593E-07  6.076E-07  1.052E-06  1.268E-06
                1.239E-06  1.355E-07  3.280E-08  2.820E-10  2.084E-08  6.741E-08
                5.467E-07  9.198E-07  1.159E-06  2.727E-06  4.013E-07  4.889E-08
                4.711E-09  1.166E-07  1.711E-07  1.194E-07  3.674E-06
1.39841663E+02  2.844E-03  2.987E-03  2.071E-06  1.845E-03  1.194E-03  4.197E-06
                2.683E-06  8.448E-03  6.789E-06  4.113E-06  2.478E-04  5.164E-06
                3.920E-03  3.981E-05  5.941E-05  4.740E-07  4.179E-07  1.259E-06
                9.920E-07  8.710E-07  3.514E-09  1.329E-06  6.576E-07  1.202E-08
                6.358E-08  2.907E-07  1.978E-06  3.893E-07  1.135E-06  1.817E-06
                1.548E-06  3.110E-07  4.585E-06  1.493E-06  1.047E-06  3.342E-07
                8.700E-10  6.127E-07  5.603E-10  4.164E-06  3.885E-07  1.912E-06
                6.504E-07  1.271E-07  1.490E-07  6.057E-08  1.976E-07  5.872E-08
                9.593E-06  2.729E-07  2.759E-07  5.876E-08  2.401E-08  2.219E-06
                1.604E-06  1.472E-06  3.585E-07  2.886E-06  8.504E-07  4.377E-06
                9.233E-08  2.096E-09  5.980E-09  2.238E-11  5.800E-07  9.688E-08
                9.819E-08  1.866E-10  9.440E-07  8.242E-08  2.984E-08  1.622E-06
                1.115E-06  2.341E-06  3.219E-06  2.230E-07  4.102E-07  8.793E-08
                1.523E-06  1.558E-06  4.399E-09  2.646E-08  1.988E-07  6.438E-07
                1.030E-05  2.483E-08  4.518E-11  1.396E-10  6.561E-11  6.890E-11
                4.673E-12  2.977E-07  1.690E-06  3.331E-08  1.315E-06  1.112E-06
                1.188E-07  8.171E-08  4.936E-06  1.765E-06  1.585E-07  2.173E-07
                5.995E-08  2.701E-09  9.654E-08  3.676E-07  2.620E-07  1.321E-08
                8.114E-08  4.900E-08  5.214E-09  3.300E-06  2.233E-08  1.270E-05
                6.384E-08  7.305E-08  1.424E-07  6.757E-07  1.588E-07  2.965E-07
                2.824E-07  3.020E-08  5.686E-06  1.300E-07  5.676E-07  7.709E-09
                2.441E-06  1.392E-05  1.572E-07  3.140E-07  1.910E-06  7.763E-07
                1.692E-06  3.498E-08  8.623E-08  1.256E-07  1.229E-10  4.612E-07
                2.767E-07  3.718E-09  1.344E-08  1.601E-07  1.781E-06  2.161E-06
                6.824E-08  1.406E-08  6.299E-08  3.624E-07  4.664E-09  4.552E-07
                9.938E-07  2.233E-09  3.054E-06  6.374E-07  1.183E-07  2.097E-07
                2.388E-06  6.489E-08  2.697E-07  4.648E-08  3.355E-07  4.024E-07
                3.029E-07  5.805E-06  1.108E-07  1.865E-06  4.685E-09  2.422E-07
                1.898E-07  4.662E-08  8.783E-07  1.498E-07  8.323E-07  7.658E-10
                3.583E-08  2.397E-06  2.452E-06  5.650E-08  2.858E-07  2.078E-07
                1.709E-08  1.634E-07  3.964E-07  2.257E-07  1.289E-07  1.688E-08
                2.831E-06  2.847E-07  2.182E-07  1.138E-07  2.605E-07  2.051E-07
                5.643E-06  3.039E-06  1.840E-07  3.882E-07  6.968E-07  9.462E-07
                8.948E-07  8.418E-08  3.679E-08  2.892E-10  7.363E-09  4.596E-08
                4.378E-07  7.441E-07  9.142E-07  2.134E-06  2.850E-07  3.725E-08
                4.612E-09  8.741E-08  1.386E-07  9.278E-08  2.923E-06
1.53449663E+02  2.085E-03  2.201E-03  9.045E-07  1.363E-03  8.843E-04  2.607E-06
                1.800E-06  7.055E-03  4.302E-06  2.663E-06  2.081E-04  3.644E-06
                3.297E-03  3.190E-05  4.746E-05  4.604E-07  2.851E-07  9.651E-07
                7.376E-07  6.363E-07  2.891E-09  8.569E-07  4.624E-07  9.558E-09
                4.705E-08  3.259E-07  2.231E-06  2.609E-07  7.362E-07  1.206E-06
                1.043E-06  2.022E-07  3.093E-06  1.307E-06  7.123E-07  2.117E-07
                5.640E-10  3.969E-07  6.640E-10  2.903E-06  3.495E-07  1.336E-06
                4.429E-07  7.829E-08  9.647E-08  5.318E-08  1.771E-07  4.129E-08
                6.892E-06  2.318E-07  1.785E-07  3.947E-08  2.018E-08  1.888E-06
                1.108E-06  1.033E-06  2.388E-07  1.946E-06  5.824E-07  3.714E-06
                7.357E-08  1.527E-09  4.468E-09  2.621E-11  4.045E-07  7.545E-08
                7.383E-08  1.647E-10  6.674E-07  5.598E-08  2.084E-08  1.270E-06
                8.210E-07  1.846E-06  2.223E-06  1.605E-07  2.799E-07  6.052E-08
                9.911E-07  1.015E-06  4.383E-09  2.685E-08  1.403E-07  4.442E-07
                7.313E-06  1.129E-08  3.881E-11  1.208E-10  4.815E-11  5.024E-11
                3.504E-12  1.908E-07  1.082E-06  2.208E-08  1.085E-06  9.318E-07
                8.741E-08  5.310E-08  3.556E-06  1.248E-06  1.153E-07  1.583E-07
                4.370E-08  1.663E-09  7.133E-08  2.651E-07  1.954E-07  8.840E-09
                7.207E-08  3.264E-08  3.269E-09  2.335E-06  1.702E-08  1.037E-05
                4.802E-08  5.211E-08  1.001E-07  4.997E-07  1.172E-07  2.093E-07
                2.005E-07  2.432E-08  3.869E-06  1.113E-07  4.167E-07  4.123E-09
                1.806E-06  1.151E-05  1.152E-07  2.351E-07  1.355E-06  5.475E-07
                1.108E-06  2.109E-08  6.396E-08  9.959E-08  8.807E-11  3.673E-07
                2.203E-07  2.858E-09  1.029E-08  1.147E-07  1.409E-06  1.707E-06
                4.165E-08  1.053E-08  4.837E-08  2.896E-07  4.255E-09  3.400E-07
                7.437E-07  1.504E-09  2.393E-06  4.945E-07  8.180E-08  1.691E-07
                1.842E-06  4.615E-08  1.992E-07  3.320E-08  2.304E-07  3.186E-07
                2.145E-07  4.935E-06  7.347E-08  1.223E-06  3.559E-09  1.906E-07
                1.415E-07  2.961E-08  6.284E-07  1.179E-07  6.509E-07  8.592E-10
                2.142E-08  1.879E-06  1.914E-06  4.048E-08  2.210E-07  1.628E-07
                1.313E-08  1.104E-07  2.949E-07  1.586E-07  9.671E-08  1.261E-08
                2.389E-06  2.104E-07  1.518E-07  8.171E-08  1.936E-07  1.472E-07
                4.780E-06  2.575E-06  1.360E-07  2.799E-07  5.352E-07  7.114E-07
                6.476E-07  5.398E-08  2.664E-08  1.548E-10  5.411E-09  3.238E-08
                3.485E-07  6.037E-07  7.292E-07  1.700E-06  2.118E-07  2.707E-08
                3.450E-09  6.822E-08  1.122E-07  6.729E-08  2.360E-06
1.67057663E+02  1.520E-03  1.594E-03  1.966E-06  9.914E-04  6.389E-04  2.098E-06
                1.345E-06  5.524E-03  3.185E-06  1.947E-06  1.656E-04  2.559E-06
                2.631E-03  2.205E-05  3.305E-05  4.524E-07  2.064E-07  6.138E-07
                6.175E-07  3.866E-07  2.115E-09  6.373E-07  4.047E-07  1.553E-08
                5.486E-08  1.731E-07  1.184E-06  2.002E-07  5.044E-07  7.937E-07
                8.018E-07  1.505E-07  2.508E-06  7.757E-07  5.426E-07  1.400E-07
                3.786E-10  2.796E-07  3.173E-10  2.158E-06  2.313E-07  9.947E-07
                3.216E-07  5.331E-08  6.642E-08  4.740E-08  1.682E-07  3.319E-08
                5.256E-06  2.044E-07  1.288E-07  3.379E-08  2.015E-08  1.659E-06
                8.106E-07  7.620E-07  1.651E-07  1.387E-06  4.036E-07  3.211E-06
                7.242E-08  1.246E-09  3.249E-09  2.583E-11  2.704E-07  6.459E-08
                5.581E-08  1.084E-10  4.993E-07  3.918E-08  2.741E-08  9.549E-07
                6.647E-07  1.377E-06  1.658E-06  1.117E-07  2.128E-07  4.005E-08
                7.868E-07  7.992E-07  2.850E-09  1.732E-08  1.075E-07  3.173E-07
                5.717E-06  1.548E-08  2.800E-11  8.636E-11  3.475E-11  4.886E-11
                2.614E-12  1.525E-07  8.738E-07  1.454E-08  8.446E-07  7.278E-07
                6.688E-08  7.019E-08  2.749E-06  9.806E-07  9.063E-08  1.251E-07
                3.483E-08  1.581E-09  5.628E-08  2.172E-07  1.626E-07  7.669E-09
                7.042E-08  2.841E-08  2.899E-09  1.797E-06  1.234E-08  7.706E-06
                3.623E-08  3.878E-08  7.929E-08  4.062E-07  9.244E-08  1.585E-07
                1.546E-07  1.847E-08  3.078E-06  9.876E-08  3.294E-07  4.512E-09
                1.352E-06  8.644E-06  8.871E-08  1.687E-07  1.058E-06  4.224E-07
                9.034E-07  1.248E-08  4.165E-08  6.693E-08  6.284E-11  2.452E-07
                1.476E-07  2.197E-09  7.806E-09  9.196E-08  1.103E-06  1.336E-06
                2.486E-08  7.714E-09  3.279E-08  2.252E-07  2.604E-09  2.536E-07
                5.524E-07  1.062E-09  1.880E-06  3.858E-07  5.625E-08  1.313E-07
                1.458E-06  3.111E-08  1.379E-07  2.870E-08  1.607E-07  2.344E-07
                1.721E-07  3.790E-06  6.080E-08  9.881E-07  2.770E-09  1.304E-07
                9.470E-08  1.857E-08  5.249E-07  9.326E-08  5.116E-07  5.223E-10
                1.214E-08  1.474E-06  1.503E-06  2.721E-08  1.532E-07  1.295E-07
                1.030E-08  7.377E-08  2.340E-07  1.068E-07  7.689E-08  9.071E-09
                1.788E-06  1.513E-07  1.239E-07  7.206E-08  1.747E-07  1.163E-07
                3.546E-06  1.916E-06  9.975E-08  1.889E-07  3.858E-07  5.413E-07
                4.807E-07  3.412E-08  3.253E-08  1.788E-10  1.932E-09  2.283E-08
                2.775E-07  4.830E-07  5.674E-07  1.329E-06  1.508E-07  2.280E-08
                3.412E-09  5.148E-08  9.008E-08  5.396E-08  1.858E-06
1.80665663E+02  1.244E-03  1.315E-03  8.378E-07  8.119E-04  5.294E-04  1.793E-06
                9.873E-07  4.705E-03  2.455E-06  1.493E-06  1.385E-04  1.910E-06
                2.196E-03  1.830E-05  2.730E-05  4.203E-07  1.465E-07  5.466E-07
                4.772E-07  3.183E-07  1.978E-09  4.158E-07  2.681E-07  1.285E-08
                4.373E-08  2.314E-07  1.587E-06  1.278E-07  3.182E-07  5.471E-07
                5.642E-07  9.983E-08  1.817E-06  7.975E-07  3.811E-07  8.777E-08
                2.443E-10  1.811E-07  4.447E-10  1.729E-06  2.390E-07  7.694E-07
                2.541E-07  3.753E-08  4.764E-08  4.208E-08  1.526E-07  2.718E-08
                4.069E-06  1.754E-07  8.530E-08  2.437E-08  2.050E-08  1.430E-06
                6.200E-07  6.037E-07  1.196E-07  9.527E-07  3.120E-07  2.791E-06
                5.935E-08  9.063E-10  2.175E-09  2.553E-11  2.236E-07  5.161E-08
                4.255E-08  1.055E-10  3.598E-07  3.054E-08  1.751E-08  6.756E-07
                4.869E-07  1.187E-06  1.205E-06  9.277E-08  1.551E-07  3.256E-08
                4.649E-07  4.711E-07  2.867E-09  1.765E-08  7.944E-08  2.367E-07
                4.291E-06  7.338E-09  2.657E-11  8.195E-11  2.596E-11  3.469E-11
                1.953E-12  8.842E-08  5.101E-07  9.629E-09  7.221E-07  6.293E-07
                5.167E-08  4.666E-08  2.101E-06  7.363E-07  6.595E-08  9.145E-08
                2.462E-08  9.056E-10  4.034E-08  1.534E-07  1.201E-07  4.724E-09
                6.130E-08  1.719E-08  2.107E-09  1.108E-06  9.570E-09  6.932E-06
                3.106E-08  2.606E-08  6.046E-08  3.094E-07  6.913E-08  1.058E-07
                1.043E-07  1.456E-08  2.117E-06  8.948E-08  2.185E-07  2.741E-09
                1.064E-06  7.852E-06  6.422E-08  1.233E-07  6.703E-07  2.658E-07
                5.655E-07  7.795E-09  3.108E-08  5.207E-08  3.771E-11  1.928E-07
                1.158E-07  1.715E-09  6.057E-09  7.001E-08  9.043E-07  1.094E-06
                1.618E-08  7.474E-09  2.999E-08  1.587E-07  2.326E-09  2.018E-07
                4.359E-07  6.715E-10  1.522E-06  3.109E-07  4.418E-08  1.134E-07
                1.168E-06  2.398E-08  1.189E-07  1.936E-08  1.134E-07  1.977E-07
                1.210E-07  3.503E-06  3.566E-08  5.773E-07  2.057E-09  1.009E-07
                6.957E-08  1.232E-08  3.322E-07  7.637E-08  4.173E-07  5.431E-10
                7.293E-09  1.201E-06  1.219E-06  1.955E-08  1.151E-07  1.052E-07
                7.069E-09  5.289E-08  1.630E-07  7.709E-08  5.362E-08  7.112E-09
                1.607E-06  1.180E-07  8.608E-08  4.420E-08  1.117E-07  8.216E-08
                3.181E-06  1.714E-06  7.845E-08  1.314E-07  2.669E-07  4.264E-07
                3.675E-07  2.317E-08  2.762E-08  1.364E-10  1.258E-09  1.813E-08
                2.266E-07  4.002E-07  4.661E-07  1.080E-06  1.110E-07  1.861E-08
                3.494E-09  4.168E-08  7.431E-08  3.779E-08  1.535E-06
1.94273663E+02  8.638E-04  9.145E-04  1.120E-06  5.717E-04  3.701E-04  8.051E-07
                6.423E-07  4.023E-03  1.284E-06  8.262E-07  1.229E-04  1.386E-06
                1.960E-03  1.445E-05  2.159E-05  4.091E-07  1.073E-07  3.676E-07
                4.125E-07  2.141E-07  1.263E-09  3.055E-07  2.428E-07  1.499E-08
                4.202E-08  1.351E-07  9.250E-07  1.066E-07  2.472E-07  3.564E-07
                4.217E-07  7.356E-08  1.300E-06  4.951E-07  2.742E-07  5.726E-08
                1.664E-10  1.406E-07  2.661E-10  1.143E-06  1.569E-07  5.123E-07
                1.625E-07  2.136E-08  3.029E-08  3.648E-08  1.423E-07  1.901E-08
                2.828E-06  1.572E-07  6.026E-08  1.646E-08  2.093E-08  1.278E-06
                4.120E-07  3.981E-07  7.596E-08  6.840E-07  1.965E-07  2.461E-06
                5.862E-08  7.094E-10  2.041E-09  2.477E-11  1.337E-07  4.248E-08
                3.041E-08  7.302E-11  2.630E-07  1.832E-08  2.216E-08  6.436E-07
                3.957E-07  8.402E-07  8.391E-07  6.301E-08  1.091E-07  1.927E-08
                4.064E-07  4.156E-07  2.391E-09  1.479E-08  5.657E-08  1.599E-07
                3.019E-06  6.307E-09  1.970E-11  6.194E-11  1.945E-11  2.884E-11
                1.416E-12  7.737E-08  4.398E-07  6.654E-09  5.624E-07  4.941E-07
                3.967E-08  4.033E-08  1.469E-06  5.136E-07  5.000E-08  6.936E-08
                2.021E-08  9.678E-10  3.345E-08  1.259E-07  9.804E-08  4.695E-09
                6.083E-08  1.729E-08  1.587E-09  1.095E-06  7.311E-09  4.904E-06
                2.234E-08  2.294E-08  4.699E-08  2.355E-07  5.158E-08  8.672E-08
                8.667E-08  1.146E-08  1.565E-06  7.441E-08  2.074E-07  1.805E-09
                7.546E-07  5.608E-06  5.144E-08  9.732E-08  6.501E-07  2.564E-07
                4.577E-07  4.750E-09  2.281E-08  3.965E-08  3.463E-11  1.481E-07
                8.905E-08  1.149E-09  4.014E-09  5.444E-08  6.913E-07  8.394E-07
                9.873E-09  4.755E-09  2.082E-08  1.407E-07  1.689E-09  1.440E-07
                3.133E-07  5.103E-10  1.159E-06  2.331E-07  2.950E-08  9.266E-08
                8.892E-07  1.717E-08  8.465E-08  1.555E-08  8.287E-08  1.416E-07
                9.590E-08  2.584E-06  3.476E-08  5.345E-07  1.581E-09  7.714E-08
                5.253E-08  7.934E-09  3.413E-07  5.776E-08  3.138E-07  4.150E-10
                4.046E-09  9.079E-07  9.225E-07  1.399E-08  8.852E-08  7.834E-08
                7.060E-09  3.711E-08  1.347E-07  5.749E-08  4.380E-08  5.678E-09
                1.196E-06  8.974E-08  7.030E-08  4.875E-08  1.240E-07  6.656E-08
                2.367E-06  1.278E-06  5.770E-08  1.070E-07  2.384E-07  3.121E-07
                2.607E-07  1.467E-08  1.709E-08  6.242E-11  1.737E-09  1.139E-08
                1.811E-07  3.235E-07  3.656E-07  8.576E-07  8.258E-08  1.265E-08
                1.478E-09  3.214E-08  6.012E-08  2.917E-08  1.226E-06
