          16           7
         215          13           1           1
           0          -4           0          -4           0          -6           0          -2           0          -4           0           6           0           4           0           2           0           4           0           6           0           2           0           4           0           2           0          -4           0          -2           0           2           0           4           0           6           0           2           0           4           0           6           0           4           0          -2           0          -2           0          -4           0          -6           0          -8           0          -2           0          -4           0          -6           0          -4           0           2           0          -4           0          -6           0          -2           0          -4           0          -6           0          -6           0          -8           0          -4           0          -6           0          -2           0          -4           0           4           0           6           0           8           0          10           0           4           0          -4           0           2           0           6           0           4           0           8           0           2           0          -4           0          -2           0           6           0           6           0           4           0           2           0           8           0           4           0           6           0           8           0           4           0           6           0           8           0          10           0           4           0           6           0           8           0           6           0           4           0           2           0           6           0           2           0           4           0           2           0          -4           0          -2           0          -6           0          -8           0           6           0           4           0          -4           0          -6           0          -2           0          -4           0          -6           0          -8           0         -10           0          -2           0          -4           0          -6           0          -4           0          -2           0          -6           0          -8           0          -2           0          -4           0           2           0           4           0           6           0           8           0           4           0           4           0           6           0           8           0           2           0          10           0           8           0           6           0           4           0           2           0           6           0           6           0           4           0           4           0           2           0           4           0           6           0           8           0          -4           0           2           0           4           0          -6           0          -4           0           2           0           4           0           6           0           4           0           6           0          -2           0          -4           0          -6           0          -8           0         -10           0          -6           0          -8           0         -10           0         -12           0           2           0          -2           0          -4           0          -6           0          -8           0          -2           0          -8           0         -10           0          -4           0          -2           0          -6           0          -4           0          -2           0          -4           0          -2           0          -4           0          -6           0          -4           0          -8           0          -6           0           2           0           4           0           2           0           4           0           6           0         -10           0          -8           0          -6           0          -4           0           6           0          -2           0          -4           0           8           0          -6           0          -2           0          -4           0          -6           0          -8           0           4           0           6           0          -4           0          -6           0          -6           0          -8           0          -2           0           2           0          -4           0           4           0           6           0           4           0           4           0           2           0           2           0          -4           0          -6           0          -8           0          -2           0          -4           0          -6           0          -8           0         -10           0          -8           0          -6           0          -4           0          -2           0          -2           0          -4           0          -6           0          -6           0          -8           0          -4           0          -2           0          -6           0          -4
    0.000000E+00    9.645106E-03    9.843162E-03    1.435602E-02    1.458263E-02
    4.247197E-02    4.320385E-02    4.360158E-02    5.944295E-02    5.948713E-02
    6.922989E-02    7.316769E-02    7.411300E-02    1.134727E-01    1.147319E-01
    2.354040E-01    2.358931E-01    2.366026E-01    2.382857E-01    2.391328E-01
    2.438023E-01    2.438287E-01    2.461520E-01    2.471700E-01    2.474363E-01
    2.479076E-01    2.485433E-01    2.486026E-01    2.487216E-01    2.491410E-01
    2.502551E-01    2.507374E-01    2.510783E-01    2.511300E-01    2.524691E-01
    2.524772E-01    2.554279E-01    2.561102E-01    2.563381E-01    2.591442E-01
    2.591854E-01    2.609226E-01    2.615363E-01    2.619649E-01    2.622131E-01
    2.625883E-01    2.631076E-01    2.632646E-01    2.633261E-01    2.634365E-01
    2.637297E-01    2.638533E-01    2.640096E-01    2.643758E-01    2.644930E-01
    2.645338E-01    2.648466E-01    2.652759E-01    2.655531E-01    2.656939E-01
    2.657640E-01    2.676748E-01    2.677713E-01    2.679166E-01    2.688115E-01
    2.690337E-01    2.711118E-01    2.712141E-01    2.720014E-01    2.721113E-01
    2.724223E-01    2.724984E-01    2.725578E-01    2.726085E-01    2.727219E-01
    2.737570E-01    2.740430E-01    2.746587E-01    2.763855E-01    2.763956E-01
    2.763957E-01    2.764682E-01    2.789238E-01    2.791446E-01    2.808157E-01
    2.808428E-01    2.816082E-01    2.816156E-01    2.816277E-01    2.816445E-01
    2.816660E-01    2.832213E-01    2.832636E-01    2.833497E-01    2.872720E-01
    2.872722E-01    2.872783E-01    2.873017E-01    2.873787E-01    2.874354E-01
    2.875828E-01    2.876419E-01    2.877951E-01    2.879672E-01    2.884374E-01
    2.885530E-01    2.886000E-01    2.886971E-01    2.887362E-01    2.888178E-01
    2.901974E-01    2.902310E-01    2.934227E-01    2.936053E-01    2.936679E-01
    2.948139E-01    2.948751E-01    2.949134E-01    2.954910E-01    2.955387E-01
    2.955818E-01    2.956302E-01    2.974080E-01    2.974265E-01    2.978254E-01
    2.979930E-01    2.980044E-01    2.981863E-01    2.981951E-01    2.982014E-01
    2.986863E-01    2.989406E-01    2.997979E-01    3.013547E-01    3.014398E-01
    3.015665E-01    3.017420E-01    3.025165E-01    3.025355E-01    3.025686E-01
    3.026262E-01    3.032771E-01    3.036433E-01    3.036673E-01    3.036996E-01
    3.037196E-01    3.041292E-01    3.046134E-01    3.046301E-01    3.048276E-01
    3.048611E-01    3.049614E-01    3.051740E-01    3.052844E-01    3.060373E-01
    3.062721E-01    3.065126E-01    3.067251E-01    3.072820E-01    3.083217E-01
    3.083847E-01    3.085481E-01    3.086063E-01    3.093086E-01    3.093690E-01
    3.093750E-01    3.093804E-01    3.094500E-01    3.095030E-01    3.095365E-01
    3.096086E-01    3.096683E-01    3.098305E-01    3.098337E-01    3.100372E-01
    3.110986E-01    3.111053E-01    3.111248E-01    3.111449E-01    3.124031E-01
    3.124222E-01    3.126400E-01    3.132139E-01    3.132929E-01    3.134326E-01
    3.163175E-01    3.165548E-01    3.167011E-01    3.167161E-01    3.173537E-01
    3.174815E-01    3.194473E-01    3.198310E-01    3.206567E-01    3.235572E-01
    3.235827E-01    3.236877E-01    3.236885E-01    3.238034E-01    3.239013E-01
    3.239634E-01    3.240075E-01    3.245628E-01    3.245933E-01    3.263728E-01
    3.264517E-01    3.271738E-01    3.284075E-01    3.287843E-01    3.314323E-01
    3.314556E-01    3.324856E-01    3.325179E-01    3.327131E-01    3.333147E-01
           0           0           0           1
  -27.915863041215566               13
3.43796630E+01  1.879E-01  2.023E-01  1.910E-04  1.235E-01  8.147E-02  2.200E-04
                2.028E-04  1.264E-01  5.825E-04  2.836E-04  3.177E-03  3.816E-04
                4.632E-02
4.79876630E+01  7.849E-02  8.127E-02  8.097E-05  4.972E-02  3.255E-02  1.773E-04
                6.446E-05  7.659E-02  2.591E-04  1.196E-04  1.757E-03  2.539E-04
                3.065E-02  8.664E-04  1.191E-03  2.138E-05  1.426E-05  1.082E-04
                8.804E-06  1.461E-04  6.160E-05  5.920E-05  1.001E-04  3.928E-06
                2.255E-06
6.15956630E+01  3.726E-02  3.924E-02  2.698E-05  2.412E-02  1.571E-02  5.287E-05
                3.808E-05  4.741E-02  1.114E-04  6.374E-05  1.287E-03  7.869E-05
                1.989E-02  4.531E-04  6.693E-04  1.628E-06  4.524E-06  2.877E-05
                7.183E-06  1.875E-05  2.583E-08  1.224E-05  8.929E-06  6.200E-07
                1.945E-06  1.740E-06  9.705E-06  5.444E-06  1.644E-05  2.619E-05
                2.792E-05  2.952E-06  1.075E-04  1.637E-05  1.636E-05  4.245E-06
                1.256E-08  1.560E-05  2.162E-08  8.324E-05  3.234E-06  3.660E-05
                1.603E-05  5.122E-06  4.734E-06  2.401E-07  6.513E-07  1.283E-06
                1.088E-04  9.999E-07  3.444E-06  8.437E-07  7.609E-07  8.820E-06
                2.778E-05  2.931E-05  8.159E-06  5.669E-05  3.086E-05  2.434E-05
                3.779E-07  1.366E-08  5.364E-08  1.325E-10  2.355E-05  7.923E-07
                7.013E-08  1.061E-09  1.301E-05  1.661E-06  1.687E-07  8.966E-06
                4.451E-06  1.101E-05  4.422E-05  9.275E-06  6.503E-06  3.425E-06
                1.219E-05  1.217E-05  1.813E-07  6.962E-07  1.871E-06  1.589E-05
                9.551E-05  2.483E-07  2.375E-10  1.314E-09  4.000E-10  1.766E-10
                8.717E-12  2.001E-06  1.193E-05  5.253E-07  5.782E-06  4.611E-06
                9.671E-07  1.234E-06  4.335E-05  1.587E-05  1.110E-06  1.228E-06
                6.629E-07  3.549E-08  8.570E-07  3.445E-06  2.299E-06  8.154E-08
                2.860E-06  3.267E-07  6.171E-08  2.803E-05  3.236E-07  1.022E-04
                2.157E-07  5.427E-07  5.144E-07  2.425E-06  8.665E-07  1.640E-06
                1.185E-06  1.126E-07  5.303E-05  1.725E-06  2.688E-06  1.239E-07
                2.184E-05  1.022E-04  1.017E-06  2.393E-06  1.413E-05  5.280E-06
                1.423E-05  1.576E-06  2.159E-06  2.129E-06  1.013E-09  9.902E-06
                5.807E-06  3.737E-09  8.309E-09  2.166E-06  1.238E-05  1.528E-05
                2.558E-06  1.745E-07  1.045E-06  1.694E-05  5.379E-09  3.854E-06
                8.608E-06  1.126E-07  2.154E-05  4.997E-06  3.107E-06  2.019E-06
                1.553E-05  1.139E-06  5.526E-06  8.504E-07  5.347E-06  1.695E-06
                2.516E-06  5.129E-05  8.602E-07  1.681E-05  2.887E-09  3.716E-06
                4.196E-06  2.005E-06  7.038E-06  1.089E-06  6.405E-06  1.540E-08
                2.033E-06  1.697E-05  1.781E-05  1.061E-06  4.504E-06  1.751E-06
                4.706E-07  3.295E-06  9.758E-06  4.252E-06  3.044E-06  1.993E-07
                1.783E-05  3.502E-06  1.349E-06  8.306E-07  2.599E-06  1.848E-06
                3.062E-05  1.494E-05  3.888E-06  1.105E-05  2.462E-05  1.239E-05
                1.347E-05  3.051E-06  2.313E-06  2.419E-10  1.120E-06  6.724E-07
                1.895E-06  3.278E-06  3.882E-06  1.453E-05  4.586E-06  7.845E-07
                1.381E-07  5.816E-07  6.152E-07  1.070E-06  1.449E-05
7.52036630E+01  2.059E-02  2.162E-02  1.262E-05  1.329E-02  8.643E-03  2.857E-05
                2.048E-05  3.246E-02  5.866E-05  3.464E-05  9.019E-04  4.310E-05
                1.405E-02  2.632E-04  3.888E-04  9.356E-07  3.033E-06  1.513E-05
                5.131E-06  1.065E-05  1.190E-08  8.981E-06  3.987E-06  2.537E-07
                7.809E-07  9.851E-07  5.982E-06  2.871E-06  9.916E-06  1.532E-05
                1.419E-05  2.108E-06  4.692E-05  9.303E-06  8.480E-06  2.647E-06
                7.237E-09  7.138E-06  2.313E-09  4.073E-05  1.790E-06  1.767E-05
                7.370E-06  2.114E-06  2.093E-06  1.296E-07  3.614E-07  6.195E-07
                6.379E-05  6.054E-07  2.249E-06  3.947E-07  3.663E-07  5.071E-06
                1.434E-05  1.415E-05  3.774E-06  2.833E-05  1.164E-05  1.195E-05
                2.444E-07  9.189E-09  3.458E-08  4.581E-11  8.613E-06  4.498E-07
                1.959E-07  5.495E-10  6.692E-06  8.690E-07  5.561E-08  6.805E-06
                3.942E-06  9.214E-06  2.441E-05  3.065E-06  3.133E-06  1.323E-06
                8.389E-06  8.564E-06  2.674E-08  1.477E-07  1.180E-06  6.756E-06
                5.888E-05  1.132E-07  1.907E-10  6.060E-10  3.408E-10  1.425E-10
                1.179E-11  1.526E-06  8.751E-06  2.955E-07  4.025E-06  3.123E-06
                6.797E-07  3.293E-07  2.758E-05  9.892E-06  6.314E-07  8.155E-07
                2.402E-07  1.837E-08  4.997E-07  1.582E-06  1.011E-06  5.679E-08
                4.724E-07  2.193E-07  3.554E-08  1.666E-05  1.148E-07  6.253E-05
                3.358E-07  3.754E-07  8.692E-07  2.090E-06  5.376E-07  1.294E-06
                1.190E-06  8.851E-08  3.277E-05  6.228E-07  2.201E-06  4.916E-08
                1.393E-05  6.316E-05  7.098E-07  1.391E-06  8.885E-06  3.712E-06
                9.106E-06  6.584E-07  9.749E-07  1.044E-06  1.056E-09  4.744E-06
                2.789E-06  5.188E-09  1.724E-08  9.120E-07  7.582E-06  9.381E-06
                1.180E-06  1.089E-07  5.225E-07  6.066E-06  7.187E-09  2.563E-06
                5.625E-06  3.409E-08  1.349E-05  3.016E-06  1.263E-06  1.029E-06
                9.927E-06  6.262E-07  2.548E-06  3.029E-07  2.997E-06  1.350E-06
                1.384E-06  2.865E-05  5.687E-07  1.001E-05  6.374E-09  1.815E-06
                1.839E-06  7.355E-07  4.065E-06  6.556E-07  3.742E-06  4.633E-09
                7.165E-07  1.048E-05  1.092E-05  5.091E-07  2.142E-06  6.102E-07
                1.505E-07  1.699E-06  3.730E-06  2.186E-06  1.125E-06  1.301E-07
                1.152E-05  1.972E-06  9.943E-07  5.567E-07  1.260E-06  8.928E-07
                2.160E-05  1.104E-05  1.629E-06  5.100E-06  9.936E-06  6.026E-06
                6.676E-06  1.235E-06  5.639E-07  3.965E-10  4.304E-07  3.786E-07
                1.456E-06  2.333E-06  3.171E-06  8.696E-06  2.200E-06  3.108E-07
                3.555E-08  4.346E-07  4.227E-07  4.849E-07  1.022E-05
8.88116630E+01  1.235E-02  1.296E-02  7.610E-06  7.964E-03  5.175E-03  1.759E-05
                1.230E-05  2.311E-02  3.423E-05  2.041E-05  6.520E-04  2.540E-05
                1.021E-02  1.609E-04  2.383E-04  6.689E-07  1.970E-06  8.423E-06
                3.491E-06  6.090E-06  8.325E-09  6.054E-06  2.318E-06  1.123E-07
                3.546E-07  6.817E-07  4.386E-06  1.746E-06  6.156E-06  9.475E-06
                7.938E-06  1.416E-06  2.393E-05  5.849E-06  4.867E-06  1.715E-06
                4.567E-09  3.861E-06  1.603E-09  2.204E-05  1.153E-06  9.613E-06
                3.823E-06  1.017E-06  1.051E-06  9.039E-08  2.302E-07  3.202E-07
                3.892E-05  4.948E-07  1.425E-06  2.275E-07  1.925E-07  4.062E-06
                8.071E-06  7.647E-06  2.046E-06  1.587E-05  5.478E-06  8.687E-06
                1.788E-07  6.396E-09  2.383E-08  1.691E-11  3.925E-06  2.959E-07
                2.173E-07  4.601E-10  4.088E-06  4.658E-07  3.572E-08  5.090E-06
                3.060E-06  6.894E-06  1.469E-05  1.393E-06  1.862E-06  6.034E-07
                5.827E-06  6.003E-06  1.278E-08  7.680E-08  7.773E-07  3.529E-06
                3.777E-05  7.975E-08  1.313E-10  4.146E-10  2.512E-10  1.162E-10
                1.135E-11  1.105E-06  6.237E-06  1.846E-07  3.104E-06  2.460E-06
                4.621E-07  1.432E-07  1.781E-05  6.361E-06  4.576E-07  6.131E-07
                1.769E-07  1.085E-08  3.300E-07  1.106E-06  7.182E-07  4.229E-08
                1.634E-07  1.616E-07  2.082E-08  1.185E-05  7.612E-08  4.060E-05
                2.266E-07  2.554E-07  5.580E-07  1.680E-06  4.148E-07  9.661E-07
                9.108E-07  7.351E-08  2.120E-05  3.342E-07  1.646E-06  2.833E-08
                9.123E-06  4.199E-05  4.826E-07  9.766E-07  6.442E-06  2.680E-06
                6.141E-06  3.082E-07  4.976E-07  5.732E-07  6.105E-10  2.438E-06
                1.439E-06  5.714E-09  2.034E-08  5.845E-07  5.096E-06  6.260E-06
                5.707E-07  6.059E-08  2.935E-07  2.525E-06  7.683E-09  1.689E-06
                3.706E-06  1.524E-08  8.922E-06  1.954E-06  6.678E-07  6.591E-07
                6.869E-06  3.536E-07  1.374E-06  1.574E-07  1.774E-06  1.081E-06
                9.708E-07  1.770E-05  3.913E-07  6.879E-06  8.301E-09  1.032E-06
                9.808E-07  3.527E-07  2.799E-06  4.307E-07  2.447E-06  1.739E-09
                3.221E-07  6.979E-06  7.230E-06  2.907E-07  1.230E-06  4.641E-07
                8.020E-08  9.531E-07  1.846E-06  1.239E-06  5.471E-07  7.534E-08
                8.025E-06  1.218E-06  6.944E-07  3.614E-07  7.777E-07  6.046E-07
                1.554E-05  8.105E-06  8.619E-07  2.569E-06  4.535E-06  3.529E-06
                3.827E-06  6.086E-07  1.685E-07  4.649E-10  1.818E-07  2.255E-07
                1.115E-06  1.796E-06  2.389E-06  5.952E-06  1.215E-06  1.658E-07
                1.378E-08  2.899E-07  3.303E-07  2.896E-07  7.501E-06
1.02419663E+02  7.831E-03  8.214E-03  4.876E-06  5.068E-03  3.281E-03  1.043E-05
                7.647E-06  1.722E-02  2.009E-05  1.215E-05  4.939E-04  1.566E-05
                7.769E-03  1.075E-04  1.592E-04  5.571E-07  1.276E-06  5.021E-06
                2.346E-06  3.641E-06  7.240E-09  3.911E-06  1.463E-06  4.654E-08
                1.665E-07  5.873E-07  3.918E-06  1.092E-06  3.793E-06  5.940E-06
                4.684E-06  9.134E-07  1.330E-05  4.026E-06  2.969E-06  1.092E-06
                2.882E-09  2.208E-06  1.368E-09  1.264E-05  8.453E-07  5.648E-06
                2.115E-06  5.323E-07  5.740E-07  7.884E-08  2.078E-07  1.757E-07
                2.500E-05  4.176E-07  8.913E-07  1.390E-07  9.758E-08  3.411E-06
                4.814E-06  4.440E-06  1.203E-06  9.478E-06  2.968E-06  7.012E-06
                1.401E-07  4.531E-09  1.626E-08  1.283E-11  2.066E-06  2.022E-07
                1.948E-07  3.952E-10  2.612E-06  2.681E-07  2.491E-08  3.738E-06
                2.317E-06  5.040E-06  9.163E-06  7.459E-07  1.131E-06  3.185E-07
                3.923E-06  4.052E-06  8.716E-09  5.311E-08  5.096E-07  2.028E-06
                2.517E-05  4.998E-08  9.660E-11  3.045E-10  1.760E-10  9.560E-11
                9.169E-12  7.538E-07  4.236E-06  1.145E-07  2.436E-06  1.977E-06
                3.139E-07  9.089E-08  1.199E-05  4.244E-06  3.375E-07  4.591E-07
                1.323E-07  6.405E-09  2.353E-07  8.002E-07  5.354E-07  2.853E-08
                1.161E-07  1.078E-07  1.082E-08  8.273E-06  5.345E-08  2.834E-05
                1.473E-07  1.782E-07  3.731E-07  1.314E-06  3.186E-07  7.068E-07
                6.747E-07  5.979E-08  1.410E-05  2.331E-07  1.229E-06  1.781E-08
                6.195E-06  2.992E-05  3.488E-07  7.243E-07  4.552E-06  1.890E-06
                4.131E-06  1.611E-07  2.877E-07  3.558E-07  3.444E-10  1.418E-06
                8.417E-07  5.976E-09  2.182E-08  3.948E-07  3.670E-06  4.483E-06
                3.055E-07  3.686E-08  1.758E-07  1.261E-06  8.247E-09  1.150E-06
                2.532E-06  7.805E-09  6.328E-06  1.363E-06  3.856E-07  4.521E-07
                4.959E-06  2.130E-07  8.069E-07  1.007E-07  1.086E-06  8.334E-07
                6.904E-07  1.237E-05  2.679E-07  4.663E-06  7.846E-09  6.535E-07
                5.867E-07  1.909E-07  1.935E-06  3.061E-07  1.731E-06  1.210E-09
                1.674E-07  4.987E-06  5.138E-06  1.771E-07  7.808E-07  3.786E-07
                4.796E-08  5.684E-07  1.073E-06  7.486E-07  3.237E-07  4.683E-08
                5.943E-06  7.868E-07  4.936E-07  2.426E-07  5.174E-07  4.421E-07
                1.171E-05  6.194E-06  5.231E-07  1.406E-06  2.353E-06  2.313E-06
                2.415E-06  3.350E-07  6.515E-08  4.233E-10  8.119E-08  1.435E-07
                8.426E-07  1.377E-06  1.803E-06  4.345E-06  7.588E-07  9.820E-08
                8.026E-09  2.017E-07  2.557E-07  1.977E-07  5.643E-06
1.16027663E+02  5.283E-03  5.553E-03  3.001E-06  3.419E-03  2.219E-03  7.530E-06
                5.093E-06  1.304E-02  1.343E-05  8.135E-06  3.758E-04  1.021E-05
                5.921E-03  7.277E-05  1.081E-04  5.069E-07  8.272E-07  2.846E-06
                1.667E-06  2.050E-06  5.572E-09  2.618E-06  1.057E-06  2.142E-08
                1.017E-07  4.359E-07  2.933E-06  7.343E-07  2.416E-06  3.822E-06
                3.032E-06  6.108E-07  8.665E-06  2.712E-06  1.982E-06  7.092E-07
                1.840E-09  1.345E-06  9.004E-10  8.211E-06  6.133E-07  3.693E-06
                1.340E-06  3.031E-07  3.369E-07  7.264E-08  2.150E-07  1.119E-07
                1.725E-05  3.609E-07  5.704E-07  9.941E-08  5.360E-08  2.945E-06
                3.149E-06  2.883E-06  7.523E-07  5.921E-06  1.806E-06  5.948E-06
                1.211E-07  3.349E-09  1.078E-08  1.464E-11  1.253E-06  1.491E-07
                1.555E-07  3.066E-10  1.745E-06  1.695E-07  2.959E-08  2.650E-06
                1.763E-06  3.821E-06  6.085E-06  4.609E-07  7.677E-07  1.922E-07
                2.779E-06  2.860E-06  6.461E-09  3.901E-08  3.546E-07  1.292E-06
                1.796E-05  3.876E-08  7.236E-11  2.251E-10  1.194E-10  8.847E-11
                7.477E-12  5.414E-07  3.052E-06  7.132E-08  1.943E-06  1.607E-06
                2.127E-07  8.719E-08  8.577E-06  3.062E-06  2.584E-07  3.516E-07
                9.859E-08  4.698E-09  1.633E-07  5.975E-07  4.076E-07  2.202E-08
                9.979E-08  8.208E-08  9.019E-09  5.777E-06  3.846E-08  2.079E-05
                1.077E-07  1.284E-07  2.541E-07  1.043E-06  2.511E-07  5.170E-07
                4.900E-07  4.603E-08  1.010E-05  1.791E-07  9.199E-07  1.276E-08
                4.310E-06  2.226E-05  2.610E-07  5.385E-07  3.272E-06  1.352E-06
                3.004E-06  8.978E-08  1.753E-07  2.292E-07  2.291E-10  8.715E-07
                5.199E-07  5.340E-09  1.954E-08  2.765E-07  2.789E-06  3.395E-06
                1.733E-07  2.621E-08  1.190E-07  6.683E-07  7.143E-09  8.008E-07
                1.753E-06  4.374E-09  4.798E-06  1.020E-06  2.440E-07  3.357E-07
                3.782E-06  1.335E-07  5.255E-07  7.199E-08  6.821E-07  6.470E-07
                5.053E-07  9.080E-06  1.915E-07  3.308E-06  6.913E-09  4.325E-07
                3.692E-07  1.108E-07  1.421E-06  2.332E-07  1.311E-06  9.615E-10
                9.317E-08  3.778E-06  3.880E-06  1.123E-07  5.131E-07  3.065E-07
                3.056E-08  3.507E-07  6.796E-07  4.667E-07  2.123E-07  3.160E-08
                4.443E-06  5.288E-07  3.645E-07  1.782E-07  3.863E-07  3.375E-07
                8.829E-06  4.713E-06  3.432E-07  8.175E-07  1.345E-06  1.631E-06
                1.639E-06  1.956E-07  4.138E-08  3.918E-10  3.143E-08  9.162E-08
                6.659E-07  1.103E-06  1.416E-06  3.332E-06  5.146E-07  6.379E-08
                6.154E-09  1.460E-07  2.055E-07  1.480E-07  4.440E-06
1.29635663E+02  3.617E-03  3.800E-03  2.478E-06  2.353E-03  1.520E-03  4.658E-06
                3.389E-06  1.026E-02  8.319E-06  5.102E-06  3.006E-04  6.808E-06
                4.753E-03  5.263E-05  7.824E-05  4.853E-07  5.567E-07  1.871E-06
                1.202E-06  1.331E-06  4.053E-09  1.722E-06  7.837E-07  1.072E-08
                6.434E-08  4.039E-07  2.751E-06  5.042E-07  1.570E-06  2.491E-06
                1.981E-06  4.027E-07  5.588E-06  2.055E-06  1.323E-06  4.591E-07
                1.196E-09  8.426E-07  8.613E-10  5.238E-06  5.012E-07  2.407E-06
                8.297E-07  1.756E-07  2.044E-07  6.229E-08  1.882E-07  7.172E-08
                1.186E-05  3.018E-07  3.735E-07  6.812E-08  2.900E-08  2.456E-06
                2.045E-06  1.861E-06  4.813E-07  3.910E-06  1.136E-06  4.886E-06
                9.495E-08  2.518E-09  8.235E-09  2.014E-11  7.747E-07  1.126E-07
                1.190E-07  2.261E-10  1.223E-06  1.081E-07  2.618E-08  2.155E-06
                1.346E-06  2.809E-06  4.150E-06  2.928E-07  5.202E-07  1.180E-07
                1.930E-06  1.989E-06  5.830E-09  3.532E-08  2.497E-07  8.473E-07
                1.248E-05  2.471E-08  5.620E-11  1.758E-10  8.676E-11  7.168E-11
                5.759E-12  3.743E-07  2.106E-06  4.719E-08  1.554E-06  1.308E-06
                1.523E-07  6.951E-08  5.994E-06  2.119E-06  1.926E-07  2.630E-07
                7.477E-08  3.154E-09  1.236E-07  4.499E-07  3.143E-07  1.591E-08
                8.421E-08  5.947E-08  5.640E-09  4.396E-06  2.847E-08  1.538E-05
                7.713E-08  9.511E-08  1.754E-07  7.902E-07  1.896E-07  3.809E-07
                3.618E-07  3.726E-08  6.912E-06  1.438E-07  7.199E-07  8.348E-09
                3.060E-06  1.673E-05  1.948E-07  4.019E-07  2.482E-06  1.015E-06
                2.059E-06  5.222E-08  1.216E-07  1.724E-07  1.719E-10  6.426E-07
                3.844E-07  4.204E-09  1.526E-08  1.953E-07  2.130E-06  2.587E-06
                1.004E-07  1.639E-08  8.010E-08  5.139E-07  5.803E-09  5.719E-07
                1.257E-06  3.314E-09  3.646E-06  7.653E-07  1.564E-07  2.522E-07
                2.833E-06  8.879E-08  3.487E-07  5.577E-08  4.616E-07  4.869E-07
                3.753E-07  6.954E-06  1.410E-07  2.395E-06  5.590E-09  3.278E-07
                2.636E-07  6.719E-08  1.097E-06  1.776E-07  9.908E-07  1.045E-09
                5.373E-08  2.863E-06  2.931E-06  7.843E-08  3.886E-07  2.416E-07
                2.275E-08  2.265E-07  5.210E-07  3.131E-07  1.664E-07  2.186E-08
                3.437E-06  3.716E-07  2.655E-07  1.395E-07  3.124E-07  2.501E-07
                6.874E-06  3.689E-06  2.373E-07  5.594E-07  9.894E-07  1.171E-06
                1.137E-06  1.207E-07  3.265E-08  2.718E-10  1.758E-08  6.030E-08
                5.160E-07  8.714E-07  1.088E-06  2.562E-06  3.724E-07  4.595E-08
                4.253E-09  1.089E-07  1.617E-07  1.131E-07  3.466E-06
1.43243663E+02  2.649E-03  2.787E-03  1.635E-06  1.720E-03  1.115E-03  3.924E-06
                2.451E-06  8.022E-03  6.239E-06  3.780E-06  2.346E-04  4.715E-06
                3.711E-03  3.730E-05  5.561E-05  4.716E-07  3.784E-07  1.164E-06
                9.196E-07  7.877E-07  3.576E-09  1.194E-06  5.948E-07  1.163E-08
                6.013E-08  2.938E-07  2.001E-06  3.485E-07  1.008E-06  1.635E-06
                1.408E-06  2.799E-07  4.221E-06  1.420E-06  9.574E-07  2.976E-07
                7.778E-10  5.474E-07  5.563E-10  3.877E-06  3.738E-07  1.776E-06
                6.036E-07  1.141E-07  1.348E-07  6.078E-08  2.019E-07  5.451E-08
                8.925E-06  2.632E-07  2.471E-07  5.422E-08  2.355E-08  2.142E-06
                1.483E-06  1.372E-06  3.276E-07  2.610E-06  7.821E-07  4.227E-06
                8.954E-08  1.931E-09  5.287E-09  2.333E-11  5.377E-07  9.147E-08
                9.264E-08  1.892E-10  8.662E-07  7.621E-08  2.670E-08  1.447E-06
                1.027E-06  2.235E-06  2.953E-06  2.074E-07  3.739E-07  8.129E-08
                1.356E-06  1.385E-06  4.196E-09  2.531E-08  1.834E-07  5.892E-07
                9.584E-06  2.146E-08  4.332E-11  1.335E-10  5.998E-11  6.486E-11
                4.359E-12  2.646E-07  1.506E-06  2.967E-08  1.252E-06  1.063E-06
                1.100E-07  7.821E-08  4.613E-06  1.647E-06  1.466E-07  2.012E-07
                5.474E-08  2.335E-09  8.858E-08  3.357E-07  2.424E-07  1.161E-08
                7.946E-08  4.285E-08  4.518E-09  2.884E-06  2.068E-08  1.222E-05
                5.943E-08  6.518E-08  1.313E-07  6.326E-07  1.480E-07  2.678E-07
                2.560E-07  2.856E-08  5.230E-06  1.270E-07  5.077E-07  6.913E-09
                2.278E-06  1.344E-05  1.446E-07  2.898E-07  1.682E-06  6.836E-07
                1.534E-06  3.069E-08  7.795E-08  1.149E-07  1.031E-10  4.213E-07
                2.529E-07  3.627E-09  1.314E-08  1.482E-07  1.683E-06  2.040E-06
                6.045E-08  1.361E-08  5.938E-08  3.271E-07  4.675E-09  4.254E-07
                9.270E-07  1.863E-09  2.880E-06  6.001E-07  1.086E-07  1.987E-07
                2.253E-06  5.911E-08  2.508E-07  4.277E-08  3.012E-07  3.825E-07
                2.762E-07  5.637E-06  9.661E-08  1.630E-06  4.345E-09  2.212E-07
                1.715E-07  4.150E-08  7.733E-07  1.417E-07  7.865E-07  7.691E-10
                3.158E-08  2.263E-06  2.313E-06  5.076E-08  2.595E-07  1.981E-07
                1.538E-08  1.472E-07  3.593E-07  2.034E-07  1.173E-07  1.558E-08
                2.726E-06  2.619E-07  1.986E-07  9.974E-08  2.299E-07  1.882E-07
                5.430E-06  2.925E-06  1.705E-07  3.433E-07  6.176E-07  8.839E-07
                8.271E-07  7.487E-08  3.699E-08  2.713E-10  5.871E-09  4.278E-08
                4.145E-07  7.068E-07  8.669E-07  2.017E-06  2.607E-07  3.475E-08
                4.852E-09  8.181E-08  1.319E-07  8.529E-08  2.773E-06
1.56851663E+02  1.909E-03  2.014E-03  1.053E-06  1.250E-03  8.094E-04  2.266E-06
                1.638E-06  6.696E-03  3.790E-06  2.356E-06  1.990E-04  3.331E-06
                3.156E-03  2.960E-05  4.407E-05  4.575E-07  2.613E-07  8.696E-07
                6.978E-07  5.736E-07  2.512E-09  7.839E-07  4.476E-07  1.024E-08
                4.668E-08  2.952E-07  2.023E-06  2.454E-07  6.774E-07  1.088E-06
                9.622E-07  1.850E-07  2.851E-06  1.188E-06  6.556E-07  1.912E-07
                5.101E-10  3.624E-07  6.063E-10  2.637E-06  3.237E-07  1.215E-06
                3.987E-07  6.917E-08  8.641E-08  5.040E-08  1.692E-07  3.791E-08
                6.335E-06  2.222E-07  1.636E-07  3.638E-08  1.950E-08  1.808E-06
                1.006E-06  9.383E-07  2.144E-07  1.786E-06  5.249E-07  3.542E-06
                7.151E-08  1.441E-09  4.337E-09  2.658E-11  3.610E-07  7.188E-08
                6.793E-08  1.446E-10  6.176E-07  4.972E-08  2.260E-08  1.245E-06
                7.759E-07  1.691E-06  2.039E-06  1.451E-07  2.587E-07  5.388E-08
                9.380E-07  9.621E-07  4.209E-09  2.581E-08  1.295E-07  4.050E-07
                6.727E-06  1.101E-08  3.631E-11  1.133E-10  4.464E-11  4.812E-11
                3.259E-12  1.805E-07  1.022E-06  2.005E-08  1.023E-06  8.810E-07
                8.131E-08  5.141E-08  3.266E-06  1.146E-06  1.080E-07  1.481E-07
                4.165E-08  1.663E-09  6.754E-08  2.531E-07  1.864E-07  8.707E-09
                7.055E-08  3.228E-08  3.092E-09  2.291E-06  1.594E-08  9.519E-06
                4.459E-08  4.991E-08  9.220E-08  4.662E-07  1.094E-07  1.982E-07
                1.899E-07  2.284E-08  3.567E-06  1.060E-07  4.063E-07  3.819E-09
                1.666E-06  1.060E-05  1.082E-07  2.194E-07  1.326E-06  5.339E-07
                1.035E-06  1.858E-08  5.925E-08  9.356E-08  8.902E-11  3.453E-07
                2.072E-07  2.577E-09  9.229E-09  1.063E-07  1.322E-06  1.603E-06
                3.655E-08  9.421E-09  4.397E-08  2.806E-07  3.825E-09  3.141E-07
                6.878E-07  1.471E-09  2.246E-06  4.624E-07  7.372E-08  1.595E-07
                1.722E-06  4.225E-08  1.817E-07  3.151E-08  2.125E-07  2.930E-07
                2.029E-07  4.580E-06  7.207E-08  1.187E-06  3.363E-09  1.797E-07
                1.321E-07  2.638E-08  6.246E-07  1.106E-07  6.094E-07  8.050E-10
                1.864E-08  1.761E-06  1.794E-06  3.754E-08  2.088E-07  1.513E-07
                1.281E-08  1.003E-07  2.824E-07  1.461E-07  9.253E-08  1.175E-08
                2.216E-06  1.954E-07  1.434E-07  8.261E-08  1.970E-07  1.391E-07
                4.436E-06  2.392E-06  1.259E-07  2.646E-07  5.189E-07  6.606E-07
                5.973E-07  4.842E-08  2.492E-08  1.364E-10  5.174E-09  2.909E-08
                3.294E-07  5.725E-07  6.855E-07  1.604E-06  1.979E-07  2.534E-08
                2.948E-09  6.411E-08  1.062E-07  6.345E-08  2.232E-06
1.70459663E+02  1.446E-03  1.516E-03  1.600E-06  9.403E-04  6.070E-04  2.170E-06
                1.269E-06  5.200E-03  3.125E-06  1.893E-06  1.553E-04  2.364E-06
                2.467E-03  2.025E-05  3.038E-05  4.480E-07  1.903E-07  5.818E-07
                5.852E-07  3.545E-07  2.170E-09  5.835E-07  3.727E-07  1.619E-08
                5.545E-08  1.620E-07  1.107E-06  1.804E-07  4.459E-07  7.163E-07
                7.504E-07  1.382E-07  2.407E-06  7.151E-07  5.080E-07  1.250E-07
                3.410E-10  2.522E-07  2.848E-10  2.086E-06  2.185E-07  9.542E-07
                3.103E-07  5.011E-08  6.194E-08  4.683E-08  1.677E-07  3.235E-08
                5.019E-06  1.981E-07  1.178E-07  3.286E-08  2.056E-08  1.609E-06
                7.720E-07  7.338E-07  1.542E-07  1.271E-06  3.807E-07  3.115E-06
                7.073E-08  1.173E-09  2.802E-09  2.571E-11  2.569E-07  6.180E-08
                5.279E-08  1.065E-10  4.651E-07  3.749E-08  2.570E-08  8.315E-07
                6.210E-07  1.320E-06  1.556E-06  1.059E-07  1.989E-07  3.792E-08
                7.041E-07  7.118E-07  2.549E-09  1.546E-08  1.013E-07  2.959E-07
                5.461E-06  1.565E-08  2.660E-11  8.157E-11  3.213E-11  4.780E-11
                2.419E-12  1.364E-07  7.867E-07  1.304E-08  8.021E-07  6.911E-07
                6.335E-08  7.388E-08  2.629E-06  9.397E-07  8.492E-08  1.175E-07
                3.202E-08  1.402E-09  5.210E-08  2.010E-07  1.524E-07  6.788E-09
                7.020E-08  2.501E-08  2.660E-09  1.542E-06  1.131E-08  7.444E-06
                3.450E-08  3.415E-08  7.549E-08  3.880E-07  8.734E-08  1.427E-07
                1.401E-07  1.732E-08  2.899E-06  9.801E-08  2.907E-07  4.602E-09
                1.283E-06  8.373E-06  8.200E-08  1.532E-07  9.185E-07  3.658E-07
                8.340E-07  1.095E-08  3.699E-08  5.975E-08  5.089E-11  2.186E-07
                1.317E-07  2.144E-09  7.617E-09  8.778E-08  1.048E-06  1.269E-06
                2.209E-08  7.752E-09  3.105E-08  2.075E-07  2.406E-09  2.403E-07
                5.217E-07  8.989E-10  1.786E-06  3.666E-07  5.281E-08  1.244E-07
                1.390E-06  2.847E-08  1.297E-07  2.742E-08  1.460E-07  2.230E-07
                1.596E-07  3.691E-06  5.304E-08  8.650E-07  2.569E-09  1.166E-07
                8.410E-08  1.662E-08  4.582E-07  8.902E-08  4.882E-07  4.837E-10
                1.058E-08  1.403E-06  1.431E-06  2.430E-08  1.370E-07  1.247E-07
                9.090E-09  6.673E-08  2.181E-07  9.600E-08  7.153E-08  8.314E-09
                1.717E-06  1.395E-07  1.150E-07  6.272E-08  1.533E-07  1.072E-07
                3.392E-06  1.833E-06  9.352E-08  1.650E-07  3.383E-07  5.127E-07
                4.523E-07  3.059E-08  3.668E-08  1.984E-10  1.401E-09  2.193E-08
                2.632E-07  4.583E-07  5.372E-07  1.255E-06  1.370E-07  2.282E-08
                4.040E-09  4.823E-08  8.562E-08  5.058E-08  1.759E-06
1.84067663E+02  1.153E-03  1.222E-03  6.696E-07  7.556E-04  4.934E-04  1.480E-06
                8.817E-07  4.616E-03  2.092E-06  1.294E-06  1.365E-04  1.797E-06
                2.165E-03  1.798E-05  2.677E-05  4.114E-07  1.344E-07  5.197E-07
                4.489E-07  3.041E-07  1.751E-09  3.730E-07  2.491E-07  1.189E-08
                3.991E-08  2.434E-07  1.670E-06  1.182E-07  2.948E-07  5.008E-07
                5.107E-07  8.985E-08  1.614E-06  8.049E-07  3.426E-07  7.825E-08
                2.201E-10  1.655E-07  4.949E-10  1.560E-06  2.373E-07  6.911E-07
                2.271E-07  3.252E-08  4.247E-08  3.927E-08  1.417E-07  2.464E-08
                3.700E-06  1.684E-07  7.589E-08  2.087E-08  2.011E-08  1.373E-06
                5.580E-07  5.435E-07  1.061E-07  8.630E-07  2.816E-07  2.681E-06
                5.499E-08  8.347E-10  2.195E-09  2.588E-11  2.035E-07  4.851E-08
                3.888E-08  1.002E-10  3.259E-07  2.678E-08  1.650E-08  6.880E-07
                4.543E-07  1.112E-06  1.076E-06  8.633E-08  1.398E-07  2.958E-08
                4.268E-07  4.352E-07  3.101E-09  1.920E-08  7.125E-08  2.146E-07
                3.861E-06  5.033E-09  2.624E-11  8.163E-11  2.414E-11  3.016E-11
                1.798E-12  8.083E-08  4.625E-07  8.775E-09  6.949E-07  6.085E-07
                4.755E-08  3.649E-08  1.899E-06  6.596E-07  6.058E-08  8.388E-08
                2.299E-08  8.690E-10  3.764E-08  1.422E-07  1.116E-07  4.567E-09
                5.906E-08  1.665E-08  2.020E-09  1.101E-06  9.197E-09  6.541E-06
                2.954E-08  2.536E-08  5.564E-08  2.832E-07  6.347E-08  9.918E-08
                9.753E-08  1.378E-08  1.885E-06  8.450E-08  2.148E-07  2.008E-09
                9.813E-07  7.422E-06  6.027E-08  1.176E-07  6.626E-07  2.624E-07
                5.042E-07  6.999E-09  3.022E-08  5.135E-08  3.894E-11  1.914E-07
                1.149E-07  1.512E-09  5.319E-09  6.425E-08  8.561E-07  1.037E-06
                1.450E-08  6.916E-09  2.896E-08  1.531E-07  2.297E-09  1.872E-07
                4.048E-07  6.504E-10  1.435E-06  2.917E-07  4.052E-08  1.102E-07
                1.093E-06  2.258E-08  1.137E-07  1.713E-08  1.048E-07  1.865E-07
                1.109E-07  3.330E-06  3.404E-08  5.426E-07  1.923E-09  9.931E-08
                6.771E-08  1.116E-08  3.307E-07  7.188E-08  3.921E-07  5.551E-10
                6.411E-09  1.131E-06  1.146E-06  1.856E-08  1.124E-07  9.709E-08
                7.080E-09  4.902E-08  1.516E-07  7.311E-08  4.987E-08  6.873E-09
                1.540E-06  1.122E-07  7.910E-08  4.440E-08  1.129E-07  7.646E-08
                3.059E-06  1.648E-06  7.365E-08  1.295E-07  2.671E-07  3.970E-07
                3.388E-07  2.101E-08  2.068E-08  9.449E-11  1.643E-09  1.611E-08
                2.162E-07  3.844E-07  4.449E-07  1.033E-06  1.052E-07  1.599E-08
                2.567E-09  3.982E-08  7.118E-08  3.426E-08  1.473E-06
1.97675663E+02  7.918E-04  8.338E-04  2.473E-06  5.225E-04  3.368E-04  7.704E-07
                5.955E-07  3.724E-03  1.213E-06  7.789E-07  1.146E-04  1.248E-06
                1.830E-03  1.270E-05  1.905E-05  4.138E-07  1.008E-07  3.266E-07
                4.087E-07  1.847E-07  1.256E-09  2.925E-07  2.402E-07  1.736E-08
                4.612E-08  9.627E-08  6.556E-07  1.011E-07  2.241E-07  3.152E-07
                4.069E-07  7.052E-08  1.283E-06  3.840E-07  2.619E-07  5.123E-08
                1.518E-10  1.329E-07  1.742E-10  1.060E-06  1.287E-07  4.792E-07
                1.503E-07  1.989E-08  2.769E-08  3.525E-08  1.400E-07  1.849E-08
                2.658E-06  1.563E-07  5.668E-08  1.712E-08  2.070E-08  1.269E-06
                3.825E-07  3.687E-07  6.951E-08  6.308E-07  1.776E-07  2.430E-06
                5.890E-08  6.852E-10  1.785E-09  2.347E-11  1.174E-07  4.052E-08
                2.820E-08  6.554E-11  2.471E-07  1.713E-08  2.353E-08  5.646E-07
                3.810E-07  7.701E-07  7.930E-07  5.713E-08  1.026E-07  1.685E-08
                3.934E-07  3.994E-07  1.887E-09  1.159E-08  5.381E-08  1.464E-07
                2.901E-06  9.407E-09  1.721E-11  5.374E-11  1.824E-11  3.153E-11
                1.320E-12  7.507E-08  4.305E-07  6.115E-09  5.159E-07  4.521E-07
                3.847E-08  5.290E-08  1.399E-06  4.950E-07  4.804E-08  6.670E-08
                1.920E-08  9.535E-10  3.227E-08  1.211E-07  9.481E-08  4.511E-09
                6.401E-08  1.663E-08  1.571E-09  9.873E-07  6.464E-09  4.483E-06
                1.999E-08  2.056E-08  4.572E-08  2.297E-07  4.940E-08  8.047E-08
                8.155E-08  1.066E-08  1.543E-06  7.398E-08  1.899E-07  2.450E-09
                7.008E-07  5.145E-06  4.849E-08  8.749E-08  5.894E-07  2.318E-07
                4.560E-07  4.091E-09  1.947E-08  3.392E-08  2.820E-11  1.262E-07
                7.605E-08  1.123E-09  3.916E-09  5.350E-08  6.459E-07  7.836E-07
                8.565E-09  4.345E-09  1.755E-08  1.395E-07  1.355E-09  1.328E-07
                2.889E-07  4.503E-10  1.086E-06  2.186E-07  2.664E-08  8.487E-08
                8.429E-07  1.516E-08  7.325E-08  1.640E-08  7.664E-08  1.292E-07
                9.245E-08  2.399E-06  3.273E-08  5.045E-07  1.484E-09  6.610E-08
                4.525E-08  7.055E-09  3.148E-07  5.432E-08  2.947E-07  3.387E-10
                3.389E-09  8.513E-07  8.661E-07  1.222E-08  7.672E-08  7.516E-08
                6.495E-09  3.304E-08  1.331E-07  5.101E-08  4.307E-08  5.074E-09
                1.093E-06  8.122E-08  6.833E-08  4.562E-08  1.162E-07  6.288E-08
                2.149E-06  1.161E-06  5.327E-08  9.246E-08  2.121E-07  2.927E-07
                2.435E-07  1.289E-08  2.243E-08  9.332E-11  1.111E-09  1.080E-08
                1.692E-07  3.013E-07  3.383E-07  7.957E-07  7.400E-08  1.320E-08
                1.962E-09  2.936E-08  5.628E-08  2.861E-08  1.134E-06
