          16           7
         215          13           1           1
           0          -4           0          -4           0          -6           0          -2           0          -4           0           6           0           4           0           2           0           4           0           6           0           2           0           4           0           2           0          -4           0          -2           0           2           0           4           0           6           0           2           0           4           0           6           0           4           0          -2           0          -2           0          -4           0          -6           0          -8           0          -2           0          -4           0          -6           0          -4           0           2           0          -4           0          -6           0          -2           0          -4           0          -6           0          -6           0          -8           0          -4           0          -6           0          -2           0          -4           0           4           0           6           0           8           0          10           0           4           0          -4           0           2           0           6           0           4           0           8           0           2           0          -4           0          -2           0           6           0           6           0           4           0           2           0           8           0           4           0           6           0           8           0           4           0           6           0           8           0          10           0           4           0           6           0           8           0           6           0           4           0           2           0           6           0           2           0           4           0           2           0          -4           0          -2           0          -6           0          -8           0           6           0           4           0          -4           0          -6           0          -2           0          -4           0          -6           0          -8           0         -10           0          -2           0          -4           0          -6           0          -4           0          -2           0          -6           0          -8           0          -2           0          -4           0           2           0           4           0           6           0           8           0           4           0           4           0           6           0           8           0           2           0          10           0           8           0           6           0           4           0           2           0           6           0           6           0           4           0           4           0           2           0           4           0           6           0           8           0          -4           0           2           0           4           0          -6           0          -4           0           2           0           4           0           6           0           4           0           6           0          -2           0          -4           0          -6           0          -8           0         -10           0          -6           0          -8           0         -10           0         -12           0           2           0          -2           0          -4           0          -6           0          -8           0          -2           0          -8           0         -10           0          -4           0          -2           0          -6           0          -4           0          -2           0          -4           0          -2           0          -4           0          -6           0          -4           0          -8           0          -6           0           2           0           4           0           2           0           4           0           6           0         -10           0          -8           0          -6           0          -4           0           6           0          -2           0          -4           0           8           0          -6           0          -2           0          -4           0          -6           0          -8           0           4           0           6           0          -4           0          -6           0          -6           0          -8           0          -2           0           2           0          -4           0           4           0           6           0           4           0           4           0           2           0           2           0          -4           0          -6           0          -8           0          -2           0          -4           0          -6           0          -8           0         -10           0          -8           0          -6           0          -4           0          -2           0          -2           0          -4           0          -6           0          -6           0          -8           0          -4           0          -2           0          -6           0          -4
    0.000000E+00    9.645106E-03    9.843162E-03    1.435602E-02    1.458263E-02
    4.247197E-02    4.320385E-02    4.360158E-02    5.944295E-02    5.948713E-02
    6.922989E-02    7.316769E-02    7.411300E-02    1.134727E-01    1.147319E-01
    2.354040E-01    2.358931E-01    2.366026E-01    2.382857E-01    2.391328E-01
    2.438023E-01    2.438287E-01    2.461520E-01    2.471700E-01    2.474363E-01
    2.479076E-01    2.485433E-01    2.486026E-01    2.487216E-01    2.491410E-01
    2.502551E-01    2.507374E-01    2.510783E-01    2.511300E-01    2.524691E-01
    2.524772E-01    2.554279E-01    2.561102E-01    2.563381E-01    2.591442E-01
    2.591854E-01    2.609226E-01    2.615363E-01    2.619649E-01    2.622131E-01
    2.625883E-01    2.631076E-01    2.632646E-01    2.633261E-01    2.634365E-01
    2.637297E-01    2.638533E-01    2.640096E-01    2.643758E-01    2.644930E-01
    2.645338E-01    2.648466E-01    2.652759E-01    2.655531E-01    2.656939E-01
    2.657640E-01    2.676748E-01    2.677713E-01    2.679166E-01    2.688115E-01
    2.690337E-01    2.711118E-01    2.712141E-01    2.720014E-01    2.721113E-01
    2.724223E-01    2.724984E-01    2.725578E-01    2.726085E-01    2.727219E-01
    2.737570E-01    2.740430E-01    2.746587E-01    2.763855E-01    2.763956E-01
    2.763957E-01    2.764682E-01    2.789238E-01    2.791446E-01    2.808157E-01
    2.808428E-01    2.816082E-01    2.816156E-01    2.816277E-01    2.816445E-01
    2.816660E-01    2.832213E-01    2.832636E-01    2.833497E-01    2.872720E-01
    2.872722E-01    2.872783E-01    2.873017E-01    2.873787E-01    2.874354E-01
    2.875828E-01    2.876419E-01    2.877951E-01    2.879672E-01    2.884374E-01
    2.885530E-01    2.886000E-01    2.886971E-01    2.887362E-01    2.888178E-01
    2.901974E-01    2.902310E-01    2.934227E-01    2.936053E-01    2.936679E-01
    2.948139E-01    2.948751E-01    2.949134E-01    2.954910E-01    2.955387E-01
    2.955818E-01    2.956302E-01    2.974080E-01    2.974265E-01    2.978254E-01
    2.979930E-01    2.980044E-01    2.981863E-01    2.981951E-01    2.982014E-01
    2.986863E-01    2.989406E-01    2.997979E-01    3.013547E-01    3.014398E-01
    3.015665E-01    3.017420E-01    3.025165E-01    3.025355E-01    3.025686E-01
    3.026262E-01    3.032771E-01    3.036433E-01    3.036673E-01    3.036996E-01
    3.037196E-01    3.041292E-01    3.046134E-01    3.046301E-01    3.048276E-01
    3.048611E-01    3.049614E-01    3.051740E-01    3.052844E-01    3.060373E-01
    3.062721E-01    3.065126E-01    3.067251E-01    3.072820E-01    3.083217E-01
    3.083847E-01    3.085481E-01    3.086063E-01    3.093086E-01    3.093690E-01
    3.093750E-01    3.093804E-01    3.094500E-01    3.095030E-01    3.095365E-01
    3.096086E-01    3.096683E-01    3.098305E-01    3.098337E-01    3.100372E-01
    3.110986E-01    3.111053E-01    3.111248E-01    3.111449E-01    3.124031E-01
    3.124222E-01    3.126400E-01    3.132139E-01    3.132929E-01    3.134326E-01
    3.163175E-01    3.165548E-01    3.167011E-01    3.167161E-01    3.173537E-01
    3.174815E-01    3.194473E-01    3.198310E-01    3.206567E-01    3.235572E-01
    3.235827E-01    3.236877E-01    3.236885E-01    3.238034E-01    3.239013E-01
    3.239634E-01    3.240075E-01    3.245628E-01    3.245933E-01    3.263728E-01
    3.264517E-01    3.271738E-01    3.284075E-01    3.287843E-01    3.314323E-01
    3.314556E-01    3.324856E-01    3.325179E-01    3.327131E-01    3.333147E-01
           0           0           0           1
  -27.915863041215566               13
3.16580630E+01  2.281E-01  2.456E-01  2.509E-04  1.522E-01  9.772E-02  2.785E-04
                1.854E-04  1.412E-01
4.52660630E+01  9.127E-02  9.839E-02  1.399E-04  5.953E-02  3.874E-02  1.568E-04
                7.331E-05  8.225E-02  2.590E-04  1.785E-04  2.259E-03  3.182E-04
                3.105E-02  9.787E-04  1.509E-03
5.88740630E+01  4.249E-02  4.482E-02  3.085E-05  2.754E-02  1.795E-02  6.015E-05
                4.256E-05  5.146E-02  1.270E-04  7.303E-05  1.390E-03  8.969E-05
                2.143E-02  5.120E-04  7.565E-04  1.952E-06  4.942E-06  3.353E-05
                7.947E-06  2.215E-05  1.740E-08  1.342E-05  1.141E-05  7.736E-07
                2.348E-06  2.310E-06  1.227E-05  6.460E-06  1.942E-05  2.994E-05
                3.417E-05  3.130E-06  1.327E-04  1.965E-05  1.979E-05  4.368E-06
                1.328E-08  1.792E-05  3.494E-09  9.932E-05  3.771E-06  4.322E-05
                1.920E-05  6.208E-06  5.896E-06  2.293E-07  6.565E-07  2.027E-06
                1.274E-04  1.289E-06  3.564E-06  1.554E-06  9.828E-07  1.170E-05
                3.327E-05  3.478E-05  9.317E-06  6.320E-05  4.213E-05  3.378E-05
                4.574E-07  1.719E-08  5.739E-08  2.521E-10  3.207E-05  8.614E-07
                4.083E-08  1.322E-09  1.311E-05  2.293E-06  1.965E-07  1.217E-05
                6.609E-06  1.221E-05  4.877E-05  1.153E-05  7.274E-06  4.606E-06
                1.404E-05  1.392E-05  1.145E-07  5.244E-07  1.951E-06  1.971E-05
                1.074E-04  2.209E-07  3.549E-10  1.174E-09  3.345E-10  2.144E-10
                9.276E-12  2.292E-06  1.381E-05  5.768E-07  5.443E-06  4.259E-06
                9.978E-07  1.549E-06  4.911E-05  1.814E-05  1.147E-06  1.330E-06
                5.829E-07  4.235E-08  1.020E-06  3.728E-06  2.328E-06  7.629E-08
                3.932E-06  3.000E-07  5.716E-08  3.105E-05  1.612E-07  1.167E-04
                5.854E-07  8.472E-07  1.588E-06  3.243E-06  8.714E-07  2.167E-06
                1.981E-06  1.048E-07  5.940E-05  1.931E-06  4.289E-06  1.309E-07
                2.213E-05  1.134E-04  1.771E-06  3.155E-06  1.577E-05  6.603E-06
                1.530E-05  2.125E-06  2.670E-06  2.435E-06  1.633E-09  1.158E-05
                6.765E-06  3.361E-09  7.671E-09  1.897E-06  1.481E-05  1.836E-05
                3.487E-06  2.586E-07  1.259E-06  2.125E-05  4.574E-09  3.933E-06
                8.705E-06  1.546E-07  2.686E-05  6.242E-06  3.390E-06  1.873E-06
                1.746E-05  1.415E-06  6.436E-06  1.052E-06  6.302E-06  1.969E-06
                2.709E-06  5.992E-05  1.149E-06  1.918E-05  1.149E-09  4.151E-06
                4.849E-06  2.380E-06  7.929E-06  1.324E-06  7.718E-06  1.475E-08
                2.592E-06  2.042E-05  2.145E-05  1.175E-06  5.116E-06  1.265E-06
                3.990E-07  3.862E-06  1.200E-05  4.984E-06  3.871E-06  3.136E-07
                1.850E-05  3.799E-06  1.903E-06  1.163E-06  3.076E-06  2.268E-06
                3.316E-05  1.632E-05  4.744E-06  1.313E-05  2.977E-05  1.464E-05
                1.600E-05  3.772E-06  3.145E-06  2.337E-10  1.396E-06  7.239E-07
                1.548E-06  2.553E-06  3.548E-06  1.652E-05  5.270E-06  9.575E-07
                2.017E-07  6.746E-07  5.933E-07  1.278E-06  1.511E-05
7.24820630E+01  2.302E-02  2.419E-02  1.429E-05  1.486E-02  9.675E-03  3.237E-05
                2.299E-05  3.485E-02  6.656E-05  3.913E-05  9.635E-04  4.837E-05
                1.499E-02  2.904E-04  4.290E-04  1.021E-06  3.290E-06  1.697E-05
                5.557E-06  1.189E-05  1.202E-08  9.675E-06  4.660E-06  2.953E-07
                9.288E-07  1.106E-06  6.625E-06  3.261E-06  1.107E-05  1.706E-05
                1.622E-05  2.275E-06  5.489E-05  1.039E-05  9.627E-06  2.916E-06
                8.007E-09  8.197E-06  2.483E-09  4.670E-05  2.009E-06  2.021E-05
                8.530E-06  2.480E-06  2.426E-06  1.361E-07  3.723E-07  7.258E-07
                7.108E-05  6.316E-07  2.449E-06  4.586E-07  4.169E-07  5.345E-06
                1.629E-05  1.619E-05  4.285E-06  3.187E-05  1.389E-05  1.303E-05
                2.505E-07  1.004E-08  3.810E-08  5.805E-11  1.035E-05  4.887E-07
                1.801E-07  5.390E-10  7.382E-06  9.895E-07  6.156E-08  7.453E-06
                4.175E-06  9.773E-06  2.697E-05  3.687E-06  3.532E-06  1.588E-06
                9.151E-06  9.321E-06  3.327E-08  1.787E-07  1.282E-06  7.827E-06
                6.469E-05  1.258E-07  2.113E-10  6.696E-10  3.615E-10  1.530E-10
                1.233E-11  1.647E-06  9.473E-06  3.322E-07  4.283E-06  3.317E-06
                7.307E-07  4.199E-07  3.021E-05  1.086E-05  6.865E-07  8.745E-07
                2.636E-07  2.046E-08  5.572E-07  1.754E-06  1.117E-06  6.016E-08
                6.157E-07  2.345E-07  3.795E-08  1.841E-05  1.246E-07  6.877E-05
                3.693E-07  4.199E-07  9.348E-07  2.189E-06  5.729E-07  1.394E-06
                1.272E-06  9.384E-08  3.589E-05  7.074E-07  2.408E-06  5.633E-08
                1.519E-05  6.910E-05  7.894E-07  1.539E-06  9.744E-06  4.064E-06
                9.908E-06  7.825E-07  1.144E-06  1.210E-06  1.198E-09  5.562E-06
                3.268E-06  4.780E-09  1.527E-08  9.988E-07  8.348E-06  1.033E-05
                1.382E-06  1.194E-07  5.955E-07  7.529E-06  6.563E-09  2.792E-06
                6.123E-06  4.160E-08  1.496E-05  3.363E-06  1.461E-06  1.122E-06
                1.079E-05  7.091E-07  2.921E-06  3.680E-07  3.378E-06  1.430E-06
                1.523E-06  3.185E-05  6.284E-07  1.106E-05  5.653E-09  2.097E-06
                2.151E-06  8.739E-07  4.517E-06  7.267E-07  4.153E-06  5.530E-09
                8.625E-07  1.152E-05  1.202E-05  5.868E-07  2.487E-06  6.619E-07
                1.795E-07  1.922E-06  4.537E-06  2.485E-06  1.381E-06  1.477E-07
                1.244E-05  2.177E-06  1.078E-06  6.294E-07  1.452E-06  9.847E-07
                2.319E-05  1.179E-05  1.892E-06  6.005E-06  1.207E-05  6.817E-06
                7.570E-06  1.453E-06  7.556E-07  3.673E-10  5.271E-07  4.158E-07
                1.514E-06  2.433E-06  3.306E-06  9.487E-06  2.529E-06  3.680E-07
                4.596E-08  4.670E-07  4.458E-07  5.613E-07  1.089E-05
8.60900630E+01  1.359E-02  1.425E-02  8.777E-06  8.760E-03  5.688E-03  1.935E-05
                1.363E-05  2.463E-02  3.794E-05  2.255E-05  6.940E-04  2.810E-05
                1.086E-02  1.764E-04  2.611E-04  7.045E-07  2.166E-06  9.567E-06
                3.779E-06  6.892E-06  9.005E-09  6.587E-06  2.548E-06  1.323E-07
                4.091E-07  7.437E-07  4.756E-06  1.918E-06  6.772E-06  1.041E-05
                8.842E-06  1.542E-06  2.698E-05  6.438E-06  5.389E-06  1.872E-06
                5.026E-09  4.339E-06  1.810E-09  2.461E-05  1.258E-06  1.074E-05
                4.301E-06  1.170E-06  1.203E-06  9.496E-08  2.375E-07  3.599E-07
                4.260E-05  5.088E-07  1.577E-06  2.488E-07  2.164E-07  4.185E-06
                8.968E-06  8.544E-06  2.318E-06  1.795E-05  6.308E-06  9.074E-06
                1.841E-07  6.893E-09  2.605E-08  2.070E-11  4.532E-06  3.219E-07
                2.190E-07  4.860E-10  4.556E-06  5.271E-07  3.371E-08  5.446E-06
                3.233E-06  7.271E-06  1.639E-05  1.605E-06  2.063E-06  6.962E-07
                6.245E-06  6.428E-06  1.430E-08  8.522E-08  8.517E-07  3.995E-06
                4.095E-05  8.514E-08  1.401E-10  4.446E-10  2.711E-10  1.167E-10
                1.137E-11  1.176E-06  6.647E-06  2.045E-07  3.260E-06  2.574E-06
                5.018E-07  1.609E-07  1.930E-05  6.883E-06  4.834E-07  6.464E-07
                1.871E-07  1.171E-08  3.606E-07  1.176E-06  7.636E-07  4.375E-08
                1.867E-07  1.679E-07  2.067E-08  1.266E-05  8.177E-08  4.385E-05
                2.432E-07  2.710E-07  6.102E-07  1.751E-06  4.331E-07  1.020E-06
                9.643E-07  7.818E-08  2.287E-05  3.712E-07  1.728E-06  3.126E-08
                9.951E-06  4.517E-05  5.152E-07  1.035E-06  6.824E-06  2.840E-06
                6.573E-06  3.560E-07  5.678E-07  6.471E-07  6.524E-10  2.791E-06
                1.646E-06  5.724E-09  2.022E-08  6.373E-07  5.459E-06  6.716E-06
                6.539E-07  6.701E-08  3.259E-07  3.040E-06  7.760E-09  1.844E-06
                4.049E-06  1.834E-08  9.586E-06  2.106E-06  7.467E-07  7.131E-07
                7.310E-06  3.943E-07  1.537E-06  1.770E-07  1.975E-06  1.124E-06
                1.038E-06  1.932E-05  4.169E-07  7.349E-06  7.924E-09  1.154E-06
                1.109E-06  4.039E-07  2.976E-06  4.632E-07  2.632E-06  1.977E-09
                3.732E-07  7.492E-06  7.768E-06  3.237E-07  1.374E-06  4.857E-07
                9.088E-08  1.065E-06  2.119E-06  1.383E-06  6.281E-07  8.280E-08
                8.586E-06  1.338E-06  7.404E-07  3.885E-07  8.415E-07  6.387E-07
                1.653E-05  8.591E-06  9.675E-07  2.942E-06  5.296E-06  3.875E-06
                4.224E-06  6.950E-07  2.148E-07  4.631E-10  2.223E-07  2.523E-07
                1.174E-06  1.892E-06  2.521E-06  6.367E-06  1.351E-06  1.890E-07
                1.689E-08  3.138E-07  3.460E-07  3.134E-07  7.948E-06
9.96980630E+01  8.553E-03  8.975E-03  4.915E-06  5.533E-03  3.586E-03  1.140E-05
                8.319E-06  1.827E-02  2.215E-05  1.340E-05  5.222E-04  1.720E-05
                8.207E-03  1.170E-04  1.731E-04  5.746E-07  1.385E-06  5.560E-06
                2.523E-06  4.022E-06  7.958E-09  4.244E-06  1.561E-06  5.688E-08
                1.923E-07  6.059E-07  4.022E-06  1.181E-06  4.140E-06  6.484E-06
                5.160E-06  9.911E-07  1.479E-05  4.316E-06  3.256E-06  1.187E-06
                3.140E-09  2.452E-06  1.402E-09  1.406E-05  8.904E-07  6.260E-06
                2.371E-06  6.025E-07  6.438E-07  8.317E-08  2.222E-07  1.955E-07
                2.727E-05  4.367E-07  9.709E-07  1.512E-07  1.137E-07  3.572E-06
                5.318E-06  4.936E-06  1.331E-06  1.039E-05  3.310E-06  7.385E-06
                1.506E-07  4.793E-09  1.712E-08  1.301E-11  2.321E-06  2.173E-07
                2.029E-07  4.315E-10  2.830E-06  2.983E-07  2.510E-08  3.875E-06
                2.431E-06  5.406E-06  9.989E-06  8.361E-07  1.228E-06  3.578E-07
                4.191E-06  4.325E-06  9.078E-09  5.532E-08  5.502E-07  2.241E-06
                2.730E-05  5.250E-08  1.013E-10  3.194E-10  1.878E-10  9.882E-11
                9.434E-12  8.035E-07  4.523E-06  1.238E-07  2.539E-06  2.049E-06
                3.381E-07  9.483E-08  1.300E-05  4.608E-06  3.554E-07  4.834E-07
                1.386E-07  6.945E-09  2.489E-07  8.422E-07  5.613E-07  3.020E-08
                1.229E-07  1.139E-07  1.192E-08  8.662E-06  5.746E-08  3.061E-05
                1.586E-07  1.886E-07  4.078E-07  1.381E-06  3.350E-07  7.456E-07
                7.108E-07  6.193E-08  1.532E-05  2.525E-07  1.279E-06  1.913E-08
                6.678E-06  3.220E-05  3.694E-07  7.683E-07  4.767E-06  1.985E-06
                4.459E-06  1.814E-07  3.150E-07  3.827E-07  3.700E-10  1.542E-06
                9.143E-07  6.235E-09  2.282E-08  4.269E-07  3.886E-06  4.753E-06
                3.452E-07  4.183E-08  1.942E-07  1.384E-06  8.738E-09  1.236E-06
                2.723E-06  8.106E-09  6.709E-06  1.451E-06  4.290E-07  4.868E-07
                5.279E-06  2.337E-07  8.952E-07  1.064E-07  1.179E-06  8.811E-07
                7.269E-07  1.335E-05  2.824E-07  4.919E-06  7.977E-09  6.985E-07
                6.359E-07  2.136E-07  2.024E-06  3.244E-07  1.839E-06  1.201E-09
                1.894E-07  5.290E-06  5.455E-06  1.911E-07  8.306E-07  3.965E-07
                5.174E-08  6.262E-07  1.143E-06  8.180E-07  3.431E-07  5.117E-08
                6.344E-06  8.511E-07  5.237E-07  2.534E-07  5.383E-07  4.691E-07
                1.245E-05  6.568E-06  5.717E-07  1.545E-06  2.576E-06  2.498E-06
                2.627E-06  3.733E-07  7.328E-08  4.274E-10  9.369E-08  1.580E-07
                8.891E-07  1.448E-06  1.908E-06  4.610E-06  8.222E-07  1.062E-07
                9.148E-09  2.152E-07  2.694E-07  2.086E-07  5.961E-06
1.13306063E+02  5.693E-03  5.978E-03  3.513E-06  3.681E-03  2.387E-03  8.205E-06
                5.555E-06  1.369E-02  1.469E-05  8.872E-06  3.945E-04  1.111E-05
                6.215E-03  7.755E-05  1.152E-04  5.114E-07  9.039E-07  3.135E-06
                1.794E-06  2.275E-06  5.488E-09  2.864E-06  1.151E-06  2.442E-08
                1.123E-07  4.429E-07  2.972E-06  8.048E-07  2.664E-06  4.185E-06
                3.319E-06  6.681E-07  9.467E-06  2.890E-06  2.154E-06  7.786E-07
                2.021E-09  1.487E-06  9.356E-10  8.925E-06  6.456E-07  4.003E-06
                1.462E-06  3.379E-07  3.728E-07  7.182E-08  2.067E-07  1.230E-07
                1.854E-05  3.714E-07  6.268E-07  1.078E-07  5.943E-08  3.029E-06
                3.419E-06  3.127E-06  8.219E-07  6.493E-06  1.981E-06  6.128E-06
                1.241E-07  3.600E-09  1.189E-08  1.359E-11  1.373E-06  1.582E-07
                1.620E-07  3.046E-10  1.891E-06  1.850E-07  3.189E-08  2.898E-06
                1.884E-06  4.016E-06  6.613E-06  5.029E-07  8.393E-07  2.107E-07
                3.027E-06  3.118E-06  6.815E-09  4.118E-08  3.832E-07  1.413E-06
                1.920E-05  4.354E-08  7.582E-11  2.365E-10  1.296E-10  9.223E-11
                7.879E-12  5.892E-07  3.317E-06  7.893E-08  2.031E-06  1.673E-06
                2.296E-07  9.063E-08  9.144E-06  3.266E-06  2.747E-07  3.734E-07
                1.057E-07  5.220E-09  1.754E-07  6.420E-07  4.341E-07  2.418E-08
                1.025E-07  9.047E-08  1.024E-08  6.376E-06  4.095E-08  2.182E-05
                1.165E-07  1.399E-07  2.746E-07  1.100E-06  2.649E-07  5.567E-07
                5.270E-07  4.817E-08  1.083E-05  1.852E-07  9.967E-07  1.401E-08
                4.609E-06  2.328E-05  2.788E-07  5.719E-07  3.590E-06  1.482E-06
                3.233E-06  1.008E-07  1.930E-07  2.496E-07  2.628E-10  9.565E-07
                5.700E-07  5.316E-09  1.938E-08  2.976E-07  2.942E-06  3.585E-06
                1.929E-07  2.753E-08  1.282E-07  7.559E-07  6.941E-09  8.556E-07
                1.874E-06  5.190E-09  5.073E-06  1.081E-06  2.667E-07  3.551E-07
                3.989E-06  1.463E-07  5.707E-07  7.768E-08  7.534E-07  6.788E-07
                5.452E-07  9.475E-06  2.112E-07  3.647E-06  7.250E-09  4.709E-07
                4.056E-07  1.231E-07  1.562E-06  2.460E-07  1.384E-06  9.871E-10
                1.040E-07  3.987E-06  4.100E-06  1.239E-07  5.616E-07  3.187E-07
                3.358E-08  3.859E-07  7.522E-07  5.131E-07  2.333E-07  3.415E-08
                4.643E-06  5.725E-07  3.930E-07  1.965E-07  4.252E-07  3.595E-07
                9.219E-06  4.914E-06  3.712E-07  9.178E-07  1.518E-06  1.742E-06
                1.768E-06  2.176E-07  4.462E-08  4.141E-10  3.767E-08  9.858E-08
                6.984E-07  1.153E-06  1.482E-06  3.502E-06  5.571E-07  6.981E-08
                6.075E-09  1.554E-07  2.142E-07  1.590E-07  4.647E-06
1.26914063E+02  3.897E-03  4.098E-03  2.266E-06  2.535E-03  1.640E-03  4.987E-06
                3.629E-06  1.081E-02  9.017E-06  5.540E-06  3.156E-04  7.375E-06
                4.987E-03  5.675E-05  8.427E-05  4.896E-07  6.001E-07  2.076E-06
                1.269E-06  1.475E-06  4.539E-09  1.849E-06  8.091E-07  1.153E-08
                6.710E-08  4.369E-07  2.973E-06  5.342E-07  1.695E-06  2.706E-06
                2.131E-06  4.325E-07  5.991E-06  2.226E-06  1.419E-06  4.969E-07
                1.300E-09  9.190E-07  9.334E-10  5.681E-06  5.321E-07  2.606E-06
                9.052E-07  1.944E-07  2.246E-07  6.493E-08  1.943E-07  7.694E-08
                1.273E-05  3.132E-07  4.016E-07  7.189E-08  3.237E-08  2.552E-06
                2.217E-06  2.019E-06  5.244E-07  4.214E-06  1.237E-06  5.094E-06
                9.795E-08  2.637E-09  8.611E-09  1.957E-11  8.480E-07  1.179E-07
                1.267E-07  2.523E-10  1.304E-06  1.180E-07  2.400E-08  2.226E-06
                1.408E-06  3.005E-06  4.440E-06  3.192E-07  5.515E-07  1.294E-07
                2.033E-06  2.095E-06  6.091E-09  3.694E-08  2.654E-07  9.133E-07
                1.334E-05  2.467E-08  5.934E-11  1.856E-10  9.270E-11  7.306E-11
                6.026E-12  3.936E-07  2.216E-06  5.116E-08  1.627E-06  1.365E-06
                1.627E-07  6.876E-08  6.418E-06  2.265E-06  2.024E-07  2.766E-07
                7.817E-08  3.207E-09  1.306E-07  4.687E-07  3.273E-07  1.624E-08
                8.695E-08  6.060E-08  5.706E-09  4.550E-06  3.017E-08  1.649E-05
                8.142E-08  9.958E-08  1.879E-07  8.299E-07  1.992E-07  4.005E-07
                3.811E-07  3.921E-08  7.378E-06  1.503E-07  7.437E-07  8.668E-09
                3.279E-06  1.789E-05  2.053E-07  4.274E-07  2.567E-06  1.053E-06
                2.179E-06  5.803E-08  1.310E-07  1.833E-07  1.738E-10  6.855E-07
                4.098E-07  4.509E-09  1.644E-08  2.082E-07  2.243E-06  2.725E-06
                1.120E-07  1.792E-08  8.671E-08  5.429E-07  6.389E-09  6.119E-07
                1.346E-06  3.354E-09  3.837E-06  8.076E-07  1.708E-07  2.662E-07
                2.992E-06  9.625E-08  3.777E-07  5.806E-08  4.961E-07  5.191E-07
                3.927E-07  7.419E-06  1.453E-07  2.482E-06  5.787E-09  3.466E-07
                2.816E-07  7.411E-08  1.121E-06  1.868E-07  1.044E-06  1.093E-09
                6.008E-08  3.017E-06  3.089E-06  8.387E-08  4.103E-07  2.545E-07
                2.391E-08  2.466E-07  5.449E-07  3.383E-07  1.734E-07  2.343E-08
                3.667E-06  3.973E-07  2.781E-07  1.411E-07  3.136E-07  2.624E-07
                7.329E-06  3.928E-06  2.548E-07  5.983E-07  1.041E-06  1.248E-06
                1.218E-06  1.324E-07  3.270E-08  2.784E-10  2.025E-08  6.592E-08
                5.403E-07  9.097E-07  1.145E-06  2.693E-06  3.954E-07  4.829E-08
                4.599E-09  1.150E-07  1.692E-07  1.181E-07  3.631E-06
1.40522063E+02  2.804E-03  2.946E-03  1.979E-06  1.819E-03  1.178E-03  4.154E-06
                2.637E-06  8.355E-03  6.687E-06  4.050E-06  2.449E-04  5.071E-06
                3.874E-03  3.924E-05  5.854E-05  4.736E-07  4.096E-07  1.236E-06
                9.775E-07  8.514E-07  3.529E-09  1.302E-06  6.452E-07  1.201E-08
                6.311E-08  2.894E-07  1.970E-06  3.810E-07  1.109E-06  1.779E-06
                1.520E-06  3.048E-07  4.517E-06  1.473E-06  1.029E-06  3.266E-07
                8.509E-10  5.991E-07  5.546E-10  4.109E-06  3.845E-07  1.885E-06
                6.413E-07  1.245E-07  1.461E-07  6.067E-08  1.988E-07  5.790E-08
                9.462E-06  2.710E-07  2.699E-07  5.793E-08  2.393E-08  2.204E-06
                1.580E-06  1.453E-06  3.521E-07  2.828E-06  8.362E-07  4.347E-06
                9.193E-08  2.064E-09  5.826E-09  2.258E-11  5.711E-07  9.582E-08
                9.709E-08  1.870E-10  9.276E-07  8.112E-08  2.933E-08  1.583E-06
                1.097E-06  2.319E-06  3.164E-06  2.197E-07  4.028E-07  8.655E-08
                1.490E-06  1.524E-06  4.339E-09  2.611E-08  1.956E-07  6.323E-07
                1.016E-05  2.430E-08  4.475E-11  1.381E-10  6.439E-11  6.825E-11
                4.607E-12  2.912E-07  1.654E-06  3.253E-08  1.302E-06  1.102E-06
                1.170E-07  8.155E-08  4.874E-06  1.743E-06  1.562E-07  2.141E-07
                5.888E-08  2.632E-09  9.488E-08  3.612E-07  2.580E-07  1.289E-08
                8.093E-08  4.777E-08  5.082E-09  3.211E-06  2.198E-08  1.259E-05
                6.294E-08  7.139E-08  1.402E-07  6.675E-07  1.567E-07  2.905E-07
                2.769E-07  2.984E-08  5.599E-06  1.294E-07  5.550E-07  7.582E-09
                2.408E-06  1.382E-05  1.546E-07  3.089E-07  1.862E-06  7.568E-07
                1.662E-06  3.407E-08  8.436E-08  1.231E-07  1.184E-10  4.519E-07
                2.712E-07  3.704E-09  1.340E-08  1.578E-07  1.761E-06  2.137E-06
                6.660E-08  1.399E-08  6.221E-08  3.543E-07  4.659E-09  4.492E-07
                9.801E-07  2.149E-09  3.019E-06  6.300E-07  1.163E-07  2.074E-07
                2.362E-06  6.364E-08  2.657E-07  4.576E-08  3.281E-07  3.983E-07
                2.975E-07  5.767E-06  1.079E-07  1.817E-06  4.616E-09  2.374E-07
                1.857E-07  4.554E-08  8.567E-07  1.482E-07  8.233E-07  7.619E-10
                3.493E-08  2.370E-06  2.424E-06  5.524E-08  2.798E-07  2.060E-07
                1.672E-08  1.600E-07  3.885E-07  2.209E-07  1.264E-07  1.660E-08
                2.807E-06  2.798E-07  2.143E-07  1.109E-07  2.543E-07  2.017E-07
                5.595E-06  3.013E-06  1.812E-07  3.781E-07  6.787E-07  9.337E-07
                8.811E-07  8.221E-08  3.702E-08  2.873E-10  6.972E-09  4.531E-08
                4.332E-07  7.366E-07  9.046E-07  2.111E-06  2.798E-07  3.675E-08
                4.682E-09  8.623E-08  1.373E-07  9.128E-08  2.892E-06
1.54130063E+02  2.049E-03  2.163E-03  9.075E-07  1.340E-03  8.690E-04  2.528E-06
                1.764E-06  6.986E-03  4.188E-06  2.596E-06  2.064E-04  3.581E-06
                3.271E-03  3.148E-05  4.683E-05  4.597E-07  2.801E-07  9.474E-07
                7.287E-07  6.247E-07  2.812E-09  8.406E-07  4.585E-07  9.616E-09
                4.676E-08  3.217E-07  2.203E-06  2.574E-07  7.236E-07  1.182E-06
                1.025E-06  1.984E-07  3.038E-06  1.287E-06  6.998E-07  2.073E-07
                5.527E-10  3.894E-07  6.578E-10  2.846E-06  3.452E-07  1.310E-06
                4.333E-07  7.631E-08  9.430E-08  5.253E-08  1.750E-07  4.054E-08
                6.773E-06  2.297E-07  1.751E-07  3.873E-08  1.999E-08  1.871E-06
                1.086E-06  1.013E-06  2.336E-07  1.911E-06  5.703E-07  3.678E-06
                7.290E-08  1.508E-09  4.447E-09  2.634E-11  3.954E-07  7.464E-08
                7.259E-08  1.608E-10  6.566E-07  5.462E-08  2.106E-08  1.266E-06
                8.112E-07  1.814E-06  2.182E-06  1.573E-07  2.751E-07  5.914E-08
                9.785E-07  1.003E-06  4.368E-09  2.677E-08  1.379E-07  4.358E-07
                7.185E-06  1.110E-08  3.837E-11  1.195E-10  4.745E-11  4.966E-11
                3.452E-12  1.883E-07  1.068E-06  2.167E-08  1.073E-06  9.221E-07
                8.614E-08  5.236E-08  3.493E-06  1.225E-06  1.137E-07  1.561E-07
                4.325E-08  1.657E-09  7.053E-08  2.624E-07  1.934E-07  8.797E-09
                7.174E-08  3.251E-08  3.226E-09  2.326E-06  1.680E-08  1.020E-05
                4.732E-08  5.167E-08  9.833E-08  4.924E-07  1.155E-07  2.069E-07
                1.982E-07  2.403E-08  3.800E-06  1.101E-07  4.146E-07  4.030E-09
                1.777E-06  1.133E-05  1.137E-07  2.320E-07  1.349E-06  5.447E-07
                1.091E-06  2.057E-08  6.310E-08  9.857E-08  8.842E-11  3.636E-07
                2.181E-07  2.797E-09  1.006E-08  1.128E-07  1.392E-06  1.686E-06
                4.058E-08  1.030E-08  4.750E-08  2.884E-07  4.178E-09  3.347E-07
                7.323E-07  1.500E-09  2.363E-06  4.879E-07  8.012E-08  1.672E-07
                1.817E-06  4.537E-08  1.957E-07  3.281E-08  2.268E-07  3.135E-07
                2.119E-07  4.866E-06  7.307E-08  1.214E-06  3.518E-09  1.887E-07
                1.398E-07  2.894E-08  6.273E-07  1.164E-07  6.425E-07  8.529E-10
                2.084E-08  1.855E-06  1.890E-06  3.992E-08  2.189E-07  1.604E-07
                1.307E-08  1.083E-07  2.925E-07  1.561E-07  9.590E-08  1.244E-08
                2.356E-06  2.074E-07  1.498E-07  8.183E-08  1.942E-07  1.454E-07
                4.715E-06  2.541E-06  1.340E-07  2.772E-07  5.329E-07  7.010E-07
                6.372E-07  5.284E-08  2.612E-08  1.495E-10  5.408E-09  3.169E-08
                3.446E-07  5.974E-07  7.204E-07  1.681E-06  2.091E-07  2.668E-08
                3.330E-09  6.741E-08  1.110E-07  6.645E-08  2.334E-06
1.67738063E+02  1.503E-03  1.576E-03  1.920E-06  9.799E-04  6.316E-04  2.114E-06
                1.330E-06  5.454E-03  3.174E-06  1.937E-06  1.634E-04  2.519E-06
                2.597E-03  2.164E-05  3.245E-05  4.517E-07  2.031E-07  6.052E-07
                6.115E-07  3.787E-07  2.124E-09  6.271E-07  3.990E-07  1.576E-08
                5.520E-08  1.692E-07  1.156E-06  1.964E-07  4.924E-07  7.774E-07
                7.920E-07  1.481E-07  2.491E-06  7.591E-07  5.359E-07  1.369E-07
                3.709E-10  2.741E-07  3.070E-10  2.142E-06  2.276E-07  9.863E-07
                3.191E-07  5.266E-08  6.548E-08  4.729E-08  1.681E-07  3.303E-08
                5.208E-06  2.032E-07  1.266E-07  3.367E-08  2.023E-08  1.650E-06
                8.024E-07  7.558E-07  1.627E-07  1.363E-06  3.985E-07  3.192E-06
                7.217E-08  1.232E-09  3.155E-09  2.580E-11  2.671E-07  6.406E-08
                5.519E-08  1.078E-10  4.923E-07  3.880E-08  2.720E-08  9.290E-07
                6.564E-07  1.364E-06  1.637E-06  1.104E-07  2.100E-07  3.954E-08
                7.716E-07  7.829E-07  2.775E-09  1.685E-08  1.062E-07  3.127E-07
                5.669E-06  1.565E-08  2.765E-11  8.515E-11  3.420E-11  4.880E-11
                2.573E-12  1.496E-07  8.582E-07  1.422E-08  8.353E-07  7.197E-07
                6.614E-08  7.142E-08  2.726E-06  9.730E-07  8.953E-08  1.236E-07
                3.427E-08  1.551E-09  5.545E-08  2.141E-07  1.606E-07  7.507E-09
                7.050E-08  2.779E-08  2.861E-09  1.746E-06  1.212E-08  7.642E-06
                3.584E-08  3.782E-08  7.858E-08  4.029E-07  9.145E-08  1.554E-07
                1.517E-07  1.823E-08  3.047E-06  9.861E-08  3.217E-07  4.556E-09
                1.338E-06  8.577E-06  8.738E-08  1.654E-07  1.030E-06  4.110E-07
                8.914E-07  1.215E-08  4.062E-08  6.532E-08  6.024E-11  2.392E-07
                1.440E-07  2.188E-09  7.771E-09  9.120E-08  1.091E-06  1.322E-06
                2.427E-08  7.706E-09  3.234E-08  2.216E-07  2.555E-09  2.507E-07
                5.459E-07  1.027E-09  1.860E-06  3.819E-07  5.548E-08  1.298E-07
                1.444E-06  3.052E-08  1.359E-07  2.850E-08  1.576E-07  2.319E-07
                1.697E-07  3.765E-06  5.932E-08  9.645E-07  2.729E-09  1.273E-07
                9.237E-08  1.816E-08  5.119E-07  9.239E-08  5.067E-07  5.111E-10
                1.181E-08  1.459E-06  1.488E-06  2.658E-08  1.497E-07  1.285E-07
                1.006E-08  7.225E-08  2.309E-07  1.045E-07  7.585E-08  8.907E-09
                1.771E-06  1.488E-07  1.223E-07  7.029E-08  1.707E-07  1.145E-07
                3.509E-06  1.896E-06  9.842E-08  1.837E-07  3.757E-07  5.354E-07
                4.748E-07  3.335E-08  3.347E-08  1.836E-10  1.782E-09  2.262E-08
                2.746E-07  4.778E-07  5.610E-07  1.314E-06  1.479E-07  2.279E-08
                3.538E-09  5.077E-08  8.916E-08  5.332E-08  1.837E-06
1.81346063E+02  1.227E-03  1.298E-03  8.196E-07  8.013E-04  5.227E-04  1.733E-06
                9.659E-07  4.689E-03  2.384E-06  1.454E-06  1.381E-04  1.887E-06
                2.189E-03  1.825E-05  2.722E-05  4.183E-07  1.440E-07  5.424E-07
                4.710E-07  3.160E-07  1.936E-09  4.064E-07  2.634E-07  1.259E-08
                4.284E-08  2.359E-07  1.617E-06  1.255E-07  3.128E-07  5.379E-07
                5.526E-07  9.766E-08  1.773E-06  8.035E-07  3.728E-07  8.574E-08
                2.391E-10  1.776E-07  4.589E-10  1.695E-06  2.398E-07  7.535E-07
                2.487E-07  3.652E-08  4.659E-08  4.151E-08  1.503E-07  2.668E-08
                3.994E-06  1.739E-07  8.326E-08  2.364E-08  2.041E-08  1.418E-06
                6.074E-07  5.916E-07  1.169E-07  9.334E-07  3.061E-07  2.768E-06
                5.835E-08  8.906E-10  2.174E-09  2.559E-11  2.200E-07  5.095E-08
                4.180E-08  1.048E-10  3.526E-07  2.981E-08  1.718E-08  6.769E-07
                4.797E-07  1.174E-06  1.178E-06  9.161E-08  1.519E-07  3.202E-08
                4.552E-07  4.618E-07  2.923E-09  1.802E-08  7.774E-08  2.323E-07
                4.202E-06  6.770E-09  2.658E-11  8.210E-11  2.559E-11  3.368E-11
                1.923E-12  8.647E-08  4.981E-07  9.450E-09  7.173E-07  6.258E-07
                5.081E-08  4.428E-08  2.060E-06  7.204E-07  6.480E-08  8.983E-08
                2.425E-08  8.927E-10  3.973E-08  1.508E-07  1.183E-07  4.672E-09
                6.074E-08  1.700E-08  2.092E-09  1.102E-06  9.498E-09  6.868E-06
                3.079E-08  2.586E-08  5.944E-08  3.039E-07  6.795E-08  1.042E-07
                1.027E-07  1.440E-08  2.066E-06  8.850E-08  2.171E-07  2.577E-09
                1.048E-06  7.781E-06  6.335E-08  1.221E-07  6.664E-07  2.642E-07
                5.511E-07  7.632E-09  3.094E-08  5.198E-08  3.784E-11  1.927E-07
                1.158E-07  1.673E-09  5.908E-09  6.879E-08  8.950E-07  1.083E-06
                1.584E-08  7.381E-09  2.985E-08  1.571E-07  2.326E-09  1.990E-07
                4.297E-07  6.670E-10  1.504E-06  3.071E-07  4.348E-08  1.128E-07
                1.153E-06  2.371E-08  1.180E-07  1.884E-08  1.116E-07  1.957E-07
                1.188E-07  3.475E-06  3.517E-08  5.677E-07  2.029E-09  1.006E-07
                6.922E-08  1.208E-08  3.305E-07  7.550E-08  4.124E-07  5.476E-10
                7.114E-09  1.188E-06  1.204E-06  1.936E-08  1.146E-07  1.036E-07
                7.051E-09  5.212E-08  1.602E-07  7.628E-08  5.272E-08  7.066E-09
                1.597E-06  1.169E-07  8.451E-08  4.401E-08  1.114E-07  8.088E-08
                3.162E-06  1.703E-06  7.751E-08  1.309E-07  2.663E-07  4.206E-07
                3.618E-07  2.274E-08  2.614E-08  1.276E-10  1.308E-09  1.773E-08
                2.245E-07  3.971E-07  4.619E-07  1.071E-06  1.099E-07  1.807E-08
                3.310E-09  4.132E-08  7.368E-08  3.700E-08  1.523E-06
1.94954063E+02  8.475E-04  8.966E-04  1.363E-06  5.609E-04  3.628E-04  7.891E-07
                6.316E-07  3.965E-03  1.261E-06  8.113E-07  1.214E-04  1.357E-06
                1.936E-03  1.411E-05  2.109E-05  4.101E-07  1.059E-07  3.579E-07
                4.118E-07  2.074E-07  1.256E-09  3.030E-07  2.428E-07  1.546E-08
                4.280E-08  1.263E-07  8.639E-07  1.057E-07  2.430E-07  3.476E-07
                4.185E-07  7.295E-08  1.294E-06  4.704E-07  2.715E-07  5.605E-08
                1.634E-10  1.392E-07  2.447E-10  1.123E-06  1.507E-07  5.044E-07
                1.596E-07  2.097E-08  2.971E-08  3.634E-08  1.425E-07  1.885E-08
                2.788E-06  1.570E-07  5.953E-08  1.653E-08  2.094E-08  1.276E-06
                4.052E-07  3.911E-07  7.454E-08  6.734E-07  1.921E-07  2.455E-06
                5.896E-08  7.042E-10  1.997E-09  2.452E-11  1.299E-07  4.211E-08
                2.996E-08  7.146E-11  2.597E-07  1.802E-08  2.256E-08  6.300E-07
                3.929E-07  8.251E-07  8.291E-07  6.168E-08  1.077E-07  1.871E-08
                4.050E-07  4.137E-07  2.288E-09  1.413E-08  5.597E-08  1.570E-07
                2.990E-06  6.824E-09  1.917E-11  6.020E-11  1.920E-11  2.934E-11
                1.397E-12  7.714E-08  4.391E-07  6.538E-09  5.528E-07  4.854E-07
                3.938E-08  4.252E-08  1.452E-06  5.089E-07  4.957E-08  6.877E-08
                2.003E-08  9.696E-10  3.323E-08  1.250E-07  9.741E-08  4.676E-09
                6.140E-08  1.723E-08  1.577E-09  1.078E-06  7.143E-09  4.810E-06
                2.183E-08  2.253E-08  4.670E-08  2.341E-07  5.109E-08  8.560E-08
                8.578E-08  1.130E-08  1.559E-06  7.421E-08  2.046E-07  1.909E-09
                7.426E-07  5.504E-06  5.086E-08  9.546E-08  6.407E-07  2.525E-07
                4.579E-07  4.613E-09  2.213E-08  3.849E-08  3.343E-11  1.437E-07
                8.642E-08  1.142E-09  3.986E-09  5.419E-08  6.815E-07  8.274E-07
                9.601E-09  4.648E-09  2.014E-08  1.400E-07  1.625E-09  1.416E-07
                3.080E-07  4.979E-10  1.143E-06  2.299E-07  2.888E-08  9.112E-08
                8.790E-07  1.676E-08  8.229E-08  1.567E-08  8.158E-08  1.389E-07
                9.525E-08  2.542E-06  3.451E-08  5.307E-07  1.561E-09  7.491E-08
                5.107E-08  7.748E-09  3.376E-07  5.699E-08  3.095E-07  3.996E-10
                3.909E-09  8.955E-07  9.101E-07  1.363E-08  8.616E-08  7.759E-08
                6.976E-09  3.630E-08  1.340E-07  5.620E-08  4.356E-08  5.563E-09
                1.173E-06  8.805E-08  6.996E-08  4.839E-08  1.231E-07  6.590E-08
                2.320E-06  1.252E-06  5.674E-08  1.041E-07  2.333E-07  3.077E-07
                2.568E-07  1.429E-08  1.788E-08  6.660E-11  1.593E-09  1.122E-08
                1.786E-07  3.190E-07  3.600E-07  8.448E-07  8.083E-08  1.268E-08
                1.534E-09  3.157E-08  5.933E-08  2.901E-08  1.207E-06
