          16           7
         215          13           1           1
           0          -4           0          -4           0          -6           0          -2           0          -4           0           6           0           4           0           2           0           4           0           6           0           2           0           4           0           2           0          -4           0          -2           0           2           0           4           0           6           0           2           0           4           0           6           0           4           0          -2           0          -2           0          -4           0          -6           0          -8           0          -2           0          -4           0          -6           0          -4           0           2           0          -4           0          -6           0          -2           0          -4           0          -6           0          -6           0          -8           0          -4           0          -6           0          -2           0          -4           0           4           0           6           0           8           0          10           0           4           0          -4           0           2           0           6           0           4           0           8           0           2           0          -4           0          -2           0           6           0           6           0           4           0           2           0           8           0           4           0           6           0           8           0           4           0           6           0           8           0          10           0           4           0           6           0           8           0           6           0           4           0           2           0           6           0           2           0           4           0           2           0          -4           0          -2           0          -6           0          -8           0           6           0           4           0          -4           0          -6           0          -2           0          -4           0          -6           0          -8           0         -10           0          -2           0          -4           0          -6           0          -4           0          -2           0          -6           0          -8           0          -2           0          -4           0           2           0           4           0           6           0           8           0           4           0           4           0           6           0           8           0           2           0          10           0           8           0           6           0           4           0           2           0           6           0           6           0           4           0           4           0           2           0           4           0           6           0           8           0          -4           0           2           0           4           0          -6           0          -4           0           2           0           4           0           6           0           4           0           6           0          -2           0          -4           0          -6           0          -8           0         -10           0          -6           0          -8           0         -10           0         -12           0           2           0          -2           0          -4           0          -6           0          -8           0          -2           0          -8           0         -10           0          -4           0          -2           0          -6           0          -4           0          -2           0          -4           0          -2           0          -4           0          -6           0          -4           0          -8           0          -6           0           2           0           4           0           2           0           4           0           6           0         -10           0          -8           0          -6           0          -4           0           6           0          -2           0          -4           0           8           0          -6           0          -2           0          -4           0          -6           0          -8           0           4           0           6           0          -4           0          -6           0          -6           0          -8           0          -2           0           2           0          -4           0           4           0           6           0           4           0           4           0           2           0           2           0          -4           0          -6           0          -8           0          -2           0          -4           0          -6           0          -8           0         -10           0          -8           0          -6           0          -4           0          -2           0          -2           0          -4           0          -6           0          -6           0          -8           0          -4           0          -2           0          -6           0          -4
    0.000000E+00    9.645106E-03    9.843162E-03    1.435602E-02    1.458263E-02
    4.247197E-02    4.320385E-02    4.360158E-02    5.944295E-02    5.948713E-02
    6.922989E-02    7.316769E-02    7.411300E-02    1.134727E-01    1.147319E-01
    2.354040E-01    2.358931E-01    2.366026E-01    2.382857E-01    2.391328E-01
    2.438023E-01    2.438287E-01    2.461520E-01    2.471700E-01    2.474363E-01
    2.479076E-01    2.485433E-01    2.486026E-01    2.487216E-01    2.491410E-01
    2.502551E-01    2.507374E-01    2.510783E-01    2.511300E-01    2.524691E-01
    2.524772E-01    2.554279E-01    2.561102E-01    2.563381E-01    2.591442E-01
    2.591854E-01    2.609226E-01    2.615363E-01    2.619649E-01    2.622131E-01
    2.625883E-01    2.631076E-01    2.632646E-01    2.633261E-01    2.634365E-01
    2.637297E-01    2.638533E-01    2.640096E-01    2.643758E-01    2.644930E-01
    2.645338E-01    2.648466E-01    2.652759E-01    2.655531E-01    2.656939E-01
    2.657640E-01    2.676748E-01    2.677713E-01    2.679166E-01    2.688115E-01
    2.690337E-01    2.711118E-01    2.712141E-01    2.720014E-01    2.721113E-01
    2.724223E-01    2.724984E-01    2.725578E-01    2.726085E-01    2.727219E-01
    2.737570E-01    2.740430E-01    2.746587E-01    2.763855E-01    2.763956E-01
    2.763957E-01    2.764682E-01    2.789238E-01    2.791446E-01    2.808157E-01
    2.808428E-01    2.816082E-01    2.816156E-01    2.816277E-01    2.816445E-01
    2.816660E-01    2.832213E-01    2.832636E-01    2.833497E-01    2.872720E-01
    2.872722E-01    2.872783E-01    2.873017E-01    2.873787E-01    2.874354E-01
    2.875828E-01    2.876419E-01    2.877951E-01    2.879672E-01    2.884374E-01
    2.885530E-01    2.886000E-01    2.886971E-01    2.887362E-01    2.888178E-01
    2.901974E-01    2.902310E-01    2.934227E-01    2.936053E-01    2.936679E-01
    2.948139E-01    2.948751E-01    2.949134E-01    2.954910E-01    2.955387E-01
    2.955818E-01    2.956302E-01    2.974080E-01    2.974265E-01    2.978254E-01
    2.979930E-01    2.980044E-01    2.981863E-01    2.981951E-01    2.982014E-01
    2.986863E-01    2.989406E-01    2.997979E-01    3.013547E-01    3.014398E-01
    3.015665E-01    3.017420E-01    3.025165E-01    3.025355E-01    3.025686E-01
    3.026262E-01    3.032771E-01    3.036433E-01    3.036673E-01    3.036996E-01
    3.037196E-01    3.041292E-01    3.046134E-01    3.046301E-01    3.048276E-01
    3.048611E-01    3.049614E-01    3.051740E-01    3.052844E-01    3.060373E-01
    3.062721E-01    3.065126E-01    3.067251E-01    3.072820E-01    3.083217E-01
    3.083847E-01    3.085481E-01    3.086063E-01    3.093086E-01    3.093690E-01
    3.093750E-01    3.093804E-01    3.094500E-01    3.095030E-01    3.095365E-01
    3.096086E-01    3.096683E-01    3.098305E-01    3.098337E-01    3.100372E-01
    3.110986E-01    3.111053E-01    3.111248E-01    3.111449E-01    3.124031E-01
    3.124222E-01    3.126400E-01    3.132139E-01    3.132929E-01    3.134326E-01
    3.163175E-01    3.165548E-01    3.167011E-01    3.167161E-01    3.173537E-01
    3.174815E-01    3.194473E-01    3.198310E-01    3.206567E-01    3.235572E-01
    3.235827E-01    3.236877E-01    3.236885E-01    3.238034E-01    3.239013E-01
    3.239634E-01    3.240075E-01    3.245628E-01    3.245933E-01    3.263728E-01
    3.264517E-01    3.271738E-01    3.284075E-01    3.287843E-01    3.314323E-01
    3.314556E-01    3.324856E-01    3.325179E-01    3.327131E-01    3.333147E-01
           0           0           0           1
  -27.915863041215566               13
3.71012630E+01  1.568E-01  1.668E-01  1.391E-04  1.018E-01  6.690E-02  2.046E-04
                1.653E-04  1.137E-01  4.731E-04  2.482E-04  2.775E-03  2.841E-04
                4.191E-02
5.07092630E+01  5.926E-02  6.961E-02  3.302E-05  4.137E-02  2.821E-02  1.534E-04
                2.168E-04  5.808E-02  1.548E-04  3.228E-04  2.565E-03  1.246E-04
                2.670E-02  7.892E-04  1.106E-03  4.251E-05  8.357E-05  3.735E-04
                1.455E-04  3.152E-04  3.389E-05  5.738E-05  2.917E-05  1.124E-04
                9.129E-05  1.193E-04  1.619E-04  8.861E-06  4.350E-05  1.296E-04
                4.590E-05  8.116E-05  9.728E-04  5.308E-05  5.673E-05  2.612E-05
                4.409E-05  1.704E-04  1.438E-04  1.705E-04  1.388E-05  1.747E-04
                7.983E-05  2.438E-04  3.735E-04  2.693E-04  5.142E-05  4.010E-05
                9.172E-04  3.226E-04  2.848E-04  4.190E-04  7.603E-04  8.792E-05
                7.596E-05  1.227E-04  6.256E-04  2.805E-04  2.935E-04  1.696E-04
                1.959E-04  1.241E-05  1.486E-05  1.602E-05  3.210E-04  3.123E-04
                1.103E-04  7.163E-05  5.555E-05  3.275E-05  1.317E-04  1.406E-05
                6.407E-05  2.611E-05  1.326E-04  1.952E-04  6.745E-05  1.503E-05
                2.032E-05  7.679E-05  2.685E-05  1.832E-05  6.007E-05  2.353E-04
                4.857E-04  3.988E-05
6.43172630E+01  3.282E-02  3.454E-02  2.339E-05  2.122E-02  1.382E-02  4.751E-05
                3.314E-05  4.368E-02  9.801E-05  5.672E-05  1.194E-03  6.936E-05
                1.849E-02  4.019E-04  5.940E-04  1.372E-06  4.090E-06  2.475E-05
                6.793E-06  1.683E-05  1.117E-08  1.142E-05  7.637E-06  4.689E-07
                1.567E-06  1.628E-06  9.168E-06  4.806E-06  1.523E-05  2.365E-05
                2.461E-05  2.798E-06  9.000E-05  1.481E-05  1.429E-05  3.788E-06
                1.101E-08  1.215E-05  4.521E-08  7.159E-05  3.389E-06  3.124E-05
                1.352E-05  4.354E-06  4.150E-06  1.957E-07  5.929E-07  1.177E-06
                9.956E-05  8.845E-07  3.102E-06  7.509E-07  5.857E-07  7.699E-06
                2.455E-05  2.478E-05  6.653E-06  4.697E-05  2.539E-05  2.014E-05
                3.724E-07  1.360E-08  3.925E-08  2.766E-10  1.944E-05  5.929E-07
                8.920E-08  1.040E-08  9.140E-06  1.931E-06  6.056E-08  8.320E-06
                4.617E-06  1.127E-05  3.605E-05  6.819E-06  5.050E-06  2.982E-06
                1.154E-05  1.167E-05  1.570E-07  3.554E-07  1.596E-06  1.266E-05
                8.399E-05  3.535E-07  2.177E-08  9.506E-08  6.436E-08  5.576E-09
                3.940E-11  2.052E-06  1.187E-05  4.573E-07  5.277E-06  4.306E-06
                1.051E-06  9.843E-07  3.875E-05  1.391E-05  5.053E-07  5.397E-07
                1.619E-07  1.607E-07  1.253E-06  2.890E-06  2.041E-06  1.273E-07
                1.439E-06  1.241E-07  5.095E-08  1.807E-05  1.247E-07  9.594E-05
                3.114E-07  4.884E-07  1.318E-06  1.087E-06  5.073E-07  1.758E-06
                1.323E-06  7.320E-08  4.694E-05  1.864E-06  3.254E-06  7.562E-08
                1.803E-05  9.184E-05  1.288E-06  1.952E-06  1.101E-05  4.767E-06
                1.220E-05  3.129E-06  2.671E-06  1.682E-06  7.461E-08  7.568E-06
                4.296E-06  5.238E-09  1.141E-08  1.216E-06  1.041E-05  1.318E-05
                2.919E-06  1.445E-07  1.076E-06  1.533E-05  2.491E-08  3.221E-06
                7.092E-06  2.360E-06  2.466E-05  5.547E-06  2.192E-06  1.358E-06
                1.583E-05  1.103E-06  4.817E-06  6.961E-07  6.970E-06  1.835E-06
                2.074E-06  4.464E-05  6.210E-07  1.625E-05  1.832E-08  3.121E-06
                3.485E-06  1.622E-06  2.848E-06  1.148E-06  6.235E-06  5.433E-08
                1.480E-06  1.446E-05  1.563E-05  1.024E-06  4.106E-06  1.307E-06
                3.450E-07  3.562E-06  6.881E-06  3.488E-06  2.283E-06  4.817E-07
                1.726E-05  4.207E-06  6.515E-07  3.525E-07  1.687E-06  1.384E-06
                2.879E-05  1.511E-05  3.160E-06  9.292E-06  2.037E-05  1.003E-05
                1.137E-05  2.728E-06  2.768E-06  1.238E-08  6.301E-07  4.807E-07
                1.707E-06  2.147E-06  3.743E-06  1.174E-05  4.035E-06  5.047E-07
                1.722E-07  6.545E-07  4.432E-07  9.406E-07  1.085E-05
7.79252630E+01  1.846E-02  1.937E-02  1.159E-05  1.192E-02  7.743E-03  2.531E-05
                1.835E-05  3.026E-02  5.179E-05  3.066E-05  8.448E-04  3.848E-05
                1.318E-02  2.380E-04  3.516E-04  8.626E-07  2.786E-06  1.353E-05
                4.728E-06  9.595E-06  1.192E-08  8.280E-06  3.460E-06  2.169E-07
                6.548E-07  9.156E-07  5.658E-06  2.551E-06  8.929E-06  1.382E-05
                1.247E-05  1.942E-06  4.016E-05  8.450E-06  7.495E-06  2.410E-06
                6.576E-09  6.247E-06  2.230E-09  3.547E-05  1.623E-06  1.547E-05
                6.361E-06  1.811E-06  1.807E-06  1.220E-07  3.358E-07  5.348E-07
                5.748E-05  5.748E-07  2.032E-06  3.455E-07  3.234E-07  4.773E-06
                1.265E-05  1.236E-05  3.306E-06  2.493E-05  9.757E-06  1.092E-05
                2.325E-07  8.447E-09  3.182E-08  3.866E-11  7.157E-06  4.105E-07
                2.090E-07  5.739E-10  6.019E-06  7.565E-07  4.522E-08  6.361E-06
                3.733E-06  8.762E-06  2.188E-05  2.544E-06  2.752E-06  1.100E-06
                7.677E-06  7.857E-06  2.186E-08  1.238E-07  1.082E-06  5.814E-06
                5.358E-05  1.025E-07  1.712E-10  5.437E-10  3.218E-10  1.307E-10
                1.132E-11  1.411E-06  8.057E-06  2.651E-07  3.773E-06  2.932E-06
                6.339E-07  2.662E-07  2.518E-05  8.999E-06  5.785E-07  7.594E-07
                2.220E-07  1.606E-08  4.553E-07  1.442E-06  9.249E-07  5.190E-08
                3.504E-07  1.998E-07  2.977E-08  1.529E-05  1.060E-07  5.727E-05
                3.073E-07  3.410E-07  8.123E-07  2.000E-06  5.032E-07  1.204E-06
                1.118E-06  8.582E-08  2.980E-05  5.481E-07  2.037E-06  4.328E-08
                1.279E-05  5.819E-05  6.428E-07  1.280E-06  8.173E-06  3.417E-06
                8.317E-06  5.571E-07  8.394E-07  9.126E-07  9.064E-10  4.096E-06
                2.410E-06  5.664E-09  1.945E-08  8.371E-07  6.873E-06  8.493E-06
                1.010E-06  9.837E-08  4.599E-07  5.019E-06  7.940E-09  2.352E-06
                5.171E-06  2.793E-08  1.216E-05  2.708E-06  1.098E-06  9.336E-07
                9.129E-06  5.530E-07  2.231E-06  2.546E-07  2.669E-06  1.287E-06
                1.265E-06  2.597E-05  5.164E-07  9.076E-06  6.833E-09  1.590E-06
                1.592E-06  6.253E-07  3.674E-06  5.901E-07  3.370E-06  3.745E-09
                6.018E-07  9.475E-06  9.861E-06  4.460E-07  1.869E-06  5.773E-07
                1.297E-07  1.501E-06  3.131E-06  1.930E-06  9.358E-07  1.150E-07
                1.073E-05  1.777E-06  9.180E-07  4.934E-07  1.099E-06  8.111E-07
                2.023E-05  1.039E-05  1.412E-06  4.374E-06  8.284E-06  5.326E-06
                5.882E-06  1.059E-06  4.315E-07  4.205E-10  3.647E-07  3.460E-07
                1.375E-06  2.207E-06  2.983E-06  7.976E-06  1.921E-06  2.698E-07
                2.986E-08  3.971E-07  4.029E-07  4.207E-07  9.553E-06
9.15332630E+01  1.124E-02  1.180E-02  6.535E-06  7.255E-03  4.716E-03  1.582E-05
                1.111E-05  2.175E-02  3.075E-05  1.841E-05  6.149E-04  2.296E-05
                9.635E-03  1.481E-04  2.193E-04  6.408E-07  1.792E-06  7.461E-06
                3.212E-06  5.396E-06  8.184E-09  5.538E-06  2.088E-06  9.591E-08
                3.073E-07  6.352E-07  4.115E-06  1.578E-06  5.562E-06  8.597E-06
                7.118E-06  1.294E-06  2.124E-05  5.336E-06  4.394E-06  1.563E-06
                4.139E-09  3.433E-06  1.457E-09  1.976E-05  1.061E-06  8.631E-06
                3.402E-06  8.892E-07  9.243E-07  8.881E-08  2.340E-07  2.838E-07
                3.559E-05  4.801E-07  1.289E-06  2.057E-07  1.707E-07  3.938E-06
                7.273E-06  6.858E-06  1.818E-06  1.414E-05  4.810E-06  8.344E-06
                1.751E-07  5.902E-09  2.157E-08  1.431E-11  3.434E-06  2.727E-07
                2.148E-07  4.521E-10  3.675E-06  4.123E-07  3.535E-08  4.666E-06
                2.875E-06  6.495E-06  1.317E-05  1.223E-06  1.671E-06  5.292E-07
                5.397E-06  5.561E-06  1.142E-08  6.901E-08  7.043E-07  3.126E-06
                3.492E-05  7.262E-08  1.252E-10  3.939E-10  2.309E-10  1.141E-10
                1.102E-11  1.029E-06  5.804E-06  1.653E-07  2.968E-06  2.365E-06
                4.247E-07  1.284E-07  1.650E-05  5.892E-06  4.324E-07  5.798E-07
                1.664E-07  9.946E-09  3.028E-07  1.034E-06  6.747E-07  3.983E-08
                1.506E-07  1.512E-07  1.973E-08  1.089E-05  7.098E-08  3.778E-05
                2.067E-07  2.366E-07  5.096E-07  1.602E-06  3.959E-07  9.086E-07
                8.564E-07  6.918E-08  1.967E-05  3.073E-07  1.544E-06  2.560E-08
                8.422E-06  3.922E-05  4.505E-07  9.171E-07  5.972E-06  2.488E-06
                5.720E-06  2.682E-07  4.373E-07  5.084E-07  5.477E-10  2.131E-06
                1.259E-06  5.889E-09  2.116E-08  5.360E-07  4.784E-06  5.869E-06
                5.015E-07  5.620E-08  2.634E-07  2.090E-06  7.996E-09  1.559E-06
                3.419E-06  1.244E-08  8.338E-06  1.820E-06  5.959E-07  6.107E-07
                6.469E-06  3.177E-07  1.226E-06  1.394E-07  1.586E-06  1.034E-06
                9.006E-07  1.639E-05  3.616E-07  6.345E-06  8.427E-09  9.203E-07
                8.670E-07  3.092E-07  2.587E-06  4.030E-07  2.288E-06  1.531E-09
                2.803E-07  6.546E-06  6.773E-06  2.594E-07  1.096E-06  4.440E-07
                7.043E-08  8.552E-07  1.596E-06  1.111E-06  4.733E-07  6.853E-08
                7.545E-06  1.110E-06  6.479E-07  3.315E-07  7.085E-07  5.719E-07
                1.468E-05  7.686E-06  7.744E-07  2.232E-06  3.853E-06  3.241E-06
                3.485E-06  5.349E-07  1.327E-07  4.628E-10  1.484E-07  2.055E-07
                1.060E-06  1.708E-06  2.275E-06  5.595E-06  1.093E-06  1.456E-07
                1.194E-08  2.698E-07  3.150E-07  2.655E-07  7.100E-06
1.05141263E+02  7.191E-03  7.541E-03  4.798E-06  4.652E-03  3.011E-03  9.776E-06
                7.076E-06  1.622E-02  1.848E-05  1.116E-05  4.665E-04  1.433E-05
                7.343E-03  9.860E-05  1.462E-04  5.415E-07  1.176E-06  4.488E-06
                2.195E-06  3.264E-06  6.437E-09  3.627E-06  1.389E-06  3.828E-08
                1.473E-07  5.511E-07  3.686E-06  1.018E-06  3.490E-06  5.450E-06
                4.282E-06  8.467E-07  1.211E-05  3.717E-06  2.728E-06  1.008E-06
                2.644E-09  1.996E-06  1.276E-09  1.148E-05  7.944E-07  5.133E-06
                1.908E-06  4.727E-07  5.143E-07  7.490E-08  1.979E-07  1.595E-07
                2.302E-05  4.023E-07  8.249E-07  1.296E-07  8.485E-08  3.284E-06
                4.385E-06  4.026E-06  1.096E-06  8.698E-06  2.680E-06  6.720E-06
                1.328E-07  4.300E-09  1.538E-08  1.271E-11  1.858E-06  1.899E-07
                1.855E-07  3.567E-10  2.432E-06  2.442E-07  2.705E-08  3.592E-06
                2.216E-06  4.712E-06  8.508E-06  6.715E-07  1.059E-06  2.858E-07
                3.698E-06  3.820E-06  8.292E-09  5.046E-08  4.780E-07  1.858E-06
                2.332E-05  4.895E-08  9.121E-11  2.875E-10  1.645E-10  9.429E-11
                8.928E-12  7.128E-07  4.002E-06  1.056E-07  2.326E-06  1.898E-06
                2.905E-07  8.898E-08  1.110E-05  3.935E-06  3.218E-07  4.373E-07
                1.262E-07  6.117E-09  2.209E-07  7.629E-07  5.112E-07  2.767E-08
                1.104E-07  1.045E-07  1.062E-08  7.903E-06  4.998E-08  2.624E-05
                1.389E-07  1.690E-07  3.437E-07  1.256E-06  3.045E-07  6.715E-07
                6.401E-07  5.721E-08  1.310E-05  2.173E-07  1.182E-06  1.680E-08
                5.731E-06  2.778E-05  3.308E-07  6.821E-07  4.357E-06  1.804E-06
                3.873E-06  1.433E-07  2.623E-07  3.292E-07  3.297E-10  1.299E-06
                7.717E-07  5.662E-09  2.062E-08  3.668E-07  3.460E-06  4.225E-06
                2.709E-07  3.300E-08  1.612E-07  1.135E-06  7.612E-09  1.065E-06
                2.344E-06  7.566E-09  5.971E-06  1.282E-06  3.482E-07  4.234E-07
                4.662E-06  1.938E-07  7.346E-07  9.535E-08  1.001E-06  7.859E-07
                6.575E-07  1.145E-05  2.560E-07  4.449E-06  7.771E-09  6.098E-07
                5.405E-07  1.709E-07  1.861E-06  2.888E-07  1.630E-06  1.198E-09
                1.480E-07  4.698E-06  4.837E-06  1.639E-07  7.313E-07  3.606E-07
                4.448E-08  5.159E-07  1.002E-06  6.836E-07  3.043E-07  4.308E-08
                5.541E-06  7.280E-07  4.679E-07  2.343E-07  5.020E-07  4.188E-07
                1.095E-05  5.802E-06  4.784E-07  1.280E-06  2.149E-06  2.143E-06
                2.224E-06  3.009E-07  5.869E-08  4.229E-10  6.883E-08  1.293E-07
                8.028E-07  1.317E-06  1.713E-06  4.109E-06  7.046E-07  9.100E-08
                7.092E-09  1.893E-07  2.437E-07  1.884E-07  5.369E-06
1.18749263E+02  4.900E-03  5.154E-03  2.575E-06  3.174E-03  2.061E-03  6.813E-06
                4.664E-06  1.246E-02  1.219E-05  7.415E-06  3.595E-04  9.397E-06
                5.666E-03  6.868E-05  1.019E-04  5.029E-07  7.605E-07  2.630E-06
                1.550E-06  1.880E-06  5.596E-09  2.390E-06  9.696E-07  1.844E-08
                9.074E-08  4.432E-07  2.992E-06  6.703E-07  2.194E-06  3.495E-06
                2.764E-06  5.579E-07  7.877E-06  2.586E-06  1.820E-06  6.458E-07
                1.680E-09  1.218E-06  9.118E-10  7.504E-06  5.912E-07  3.392E-06
                1.219E-06  2.713E-07  3.047E-07  7.260E-08  2.183E-07  1.013E-07
                1.599E-05  3.505E-07  5.206E-07  9.109E-08  4.800E-08  2.861E-06
                2.889E-06  2.645E-06  6.906E-07  5.422E-06  1.644E-06  5.768E-06
                1.164E-07  3.122E-09  9.927E-09  1.588E-11  1.141E-06  1.405E-07
                1.492E-07  3.067E-10  1.620E-06  1.559E-07  2.647E-08  2.465E-06
                1.654E-06  3.633E-06  5.626E-06  4.218E-07  7.026E-07  1.747E-07
                2.539E-06  2.612E-06  6.274E-09  3.790E-08  3.297E-07  1.184E-06
                1.672E-05  3.346E-08  6.874E-11  2.138E-10  1.112E-10  8.385E-11
                7.068E-12  4.938E-07  2.786E-06  6.492E-08  1.855E-06  1.539E-06
                1.980E-07  8.103E-08  8.006E-06  2.851E-06  2.417E-07  3.297E-07
                9.202E-08  4.141E-09  1.532E-07  5.554E-07  3.825E-07  1.985E-08
                9.624E-08  7.380E-08  7.695E-09  5.278E-06  3.617E-08  1.982E-05
                9.969E-08  1.182E-07  2.364E-07  9.848E-07  2.366E-07  4.799E-07
                4.561E-07  4.427E-08  9.359E-06  1.735E-07  8.526E-07  1.142E-08
                4.026E-06  2.129E-05  2.444E-07  5.077E-07  2.995E-06  1.237E-06
                2.765E-06  8.012E-08  1.610E-07  2.137E-07  2.016E-10  8.078E-07
                4.822E-07  5.295E-09  1.942E-08  2.574E-07  2.633E-06  3.203E-06
                1.555E-07  2.440E-08  1.105E-07  6.117E-07  7.289E-09  7.485E-07
                1.640E-06  3.797E-09  4.520E-06  9.592E-07  2.232E-07  3.172E-07
                3.565E-06  1.222E-07  4.851E-07  6.721E-08  6.220E-07  6.152E-07
                4.686E-07  8.722E-06  1.737E-07  2.998E-06  6.573E-09  4.028E-07
                3.400E-07  9.982E-08  1.295E-06  2.199E-07  1.236E-06  9.818E-10
                8.350E-08  3.562E-06  3.654E-06  1.027E-07  4.760E-07  2.943E-07
                2.817E-08  3.196E-07  6.249E-07  4.266E-07  1.966E-07  2.923E-08
                4.266E-06  4.895E-07  3.372E-07  1.616E-07  3.516E-07  3.152E-07
                8.481E-06  4.532E-06  3.171E-07  7.380E-07  1.218E-06  1.522E-06
                1.516E-06  1.762E-07  3.815E-08  3.600E-10  2.733E-08  8.496E-08
                6.318E-07  1.052E-06  1.346E-06  3.158E-06  4.779E-07  5.856E-08
                6.039E-09  1.371E-07  1.961E-07  1.382E-07  4.226E-06
1.32357263E+02  3.368E-03  3.537E-03  2.634E-06  2.191E-03  1.414E-03  4.476E-06
                3.187E-06  9.724E-03  7.811E-06  4.775E-06  2.855E-04  6.307E-06
                4.517E-03  4.863E-05  7.241E-05  4.812E-07  5.170E-07  1.669E-06
                1.144E-06  1.187E-06  3.698E-09  1.614E-06  7.604E-07  1.073E-08
                6.367E-08  3.637E-07  2.477E-06  4.761E-07  1.452E-06  2.293E-06
                1.853E-06  3.773E-07  5.275E-06  1.875E-06  1.241E-06  4.240E-07
                1.101E-09  7.751E-07  7.630E-10  4.872E-06  4.664E-07  2.241E-06
                7.682E-07  1.599E-07  1.869E-07  6.069E-08  1.869E-07  6.764E-08
                1.113E-05  2.928E-07  3.472E-07  6.550E-08  2.666E-08  2.381E-06
                1.901E-06  1.729E-06  4.437E-07  3.623E-06  1.046E-06  4.720E-06
                9.387E-08  2.409E-09  7.747E-09  2.053E-11  7.111E-07  1.082E-07
                1.122E-07  2.050E-10  1.147E-06  9.987E-08  2.876E-08  2.050E-06
                1.290E-06  2.647E-06  3.891E-06  2.700E-07  4.924E-07  1.081E-07
                1.835E-06  1.889E-06  5.446E-09  3.291E-08  2.359E-07  7.885E-07
                1.178E-05  2.543E-08  5.274E-11  1.647E-10  8.085E-11  7.127E-11
                5.481E-12  3.567E-07  2.009E-06  4.324E-08  1.482E-06  1.249E-06
                1.424E-07  7.252E-08  5.646E-06  2.003E-06  1.833E-07  2.504E-07
                7.125E-08  3.123E-09  1.164E-07  4.310E-07  3.015E-07  1.558E-08
                8.226E-08  5.826E-08  5.716E-09  4.190E-06  2.679E-08  1.442E-05
                7.348E-08  9.022E-08  1.657E-07  7.570E-07  1.808E-07  3.604E-07
                3.421E-07  3.518E-08  6.545E-06  1.387E-07  6.904E-07  8.224E-09
                2.862E-06  1.571E-05  1.848E-07  3.769E-07  2.374E-06  9.688E-07
                1.963E-06  4.693E-08  1.117E-07  1.599E-07  1.661E-10  5.936E-07
                3.554E-07  3.975E-09  1.438E-08  1.848E-07  2.023E-06  2.456E-06
                9.015E-08  1.531E-08  7.446E-08  4.749E-07  5.282E-09  5.347E-07
                1.174E-06  3.153E-09  3.467E-06  7.260E-07  1.440E-07  2.395E-07
                2.692E-06  8.164E-08  3.238E-07  5.347E-08  4.269E-07  4.584E-07
                3.580E-07  6.538E-06  1.361E-07  2.299E-06  5.386E-09  3.058E-07
                2.438E-07  6.085E-08  1.064E-06  1.690E-07  9.411E-07  9.571E-10
                4.804E-08  2.719E-06  2.783E-06  7.260E-08  3.628E-07  2.304E-07
                2.142E-08  2.079E-07  4.908E-07  2.882E-07  1.575E-07  2.040E-08
                3.226E-06  3.467E-07  2.542E-07  1.367E-07  3.080E-07  2.387E-07
                6.450E-06  3.465E-06  2.208E-07  5.156E-07  9.217E-07  1.101E-06
                1.062E-06  1.097E-07  3.313E-08  2.755E-10  1.452E-08  5.539E-08
                4.931E-07  8.348E-07  1.036E-06  2.435E-06  3.492E-07  4.356E-08
                4.097E-09  1.027E-07  1.547E-07  1.082E-07  3.307E-06
1.45965263E+02  2.497E-03  2.632E-03  1.357E-06  1.624E-03  1.054E-03  3.611E-06
                2.265E-06  7.744E-03  5.735E-06  3.486E-06  2.263E-04  4.393E-06
                3.579E-03  3.580E-05  5.333E-05  4.691E-07  3.502E-07  1.112E-06
                8.642E-07  7.420E-07  3.542E-09  1.090E-06  5.472E-07  1.088E-08
                5.600E-08  3.087E-07  2.106E-06  3.188E-07  9.184E-07  1.505E-06
                1.298E-06  2.561E-07  3.896E-06  1.397E-06  8.853E-07  2.710E-07
                7.113E-10  5.002E-07  5.897E-10  3.620E-06  3.693E-07  1.659E-06
                5.619E-07  1.039E-07  1.240E-07  5.997E-08  2.007E-07  5.092E-08
                8.365E-06  2.552E-07  2.261E-07  5.010E-08  2.292E-08  2.078E-06
                1.381E-06  1.283E-06  3.038E-07  2.410E-06  7.288E-07  4.102E-06
                8.578E-08  1.801E-09  4.899E-09  2.405E-11  5.046E-07  8.695E-08
                8.795E-08  1.896E-10  8.090E-07  7.128E-08  2.386E-08  1.354E-06
                9.615E-07  2.151E-06  2.750E-06  1.954E-07  3.462E-07  7.603E-08
                1.229E-06  1.254E-06  4.195E-09  2.540E-08  1.715E-07  5.487E-07
                8.964E-06  1.796E-08  4.220E-11  1.301E-10  5.627E-11  6.062E-11
                4.125E-12  2.388E-07  1.361E-06  2.723E-08  1.206E-06  1.027E-06
                1.034E-07  7.139E-08  4.331E-06  1.540E-06  1.370E-07  1.883E-07
                5.098E-08  2.053E-09  8.295E-08  3.118E-07  2.273E-07  1.046E-08
                7.724E-08  3.850E-08  4.023E-09  2.630E-06  1.954E-08  1.186E-05
                5.614E-08  6.006E-08  1.226E-07  5.955E-07  1.390E-07  2.475E-07
                2.372E-07  2.741E-08  4.838E-06  1.240E-07  4.690E-07  6.070E-09
                2.147E-06  1.307E-05  1.352E-07  2.729E-07  1.538E-06  6.243E-07
                1.401E-06  2.771E-08  7.313E-08  1.092E-07  9.295E-11  4.008E-07
                2.406E-07  3.491E-09  1.265E-08  1.387E-07  1.606E-06  1.946E-06
                5.487E-08  1.301E-08  5.674E-08  3.084E-07  4.684E-09  4.018E-07
                8.755E-07  1.668E-09  2.741E-06  5.704E-07  1.013E-07  1.906E-07
                2.139E-06  5.520E-08  2.372E-07  3.971E-08  2.782E-07  3.671E-07
                2.561E-07  5.511E-06  8.691E-08  1.467E-06  4.097E-09  2.098E-07
                1.608E-07  3.788E-08  7.048E-07  1.351E-07  7.490E-07  8.021E-10
                2.856E-08  2.156E-06  2.201E-06  4.721E-08  2.448E-07  1.895E-07
                1.438E-08  1.360E-07  3.349E-07  1.889E-07  1.096E-07  1.467E-08
                2.655E-06  2.462E-07  1.833E-07  9.053E-08  2.101E-07  1.751E-07
                5.291E-06  2.849E-06  1.603E-07  3.175E-07  5.760E-07  8.348E-07
                7.748E-07  6.838E-08  3.517E-08  2.431E-10  5.367E-09  4.018E-08
                3.957E-07  6.775E-07  8.292E-07  1.926E-06  2.448E-07  3.265E-08
                4.753E-09  7.776E-08  1.264E-07  7.958E-08  2.657E-06
1.59573263E+02  1.781E-03  1.877E-03  1.389E-06  1.167E-03  7.540E-04  2.103E-06
                1.538E-06  6.385E-03  3.500E-06  2.174E-06  1.906E-04  3.094E-06
                3.027E-03  2.753E-05  4.105E-05  4.560E-07  2.448E-07  7.866E-07
                6.738E-07  5.176E-07  2.284E-09  7.394E-07  4.405E-07  1.145E-08
                4.814E-08  2.587E-07  1.773E-06  2.349E-07  6.336E-07  1.001E-06
                9.113E-07  1.743E-07  2.717E-06  1.066E-06  6.195E-07  1.766E-07
                4.712E-10  3.388E-07  5.244E-10  2.460E-06  2.971E-07  1.136E-06
                3.700E-07  6.337E-08  7.971E-08  4.907E-08  1.674E-07  3.594E-08
                5.960E-06  2.162E-07  1.538E-07  3.499E-08  1.942E-08  1.758E-06
                9.379E-07  8.747E-07  1.982E-07  1.674E-06  4.848E-07  3.429E-06
                7.179E-08  1.383E-09  4.153E-09  2.644E-11  3.301E-07  6.975E-08
                6.393E-08  1.298E-10  5.835E-07  4.578E-08  2.473E-08  1.200E-06
                7.454E-07  1.581E-06  1.921E-06  1.340E-07  2.453E-07  4.916E-08
                9.055E-07  9.281E-07  3.904E-09  2.391E-08  1.226E-07  3.781E-07
                6.361E-06  1.181E-08  3.392E-11  1.058E-10  4.182E-11  4.774E-11
                3.085E-12  1.745E-07  9.889E-07  1.847E-08  9.711E-07  8.372E-07
                7.688E-08  5.374E-08  3.080E-06  1.083E-06  1.028E-07  1.411E-07
                4.012E-08  1.688E-09  6.470E-08  2.450E-07  1.805E-07  8.641E-09
                6.975E-08  3.211E-08  3.029E-09  2.227E-06  1.501E-08  8.888E-06
                4.200E-08  4.780E-08  8.757E-08  4.453E-07  1.041E-07  1.894E-07
                1.820E-07  2.162E-08  3.396E-06  1.028E-07  3.948E-07  3.848E-09
                1.564E-06  9.919E-06  1.029E-07  2.064E-07  1.289E-06  5.180E-07
                9.967E-07  1.674E-08  5.476E-08  8.711E-08  8.665E-11  3.212E-07
                1.929E-07  2.409E-09  8.594E-09  1.011E-07  1.255E-06  1.522E-06
                3.291E-08  8.681E-09  4.046E-08  2.679E-07  3.444E-09  2.949E-07
                6.455E-07  1.407E-09  2.133E-06  4.383E-07  6.798E-08  1.516E-07
                1.636E-06  3.910E-08  1.683E-07  3.053E-08  1.984E-07  2.735E-07
                1.952E-07  4.307E-06  7.103E-08  1.162E-06  3.209E-09  1.680E-07
                1.230E-07  2.401E-08  6.169E-07  1.051E-07  5.782E-07  7.291E-10
                1.663E-08  1.671E-06  1.703E-06  3.490E-08  1.958E-07  1.435E-07
                1.241E-08  9.277E-08  2.704E-07  1.357E-07  8.865E-08  1.105E-08
                2.076E-06  1.834E-07  1.384E-07  8.275E-08  1.982E-07  1.335E-07
                4.150E-06  2.239E-06  1.180E-07  2.480E-07  4.940E-07  6.227E-07
                5.604E-07  4.420E-08  2.512E-08  1.361E-10  4.509E-09  2.684E-08
                3.145E-07  5.473E-07  6.511E-07  1.527E-06  1.858E-07  2.427E-08
                2.761E-09  6.065E-08  1.016E-07  6.080E-08  2.127E-06
1.73181263E+02  1.397E-03  1.466E-03  1.222E-06  9.075E-04  5.873E-04  2.178E-06
                1.203E-06  4.999E-03  3.033E-06  1.828E-06  1.486E-04  2.222E-06
                2.358E-03  1.929E-05  2.892E-05  4.423E-07  1.778E-07  5.707E-07
                5.562E-07  3.398E-07  2.198E-09  5.370E-07  3.427E-07  1.585E-08
                5.380E-08  1.691E-07  1.156E-06  1.642E-07  4.037E-07  6.627E-07
                7.038E-07  1.276E-07  2.287E-06  7.073E-07  4.770E-07  1.139E-07
                3.124E-10  2.308E-07  2.942E-10  2.025E-06  2.183E-07  9.185E-07
                3.008E-07  4.736E-08  5.846E-08  4.628E-08  1.670E-07  3.145E-08
                4.813E-06  1.922E-07  1.092E-07  3.141E-08  2.082E-08  1.563E-06
                7.402E-07  7.103E-07  1.462E-07  1.183E-06  3.650E-07  3.032E-06
                6.873E-08  1.105E-09  2.513E-09  2.558E-11  2.497E-07  5.929E-08
                5.033E-08  1.066E-10  4.387E-07  3.624E-08  2.348E-08  7.535E-07
                5.831E-07  1.286E-06  1.475E-06  1.024E-07  1.880E-07  3.672E-08
                6.312E-07  6.365E-07  2.462E-09  1.496E-08  9.635E-08  2.808E-07
                5.209E-06  1.438E-08  2.615E-11  7.999E-11  3.029E-11  4.549E-11
                2.282E-12  1.219E-07  7.058E-07  1.198E-08  7.752E-07  6.687E-07
                6.058E-08  7.142E-08  2.516E-06  8.977E-07  7.993E-08  1.108E-07
                2.980E-08  1.234E-09  4.872E-08  1.874E-07  1.437E-07  6.052E-09
                6.869E-08  2.218E-08  2.437E-09  1.363E-06  1.066E-08  7.319E-06
                3.347E-08  3.098E-08  7.189E-08  3.700E-07  8.279E-08  1.307E-07
                1.289E-07  1.650E-08  2.713E-06  9.698E-08  2.625E-07  4.385E-09
                1.230E-06  8.250E-06  7.664E-08  1.427E-07  8.188E-07  3.256E-07
                7.640E-07  9.919E-09  3.431E-08  5.580E-08  4.402E-11  2.042E-07
                1.231E-07  2.077E-09  7.376E-09  8.364E-08  1.007E-06  1.219E-06
                2.024E-08  7.833E-09  3.047E-08  1.927E-07  2.330E-09  2.306E-07
                4.993E-07  7.979E-10  1.713E-06  3.516E-07  5.058E-08  1.203E-07
                1.332E-06  2.693E-08  1.257E-07  2.574E-08  1.358E-07  2.157E-07
                1.491E-07  3.651E-06  4.691E-08  7.673E-07  2.416E-09  1.088E-07
                7.776E-08  1.527E-08  4.079E-07  8.569E-08  4.697E-07  4.823E-10
                9.536E-09  1.348E-06  1.374E-06  2.249E-08  1.273E-07  1.206E-07
                8.233E-09  6.218E-08  2.038E-07  8.912E-08  6.676E-08  7.845E-09
                1.681E-06  1.320E-07  1.071E-07  5.536E-08  1.365E-07  9.977E-08
                3.316E-06  1.791E-06  8.912E-08  1.502E-07  3.076E-07  4.901E-07
                4.302E-07  2.826E-08  3.792E-08  2.016E-10  1.262E-09  2.128E-08
                2.525E-07  4.404E-07  5.158E-07  1.202E-06  1.279E-07  2.262E-08
                4.378E-09  4.611E-08  8.226E-08  4.746E-08  1.690E-06
1.86789263E+02  1.074E-03  1.140E-03  4.277E-07  7.063E-04  4.610E-04  1.236E-06
                8.035E-07  4.516E-03  1.812E-06  1.138E-06  1.346E-04  1.702E-06
                2.137E-03  1.745E-05  2.597E-05  4.068E-07  1.258E-07  4.868E-07
                4.321E-07  2.864E-07  1.565E-09  3.467E-07  2.420E-07  1.179E-08
                3.837E-08  2.313E-07  1.588E-06  1.136E-07  2.814E-07  4.624E-07
                4.771E-07  8.358E-08  1.486E-06  7.617E-07  3.179E-07  7.175E-08
                2.035E-10  1.565E-07  4.837E-10  1.431E-06  2.245E-07  6.335E-07
                2.067E-07  2.875E-08  3.863E-08  3.763E-08  1.367E-07  2.268E-08
                3.425E-06  1.637E-07  7.012E-08  1.862E-08  2.008E-08  1.334E-06
                5.120E-07  4.982E-07  9.620E-08  8.052E-07  2.567E-07  2.600E-06
                5.360E-08  7.899E-10  2.225E-09  2.608E-11  1.847E-07  4.654E-08
                3.621E-08  9.347E-11  3.041E-07  2.385E-08  1.699E-08  6.993E-07
                4.339E-07  1.038E-06  9.900E-07  8.024E-08  1.292E-07  2.682E-08
                4.129E-07  4.229E-07  3.138E-09  1.948E-08  6.579E-08  1.979E-07
                3.562E-06  4.209E-09  2.520E-11  7.888E-11  2.275E-11  2.785E-11
                1.677E-12  7.817E-08  4.446E-07  8.148E-09  6.660E-07  5.847E-07
                4.472E-08  3.218E-08  1.753E-06  6.064E-07  5.695E-08  7.881E-08
                2.205E-08  8.817E-10  3.610E-08  1.360E-07  1.065E-07  4.580E-09
                5.828E-08  1.674E-08  1.906E-09  1.121E-06  8.833E-09  6.122E-06
                2.794E-08  2.509E-08  5.243E-08  2.653E-07  5.949E-08  9.563E-08
                9.399E-08  1.318E-08  1.745E-06  8.071E-08  2.155E-07  1.634E-09
                9.155E-07  6.959E-06  5.769E-08  1.132E-07  6.700E-07  2.652E-07
                4.747E-07  6.377E-09  2.902E-08  4.979E-08  4.007E-11  1.863E-07
                1.117E-07  1.368E-09  4.800E-09  6.043E-08  8.134E-07  9.863E-07
                1.318E-08  6.345E-09  2.746E-08  1.511E-07  2.213E-09  1.753E-07
                3.795E-07  6.274E-10  1.361E-06  2.755E-07  3.742E-08  1.068E-07
                1.033E-06  2.131E-08  1.078E-07  1.602E-08  9.842E-08  1.752E-07
                1.050E-07  3.142E-06  3.406E-08  5.352E-07  1.825E-09  9.635E-08
                6.538E-08  1.025E-08  3.379E-07  6.803E-08  3.706E-07  5.425E-10
                5.731E-09  1.071E-06  1.085E-06  1.760E-08  1.089E-07  9.092E-08
                7.192E-09  4.587E-08  1.461E-07  6.972E-08  4.792E-08  6.646E-09
                1.462E-06  1.069E-07  7.525E-08  4.604E-08  1.173E-07  7.311E-08
                2.908E-06  1.567E-06  6.951E-08  1.274E-07  2.683E-07  3.730E-07
                3.160E-07  1.927E-08  1.687E-08  6.980E-11  2.068E-09  1.455E-08
                2.076E-07  3.707E-07  4.262E-07  9.924E-07  1.002E-07  1.437E-08
                1.952E-09  3.812E-08  6.854E-08  3.223E-08  1.418E-06
2.00397263E+02  7.539E-04  7.893E-04  3.399E-06  4.945E-04  3.179E-04  8.267E-07
                5.694E-07  3.480E-03  1.235E-06  7.874E-07  1.074E-04  1.157E-06
                1.716E-03  1.137E-05  1.711E-05  4.153E-07  9.587E-08  3.099E-07
                4.026E-07  1.700E-07  1.288E-09  2.795E-07  2.325E-07  1.901E-08
                4.915E-08  7.551E-08  5.118E-07  9.466E-08  2.023E-07  2.868E-07
                3.961E-07  6.761E-08  1.285E-06  3.210E-07  2.534E-07  4.651E-08
                1.407E-10  1.252E-07  1.293E-10  1.028E-06  1.131E-07  4.648E-07
                1.456E-07  1.942E-08  2.615E-08  3.344E-08  1.329E-07  1.849E-08
                2.575E-06  1.549E-07  5.404E-08  1.797E-08  2.007E-08  1.257E-06
                3.681E-07  3.559E-07  6.563E-08  5.900E-07  1.680E-07  2.401E-06
                5.682E-08  6.667E-10  1.544E-09  2.240E-11  1.096E-07  3.882E-08
                2.655E-08  5.953E-11  2.357E-07  1.670E-08  2.345E-08  4.902E-07
                3.674E-07  7.241E-07  7.635E-07  5.392E-08  9.854E-08  1.569E-08
                3.707E-07  3.734E-07  1.542E-09  9.418E-09  5.201E-08  1.381E-07
                2.844E-06  1.255E-08  1.566E-11  4.853E-11  1.735E-11  3.338E-11
                1.243E-12  7.074E-08  4.098E-07  5.746E-09  4.830E-07  4.219E-07
                3.782E-08  6.377E-08  1.363E-06  4.866E-07  4.664E-08  6.479E-08
                1.828E-08  8.981E-10  3.116E-08  1.165E-07  9.197E-08  4.195E-09
                6.651E-08  1.543E-08  1.591E-09  8.690E-07  5.824E-09  4.236E-06
                1.859E-08  1.828E-08  4.485E-08  2.263E-07  4.799E-08  7.458E-08
                7.644E-08  1.003E-08  1.522E-06  7.442E-08  1.707E-07  3.143E-09
                6.692E-07  4.878E-06  4.599E-08  7.927E-08  5.224E-07  2.048E-07
                4.453E-07  3.619E-09  1.704E-08  2.976E-08  2.324E-11  1.104E-07
                6.669E-08  1.114E-09  3.871E-09  5.298E-08  6.153E-07  7.461E-07
                7.640E-09  4.267E-09  1.543E-08  1.418E-07  1.079E-09  1.260E-07
                2.736E-07  4.089E-10  1.037E-06  2.093E-07  2.494E-08  7.896E-08
                8.122E-07  1.374E-08  6.577E-08  1.729E-08  7.222E-08  1.212E-07
                8.931E-08  2.300E-06  2.986E-08  4.634E-07  1.412E-09  5.808E-08
                3.987E-08  6.438E-09  2.814E-07  5.219E-08  2.829E-07  2.841E-10
                2.917E-09  8.148E-07  8.299E-07  1.095E-08  6.801E-08  7.340E-08
                5.826E-09  2.995E-08  1.347E-07  4.606E-08  4.324E-08  4.568E-09
                1.029E-06  7.466E-08  6.609E-08  4.097E-08  1.047E-07  5.932E-08
                2.009E-06  1.086E-06  5.042E-08  8.136E-08  1.920E-07  2.815E-07
                2.338E-07  1.174E-08  2.882E-08  1.379E-10  1.048E-09  1.085E-08
                1.606E-07  2.850E-07  3.184E-07  7.511E-07  6.776E-08  1.446E-08
                2.712E-09  2.744E-08  5.338E-08  2.842E-08  1.069E-06
