          16           7
         215          13           1           1
           0          -4           0          -4           0          -6           0          -2           0          -4           0           6           0           4           0           2           0           4           0           6           0           2           0           4           0           2           0          -4           0          -2           0           2           0           4           0           6           0           2           0           4           0           6           0           4           0          -2           0          -2           0          -4           0          -6           0          -8           0          -2           0          -4           0          -6           0          -4           0           2           0          -4           0          -6           0          -2           0          -4           0          -6           0          -6           0          -8           0          -4           0          -6           0          -2           0          -4           0           4           0           6           0           8           0          10           0           4           0          -4           0           2           0           6           0           4           0           8           0           2           0          -4           0          -2           0           6           0           6           0           4           0           2           0           8           0           4           0           6           0           8           0           4           0           6           0           8           0          10           0           4           0           6           0           8           0           6           0           4           0           2           0           6           0           2           0           4           0           2           0          -4           0          -2           0          -6           0          -8           0           6           0           4           0          -4           0          -6           0          -2           0          -4           0          -6           0          -8           0         -10           0          -2           0          -4           0          -6           0          -4           0          -2           0          -6           0          -8           0          -2           0          -4           0           2           0           4           0           6           0           8           0           4           0           4           0           6           0           8           0           2           0          10           0           8           0           6           0           4           0           2           0           6           0           6           0           4           0           4           0           2           0           4           0           6           0           8           0          -4           0           2           0           4           0          -6           0          -4           0           2           0           4           0           6           0           4           0           6           0          -2           0          -4           0          -6           0          -8           0         -10           0          -6           0          -8           0         -10           0         -12           0           2           0          -2           0          -4           0          -6           0          -8           0          -2           0          -8           0         -10           0          -4           0          -2           0          -6           0          -4           0          -2           0          -4           0          -2           0          -4           0          -6           0          -4           0          -8           0          -6           0           2           0           4           0           2           0           4           0           6           0         -10           0          -8           0          -6           0          -4           0           6           0          -2           0          -4           0           8           0          -6           0          -2           0          -4           0          -6           0          -8           0           4           0           6           0          -4           0          -6           0          -6           0          -8           0          -2           0           2           0          -4           0           4           0           6           0           4           0           4           0           2           0           2           0          -4           0          -6           0          -8           0          -2           0          -4           0          -6           0          -8           0         -10           0          -8           0          -6           0          -4           0          -2           0          -2           0          -4           0          -6           0          -6           0          -8           0          -4           0          -2           0          -6           0          -4
    0.000000E+00    9.645106E-03    9.843162E-03    1.435602E-02    1.458263E-02
    4.247197E-02    4.320385E-02    4.360158E-02    5.944295E-02    5.948713E-02
    6.922989E-02    7.316769E-02    7.411300E-02    1.134727E-01    1.147319E-01
    2.354040E-01    2.358931E-01    2.366026E-01    2.382857E-01    2.391328E-01
    2.438023E-01    2.438287E-01    2.461520E-01    2.471700E-01    2.474363E-01
    2.479076E-01    2.485433E-01    2.486026E-01    2.487216E-01    2.491410E-01
    2.502551E-01    2.507374E-01    2.510783E-01    2.511300E-01    2.524691E-01
    2.524772E-01    2.554279E-01    2.561102E-01    2.563381E-01    2.591442E-01
    2.591854E-01    2.609226E-01    2.615363E-01    2.619649E-01    2.622131E-01
    2.625883E-01    2.631076E-01    2.632646E-01    2.633261E-01    2.634365E-01
    2.637297E-01    2.638533E-01    2.640096E-01    2.643758E-01    2.644930E-01
    2.645338E-01    2.648466E-01    2.652759E-01    2.655531E-01    2.656939E-01
    2.657640E-01    2.676748E-01    2.677713E-01    2.679166E-01    2.688115E-01
    2.690337E-01    2.711118E-01    2.712141E-01    2.720014E-01    2.721113E-01
    2.724223E-01    2.724984E-01    2.725578E-01    2.726085E-01    2.727219E-01
    2.737570E-01    2.740430E-01    2.746587E-01    2.763855E-01    2.763956E-01
    2.763957E-01    2.764682E-01    2.789238E-01    2.791446E-01    2.808157E-01
    2.808428E-01    2.816082E-01    2.816156E-01    2.816277E-01    2.816445E-01
    2.816660E-01    2.832213E-01    2.832636E-01    2.833497E-01    2.872720E-01
    2.872722E-01    2.872783E-01    2.873017E-01    2.873787E-01    2.874354E-01
    2.875828E-01    2.876419E-01    2.877951E-01    2.879672E-01    2.884374E-01
    2.885530E-01    2.886000E-01    2.886971E-01    2.887362E-01    2.888178E-01
    2.901974E-01    2.902310E-01    2.934227E-01    2.936053E-01    2.936679E-01
    2.948139E-01    2.948751E-01    2.949134E-01    2.954910E-01    2.955387E-01
    2.955818E-01    2.956302E-01    2.974080E-01    2.974265E-01    2.978254E-01
    2.979930E-01    2.980044E-01    2.981863E-01    2.981951E-01    2.982014E-01
    2.986863E-01    2.989406E-01    2.997979E-01    3.013547E-01    3.014398E-01
    3.015665E-01    3.017420E-01    3.025165E-01    3.025355E-01    3.025686E-01
    3.026262E-01    3.032771E-01    3.036433E-01    3.036673E-01    3.036996E-01
    3.037196E-01    3.041292E-01    3.046134E-01    3.046301E-01    3.048276E-01
    3.048611E-01    3.049614E-01    3.051740E-01    3.052844E-01    3.060373E-01
    3.062721E-01    3.065126E-01    3.067251E-01    3.072820E-01    3.083217E-01
    3.083847E-01    3.085481E-01    3.086063E-01    3.093086E-01    3.093690E-01
    3.093750E-01    3.093804E-01    3.094500E-01    3.095030E-01    3.095365E-01
    3.096086E-01    3.096683E-01    3.098305E-01    3.098337E-01    3.100372E-01
    3.110986E-01    3.111053E-01    3.111248E-01    3.111449E-01    3.124031E-01
    3.124222E-01    3.126400E-01    3.132139E-01    3.132929E-01    3.134326E-01
    3.163175E-01    3.165548E-01    3.167011E-01    3.167161E-01    3.173537E-01
    3.174815E-01    3.194473E-01    3.198310E-01    3.206567E-01    3.235572E-01
    3.235827E-01    3.236877E-01    3.236885E-01    3.238034E-01    3.239013E-01
    3.239634E-01    3.240075E-01    3.245628E-01    3.245933E-01    3.263728E-01
    3.264517E-01    3.271738E-01    3.284075E-01    3.287843E-01    3.314323E-01
    3.314556E-01    3.324856E-01    3.325179E-01    3.327131E-01    3.333147E-01
           0           0           0           1
  -27.915863041215566               13
3.26786630E+01  2.123E-01  2.172E-01  2.097E-04  1.217E-01  1.131E-01  3.473E-04
                3.507E-04  1.359E-01
4.62866630E+01  8.233E-02  1.001E-01  7.040E-05  5.127E-02  3.699E-02  5.055E-04
                1.926E-03  5.390E-02  4.550E-03  5.268E-04  2.170E-03  2.932E-04
                3.560E-02  1.800E-03  2.207E-03
5.98946630E+01  4.043E-02  4.262E-02  2.965E-05  2.619E-02  1.706E-02  5.704E-05
                4.047E-05  4.987E-02  1.206E-04  6.953E-05  1.351E-03  8.534E-05
                2.084E-02  4.888E-04  7.223E-04  1.628E-06  5.214E-06  3.198E-05
                7.527E-06  1.933E-05  9.052E-08  1.279E-05  1.056E-05  9.193E-07
                2.657E-06  2.769E-06  1.329E-05  7.424E-06  2.162E-05  3.073E-05
                3.709E-05  3.217E-06  1.149E-04  1.886E-05  1.660E-05  5.501E-06
                6.502E-09  1.616E-05  7.246E-08  9.136E-05  2.530E-06  3.767E-05
                1.804E-05  5.065E-06  4.893E-06  1.722E-07  5.793E-07  1.385E-06
                1.227E-04  2.037E-06  3.379E-06  1.310E-06  9.917E-07  1.216E-05
                3.197E-05  3.207E-05  9.411E-06  5.974E-05  3.362E-05  2.780E-05
                4.367E-07  1.131E-07  4.095E-08  6.274E-10  2.977E-05  8.986E-07
                9.772E-08  2.036E-09  1.262E-05  1.829E-06  1.697E-07  1.103E-05
                5.713E-06  1.309E-05  4.574E-05  1.138E-05  6.756E-06  4.177E-06
                1.326E-05  1.295E-05  1.130E-07  4.536E-07  2.216E-06  1.930E-05
                1.035E-04  1.428E-07  2.422E-10  6.797E-10  3.348E-10  5.247E-10
                2.515E-11  2.325E-06  1.248E-05  5.193E-07  5.407E-06  4.331E-06
                1.010E-06  1.476E-06  4.821E-05  1.743E-05  2.047E-06  1.652E-06
                5.072E-07  5.447E-08  1.190E-06  3.011E-06  2.272E-06  6.854E-08
                5.009E-06  2.883E-07  5.341E-08  2.997E-05  2.714E-07  1.117E-04
                5.958E-07  8.144E-07  1.433E-06  3.876E-06  9.570E-07  2.254E-06
                1.968E-06  1.051E-07  5.843E-05  2.158E-06  3.776E-06  1.487E-07
                2.124E-05  1.124E-04  1.467E-06  3.047E-06  1.570E-05  6.595E-06
                1.511E-05  1.955E-06  2.438E-06  2.291E-06  2.758E-09  1.115E-05
                6.497E-06  2.287E-09  1.047E-08  1.558E-06  1.444E-05  1.737E-05
                3.176E-06  2.538E-07  1.070E-06  1.939E-05  4.884E-09  4.002E-06
                8.650E-06  1.545E-07  2.464E-05  5.546E-06  3.037E-06  1.921E-06
                1.587E-05  1.376E-06  6.684E-06  9.338E-07  5.967E-06  1.879E-06
                2.540E-06  5.625E-05  1.049E-06  1.798E-05  6.452E-10  3.982E-06
                4.524E-06  2.179E-06  7.804E-06  1.194E-06  6.485E-06  1.651E-08
                2.294E-06  1.991E-05  2.101E-05  1.074E-06  4.991E-06  1.086E-06
                3.605E-07  3.485E-06  1.099E-05  4.741E-06  3.370E-06  2.989E-07
                1.726E-05  3.656E-06  1.959E-06  1.072E-06  2.821E-06  2.077E-06
                3.144E-05  1.575E-05  4.329E-06  1.233E-05  2.765E-05  1.366E-05
                1.519E-05  3.377E-06  2.881E-06  8.816E-10  1.274E-06  7.013E-07
                1.554E-06  2.569E-06  3.464E-06  1.619E-05  5.146E-06  8.143E-07
                1.614E-07  7.581E-07  5.257E-07  1.222E-06  1.517E-05
7.35026630E+01  2.207E-02  2.318E-02  1.357E-05  1.425E-02  9.271E-03  3.089E-05
                2.201E-05  3.393E-02  6.348E-05  3.739E-05  9.398E-04  4.631E-05
                1.462E-02  2.800E-04  4.136E-04  9.885E-07  3.192E-06  1.623E-05
                5.395E-06  1.138E-05  1.191E-08  9.417E-06  4.394E-06  2.789E-07
                8.708E-07  1.055E-06  6.348E-06  3.108E-06  1.062E-05  1.638E-05
                1.543E-05  2.212E-06  5.177E-05  9.955E-06  9.177E-06  2.813E-06
                7.707E-09  7.779E-06  2.403E-09  4.438E-05  1.922E-06  1.921E-05
                8.076E-06  2.334E-06  2.294E-06  1.334E-07  3.684E-07  6.841E-07
                6.824E-05  6.208E-07  2.375E-06  4.331E-07  3.960E-07  5.233E-06
                1.553E-05  1.539E-05  4.079E-06  3.049E-05  1.300E-05  1.260E-05
                2.482E-07  9.712E-09  3.671E-08  5.211E-11  9.668E-06  4.734E-07
                1.865E-07  5.390E-10  7.099E-06  9.409E-07  5.990E-08  7.189E-06
                4.083E-06  9.545E-06  2.592E-05  3.442E-06  3.375E-06  1.484E-06
                8.867E-06  9.040E-06  3.063E-08  1.664E-07  1.239E-06  7.399E-06
                6.244E-05  1.210E-07  2.051E-10  6.505E-10  3.540E-10  1.498E-10
                1.218E-11  1.603E-06  9.207E-06  3.178E-07  4.199E-06  3.256E-06
                7.115E-07  3.827E-07  2.919E-05  1.049E-05  6.653E-07  8.517E-07
                2.543E-07  1.966E-08  5.343E-07  1.687E-06  1.076E-06  5.912E-08
                5.579E-07  2.296E-07  3.748E-08  1.773E-05  1.208E-07  6.629E-05
                3.561E-07  4.023E-07  9.081E-07  2.149E-06  5.592E-07  1.357E-06
                1.241E-06  9.143E-08  3.470E-05  6.722E-07  2.330E-06  5.343E-08
                1.471E-05  6.674E-05  7.577E-07  1.479E-06  9.423E-06  3.933E-06
                9.607E-06  7.325E-07  1.076E-06  1.144E-06  1.148E-09  5.236E-06
                3.078E-06  4.915E-09  1.595E-08  9.639E-07  8.068E-06  9.985E-06
                1.301E-06  1.151E-07  5.660E-07  6.931E-06  6.749E-09  2.706E-06
                5.934E-06  3.837E-08  1.442E-05  3.233E-06  1.383E-06  1.087E-06
                1.047E-05  6.773E-07  2.771E-06  3.421E-07  3.228E-06  1.401E-06
                1.469E-06  3.057E-05  6.059E-07  1.066E-05  5.950E-09  1.985E-06
                2.026E-06  8.178E-07  4.349E-06  7.004E-07  4.000E-06  5.175E-09
                8.033E-07  1.114E-05  1.162E-05  5.565E-07  2.351E-06  6.397E-07
                1.676E-07  1.836E-06  4.216E-06  2.369E-06  1.279E-06  1.409E-07
                1.208E-05  2.098E-06  1.046E-06  6.020E-07  1.378E-06  9.493E-07
                2.259E-05  1.151E-05  1.787E-06  5.646E-06  1.122E-05  6.510E-06
                7.224E-06  1.366E-06  6.765E-07  3.795E-10  4.865E-07  4.010E-07
                1.493E-06  2.394E-06  3.259E-06  9.172E-06  2.398E-06  3.442E-07
                4.125E-08  4.552E-07  4.362E-07  5.315E-07  1.062E-05
8.71106630E+01  1.310E-02  1.375E-02  8.339E-06  8.450E-03  5.488E-03  1.871E-05
                1.311E-05  2.404E-02  3.653E-05  2.173E-05  6.777E-04  2.706E-05
                1.061E-02  1.702E-04  2.521E-04  6.901E-07  2.091E-06  9.123E-06
                3.671E-06  6.584E-06  8.679E-09  6.387E-06  2.462E-06  1.243E-07
                3.876E-07  7.193E-07  4.611E-06  1.854E-06  6.540E-06  1.005E-05
                8.492E-06  1.495E-06  2.579E-05  6.210E-06  5.187E-06  1.813E-06
                4.851E-09  4.154E-06  1.729E-09  2.361E-05  1.218E-06  1.030E-05
                4.114E-06  1.110E-06  1.143E-06  9.286E-08  2.330E-07  3.443E-07
                4.116E-05  5.039E-07  1.520E-06  2.407E-07  2.073E-07  4.142E-06
                8.619E-06  8.193E-06  2.214E-06  1.715E-05  5.978E-06  8.929E-06
                1.818E-07  6.710E-09  2.524E-08  1.922E-11  4.291E-06  3.122E-07
                2.185E-07  4.743E-10  4.383E-06  5.040E-07  3.460E-08  5.325E-06
                3.171E-06  7.130E-06  1.577E-05  1.520E-06  1.989E-06  6.590E-07
                6.089E-06  6.269E-06  1.370E-08  8.197E-08  8.254E-07  3.817E-06
                3.971E-05  8.329E-08  1.361E-10  4.314E-10  2.639E-10  1.165E-10
                1.138E-11  1.149E-06  6.495E-06  1.971E-07  3.196E-06  2.526E-06
                4.866E-07  1.535E-07  1.872E-05  6.679E-06  4.737E-07  6.340E-07
                1.833E-07  1.139E-08  3.489E-07  1.149E-06  7.461E-07  4.329E-08
                1.765E-07  1.659E-07  2.078E-08  1.237E-05  7.959E-08  4.257E-05
                2.375E-07  2.653E-07  5.904E-07  1.725E-06  4.264E-07  1.000E-06
                9.444E-07  7.651E-08  2.222E-05  3.564E-07  1.699E-06  3.014E-08
                9.623E-06  4.391E-05  5.030E-07  1.013E-06  6.687E-06  2.782E-06
                6.409E-06  3.372E-07  5.404E-07  6.185E-07  6.383E-10  2.654E-06
                1.566E-06  5.697E-09  2.018E-08  6.171E-07  5.312E-06  6.532E-06
                6.210E-07  6.429E-08  3.136E-07  2.839E-06  7.687E-09  1.783E-06
                3.913E-06  1.720E-08  9.320E-06  2.045E-06  7.160E-07  6.924E-07
                7.134E-06  3.783E-07  1.475E-06  1.694E-07  1.899E-06  1.107E-06
                1.013E-06  1.868E-05  4.075E-07  7.177E-06  8.087E-09  1.107E-06
                1.059E-06  3.838E-07  2.911E-06  4.501E-07  2.558E-06  1.882E-09
                3.528E-07  7.284E-06  7.550E-06  3.112E-07  1.319E-06  4.773E-07
                8.684E-08  1.021E-06  2.015E-06  1.327E-06  5.971E-07  7.988E-08
                8.362E-06  1.292E-06  7.230E-07  3.784E-07  8.177E-07  6.251E-07
                1.613E-05  8.395E-06  9.254E-07  2.798E-06  5.003E-06  3.736E-06
                4.066E-06  6.610E-07  1.961E-07  4.639E-10  2.065E-07  2.413E-07
                1.151E-06  1.856E-06  2.470E-06  6.205E-06  1.299E-06  1.801E-07
                1.560E-08  3.044E-07  3.402E-07  3.044E-07  7.779E-06
1.00718663E+02  8.273E-03  8.680E-03  4.890E-06  5.353E-03  3.468E-03  1.100E-05
                8.052E-06  1.787E-02  2.132E-05  1.290E-05  5.115E-04  1.660E-05
                8.042E-03  1.133E-04  1.678E-04  5.678E-07  1.343E-06  5.357E-06
                2.453E-06  3.879E-06  7.719E-09  4.112E-06  1.520E-06  5.278E-08
                1.818E-07  6.012E-07  3.999E-06  1.146E-06  4.003E-06  6.273E-06
                4.972E-06  9.605E-07  1.419E-05  4.209E-06  3.143E-06  1.149E-06
                3.040E-09  2.356E-06  1.396E-09  1.350E-05  8.741E-07  6.019E-06
                2.269E-06  5.748E-07  6.162E-07  8.157E-08  2.166E-07  1.876E-07
                2.639E-05  4.293E-07  9.388E-07  1.463E-07  1.073E-07  3.510E-06
                5.120E-06  4.740E-06  1.280E-06  1.003E-05  3.173E-06  7.239E-06
                1.464E-07  4.690E-09  1.679E-08  1.293E-11  2.218E-06  2.112E-07
                2.002E-07  4.190E-10  2.743E-06  2.862E-07  2.471E-08  3.823E-06
                2.387E-06  5.268E-06  9.655E-06  7.999E-07  1.187E-06  3.421E-07
                4.083E-06  4.215E-06  8.943E-09  5.451E-08  5.338E-07  2.155E-06
                2.647E-05  5.132E-08  9.949E-11  3.136E-10  1.833E-10  9.740E-11
                9.323E-12  7.834E-07  4.407E-06  1.202E-07  2.500E-06  2.022E-06
                3.289E-07  9.308E-08  1.261E-05  4.466E-06  3.482E-07  4.738E-07
                1.361E-07  6.703E-09  2.438E-07  8.255E-07  5.512E-07  2.945E-08
                1.202E-07  1.111E-07  1.138E-08  8.509E-06  5.588E-08  2.975E-05
                1.540E-07  1.845E-07  3.945E-07  1.355E-06  3.284E-07  7.302E-07
                6.968E-07  6.116E-08  1.484E-05  2.449E-07  1.259E-06  1.859E-08
                6.494E-06  3.134E-05  3.613E-07  7.518E-07  4.681E-06  1.947E-06
                4.327E-06  1.734E-07  3.044E-07  3.723E-07  3.586E-10  1.494E-06
                8.862E-07  6.154E-09  2.251E-08  4.146E-07  3.803E-06  4.649E-06
                3.297E-07  3.986E-08  1.869E-07  1.337E-06  8.589E-09  1.203E-06
                2.651E-06  7.955E-09  6.560E-06  1.417E-06  4.121E-07  4.731E-07
                5.156E-06  2.257E-07  8.604E-07  1.041E-07  1.143E-06  8.634E-07
                7.124E-07  1.298E-05  2.765E-07  4.814E-06  7.920E-09  6.810E-07
                6.167E-07  2.047E-07  1.987E-06  3.172E-07  1.797E-06  1.202E-09
                1.808E-07  5.172E-06  5.332E-06  1.856E-07  8.112E-07  3.900E-07
                5.025E-08  6.038E-07  1.116E-06  7.912E-07  3.354E-07  4.947E-08
                6.196E-06  8.260E-07  5.118E-07  2.487E-07  5.291E-07  4.585E-07
                1.218E-05  6.431E-06  5.527E-07  1.490E-06  2.487E-06  2.426E-06
                2.544E-06  3.584E-07  6.988E-08  4.253E-10  8.898E-08  1.526E-07
                8.706E-07  1.420E-06  1.867E-06  4.506E-06  7.971E-07  1.030E-07
                8.714E-09  2.098E-07  2.641E-07  2.042E-07  5.834E-06
1.14326663E+02  5.536E-03  5.815E-03  3.313E-06  3.580E-03  2.323E-03  7.960E-06
                5.378E-06  1.344E-02  1.421E-05  8.595E-06  3.872E-04  1.076E-05
                6.100E-03  7.564E-05  1.124E-04  5.095E-07  8.739E-07  3.016E-06
                1.746E-06  2.184E-06  5.515E-09  2.770E-06  1.116E-06  2.328E-08
                1.084E-07  4.382E-07  2.943E-06  7.778E-07  2.568E-06  4.045E-06
                3.210E-06  6.462E-07  9.166E-06  2.816E-06  2.089E-06  7.520E-07
                1.951E-09  1.432E-06  9.161E-10  8.656E-06  6.321E-07  3.885E-06
                1.416E-06  3.245E-07  3.588E-07  7.215E-08  2.101E-07  1.188E-07
                1.805E-05  3.674E-07  6.047E-07  1.047E-07  5.717E-08  2.997E-06
                3.317E-06  3.034E-06  7.944E-07  6.267E-06  1.913E-06  6.060E-06
                1.231E-07  3.505E-09  1.145E-08  1.395E-11  1.326E-06  1.547E-07
                1.595E-07  3.050E-10  1.833E-06  1.788E-07  3.122E-08  2.800E-06
                1.838E-06  3.942E-06  6.404E-06  4.866E-07  8.116E-07  2.036E-07
                2.935E-06  3.022E-06  6.665E-09  4.025E-08  3.719E-07  1.365E-06
                1.874E-05  4.189E-08  7.452E-11  2.321E-10  1.255E-10  9.099E-11
                7.730E-12  5.716E-07  3.219E-06  7.595E-08  1.999E-06  1.649E-06
                2.230E-07  8.977E-08  8.932E-06  3.191E-06  2.687E-07  3.653E-07
                1.030E-07  5.036E-09  1.706E-07  6.253E-07  4.241E-07  2.340E-08
                1.016E-07  8.742E-08  9.826E-09  6.146E-06  3.999E-08  2.142E-05
                1.132E-07  1.355E-07  2.665E-07  1.079E-06  2.599E-07  5.417E-07
                5.128E-07  4.731E-08  1.056E-05  1.827E-07  9.676E-07  1.356E-08
                4.495E-06  2.288E-05  2.720E-07  5.591E-07  3.469E-06  1.433E-06
                3.149E-06  9.649E-08  1.860E-07  2.413E-07  2.499E-10  9.221E-07
                5.497E-07  5.328E-09  1.945E-08  2.895E-07  2.886E-06  3.515E-06
                1.853E-07  2.708E-08  1.246E-07  7.194E-07  7.010E-09  8.347E-07
                1.828E-06  4.860E-09  4.971E-06  1.058E-06  2.580E-07  3.477E-07
                3.914E-06  1.413E-07  5.531E-07  7.546E-08  7.254E-07  6.670E-07
                5.301E-07  9.317E-06  2.038E-07  3.520E-06  7.127E-09  4.556E-07
                3.911E-07  1.183E-07  1.510E-06  2.413E-07  1.357E-06  9.722E-10
                9.977E-08  3.910E-06  4.019E-06  1.193E-07  5.422E-07  3.141E-07
                3.238E-08  3.722E-07  7.232E-07  4.950E-07  2.249E-07  3.318E-08
                4.564E-06  5.557E-07  3.824E-07  1.897E-07  4.108E-07  3.514E-07
                9.066E-06  4.835E-06  3.605E-07  8.780E-07  1.448E-06  1.700E-06
                1.720E-06  2.090E-07  4.339E-08  4.072E-10  3.505E-08  9.590E-08
                6.864E-07  1.135E-06  1.458E-06  3.438E-06  5.405E-07  6.747E-08
                6.111E-09  1.518E-07  2.110E-07  1.548E-07  4.569E-06
1.27934663E+02  3.788E-03  3.983E-03  2.340E-06  2.465E-03  1.594E-03  4.844E-06
                3.533E-06  1.060E-02  8.730E-06  5.362E-06  3.100E-04  7.155E-06
                4.900E-03  5.520E-05  8.200E-05  4.880E-07  5.833E-07  2.000E-06
                1.242E-06  1.422E-06  4.347E-09  1.799E-06  7.988E-07  1.112E-08
                6.577E-08  4.260E-07  2.900E-06  5.225E-07  1.646E-06  2.623E-06
                2.072E-06  4.207E-07  5.827E-06  2.165E-06  1.381E-06  4.823E-07
                1.260E-09  8.891E-07  9.110E-10  5.505E-06  5.212E-07  2.527E-06
                8.751E-07  1.870E-07  2.167E-07  6.383E-08  1.914E-07  7.482E-08
                1.239E-05  3.086E-07  3.906E-07  7.032E-08  3.097E-08  2.514E-06
                2.149E-06  1.956E-06  5.074E-07  4.097E-06  1.198E-06  5.011E-06
                9.655E-08  2.591E-09  8.480E-09  1.983E-11  8.192E-07  1.158E-07
                1.237E-07  2.422E-10  1.272E-06  1.140E-07  2.470E-08  2.202E-06
                1.384E-06  2.928E-06  4.325E-06  3.088E-07  5.390E-07  1.249E-07
                1.992E-06  2.053E-06  6.010E-09  3.645E-08  2.592E-07  8.873E-07
                1.300E-05  2.456E-08  5.821E-11  1.821E-10  9.048E-11  7.240E-11
                5.925E-12  3.859E-07  2.172E-06  4.967E-08  1.600E-06  1.344E-06
                1.588E-07  6.876E-08  6.250E-06  2.207E-06  1.986E-07  2.714E-07
                7.689E-08  3.180E-09  1.280E-07  4.615E-07  3.223E-07  1.610E-08
                8.588E-08  6.011E-08  5.656E-09  4.495E-06  2.953E-08  1.606E-05
                7.971E-08  9.791E-08  1.828E-07  8.142E-07  1.955E-07  3.931E-07
                3.738E-07  3.850E-08  7.190E-06  1.477E-07  7.351E-07  8.518E-09
                3.195E-06  1.744E-05  2.013E-07  4.178E-07  2.536E-06  1.039E-06
                2.130E-06  5.579E-08  1.275E-07  1.794E-07  1.733E-10  6.702E-07
                4.007E-07  4.388E-09  1.598E-08  2.031E-07  2.200E-06  2.673E-06
                1.074E-07  1.730E-08  8.412E-08  5.334E-07  6.170E-09  5.967E-07
                1.312E-06  3.348E-09  3.764E-06  7.915E-07  1.651E-07  2.608E-07
                2.930E-06  9.342E-08  3.663E-07  5.720E-08  4.831E-07  5.068E-07
                3.860E-07  7.241E-06  1.436E-07  2.449E-06  5.712E-09  3.399E-07
                2.750E-07  7.145E-08  1.112E-06  1.833E-07  1.024E-06  1.082E-09
                5.763E-08  2.959E-06  3.029E-06  8.187E-08  4.026E-07  2.495E-07
                2.349E-08  2.389E-07  5.366E-07  3.288E-07  1.710E-07  2.283E-08
                3.580E-06  3.875E-07  2.731E-07  1.405E-07  3.132E-07  2.576E-07
                7.158E-06  3.839E-06  2.482E-07  5.842E-07  1.023E-06  1.219E-06
                1.187E-06  1.279E-07  3.262E-08  2.745E-10  1.931E-08  6.374E-08
                5.309E-07  8.950E-07  1.123E-06  2.644E-06  3.868E-07  4.740E-08
                4.449E-09  1.127E-07  1.663E-07  1.162E-07  3.569E-06
1.41542663E+02  2.745E-03  2.885E-03  1.843E-06  1.781E-03  1.154E-03  4.078E-06
                2.567E-06  8.222E-03  6.527E-06  3.952E-06  2.408E-04  4.934E-06
                3.809E-03  3.845E-05  5.735E-05  4.729E-07  3.976E-07  1.206E-06
                9.556E-07  8.249E-07  3.552E-09  1.261E-06  6.264E-07  1.193E-08
                6.218E-08  2.894E-07  1.970E-06  3.686E-07  1.069E-06  1.723E-06
                1.478E-06  2.954E-07  4.410E-06  1.449E-06  1.002E-06  3.155E-07
                8.228E-10  5.792E-07  5.508E-10  4.024E-06  3.795E-07  1.845E-06
                6.276E-07  1.206E-07  1.418E-07  6.079E-08  2.003E-07  5.665E-08
                9.264E-06  2.681E-07  2.611E-07  5.661E-08  2.380E-08  2.181E-06
                1.544E-06  1.423E-06  3.427E-07  2.743E-06  8.155E-07  4.302E-06
                9.118E-08  2.014E-09  5.608E-09  2.287E-11  5.583E-07  9.422E-08
                9.543E-08  1.878E-10  9.039E-07  7.924E-08  2.843E-08  1.528E-06
                1.071E-06  2.287E-06  3.083E-06  2.149E-07  3.918E-07  8.454E-08
                1.440E-06  1.471E-06  4.268E-09  2.570E-08  1.909E-07  6.157E-07
                9.950E-06  2.336E-08  4.416E-11  1.362E-10  6.266E-11  6.712E-11
                4.512E-12  2.813E-07  1.599E-06  3.140E-08  1.283E-06  1.087E-06
                1.143E-07  8.080E-08  4.779E-06  1.708E-06  1.526E-07  2.093E-07
                5.730E-08  2.523E-09  9.244E-08  3.516E-07  2.522E-07  1.241E-08
                8.050E-08  4.591E-08  4.872E-09  3.082E-06  2.147E-08  1.245E-05
                6.161E-08  6.897E-08  1.368E-07  6.548E-07  1.535E-07  2.818E-07
                2.689E-07  2.934E-08  5.465E-06  1.286E-07  5.366E-07  7.360E-09
                2.359E-06  1.367E-05  1.508E-07  3.015E-07  1.792E-06  7.282E-07
                1.615E-06  3.275E-08  8.176E-08  1.197E-07  1.122E-10  4.391E-07
                2.636E-07  3.680E-09  1.332E-08  1.542E-07  1.732E-06  2.100E-06
                6.422E-08  1.387E-08  6.110E-08  3.431E-07  4.661E-09  4.402E-07
                9.599E-07  2.032E-09  2.967E-06  6.188E-07  1.134E-07  2.041E-07
                2.322E-06  6.185E-08  2.599E-07  4.466E-08  3.176E-07  3.923E-07
                2.895E-07  5.715E-06  1.036E-07  1.746E-06  4.513E-09  2.308E-07
                1.800E-07  4.397E-08  8.244E-07  1.458E-07  8.096E-07  7.605E-10
                3.363E-08  2.330E-06  2.383E-06  5.345E-08  2.715E-07  2.031E-07
                1.618E-08  1.550E-07  3.771E-07  2.140E-07  1.228E-07  1.620E-08
                2.774E-06  2.728E-07  2.085E-07  1.066E-07  2.449E-07  1.967E-07
                5.528E-06  2.978E-06  1.771E-07  3.640E-07  6.536E-07  9.150E-07
                8.607E-07  7.936E-08  3.721E-08  2.829E-10  6.476E-09  4.436E-08
                4.262E-07  7.254E-07  8.904E-07  2.075E-06  2.723E-07  3.600E-08
                4.771E-09  8.452E-08  1.353E-07  8.902E-08  2.847E-06
1.55150663E+02  1.995E-03  2.106E-03  9.365E-07  1.306E-03  8.463E-04  2.419E-06
                1.714E-06  6.881E-03  4.027E-06  2.500E-06  2.037E-04  3.486E-06
                3.230E-03  3.080E-05  4.583E-05  4.588E-07  2.728E-07  9.194E-07
                7.162E-07  6.064E-07  2.694E-09  8.177E-07  4.536E-07  9.777E-09
                4.653E-08  3.135E-07  2.148E-06  2.526E-07  7.057E-07  1.146E-06
                9.999E-07  1.930E-07  2.961E-06  1.254E-06  6.821E-07  2.011E-07
                5.363E-10  3.788E-07  6.433E-10  2.764E-06  3.379E-07  1.273E-06
                4.197E-07  7.348E-08  9.120E-08  5.164E-08  1.723E-07  3.948E-08
                6.602E-06  2.268E-07  1.705E-07  3.774E-08  1.976E-08  1.846E-06
                1.055E-06  9.836E-07  2.260E-07  1.862E-06  5.527E-07  3.625E-06
                7.214E-08  1.482E-09  4.412E-09  2.648E-11  3.822E-07  7.352E-08
                7.077E-08  1.547E-10  6.413E-07  5.268E-08  2.153E-08  1.260E-06
                7.972E-07  1.767E-06  2.125E-06  1.526E-07  2.685E-07  5.711E-08
                9.617E-07  9.862E-07  4.328E-09  2.653E-08  1.345E-07  4.237E-07
                7.002E-06  1.095E-08  3.765E-11  1.174E-10  4.640E-11  4.893E-11
                3.377E-12  1.850E-07  1.049E-06  2.106E-08  1.055E-06  9.071E-07
                8.428E-08  5.162E-08  3.403E-06  1.193E-06  1.115E-07  1.529E-07
                4.262E-08  1.655E-09  6.937E-08  2.587E-07  1.906E-07  8.751E-09
                7.126E-08  3.238E-08  3.168E-09  2.314E-06  1.648E-08  9.942E-06
                4.629E-08  5.102E-08  9.586E-08  4.820E-07  1.131E-07  2.036E-07
                1.950E-07  2.359E-08  3.705E-06  1.085E-07  4.115E-07  3.920E-09
                1.734E-06  1.106E-05  1.116E-07  2.273E-07  1.341E-06  5.408E-07
                1.067E-06  1.980E-08  6.173E-08  9.686E-08  8.886E-11  3.575E-07
                2.144E-07  2.709E-09  9.728E-09  1.102E-07  1.366E-06  1.655E-06
                3.902E-08  9.956E-09  4.619E-08  2.860E-07  4.052E-09  3.269E-07
                7.154E-07  1.492E-09  2.319E-06  4.782E-07  7.766E-08  1.643E-07
                1.780E-06  4.420E-08  1.904E-07  3.228E-08  2.214E-07  3.058E-07
                2.082E-07  4.759E-06  7.262E-08  1.202E-06  3.459E-09  1.856E-07
                1.371E-07  2.796E-08  6.262E-07  1.142E-07  6.299E-07  8.391E-10
                1.999E-08  1.819E-06  1.853E-06  3.905E-08  2.154E-07  1.569E-07
                1.298E-08  1.053E-07  2.889E-07  1.524E-07  9.468E-08  1.218E-08
                2.305E-06  2.029E-07  1.472E-07  8.210E-08  1.952E-07  1.429E-07
                4.614E-06  2.486E-06  1.309E-07  2.729E-07  5.287E-07  6.856E-07
                6.219E-07  5.116E-08  2.551E-08  1.430E-10  5.366E-09  3.068E-08
                3.389E-07  5.881E-07  7.073E-07  1.652E-06  2.050E-07  2.614E-08
                3.167E-09  6.619E-08  1.092E-07  6.527E-08  2.296E-06
1.68758663E+02  1.480E-03  1.552E-03  1.820E-06  9.640E-04  6.216E-04  2.138E-06
                1.307E-06  5.353E-03  3.158E-06  1.922E-06  1.602E-04  2.459E-06
                2.546E-03  2.107E-05  3.160E-05  4.506E-07  1.983E-07  5.946E-07
                6.021E-07  3.683E-07  2.141E-09  6.113E-07  3.898E-07  1.601E-08
                5.552E-08  1.649E-07  1.127E-06  1.905E-07  4.746E-07  7.536E-07
                7.769E-07  1.445E-07  2.462E-06  7.384E-07  5.258E-07  1.324E-07
                3.595E-10  2.659E-07  2.951E-10  2.120E-06  2.231E-07  9.742E-07
                3.157E-07  5.170E-08  6.412E-08  4.711E-08  1.680E-07  3.279E-08
                5.137E-06  2.014E-07  1.232E-07  3.343E-08  2.036E-08  1.635E-06
                7.908E-07  7.472E-07  1.594E-07  1.328E-06  3.914E-07  3.164E-06
                7.170E-08  1.211E-09  3.018E-09  2.577E-11  2.628E-07  6.324E-08
                5.428E-08  1.071E-10  4.819E-07  3.828E-08  2.675E-08  8.908E-07
                6.435E-07  1.346E-06  1.607E-06  1.085E-07  2.058E-07  3.886E-08
                7.474E-07  7.572E-07  2.675E-09  1.624E-08  1.044E-07  3.062E-07
                5.594E-06  1.579E-08  2.718E-11  8.356E-11  3.339E-11  4.857E-11
                2.514E-12  1.449E-07  8.329E-07  1.377E-08  8.221E-07  7.082E-07
                6.507E-08  7.286E-08  2.690E-06  9.613E-07  8.785E-08  1.214E-07
                3.343E-08  1.499E-09  5.420E-08  2.093E-07  1.576E-07  7.248E-09
                7.051E-08  2.678E-08  2.793E-09  1.668E-06  1.180E-08  7.557E-06
                3.530E-08  3.641E-08  7.748E-08  3.976E-07  8.995E-08  1.506E-07
                1.474E-07  1.787E-08  2.996E-06  9.840E-08  3.099E-07  4.601E-09
                1.316E-06  8.488E-06  8.537E-08  1.606E-07  9.878E-07  3.939E-07
                8.716E-07  1.168E-08  3.915E-08  6.306E-08  5.649E-11  2.308E-07
                1.390E-07  2.173E-09  7.719E-09  8.999E-08  1.075E-06  1.302E-06
                2.341E-08  7.712E-09  3.177E-08  2.163E-07  2.490E-09  2.467E-07
                5.365E-07  9.767E-10  1.832E-06  3.761E-07  5.441E-08  1.276E-07
                1.424E-06  2.969E-08  1.333E-07  2.816E-08  1.530E-07  2.284E-07
                1.660E-07  3.732E-06  5.700E-08  9.278E-07  2.669E-09  1.230E-07
                8.907E-08  1.756E-08  4.919E-07  9.111E-08  4.997E-07  4.975E-10
                1.133E-08  1.438E-06  1.466E-06  2.568E-08  1.446E-07  1.271E-07
                9.690E-09  7.007E-08  2.262E-07  1.011E-07  7.426E-08  8.672E-09
                1.748E-06  1.451E-07  1.197E-07  6.751E-08  1.643E-07  1.118E-07
                3.460E-06  1.870E-06  9.651E-08  1.763E-07  3.610E-07  5.268E-07
                4.662E-07  3.226E-08  3.481E-08  1.900E-10  1.600E-09  2.234E-08
                2.702E-07  4.703E-07  5.517E-07  1.291E-06  1.436E-07  2.280E-08
                3.732E-09  4.977E-08  8.781E-08  5.233E-08  1.807E-06
1.82366663E+02  1.200E-03  1.270E-03  7.790E-07  7.847E-04  5.122E-04  1.640E-06
                9.340E-07  4.663E-03  2.275E-06  1.394E-06  1.375E-04  1.853E-06
                2.180E-03  1.817E-05  2.708E-05  4.155E-07  1.403E-07  5.351E-07
                4.621E-07  3.121E-07  1.869E-09  3.931E-07  2.571E-07  1.227E-08
                4.160E-08  2.408E-07  1.652E-06  1.224E-07  3.054E-07  5.240E-07
                5.360E-07  9.456E-08  1.711E-06  8.088E-07  3.609E-07  8.281E-08
                2.316E-10  1.727E-07  4.770E-10  1.644E-06  2.400E-07  7.297E-07
                2.406E-07  3.501E-08  4.503E-08  4.064E-08  1.469E-07  2.592E-08
                3.882E-06  1.718E-07  8.033E-08  2.256E-08  2.028E-08  1.401E-06
                5.887E-07  5.735E-07  1.128E-07  9.056E-07  2.970E-07  2.735E-06
                5.693E-08  8.683E-10  2.178E-09  2.569E-11  2.142E-07  4.998E-08
                4.068E-08  1.034E-10  3.421E-07  2.869E-08  1.679E-08  6.802E-07
                4.696E-07  1.152E-06  1.139E-06  8.974E-08  1.472E-07  3.115E-08
                4.426E-07  4.499E-07  3.001E-09  1.853E-08  7.523E-08  2.256E-07
                4.070E-06  6.014E-09  2.652E-11  8.215E-11  2.504E-11  3.225E-11
                1.876E-12  8.396E-08  4.825E-07  9.190E-09  7.095E-07  6.200E-07
                4.955E-08  4.101E-08  1.998E-06  6.969E-07  6.315E-08  8.751E-08
                2.374E-08  8.788E-10  3.888E-08  1.473E-07  1.156E-07  4.615E-09
                6.000E-08  1.680E-08  2.069E-09  1.098E-06  9.389E-09  6.758E-06
                3.036E-08  2.563E-08  5.796E-08  2.958E-07  6.621E-08  1.021E-07
                1.006E-07  1.417E-08  1.994E-06  8.701E-08  2.157E-07  2.345E-09
                1.023E-06  7.661E-06  6.212E-08  1.203E-07  6.630E-07  2.627E-07
                5.315E-07  7.392E-09  3.070E-08  5.181E-08  3.817E-11  1.925E-07
                1.156E-07  1.612E-09  5.683E-09  6.702E-08  8.808E-07  1.066E-06
                1.534E-08  7.222E-09  2.958E-08  1.552E-07  2.320E-09  1.946E-07
                4.204E-07  6.609E-10  1.479E-06  3.014E-07  4.240E-08  1.119E-07
                1.130E-06  2.330E-08  1.166E-07  1.813E-08  1.090E-07  1.925E-07
                1.156E-07  3.427E-06  3.459E-08  5.559E-07  1.988E-09  1.002E-07
                6.869E-08  1.174E-08  3.294E-07  7.417E-08  4.049E-07  5.525E-10
                6.848E-09  1.167E-06  1.183E-06  1.907E-08  1.139E-07  1.011E-07
                7.045E-09  5.096E-08  1.565E-07  7.509E-08  5.152E-08  6.996E-09
                1.578E-06  1.152E-07  8.230E-08  4.396E-08  1.115E-07  7.909E-08
                3.129E-06  1.685E-06  7.609E-08  1.303E-07  2.662E-07  4.118E-07
                3.532E-07  2.210E-08  2.397E-08  1.145E-10  1.410E-09  1.713E-08
                2.214E-07  3.924E-07  4.557E-07  1.057E-06  1.081E-07  1.726E-08
                3.027E-09  4.077E-08  7.274E-08  3.589E-08  1.504E-06
1.95974663E+02  8.248E-04  8.712E-04  1.765E-06  5.455E-04  3.524E-04  7.735E-07
                6.169E-07  3.876E-03  1.234E-06  7.941E-07  1.189E-04  1.315E-06
                1.898E-03  1.358E-05  2.032E-05  4.116E-07  1.039E-07  3.446E-07
                4.108E-07  1.981E-07  1.251E-09  2.992E-07  2.423E-07  1.618E-08
                4.402E-08  1.140E-07  7.786E-07  1.042E-07  2.364E-07  3.350E-07
                4.139E-07  7.207E-08  1.288E-06  4.355E-07  2.677E-07  5.423E-08
                1.590E-10  1.370E-07  2.153E-10  1.096E-06  1.418E-07  4.937E-07
                1.556E-07  2.048E-08  2.890E-08  3.603E-08  1.422E-07  1.866E-08
                2.734E-06  1.568E-07  5.845E-08  1.671E-08  2.091E-08  1.273E-06
                3.957E-07  3.817E-07  7.253E-08  6.574E-07  1.861E-07  2.445E-06
                5.921E-08  6.968E-10  1.924E-09  2.414E-11  1.247E-07  4.153E-08
                2.929E-08  6.921E-11  2.549E-07  1.763E-08  2.305E-08  6.073E-07
                3.885E-07  8.034E-07  8.148E-07  5.982E-08  1.056E-07  1.794E-08
                4.018E-07  4.096E-07  2.134E-09  1.316E-08  5.512E-08  1.528E-07
                2.952E-06  7.700E-09  1.839E-11  5.766E-11  1.883E-11  3.015E-11
                1.368E-12  7.660E-08  4.371E-07  6.373E-09  5.386E-07  4.726E-07
                3.900E-08  4.615E-08  1.430E-06  5.028E-07  4.896E-08  6.795E-08
                1.973E-08  9.681E-10  3.288E-08  1.236E-07  9.645E-08  4.632E-09
                6.233E-08  1.707E-08  1.569E-09  1.048E-06  6.889E-09  4.679E-06
                2.110E-08  2.184E-08  4.631E-08  2.322E-07  5.040E-08  8.380E-08
                8.432E-08  1.106E-08  1.553E-06  7.402E-08  1.998E-07  2.089E-09
                7.258E-07  5.359E-06  4.998E-08  9.255E-08  6.239E-07  2.457E-07
                4.579E-07  4.412E-09  2.112E-08  3.675E-08  3.152E-11  1.370E-07
                8.247E-08  1.133E-09  3.953E-09  5.389E-08  6.675E-07  8.102E-07
                9.202E-09  4.509E-09  1.914E-08  1.393E-07  1.526E-09  1.381E-07
                3.004E-07  4.795E-10  1.120E-06  2.254E-07  2.799E-08  8.877E-08
                8.646E-07  1.615E-08  7.879E-08  1.590E-08  7.968E-08  1.351E-07
                9.424E-08  2.484E-06  3.399E-08  5.229E-07  1.532E-09  7.157E-08
                4.886E-08  7.479E-09  3.305E-07  5.592E-08  3.036E-07  3.765E-10
                3.709E-09  8.779E-07  8.925E-07  1.309E-08  8.259E-08  7.657E-08
                6.821E-09  3.507E-08  1.333E-07  5.425E-08  4.328E-08  5.384E-09
                1.141E-06  8.549E-08  6.941E-08  4.760E-08  1.211E-07  6.484E-08
                2.252E-06  1.216E-06  5.536E-08  9.979E-08  2.254E-07  3.016E-07
                2.513E-07  1.374E-08  1.933E-08  7.467E-11  1.384E-09  1.101E-08
                1.750E-07  3.122E-07  3.517E-07  8.259E-07  7.822E-08  1.279E-08
                1.656E-09  3.072E-08  5.817E-08  2.883E-08  1.179E-06
