2.92766630E+01  1.828E-01
2.96168630E+01  1.793E-01
2.99570630E+01  2.018E-01
3.02972630E+01  1.740E-01
3.06374630E+01  1.630E-01
3.09776630E+01  1.627E-01
3.13178630E+01  1.585E-01
3.16580630E+01  1.522E-01
3.19982630E+01  1.471E-01
3.23384630E+01  1.434E-01
3.26786630E+01  1.217E-01
3.30188630E+01  1.394E-01
3.33590630E+01  1.325E-01
3.36992630E+01  1.307E-01
3.40394630E+01  1.262E-01
3.43796630E+01  1.235E-01
3.47198630E+01  1.208E-01
3.50600630E+01  1.173E-01
3.54002630E+01  1.149E-01
3.57404630E+01  1.123E-01
3.60806630E+01  1.091E-01
3.64208630E+01  1.075E-01
3.67610630E+01  1.054E-01
3.71012630E+01  1.018E-01
3.74414630E+01  9.944E-02
3.77816630E+01  9.757E-02
3.81218630E+01  9.526E-02
3.84620630E+01  9.495E-02
3.88022630E+01  7.837E-02
3.91424630E+01  8.635E-02
3.94826630E+01  7.715E-02
3.98228630E+01  8.297E-02
4.01630630E+01  8.128E-02
4.05032630E+01  8.173E-02
4.08434630E+01  7.906E-02
4.11836630E+01  7.739E-02
4.15238630E+01  6.946E-02
4.18640630E+01  7.471E-02
4.22042630E+01  7.037E-02
4.25444630E+01  6.826E-02
4.28846630E+01  6.748E-02
4.32248630E+01  6.733E-02
4.35650630E+01  6.638E-02
4.39052630E+01  5.397E-02
4.42454630E+01  6.125E-02
4.45856630E+01  5.991E-02
4.49258630E+01  6.000E-02
4.52660630E+01  5.953E-02
4.56062630E+01  5.763E-02
4.59464630E+01  4.998E-02
4.62866630E+01  5.127E-02
4.66268630E+01  5.212E-02
4.69670630E+01  5.549E-02
4.73072630E+01  5.204E-02
4.76474630E+01  5.073E-02
4.79876630E+01  4.972E-02
4.83278630E+01  4.523E-02
4.86680630E+01  4.816E-02
4.90082630E+01  4.659E-02
4.93484630E+01  4.435E-02
4.96886630E+01  4.491E-02
5.00288630E+01  4.386E-02
5.03690630E+01  4.163E-02
5.07092630E+01  4.137E-02
5.10494630E+01  4.184E-02
5.13896630E+01  4.076E-02
5.17298630E+01  3.901E-02
5.20700630E+01  3.917E-02
5.24102630E+01  3.823E-02
5.27504630E+01  3.734E-02
5.30906630E+01  3.708E-02
5.34308630E+01  3.644E-02
5.37710630E+01  3.569E-02
5.41112630E+01  3.512E-02
5.44514630E+01  3.449E-02
5.47916630E+01  3.389E-02
5.51318630E+01  3.329E-02
5.54720630E+01  3.270E-02
5.58122630E+01  3.214E-02
5.61524630E+01  3.158E-02
5.64926630E+01  3.104E-02
5.68328630E+01  3.050E-02
5.71730630E+01  2.999E-02
5.75132630E+01  2.948E-02
5.78534630E+01  2.898E-02
5.81936630E+01  2.849E-02
5.85338630E+01  2.801E-02
5.88740630E+01  2.754E-02
5.92142630E+01  2.708E-02
5.95544630E+01  2.663E-02
5.98946630E+01  2.619E-02
6.02348630E+01  2.580E-02
6.05750630E+01  2.533E-02
6.09152630E+01  2.492E-02
6.12554630E+01  2.451E-02
6.15956630E+01  2.412E-02
6.19358630E+01  2.372E-02
6.22760630E+01  2.333E-02
6.26162630E+01  2.297E-02
6.29564630E+01  2.260E-02
6.32966630E+01  2.225E-02
6.36368630E+01  2.190E-02
6.39770630E+01  2.156E-02
6.43172630E+01  2.122E-02
6.46574630E+01  2.089E-02
6.49976630E+01  2.057E-02
6.53378630E+01  2.025E-02
6.56780630E+01  1.994E-02
6.60182630E+01  1.964E-02
6.63584630E+01  1.935E-02
6.66986630E+01  1.905E-02
6.70388630E+01  1.877E-02
6.73790630E+01  1.849E-02
6.77192630E+01  1.822E-02
6.80594630E+01  1.795E-02
6.83996630E+01  1.768E-02
6.87398630E+01  1.742E-02
6.90800630E+01  1.717E-02
6.94202630E+01  1.692E-02
6.97604630E+01  1.667E-02
7.01006630E+01  1.643E-02
7.04408630E+01  1.619E-02
7.07810630E+01  1.596E-02
7.11212630E+01  1.573E-02
7.14614630E+01  1.551E-02
7.18016630E+01  1.529E-02
7.21418630E+01  1.507E-02
7.24820630E+01  1.486E-02
7.28222630E+01  1.465E-02
7.31624630E+01  1.445E-02
7.35026630E+01  1.425E-02
7.38428630E+01  1.405E-02
7.41830630E+01  1.385E-02
7.45232630E+01  1.366E-02
7.48634630E+01  1.348E-02
7.52036630E+01  1.329E-02
7.55438630E+01  1.311E-02
7.58840630E+01  1.293E-02
7.62242630E+01  1.276E-02
7.65644630E+01  1.258E-02
7.69046630E+01  1.242E-02
7.72448630E+01  1.225E-02
7.75850630E+01  1.208E-02
7.79252630E+01  1.192E-02
7.82654630E+01  1.176E-02
7.86056630E+01  1.161E-02
7.89458630E+01  1.145E-02
7.92860630E+01  1.130E-02
7.96262630E+01  1.115E-02
7.99664630E+01  1.100E-02
8.03066630E+01  1.086E-02
8.06468630E+01  1.072E-02
8.09870630E+01  1.058E-02
8.13272630E+01  1.044E-02
8.16674630E+01  1.031E-02
8.20076630E+01  1.017E-02
8.23478630E+01  1.004E-02
8.26880630E+01  9.917E-03
8.30282630E+01  9.792E-03
8.33684630E+01  9.669E-03
8.37086630E+01  9.548E-03
8.40488630E+01  9.429E-03
8.43890630E+01  9.313E-03
8.47292630E+01  9.198E-03
8.50694630E+01  9.086E-03
8.54096630E+01  8.975E-03
8.57498630E+01  8.867E-03
8.60900630E+01  8.760E-03
8.64302630E+01  8.655E-03
8.67704630E+01  8.552E-03
8.71106630E+01  8.450E-03
8.74508630E+01  8.350E-03
8.77910630E+01  8.251E-03
8.81312630E+01  8.154E-03
8.84714630E+01  8.059E-03
8.88116630E+01  7.964E-03
8.91518630E+01  7.871E-03
8.94920630E+01  7.780E-03
8.98322630E+01  7.689E-03
9.01724630E+01  7.600E-03
9.05126630E+01  7.512E-03
9.08528630E+01  7.425E-03
9.11930630E+01  7.340E-03
9.15332630E+01  7.255E-03
9.18734630E+01  7.172E-03
9.22136630E+01  7.090E-03
9.25538630E+01  7.009E-03
9.28940630E+01  6.928E-03
9.32342630E+01  6.850E-03
9.35744630E+01  6.772E-03
9.39146630E+01  6.695E-03
9.42548630E+01  6.619E-03
9.45950630E+01  6.544E-03
9.49352630E+01  6.470E-03
9.52754630E+01  6.397E-03
9.56156630E+01  6.326E-03
9.59558630E+01  6.255E-03
9.62960630E+01  6.185E-03
9.66362630E+01  6.116E-03
9.69764630E+01  6.048E-03
9.73166630E+01  5.980E-03
9.76568630E+01  5.914E-03
9.79970630E+01  5.848E-03
9.83372630E+01  5.784E-03
9.86774630E+01  5.720E-03
9.90176630E+01  5.657E-03
9.93578630E+01  5.594E-03
9.96980630E+01  5.533E-03
1.00038263E+02  5.472E-03
1.00378463E+02  5.412E-03
1.00718663E+02  5.353E-03
1.01058863E+02  5.294E-03
1.01399063E+02  5.236E-03
1.01739263E+02  5.179E-03
1.02079463E+02  5.123E-03
1.02419663E+02  5.068E-03
1.02759863E+02  5.013E-03
1.03100063E+02  4.959E-03
1.03440263E+02  4.906E-03
1.03780463E+02  4.854E-03
1.04120663E+02  4.802E-03
1.04460863E+02  4.751E-03
1.04801063E+02  4.701E-03
1.05141263E+02  4.652E-03
1.05481463E+02  4.604E-03
1.05821663E+02  4.556E-03
1.06161863E+02  4.509E-03
1.06502063E+02  4.463E-03
1.06842263E+02  4.418E-03
1.07182463E+02  4.374E-03
1.07522663E+02  4.330E-03
1.07862863E+02  4.287E-03
1.08203063E+02  4.245E-03
1.08543263E+02  4.203E-03
1.08883463E+02  4.162E-03
1.09223663E+02  4.122E-03
1.09563863E+02  4.082E-03
1.09904063E+02  4.043E-03
1.10244263E+02  4.005E-03
1.10584463E+02  3.967E-03
1.10924663E+02  3.929E-03
1.11264863E+02  3.892E-03
1.11605063E+02  3.856E-03
1.11945263E+02  3.820E-03
1.12285463E+02  3.785E-03
1.12625663E+02  3.750E-03
1.12965863E+02  3.715E-03
1.13306063E+02  3.681E-03
1.13646263E+02  3.647E-03
1.13986463E+02  3.613E-03
1.14326663E+02  3.580E-03
1.14666863E+02  3.547E-03
1.15007063E+02  3.515E-03
1.15347263E+02  3.483E-03
1.15687463E+02  3.451E-03
1.16027663E+02  3.419E-03
1.16367863E+02  3.387E-03
1.16708063E+02  3.356E-03
1.17048263E+02  3.325E-03
1.17388463E+02  3.295E-03
1.17728663E+02  3.264E-03
1.18068863E+02  3.234E-03
1.18409063E+02  3.204E-03
1.18749263E+02  3.174E-03
1.19089463E+02  3.145E-03
1.19429663E+02  3.116E-03
1.19769863E+02  3.087E-03
1.20110063E+02  3.058E-03
1.20450263E+02  3.030E-03
1.20790463E+02  3.002E-03
1.21130663E+02  2.974E-03
1.21470863E+02  2.946E-03
1.21811063E+02  2.918E-03
1.22151263E+02  2.891E-03
1.22491463E+02  2.864E-03
1.22831663E+02  2.837E-03
1.23171863E+02  2.811E-03
1.23512063E+02  2.785E-03
1.23852263E+02  2.758E-03
1.24192463E+02  2.733E-03
1.24532663E+02  2.707E-03
1.24872863E+02  2.682E-03
1.25213063E+02  2.657E-03
1.25553263E+02  2.632E-03
1.25893463E+02  2.607E-03
1.26233663E+02  2.583E-03
1.26573863E+02  2.559E-03
1.26914063E+02  2.535E-03
1.27254263E+02  2.511E-03
1.27594463E+02  2.488E-03
1.27934663E+02  2.465E-03
1.28274863E+02  2.442E-03
1.28615063E+02  2.419E-03
1.28955263E+02  2.397E-03
1.29295463E+02  2.375E-03
1.29635663E+02  2.353E-03
1.29975863E+02  2.332E-03
1.30316063E+02  2.311E-03
1.30656263E+02  2.290E-03
1.30996463E+02  2.269E-03
1.31336663E+02  2.249E-03
1.31676863E+02  2.229E-03
1.32017063E+02  2.210E-03
1.32357263E+02  2.191E-03
1.32697463E+02  2.172E-03
1.33037663E+02  2.153E-03
1.33377863E+02  2.135E-03
1.33718063E+02  2.117E-03
1.34058263E+02  2.100E-03
1.34398463E+02  2.082E-03
1.34738663E+02  2.066E-03
1.35078863E+02  2.049E-03
1.35419063E+02  2.033E-03
1.35759263E+02  2.017E-03
1.36099463E+02  2.001E-03
1.36439663E+02  1.986E-03
1.36779863E+02  1.971E-03
1.37120063E+02  1.956E-03
1.37460263E+02  1.941E-03
1.37800463E+02  1.927E-03
1.38140663E+02  1.913E-03
1.38480863E+02  1.899E-03
1.38821063E+02  1.885E-03
1.39161263E+02  1.872E-03
1.39501463E+02  1.858E-03
1.39841663E+02  1.845E-03
1.40181863E+02  1.832E-03
1.40522063E+02  1.819E-03
1.40862263E+02  1.807E-03
1.41202463E+02  1.794E-03
1.41542663E+02  1.781E-03
1.41882863E+02  1.769E-03
1.42223063E+02  1.757E-03
1.42563263E+02  1.744E-03
1.42903463E+02  1.732E-03
1.43243663E+02  1.720E-03
1.43583863E+02  1.708E-03
1.43924063E+02  1.696E-03
1.44264263E+02  1.684E-03
1.44604463E+02  1.672E-03
1.44944663E+02  1.660E-03
1.45284863E+02  1.648E-03
1.45625063E+02  1.636E-03
1.45965263E+02  1.624E-03
1.46305463E+02  1.612E-03
1.46645663E+02  1.600E-03
1.46985863E+02  1.588E-03
1.47326063E+02  1.576E-03
1.47666263E+02  1.564E-03
1.48006463E+02  1.552E-03
1.48346663E+02  1.540E-03
1.48686863E+02  1.528E-03
1.49027063E+02  1.516E-03
1.49367263E+02  1.504E-03
1.49707463E+02  1.492E-03
1.50047663E+02  1.480E-03
1.50387863E+02  1.468E-03
1.50728063E+02  1.456E-03
1.51068263E+02  1.445E-03
1.51408463E+02  1.433E-03
1.51748663E+02  1.421E-03
1.52088863E+02  1.409E-03
1.52429063E+02  1.398E-03
1.52769263E+02  1.386E-03
1.53109463E+02  1.374E-03
1.53449663E+02  1.363E-03
1.53789863E+02  1.351E-03
1.54130063E+02  1.340E-03
1.54470263E+02  1.328E-03
1.54810463E+02  1.317E-03
1.55150663E+02  1.306E-03
1.55490863E+02  1.294E-03
1.55831063E+02  1.283E-03
1.56171263E+02  1.272E-03
1.56511463E+02  1.261E-03
1.56851663E+02  1.250E-03
1.57191863E+02  1.240E-03
1.57532063E+02  1.229E-03
1.57872263E+02  1.218E-03
1.58212463E+02  1.208E-03
1.58552663E+02  1.198E-03
1.58892863E+02  1.187E-03
1.59233063E+02  1.177E-03
1.59573263E+02  1.167E-03
1.59913463E+02  1.158E-03
1.60253663E+02  1.148E-03
1.60593863E+02  1.138E-03
1.60934063E+02  1.129E-03
1.61274263E+02  1.120E-03
1.61614463E+02  1.111E-03
1.61954663E+02  1.102E-03
1.62294863E+02  1.093E-03
1.62635063E+02  1.085E-03
1.62975263E+02  1.076E-03
1.63315463E+02  1.068E-03
1.63655663E+02  1.060E-03
1.63995863E+02  1.053E-03
1.64336063E+02  1.045E-03
1.64676263E+02  1.038E-03
1.65016463E+02  1.030E-03
1.65356663E+02  1.023E-03
1.65696863E+02  1.017E-03
1.66037063E+02  1.010E-03
1.66377263E+02  1.004E-03
1.66717463E+02  9.975E-04
1.67057663E+02  9.914E-04
1.67397863E+02  9.856E-04
1.67738063E+02  9.799E-04
1.68078263E+02  9.745E-04
1.68418463E+02  9.691E-04
1.68758663E+02  9.640E-04
1.69098863E+02  9.590E-04
1.69439063E+02  9.541E-04
1.69779263E+02  9.494E-04
1.70119463E+02  9.448E-04
1.70459663E+02  9.403E-04
1.70799863E+02  9.360E-04
1.71140063E+02  9.317E-04
1.71480263E+02  9.275E-04
1.71820463E+02  9.234E-04
1.72160663E+02  9.194E-04
1.72500863E+02  9.154E-04
1.72841063E+02  9.114E-04
1.73181263E+02  9.075E-04
1.73521463E+02  9.036E-04
1.73861663E+02  8.997E-04
1.74201863E+02  8.959E-04
1.74542063E+02  8.920E-04
1.74882263E+02  8.881E-04
1.75222463E+02  8.841E-04
1.75562663E+02  8.802E-04
1.75902863E+02  8.761E-04
1.76243063E+02  8.721E-04
1.76583263E+02  8.679E-04
1.76923463E+02  8.637E-04
1.77263663E+02  8.594E-04
1.77603863E+02  8.551E-04
1.77944063E+02  8.507E-04
1.78284263E+02  8.461E-04
1.78624463E+02  8.415E-04
1.78964663E+02  8.368E-04
1.79304863E+02  8.320E-04
1.79645063E+02  8.271E-04
1.79985263E+02  8.221E-04
1.80325463E+02  8.171E-04
1.80665663E+02  8.119E-04
1.81005863E+02  8.066E-04
1.81346063E+02  8.013E-04
1.81686263E+02  7.958E-04
1.82026463E+02  7.903E-04
1.82366663E+02  7.847E-04
1.82706863E+02  7.790E-04
1.83047063E+02  7.733E-04
1.83387263E+02  7.674E-04
1.83727463E+02  7.616E-04
1.84067663E+02  7.556E-04
1.84407863E+02  7.496E-04
1.84748063E+02  7.435E-04
1.85088263E+02  7.374E-04
1.85428463E+02  7.313E-04
1.85768663E+02  7.251E-04
1.86108863E+02  7.188E-04
1.86449063E+02  7.126E-04
1.86789263E+02  7.063E-04
1.87129463E+02  7.000E-04
1.87469663E+02  6.937E-04
1.87809863E+02  6.873E-04
1.88150063E+02  6.810E-04
1.88490263E+02  6.747E-04
1.88830463E+02  6.683E-04
1.89170663E+02  6.620E-04
1.89510863E+02  6.557E-04
1.89851063E+02  6.494E-04
1.90191263E+02  6.431E-04
1.90531463E+02  6.369E-04
1.90871663E+02  6.307E-04
1.91211863E+02  6.245E-04
1.91552063E+02  6.184E-04
1.91892263E+02  6.123E-04
1.92232463E+02  6.063E-04
1.92572663E+02  6.003E-04
1.92912863E+02  5.945E-04
1.93253063E+02  5.886E-04
1.93593263E+02  5.829E-04
1.93933463E+02  5.772E-04
1.94273663E+02  5.717E-04
1.94613863E+02  5.662E-04
1.94954063E+02  5.609E-04
1.95294263E+02  5.556E-04
1.95634463E+02  5.505E-04
1.95974663E+02  5.455E-04
1.96314863E+02  5.406E-04
1.96655063E+02  5.359E-04
1.96995263E+02  5.313E-04
1.97335463E+02  5.268E-04
1.97675663E+02  5.225E-04
1.98015863E+02  5.184E-04
1.98356063E+02  5.145E-04
1.98696263E+02  5.107E-04
1.99036463E+02  5.071E-04
1.99376663E+02  5.036E-04
1.99716863E+02  5.004E-04
2.00057063E+02  4.973E-04
2.00397263E+02  4.945E-04
2.00737463E+02  4.918E-04
2.01077663E+02  4.893E-04
2.01417863E+02  4.870E-04
2.01758063E+02  4.850E-04
2.02098263E+02  4.831E-04
2.02438463E+02  4.814E-04
2.02778663E+02  4.799E-04
2.03118863E+02  4.786E-04
2.03459063E+02  4.775E-04
2.03799263E+02  4.766E-04
2.04139463E+02  4.759E-04
2.04479663E+02  4.754E-04
