          16           7
         215          13           1           1
           0          -4           0          -4           0          -6           0          -2           0          -4           0           6           0           4           0           2           0           4           0           6           0           2           0           4           0           2           0          -4           0          -2           0           2           0           4           0           6           0           2           0           4           0           6           0           4           0          -2           0          -2           0          -4           0          -6           0          -8           0          -2           0          -4           0          -6           0          -4           0           2           0          -4           0          -6           0          -2           0          -4           0          -6           0          -6           0          -8           0          -4           0          -6           0          -2           0          -4           0           4           0           6           0           8           0          10           0           4           0          -4           0           2           0           6           0           4           0           8           0           2           0          -4           0          -2           0           6           0           6           0           4           0           2           0           8           0           4           0           6           0           8           0           4           0           6           0           8           0          10           0           4           0           6           0           8           0           6           0           4           0           2           0           6           0           2           0           4           0           2           0          -4           0          -2           0          -6           0          -8           0           6           0           4           0          -4           0          -6           0          -2           0          -4           0          -6           0          -8           0         -10           0          -2           0          -4           0          -6           0          -4           0          -2           0          -6           0          -8           0          -2           0          -4           0           2           0           4           0           6           0           8           0           4           0           4           0           6           0           8           0           2           0          10           0           8           0           6           0           4           0           2           0           6           0           6           0           4           0           4           0           2           0           4           0           6           0           8           0          -4           0           2           0           4           0          -6           0          -4           0           2           0           4           0           6           0           4           0           6           0          -2           0          -4           0          -6           0          -8           0         -10           0          -6           0          -8           0         -10           0         -12           0           2           0          -2           0          -4           0          -6           0          -8           0          -2           0          -8           0         -10           0          -4           0          -2           0          -6           0          -4           0          -2           0          -4           0          -2           0          -4           0          -6           0          -4           0          -8           0          -6           0           2           0           4           0           2           0           4           0           6           0         -10           0          -8           0          -6           0          -4           0           6           0          -2           0          -4           0           8           0          -6           0          -2           0          -4           0          -6           0          -8           0           4           0           6           0          -4           0          -6           0          -6           0          -8           0          -2           0           2           0          -4           0           4           0           6           0           4           0           4           0           2           0           2           0          -4           0          -6           0          -8           0          -2           0          -4           0          -6           0          -8           0         -10           0          -8           0          -6           0          -4           0          -2           0          -2           0          -4           0          -6           0          -6           0          -8           0          -4           0          -2           0          -6           0          -4
    0.000000E+00    9.645106E-03    9.843162E-03    1.435602E-02    1.458263E-02
    4.247197E-02    4.320385E-02    4.360158E-02    5.944295E-02    5.948713E-02
    6.922989E-02    7.316769E-02    7.411300E-02    1.134727E-01    1.147319E-01
    2.354040E-01    2.358931E-01    2.366026E-01    2.382857E-01    2.391328E-01
    2.438023E-01    2.438287E-01    2.461520E-01    2.471700E-01    2.474363E-01
    2.479076E-01    2.485433E-01    2.486026E-01    2.487216E-01    2.491410E-01
    2.502551E-01    2.507374E-01    2.510783E-01    2.511300E-01    2.524691E-01
    2.524772E-01    2.554279E-01    2.561102E-01    2.563381E-01    2.591442E-01
    2.591854E-01    2.609226E-01    2.615363E-01    2.619649E-01    2.622131E-01
    2.625883E-01    2.631076E-01    2.632646E-01    2.633261E-01    2.634365E-01
    2.637297E-01    2.638533E-01    2.640096E-01    2.643758E-01    2.644930E-01
    2.645338E-01    2.648466E-01    2.652759E-01    2.655531E-01    2.656939E-01
    2.657640E-01    2.676748E-01    2.677713E-01    2.679166E-01    2.688115E-01
    2.690337E-01    2.711118E-01    2.712141E-01    2.720014E-01    2.721113E-01
    2.724223E-01    2.724984E-01    2.725578E-01    2.726085E-01    2.727219E-01
    2.737570E-01    2.740430E-01    2.746587E-01    2.763855E-01    2.763956E-01
    2.763957E-01    2.764682E-01    2.789238E-01    2.791446E-01    2.808157E-01
    2.808428E-01    2.816082E-01    2.816156E-01    2.816277E-01    2.816445E-01
    2.816660E-01    2.832213E-01    2.832636E-01    2.833497E-01    2.872720E-01
    2.872722E-01    2.872783E-01    2.873017E-01    2.873787E-01    2.874354E-01
    2.875828E-01    2.876419E-01    2.877951E-01    2.879672E-01    2.884374E-01
    2.885530E-01    2.886000E-01    2.886971E-01    2.887362E-01    2.888178E-01
    2.901974E-01    2.902310E-01    2.934227E-01    2.936053E-01    2.936679E-01
    2.948139E-01    2.948751E-01    2.949134E-01    2.954910E-01    2.955387E-01
    2.955818E-01    2.956302E-01    2.974080E-01    2.974265E-01    2.978254E-01
    2.979930E-01    2.980044E-01    2.981863E-01    2.981951E-01    2.982014E-01
    2.986863E-01    2.989406E-01    2.997979E-01    3.013547E-01    3.014398E-01
    3.015665E-01    3.017420E-01    3.025165E-01    3.025355E-01    3.025686E-01
    3.026262E-01    3.032771E-01    3.036433E-01    3.036673E-01    3.036996E-01
    3.037196E-01    3.041292E-01    3.046134E-01    3.046301E-01    3.048276E-01
    3.048611E-01    3.049614E-01    3.051740E-01    3.052844E-01    3.060373E-01
    3.062721E-01    3.065126E-01    3.067251E-01    3.072820E-01    3.083217E-01
    3.083847E-01    3.085481E-01    3.086063E-01    3.093086E-01    3.093690E-01
    3.093750E-01    3.093804E-01    3.094500E-01    3.095030E-01    3.095365E-01
    3.096086E-01    3.096683E-01    3.098305E-01    3.098337E-01    3.100372E-01
    3.110986E-01    3.111053E-01    3.111248E-01    3.111449E-01    3.124031E-01
    3.124222E-01    3.126400E-01    3.132139E-01    3.132929E-01    3.134326E-01
    3.163175E-01    3.165548E-01    3.167011E-01    3.167161E-01    3.173537E-01
    3.174815E-01    3.194473E-01    3.198310E-01    3.206567E-01    3.235572E-01
    3.235827E-01    3.236877E-01    3.236885E-01    3.238034E-01    3.239013E-01
    3.239634E-01    3.240075E-01    3.245628E-01    3.245933E-01    3.263728E-01
    3.264517E-01    3.271738E-01    3.284075E-01    3.287843E-01    3.314323E-01
    3.314556E-01    3.324856E-01    3.325179E-01    3.327131E-01    3.333147E-01
           0           0           0           1
  -27.915863041215566               13
2.89364630E+01  2.728E-01  2.831E-01  2.178E-03
4.25444630E+01  1.309E-01  1.207E-01  1.193E-03  6.826E-02  4.413E-02  2.724E-03
                1.496E-03  1.015E-01  5.244E-03  2.681E-03  6.083E-03  9.983E-03
                4.220E-02  1.637E-03  2.417E-03
5.61524630E+01  4.870E-02  5.144E-02  3.554E-05  3.158E-02  2.062E-02  6.975E-05
                4.887E-05  5.600E-02  1.475E-04  8.434E-05  1.502E-03  1.028E-04
                2.308E-02  5.778E-04  8.541E-04  2.582E-06  5.419E-06  3.850E-05
                8.374E-06  2.501E-05  2.051E-08  1.336E-05  1.411E-05  8.550E-07
                3.008E-06  2.687E-06  1.408E-05  7.683E-06  2.156E-05  3.380E-05
                3.974E-05  3.195E-06  1.617E-04  2.194E-05  2.299E-05  5.166E-06
                1.475E-08  2.108E-05  3.744E-09  1.172E-04  4.337E-06  5.096E-05
                2.290E-05  7.537E-06  6.866E-06  2.488E-07  6.732E-07  2.104E-06
                1.436E-04  1.674E-06  4.428E-06  1.490E-06  1.286E-06  1.573E-05
                3.868E-05  4.086E-05  1.126E-05  7.497E-05  5.310E-05  4.435E-05
                5.401E-07  1.888E-08  6.435E-08  4.396E-10  4.065E-05  1.007E-06
                2.860E-08  5.851E-10  1.520E-05  2.750E-06  2.098E-07  1.339E-05
                7.275E-06  1.279E-05  5.699E-05  1.500E-05  8.788E-06  6.029E-06
                1.514E-05  1.481E-05  1.446E-07  6.248E-07  2.227E-06  2.456E-05
                1.180E-04  2.411E-07  3.883E-10  1.315E-09  3.917E-10  2.222E-10
                8.195E-12  2.416E-06  1.476E-05  6.510E-07  5.422E-06  4.283E-06
                1.027E-06  2.097E-06  5.397E-05  2.012E-05  1.422E-06  1.592E-06
                7.211E-07  4.776E-08  1.221E-06  4.484E-06  2.894E-06  7.293E-08
                5.581E-06  2.873E-07  5.231E-08  3.517E-05  1.830E-07  1.338E-04
                5.591E-07  1.038E-06  1.623E-06  3.731E-06  1.067E-06  2.537E-06
                2.272E-06  1.054E-07  6.549E-05  2.314E-06  4.906E-06  1.614E-07
                2.346E-05  1.281E-04  2.248E-06  3.992E-06  1.776E-05  7.426E-06
                1.658E-05  2.672E-06  3.191E-06  2.725E-06  1.573E-09  1.298E-05
                7.598E-06  3.195E-09  6.273E-09  2.100E-06  1.699E-05  2.109E-05
                4.327E-06  3.066E-07  1.424E-06  2.614E-05  3.710E-09  4.109E-06
                9.125E-06  2.179E-07  3.096E-05  7.255E-06  4.083E-06  2.033E-06
                1.957E-05  1.654E-06  7.648E-06  1.311E-06  7.205E-06  2.325E-06
                3.202E-06  6.791E-05  1.399E-06  2.223E-05  7.560E-10  4.688E-06
                5.737E-06  2.991E-06  8.966E-06  1.557E-06  9.101E-06  1.636E-08
                3.309E-06  2.344E-05  2.461E-05  1.362E-06  5.941E-06  1.573E-06
                4.765E-07  4.465E-06  1.450E-05  5.697E-06  4.779E-06  3.687E-07
                2.025E-05  4.238E-06  2.192E-06  1.336E-06  3.640E-06  2.849E-06
                3.556E-05  1.736E-05  5.899E-06  1.509E-05  3.468E-05  1.779E-05
                1.920E-05  4.641E-06  4.226E-06  2.323E-10  1.668E-06  8.187E-07
                1.503E-06  2.559E-06  3.517E-06  1.967E-05  6.173E-06  1.186E-06
                2.786E-07  7.314E-07  6.645E-07  1.558E-06  1.684E-05
6.97604630E+01  2.582E-02  2.715E-02  1.678E-05  1.667E-02  1.086E-02  3.679E-05
                2.583E-05  3.746E-02  7.559E-05  4.425E-05  1.031E-03  5.446E-05
                1.602E-02  3.210E-04  4.745E-04  1.109E-06  3.580E-06  1.935E-05
                6.008E-06  1.348E-05  1.284E-08  1.040E-05  5.422E-06  3.472E-07
                1.104E-06  1.258E-06  7.443E-06  3.694E-06  1.231E-05  1.898E-05
                1.854E-05  2.453E-06  6.428E-05  1.165E-05  1.096E-05  3.207E-06
                8.871E-09  9.458E-06  2.773E-09  5.355E-05  2.253E-06  2.322E-05
                9.898E-06  2.956E-06  2.863E-06  1.415E-07  3.878E-07  8.404E-07
                7.923E-05  6.795E-07  2.705E-06  5.356E-07  4.812E-07  5.826E-06
                1.855E-05  1.859E-05  5.003E-06  3.676E-05  1.678E-05  1.469E-05
                2.550E-07  1.103E-08  4.188E-08  8.383E-11  1.260E-05  5.403E-07
                1.618E-07  6.049E-10  8.422E-06  1.146E-06  6.480E-08  8.126E-06
                4.447E-06  1.035E-05  3.070E-05  4.477E-06  4.042E-06  1.912E-06
                9.898E-06  1.004E-05  4.109E-08  2.117E-07  1.414E-06  9.221E-06
                7.123E-05  1.397E-07  2.196E-10  6.975E-10  3.724E-10  1.726E-10
                1.126E-11  1.755E-06  1.016E-05  3.805E-07  4.446E-06  3.433E-06
                7.768E-07  5.376E-07  3.317E-05  1.194E-05  7.506E-07  9.414E-07
                2.922E-07  2.299E-08  6.250E-07  1.955E-06  1.247E-06  6.463E-08
                8.527E-07  2.473E-07  3.979E-08  2.011E-05  1.363E-07  7.610E-05
                3.962E-07  4.665E-07  1.009E-06  2.315E-06  6.103E-07  1.495E-06
                1.366E-06  1.021E-07  3.932E-05  8.314E-07  2.606E-06  6.571E-08
                1.658E-05  7.586E-05  8.841E-07  1.703E-06  1.051E-05  4.359E-06
                1.070E-05  9.521E-07  1.366E-06  1.425E-06  1.149E-09  6.623E-06
                3.901E-06  2.625E-08  4.192E-08  1.095E-06  9.164E-06  1.136E-05
                1.637E-06  1.438E-07  6.881E-07  9.353E-06  2.976E-09  3.040E-06
                6.645E-06  5.328E-08  1.641E-05  3.708E-06  1.689E-06  1.234E-06
                1.163E-05  8.035E-07  3.366E-06  4.611E-07  3.807E-06  1.489E-06
                1.682E-06  3.576E-05  6.874E-07  1.210E-05  1.135E-08  2.428E-06
                2.518E-06  1.035E-06  4.926E-06  8.249E-07  4.718E-06  5.855E-09
                1.025E-06  1.280E-05  1.335E-05  6.412E-07  2.711E-06  7.400E-07
                2.186E-07  2.159E-06  5.535E-06  2.857E-06  1.652E-06  1.661E-07
                1.340E-05  2.445E-06  1.189E-06  7.198E-07  1.648E-06  1.088E-06
                2.469E-05  1.248E-05  2.255E-06  7.101E-06  1.461E-05  7.751E-06
                8.588E-06  1.759E-06  1.015E-06  7.765E-09  6.480E-07  4.637E-07
                1.545E-06  2.514E-06  3.481E-06  1.036E-05  2.947E-06  4.468E-07
                6.230E-08  5.135E-07  4.928E-07  7.294E-07  1.191E-05
8.33684630E+01  1.499E-02  1.571E-02  9.873E-06  9.669E-03  6.275E-03  2.101E-05
                1.506E-05  2.635E-02  4.184E-05  2.480E-05  7.407E-04  3.107E-05
                1.158E-02  1.945E-04  2.878E-04  7.499E-07  2.365E-06  1.079E-05
                4.070E-06  7.737E-06  1.019E-08  7.111E-06  2.791E-06  1.561E-07
                4.738E-07  8.099E-07  5.142E-06  2.098E-06  7.408E-06  1.143E-05
                9.862E-06  1.665E-06  3.051E-05  7.077E-06  5.975E-06  2.034E-06
                5.508E-09  4.879E-06  2.012E-09  2.756E-05  1.373E-06  1.204E-05
                4.851E-06  1.350E-06  1.375E-06  1.025E-07  2.598E-07  4.082E-07
                4.691E-05  5.210E-07  1.716E-06  2.735E-07  2.435E-07  4.294E-06
                9.998E-06  9.585E-06  2.594E-06  2.003E-05  7.264E-06  9.466E-06
                1.944E-07  7.360E-09  2.799E-08  2.484E-11  5.241E-06  3.466E-07
                2.201E-07  5.255E-10  4.966E-06  5.868E-07  3.236E-08  5.727E-06
                3.383E-06  7.693E-06  1.787E-05  1.857E-06  2.240E-06  8.077E-07
                6.664E-06  6.854E-06  1.612E-08  9.492E-08  9.100E-07  4.478E-06
                4.463E-05  8.978E-08  1.531E-10  4.858E-10  2.887E-10  1.189E-10
                1.127E-11  1.245E-06  7.054E-06  2.234E-07  3.452E-06  2.717E-06
                5.452E-07  1.873E-07  2.105E-05  7.489E-06  5.086E-07  6.781E-07
                1.976E-07  1.260E-08  3.917E-07  1.253E-06  8.125E-07  4.502E-08
                2.215E-07  1.732E-07  2.104E-08  1.343E-05  8.831E-08  4.776E-05
                2.585E-07  2.883E-07  6.688E-07  1.821E-06  4.508E-07  1.073E-06
                1.015E-06  8.154E-08  2.478E-05  4.160E-07  1.813E-06  3.448E-08
                1.089E-05  4.902E-05  5.487E-07  1.102E-06  7.204E-06  3.003E-06
                7.043E-06  4.112E-07  6.460E-07  7.272E-07  6.982E-10  3.178E-06
                1.873E-06  5.872E-09  2.063E-08  6.952E-07  5.906E-06  7.273E-06
                7.519E-07  7.601E-08  3.604E-07  3.618E-06  8.088E-09  2.017E-06
                4.430E-06  2.084E-08  1.038E-05  2.289E-06  8.409E-07  7.719E-07
                7.858E-06  4.413E-07  1.720E-06  1.983E-07  2.180E-06  1.177E-06
                1.103E-06  2.125E-05  4.439E-07  7.820E-06  7.477E-09  1.284E-06
                1.247E-06  4.638E-07  3.165E-06  5.024E-07  2.856E-06  2.310E-09
                4.352E-07  8.114E-06  8.418E-06  3.588E-07  1.521E-06  5.124E-07
                1.018E-07  1.193E-06  2.411E-06  1.546E-06  7.142E-07  9.166E-08
                9.270E-06  1.468E-06  7.907E-07  4.165E-07  9.083E-07  6.836E-07
                1.775E-05  9.194E-06  1.093E-06  3.348E-06  6.127E-06  4.294E-06
                4.697E-06  7.955E-07  2.724E-07  4.570E-10  2.666E-07  2.848E-07
                1.232E-06  1.981E-06  2.657E-06  6.823E-06  1.502E-06  2.130E-07
                2.079E-08  3.393E-07  3.620E-07  3.395E-07  8.394E-06
9.69764630E+01  9.358E-03  9.823E-03  5.138E-06  6.048E-03  3.925E-03  1.267E-05
                9.127E-06  1.937E-02  2.469E-05  1.490E-05  5.514E-04  1.892E-05
                8.655E-03  1.269E-04  1.878E-04  5.942E-07  1.505E-06  6.112E-06
                2.727E-06  4.413E-06  8.323E-09  4.630E-06  1.695E-06  6.884E-08
                2.253E-07  6.089E-07  4.012E-06  1.290E-06  4.546E-06  7.098E-06
                5.722E-06  1.081E-06  1.664E-05  4.600E-06  3.591E-06  1.296E-06
                3.428E-09  2.732E-06  1.394E-09  1.576E-05  9.340E-07  6.968E-06
                2.677E-06  6.849E-07  7.258E-07  8.666E-08  2.351E-07  2.198E-07
                2.977E-05  4.546E-07  1.068E-06  1.661E-07  1.324E-07  3.723E-06
                5.900E-06  5.511E-06  1.482E-06  1.151E-05  3.739E-06  7.760E-06
                1.619E-07  5.099E-09  1.819E-08  1.319E-11  2.641E-06  2.350E-07
                2.083E-07  4.531E-10  3.090E-06  3.335E-07  2.794E-08  4.042E-06
                2.561E-06  5.765E-06  1.098E-05  9.475E-07  1.358E-06  4.068E-07
                4.535E-06  4.675E-06  9.529E-09  5.798E-08  5.980E-07  2.503E-06
                2.967E-05  5.734E-08  1.079E-10  3.399E-10  2.000E-10  1.037E-10
                9.848E-12  8.684E-07  4.896E-06  1.347E-07  2.660E-06  2.136E-06
                3.632E-07  1.020E-07  1.410E-05  5.014E-06  3.786E-07  5.128E-07
                1.463E-07  7.830E-09  2.633E-07  8.950E-07  5.928E-07  3.295E-08
                1.311E-07  1.242E-07  1.417E-08  9.175E-06  6.191E-08  3.291E-05
                1.723E-07  2.011E-07  4.413E-07  1.453E-06  3.546E-07  7.928E-07
                7.529E-07  6.393E-08  1.671E-05  2.724E-07  1.342E-06  2.089E-08
                7.199E-06  3.446E-05  3.934E-07  8.128E-07  5.056E-06  2.109E-06
                4.858E-06  2.055E-07  3.471E-07  4.141E-07  4.127E-10  1.689E-06
                1.000E-06  6.302E-09  2.302E-08  4.605E-07  4.141E-06  5.072E-06
                3.909E-07  4.725E-08  2.152E-07  1.534E-06  8.839E-09  1.332E-06
                2.929E-06  8.901E-09  7.169E-06  1.555E-06  4.773E-07  5.264E-07
                5.638E-06  2.572E-07  9.944E-07  1.136E-07  1.287E-06  9.282E-07
                7.732E-07  1.433E-05  3.024E-07  5.280E-06  8.158E-09  7.532E-07
                6.950E-07  2.403E-07  2.155E-06  3.467E-07  1.968E-06  1.239E-09
                2.150E-07  5.652E-06  5.835E-06  2.085E-07  8.931E-07  4.119E-07
                5.640E-08  6.916E-07  1.237E-06  8.980E-07  3.700E-07  5.623E-08
                6.724E-06  9.259E-07  5.596E-07  2.715E-07  5.759E-07  5.005E-07
                1.315E-05  6.919E-06  6.288E-07  1.717E-06  2.869E-06  2.715E-06
                2.874E-06  4.183E-07  8.588E-08  4.377E-10  1.071E-07  1.729E-07
                9.450E-07  1.534E-06  2.033E-06  4.921E-06  8.987E-07  1.162E-07
                1.024E-08  2.319E-07  2.847E-07  2.230E-07  6.337E-06
1.10584463E+02  6.137E-03  6.438E-03  4.057E-06  3.967E-03  2.570E-03  8.791E-06
                6.045E-06  1.444E-02  1.593E-05  9.610E-06  4.162E-04  1.210E-05
                6.555E-03  8.342E-05  1.239E-04  5.180E-07  9.899E-07  3.515E-06
                1.927E-06  2.562E-06  5.524E-09  3.118E-06  1.242E-06  2.775E-08
                1.222E-07  4.679E-07  3.135E-06  8.777E-07  2.931E-06  4.580E-06
                3.618E-06  7.275E-07  1.028E-05  3.125E-06  2.334E-06  8.525E-07
                2.217E-09  1.642E-06  1.023E-09  9.671E-06  6.891E-07  4.332E-06
                1.592E-06  3.769E-07  4.140E-07  7.137E-08  1.987E-07  1.343E-07
                1.988E-05  3.816E-07  6.913E-07  1.155E-07  6.631E-08  3.112E-06
                3.705E-06  3.387E-06  9.047E-07  7.172E-06  2.183E-06  6.314E-06
                1.262E-07  3.849E-09  1.314E-08  1.290E-11  1.511E-06  1.682E-07
                1.690E-07  3.092E-10  2.067E-06  2.033E-07  3.211E-08  3.168E-06
                2.005E-06  4.223E-06  7.233E-06  5.509E-07  9.164E-07  2.319E-07
                3.263E-06  3.366E-06  7.285E-09  4.410E-08  4.156E-07  1.553E-06
                2.045E-05  4.675E-08  7.975E-11  2.499E-10  1.412E-10  9.416E-11
                8.266E-12  6.335E-07  3.562E-06  8.748E-08  2.119E-06  1.739E-06
                2.484E-07  9.066E-08  9.718E-06  3.467E-06  2.903E-07  3.947E-07
                1.129E-07  5.622E-09  1.897E-07  6.853E-07  4.606E-07  2.589E-08
                1.042E-07  9.731E-08  1.088E-08  6.972E-06  4.375E-08  2.300E-05
                1.250E-07  1.509E-07  2.972E-07  1.154E-06  2.780E-07  5.966E-07
                5.654E-07  5.091E-08  1.154E-05  1.936E-07  1.070E-06  1.506E-08
                4.931E-06  2.448E-05  2.966E-07  6.069E-07  3.894E-06  1.607E-06
                3.447E-06  1.132E-07  2.141E-07  2.744E-07  2.941E-10  1.061E-06
                6.318E-07  5.319E-09  1.934E-08  3.200E-07  3.094E-06  3.772E-06
                2.152E-07  2.871E-08  1.383E-07  8.708E-07  6.883E-09  9.156E-07
                2.009E-06  6.144E-09  5.342E-06  1.141E-06  2.910E-07  3.760E-07
                4.187E-06  1.605E-07  6.210E-07  8.380E-08  8.329E-07  7.102E-07
                5.853E-07  9.984E-06  2.294E-07  3.963E-06  7.524E-09  5.159E-07
                4.481E-07  1.370E-07  1.688E-06  2.586E-07  1.456E-06  1.053E-09
                1.163E-07  4.194E-06  4.316E-06  1.369E-07  6.180E-07  3.313E-07
                3.712E-08  4.250E-07  8.362E-07  5.650E-07  2.576E-07  3.685E-08
                4.883E-06  6.204E-07  4.200E-07  2.127E-07  4.593E-07  3.796E-07
                9.682E-06  5.152E-06  4.018E-07  1.033E-06  1.724E-06  1.857E-06
                1.903E-06  2.422E-07  4.828E-08  4.238E-10  4.632E-08  1.066E-07
                7.309E-07  1.205E-06  1.551E-06  3.681E-06  6.044E-07  7.653E-08
                6.088E-09  1.656E-07  2.231E-07  1.698E-07  4.866E-06
1.24192463E+02  4.207E-03  4.425E-03  2.170E-06  2.733E-03  1.771E-03  5.481E-06
                3.922E-06  1.136E-02  9.924E-06  6.090E-06  3.302E-04  7.998E-06
                5.213E-03  6.084E-05  9.029E-05  4.940E-07  6.482E-07  2.269E-06
                1.349E-06  1.611E-06  5.044E-09  2.003E-06  8.452E-07  1.321E-08
                7.247E-08  4.540E-07  3.084E-06  5.703E-07  1.835E-06  2.942E-06
                2.310E-06  4.684E-07  6.507E-06  2.369E-06  1.534E-06  5.398E-07
                1.413E-09  1.006E-06  9.601E-10  6.210E-06  5.562E-07  2.839E-06
                9.964E-07  2.166E-07  2.481E-07  6.813E-08  2.042E-07  8.359E-08
                1.371E-05  3.262E-07  4.352E-07  7.707E-08  3.686E-08  2.661E-06
                2.416E-06  2.205E-06  5.748E-07  4.562E-06  1.355E-06  5.331E-06
                1.033E-07  2.773E-09  8.943E-09  1.858E-11  9.340E-07  1.244E-07
                1.347E-07  2.783E-10  1.397E-06  1.298E-07  2.312E-08  2.282E-06
                1.478E-06  3.222E-06  4.790E-06  3.498E-07  5.920E-07  1.426E-07
                2.160E-06  2.225E-06  6.203E-09  3.761E-08  2.844E-07  9.920E-07
                1.436E-05  2.596E-08  6.218E-11  1.942E-10  9.858E-11  7.566E-11
                6.323E-12  4.184E-07  2.358E-06  5.522E-08  1.698E-06  1.419E-06
                1.735E-07  7.048E-08  6.907E-06  2.442E-06  2.132E-07  2.918E-07
                8.189E-08  3.358E-09  1.375E-07  4.909E-07  3.422E-07  1.689E-08
                8.983E-08  6.285E-08  6.022E-09  4.705E-06  3.199E-08  1.766E-05
                8.661E-08  1.043E-07  2.032E-07  8.765E-07  2.101E-07  4.218E-07
                4.019E-07  4.099E-08  7.955E-06  1.582E-07  7.685E-07  9.276E-09
                3.511E-06  1.911E-05  2.167E-07  4.532E-07  2.659E-06  1.094E-06
                2.337E-06  6.445E-08  1.400E-07  1.927E-07  1.762E-10  7.230E-07
                4.320E-07  4.840E-09  1.772E-08  2.232E-07  2.360E-06  2.868E-06
                1.250E-07  1.990E-08  9.425E-08  5.623E-07  6.905E-09  6.541E-07
                1.438E-06  3.364E-09  4.038E-06  8.527E-07  1.869E-07  2.818E-07
                3.165E-06  1.041E-07  4.111E-07  6.052E-08  5.322E-07  5.521E-07
                4.125E-07  7.893E-06  1.510E-07  2.590E-06  6.006E-09  3.633E-07
                2.988E-07  8.168E-08  1.151E-06  1.965E-07  1.101E-06  1.084E-09
                6.707E-08  3.179E-06  3.257E-06  8.922E-08  4.292E-07  2.682E-07
                2.505E-08  2.684E-07  5.650E-07  3.643E-07  1.794E-07  2.515E-08
                3.889E-06  4.245E-07  2.937E-07  1.437E-07  3.169E-07  2.769E-07
                7.760E-06  4.155E-06  2.732E-07  6.359E-07  1.084E-06  1.330E-06
                1.306E-06  1.451E-07  3.345E-08  2.972E-10  2.248E-08  7.202E-08
                5.672E-07  9.518E-07  1.206E-06  2.832E-06  4.196E-07  5.089E-08
                5.095E-09  1.215E-07  1.774E-07  1.236E-07  3.810E-06
1.37800463E+02  2.969E-03  3.116E-03  2.339E-06  1.927E-03  1.246E-03  4.296E-06
                2.821E-06  8.754E-03  7.073E-06  4.292E-06  2.571E-04  5.453E-06
                4.068E-03  4.178E-05  6.234E-05  4.754E-07  4.435E-07  1.342E-06
                1.035E-06  9.396E-07  3.480E-09  1.410E-06  6.924E-07  1.184E-08
                6.432E-08  3.005E-07  2.044E-06  4.143E-07  1.219E-06  1.937E-06
                1.630E-06  3.297E-07  4.777E-06  1.569E-06  1.099E-06  3.576E-07
                9.293E-10  6.547E-07  5.921E-10  4.331E-06  4.041E-07  1.991E-06
                6.779E-07  1.351E-07  1.582E-07  6.024E-08  1.938E-07  6.111E-08
                9.982E-06  2.784E-07  2.946E-07  6.097E-08  2.434E-08  2.263E-06
                1.676E-06  1.532E-06  3.791E-07  3.071E-06  8.959E-07  4.466E-06
                9.316E-08  2.189E-09  6.470E-09  2.178E-11  6.093E-07  1.000E-07
                1.016E-07  1.867E-10  9.960E-07  8.656E-08  3.083E-08  1.745E-06
                1.167E-06  2.411E-06  3.392E-06  2.337E-07  4.330E-07  9.244E-08
                1.619E-06  1.659E-06  4.626E-09  2.783E-08  2.087E-07  6.801E-07
                1.069E-05  2.587E-08  4.672E-11  1.448E-10  6.947E-11  7.032E-11
                4.882E-12  3.162E-07  1.791E-06  3.579E-08  1.355E-06  1.145E-06
                1.246E-07  8.069E-08  5.118E-06  1.828E-06  1.654E-07  2.265E-07
                6.317E-08  2.883E-09  1.017E-07  3.866E-07  2.735E-07  1.409E-08
                8.140E-08  5.243E-08  5.539E-09  3.570E-06  2.346E-08  1.305E-05
                6.654E-08  7.809E-08  1.489E-07  6.990E-07  1.648E-07  3.144E-07
                2.989E-07  3.135E-08  5.931E-06  1.317E-07  6.053E-07  7.987E-09
                2.543E-06  1.428E-05  1.649E-07  3.300E-07  2.053E-06  8.352E-07
                1.775E-06  3.788E-08  9.241E-08  1.339E-07  1.368E-10  4.929E-07
                2.956E-07  3.757E-09  1.357E-08  1.669E-07  1.841E-06  2.234E-06
                7.347E-08  1.426E-08  6.557E-08  3.897E-07  4.715E-09  4.741E-07
                1.037E-06  2.502E-09  3.159E-06  6.598E-07  1.245E-07  2.170E-07
                2.466E-06  6.892E-08  2.826E-07  4.854E-08  3.589E-07  4.153E-07
                3.189E-07  5.943E-06  1.192E-07  2.005E-06  4.892E-09  2.581E-07
                2.033E-07  5.006E-08  9.413E-07  1.546E-07  8.593E-07  7.928E-10
                3.871E-08  2.477E-06  2.535E-06  6.059E-08  3.054E-07  2.134E-07
                1.828E-08  1.745E-07  4.214E-07  2.412E-07  1.366E-07  1.776E-08
                2.912E-06  3.002E-07  2.293E-07  1.220E-07  2.782E-07  2.149E-07
                5.810E-06  3.127E-06  1.928E-07  4.209E-07  7.559E-07  9.842E-07
                9.367E-07  9.043E-08  3.575E-08  2.903E-10  8.839E-09  4.805E-08
                4.520E-07  7.672E-07  9.439E-07  2.208E-06  3.017E-07  3.883E-08
                4.387E-09  9.116E-08  1.426E-07  9.724E-08  3.017E-06
1.51408463E+02  2.195E-03  2.318E-03  9.600E-07  1.433E-03  9.307E-04  2.867E-06
                1.915E-06  7.251E-03  4.671E-06  2.877E-06  2.130E-04  3.837E-06
                3.372E-03  3.309E-05  4.923E-05  4.626E-07  3.012E-07  1.013E-06
                7.673E-07  6.680E-07  3.126E-09  9.114E-07  4.776E-07  9.603E-09
                4.853E-08  3.316E-07  2.269E-06  2.730E-07  7.771E-07  1.281E-06
                1.102E-06  2.149E-07  3.280E-06  1.352E-06  7.535E-07  2.257E-07
                5.996E-10  4.211E-07  6.655E-10  3.085E-06  3.593E-07  1.418E-06
                4.734E-07  8.467E-08  1.034E-07  5.529E-08  1.843E-07  4.373E-08
                7.267E-06  2.382E-07  1.895E-07  4.199E-08  2.087E-08  1.941E-06
                1.178E-06  1.098E-06  2.557E-07  2.057E-06  6.207E-07  3.824E-06
                7.629E-08  1.589E-09  4.532E-09  2.570E-11  4.322E-07  7.819E-08
                7.769E-08  1.753E-10  7.024E-07  6.022E-08  2.068E-08  1.279E-06
                8.533E-07  1.940E-06  2.355E-06  1.702E-07  2.956E-07  6.476E-08
                1.037E-06  1.061E-06  4.375E-09  2.674E-08  1.482E-07  4.709E-07
                7.728E-06  1.231E-08  3.995E-11  1.240E-10  5.024E-11  5.243E-11
                3.667E-12  1.999E-07  1.136E-06  2.335E-08  1.119E-06  9.592E-07
                9.141E-08  5.651E-08  3.755E-06  1.322E-06  1.204E-07  1.654E-07
                4.522E-08  1.706E-09  7.396E-08  2.747E-07  2.024E-07  9.055E-09
                7.318E-08  3.336E-08  3.417E-09  2.370E-06  1.766E-08  1.085E-05
                5.015E-08  5.359E-08  1.058E-07  5.235E-07  1.225E-07  2.172E-07
                2.083E-07  2.518E-08  4.098E-06  1.150E-07  4.246E-07  4.503E-09
                1.895E-06  1.203E-05  1.198E-07  2.446E-07  1.380E-06  5.584E-07
                1.171E-06  2.272E-08  6.637E-08  1.023E-07  8.722E-11  3.766E-07
                2.260E-07  3.046E-09  1.100E-08  1.206E-07  1.461E-06  1.770E-06
                4.499E-08  1.125E-08  5.088E-08  2.926E-07  4.453E-09  3.562E-07
                7.783E-07  1.518E-09  2.483E-06  5.143E-07  8.696E-08  1.749E-07
                1.919E-06  4.850E-08  2.098E-07  3.457E-08  2.419E-07  3.332E-07
                2.235E-07  5.131E-06  7.530E-08  1.260E-06  3.686E-09  1.956E-07
                1.463E-07  3.168E-08  6.354E-07  1.224E-07  6.766E-07  8.635E-10
                2.322E-08  1.952E-06  1.989E-06  4.213E-08  2.269E-07  1.702E-07
                1.333E-08  1.168E-07  3.027E-07  1.660E-07  9.930E-08  1.313E-08
                2.479E-06  2.195E-07  1.585E-07  8.199E-08  1.933E-07  1.533E-07
                4.956E-06  2.669E-06  1.422E-07  2.878E-07  5.411E-07  7.432E-07
                6.798E-07  5.753E-08  2.865E-08  1.748E-10  5.349E-09  3.451E-08
                3.605E-07  6.227E-07  7.557E-07  1.758E-06  2.200E-07  2.840E-08
                3.845E-09  7.066E-08  1.159E-07  7.005E-08  2.437E-06
1.65016463E+02  1.576E-03  1.655E-03  1.992E-06  1.030E-03  6.639E-04  2.055E-06
                1.390E-06  5.748E-03  3.223E-06  1.982E-06  1.724E-04  2.688E-06
                2.739E-03  2.340E-05  3.503E-05  4.538E-07  2.163E-07  6.471E-07
                6.340E-07  4.149E-07  2.105E-09  6.662E-07  4.191E-07  1.460E-08
                5.333E-08  1.897E-07  1.298E-06  2.111E-07  5.408E-07  8.455E-07
                8.304E-07  1.571E-07  2.555E-06  8.375E-07  5.622E-07  1.496E-07
                4.022E-10  2.958E-07  3.587E-10  2.215E-06  2.453E-07  1.023E-06
                3.306E-07  5.542E-08  6.944E-08  4.777E-08  1.683E-07  3.370E-08
                5.409E-06  2.076E-07  1.356E-07  3.403E-08  1.990E-08  1.685E-06
                8.375E-07  7.839E-07  1.727E-07  1.462E-06  4.212E-07  3.265E-06
                7.286E-08  1.284E-09  3.531E-09  2.592E-11  2.825E-07  6.608E-08
                5.773E-08  1.115E-10  5.212E-07  4.049E-08  2.755E-08  1.033E-06
                6.883E-07  1.420E-06  1.724E-06  1.164E-07  2.215E-07  4.189E-08
                8.278E-07  8.434E-07  3.112E-09  1.895E-08  1.113E-07  3.321E-07
                5.863E-06  1.465E-08  2.930E-11  9.072E-11  3.652E-11  4.872E-11
                2.742E-12  1.603E-07  9.146E-07  1.553E-08  8.749E-07  7.543E-07
                6.925E-08  6.558E-08  2.822E-06  1.003E-06  9.386E-08  1.293E-07
                3.645E-08  1.652E-09  5.870E-08  2.261E-07  1.680E-07  8.089E-09
                7.003E-08  3.004E-08  2.979E-09  1.946E-06  1.305E-08  7.941E-06
                3.755E-08  4.160E-08  8.133E-08  4.158E-07  9.536E-08  1.679E-07
                1.629E-07  1.926E-08  3.164E-06  9.933E-08  3.517E-07  4.330E-09
                1.400E-06  8.894E-06  9.265E-08  1.788E-07  1.138E-06  4.551E-07
                9.343E-07  1.352E-08  4.502E-08  7.218E-08  7.079E-11  2.649E-07
                1.593E-07  2.230E-09  7.924E-09  9.417E-08  1.139E-06  1.380E-06
                2.679E-08  7.808E-09  3.442E-08  2.362E-07  2.782E-09  2.629E-07
                5.739E-07  1.169E-09  1.940E-06  3.982E-07  5.884E-08  1.364E-07
                1.500E-06  3.307E-08  1.448E-07  2.919E-08  1.705E-07  2.429E-07
                1.791E-07  3.889E-06  6.483E-08  1.053E-06  2.892E-09  1.404E-07
                1.021E-07  1.989E-08  5.604E-07  9.602E-08  5.269E-07  5.660E-10
                1.321E-08  1.520E-06  1.550E-06  2.923E-08  1.647E-07  1.325E-07
                1.101E-08  7.861E-08  2.436E-07  1.143E-07  8.003E-08  9.591E-09
                1.849E-06  1.596E-07  1.285E-07  7.673E-08  1.853E-07  1.215E-07
                3.674E-06  1.985E-06  1.041E-07  2.053E-07  4.172E-07  5.602E-07
                4.993E-07  3.658E-08  2.975E-08  1.641E-10  2.519E-09  2.360E-08
                2.868E-07  4.992E-07  5.879E-07  1.378E-06  1.601E-07  2.294E-08
                3.078E-09  5.377E-08  9.297E-08  5.583E-08  1.925E-06
1.78624463E+02  1.292E-03  1.363E-03  8.720E-07  8.415E-04  5.477E-04  1.954E-06
                1.051E-06  4.759E-03  2.655E-06  1.603E-06  1.402E-04  1.984E-06
                2.222E-03  1.844E-05  2.754E-05  4.265E-07  1.545E-07  5.563E-07
                4.973E-07  3.240E-07  2.086E-09  4.460E-07  2.850E-07  1.371E-08
                4.665E-08  2.142E-07  1.467E-06  1.358E-07  3.367E-07  5.754E-07
                6.012E-07  1.068E-07  1.953E-06  7.708E-07  4.070E-07  9.424E-08
                2.610E-10  1.928E-07  3.962E-10  1.826E-06  2.341E-07  8.161E-07
                2.697E-07  4.049E-08  5.077E-08  4.369E-08  1.588E-07  2.860E-08
                4.291E-06  1.799E-07  9.171E-08  2.657E-08  2.074E-08  1.466E-06
                6.569E-07  6.386E-07  1.277E-07  1.013E-06  3.288E-07  2.857E-06
                6.241E-08  9.573E-10  2.203E-09  2.543E-11  2.331E-07  5.371E-08
                4.479E-08  1.068E-10  3.820E-07  3.254E-08  1.881E-08  6.784E-07
                5.103E-07  1.220E-06  1.285E-06  9.590E-08  1.645E-07  3.401E-08
                5.003E-07  5.054E-07  2.697E-09  1.654E-08  8.451E-08  2.497E-07
                4.559E-06  9.275E-09  2.643E-11  8.117E-11  2.708E-11  3.786E-11
                2.042E-12  9.555E-08  5.531E-07  1.019E-08  7.356E-07  6.390E-07
                5.426E-08  5.431E-08  2.225E-06  7.842E-07  6.957E-08  9.652E-08
                2.585E-08  9.625E-10  4.236E-08  1.616E-07  1.262E-07  4.946E-09
                6.324E-08  1.800E-08  2.155E-09  1.141E-06  9.798E-09  7.087E-06
                3.177E-08  2.686E-08  6.361E-08  3.264E-07  7.282E-08  1.111E-07
                1.098E-07  1.505E-08  2.277E-06  9.219E-08  2.252E-07  3.255E-09
                1.112E-06  8.017E-06  6.711E-08  1.274E-07  6.909E-07  2.741E-07
                6.141E-07  8.302E-09  3.156E-08  5.240E-08  3.790E-11  1.932E-07
                1.162E-07  1.834E-09  6.493E-09  7.378E-08  9.316E-07  1.127E-06
                1.721E-08  7.694E-09  3.023E-08  1.654E-07  2.319E-09  2.102E-07
                4.539E-07  6.888E-10  1.572E-06  3.219E-07  4.614E-08  1.150E-07
                1.213E-06  2.474E-08  1.210E-07  2.108E-08  1.190E-07  2.031E-07
                1.281E-07  3.568E-06  3.769E-08  6.141E-07  2.145E-09  1.017E-07
                7.081E-08  1.304E-08  3.421E-07  7.895E-08  4.319E-07  5.257E-10
                7.845E-09  1.241E-06  1.261E-06  2.015E-08  1.169E-07  1.099E-07
                7.201E-09  5.521E-08  1.729E-07  7.968E-08  5.674E-08  7.260E-09
                1.632E-06  1.214E-07  9.127E-08  4.558E-08  1.145E-07  8.637E-08
                3.224E-06  1.738E-06  8.126E-08  1.338E-07  2.713E-07  4.439E-07
                3.848E-07  2.447E-08  3.192E-08  1.621E-10  1.185E-09  1.923E-08
                2.331E-07  4.100E-07  4.787E-07  1.110E-06  1.148E-07  2.017E-08
                3.983E-09  4.276E-08  7.628E-08  4.034E-08  1.573E-06
1.92232463E+02  9.167E-04  9.723E-04  5.688E-07  6.063E-04  3.937E-04  8.782E-07
                6.780E-07  4.187E-03  1.381E-06  8.862E-07  1.272E-04  1.476E-06
                2.026E-03  1.545E-05  2.304E-05  4.066E-07  1.117E-07  3.997E-07
                4.150E-07  2.350E-07  1.304E-09  3.136E-07  2.419E-07  1.370E-08
                4.002E-08  1.637E-07  1.122E-06  1.087E-07  2.581E-07  3.839E-07
                4.327E-07  7.552E-08  1.328E-06  5.739E-07  2.833E-07  6.095E-08
                1.757E-10  1.446E-07  3.351E-10  1.210E-06  1.767E-07  5.395E-07
                1.726E-07  2.282E-08  3.220E-08  3.669E-08  1.403E-07  1.968E-08
                2.963E-06  1.581E-07  6.252E-08  1.648E-08  2.074E-08  1.286E-06
                4.350E-07  4.214E-07  8.060E-08  7.154E-07  2.110E-07  2.486E-06
                5.702E-08  7.267E-10  2.147E-09  2.541E-11  1.463E-07  4.356E-08
                3.181E-08  7.805E-11  2.729E-07  1.941E-08  2.069E-08  6.762E-07
                4.046E-07  8.892E-07  8.715E-07  6.737E-08  1.136E-07  2.115E-08
                4.083E-07  4.187E-07  2.684E-09  1.664E-08  5.850E-08  1.692E-07
                3.125E-06  5.096E-09  2.136E-11  6.723E-11  2.026E-11  2.763E-11
                1.477E-12  7.760E-08  4.399E-07  7.022E-09  5.919E-07  5.204E-07
                4.068E-08  3.515E-08  1.528E-06  5.311E-07  5.147E-08  7.134E-08
                2.072E-08  9.517E-10  3.410E-08  1.283E-07  9.993E-08  4.705E-09
                5.943E-08  1.730E-08  1.643E-09  1.128E-06  7.795E-09  5.210E-06
                2.393E-08  2.393E-08  4.803E-08  2.409E-07  5.327E-08  8.964E-08
                8.896E-08  1.194E-08  1.589E-06  7.539E-08  2.132E-07  1.581E-09
                7.939E-07  5.946E-06  5.314E-08  1.025E-07  6.694E-07  2.643E-07
                4.572E-07  5.175E-09  2.480E-08  4.303E-08  3.766E-11  1.611E-07
                9.673E-08  1.183E-09  4.134E-09  5.543E-08  7.228E-07  8.777E-07
                1.072E-08  5.134E-09  2.285E-08  1.438E-07  1.868E-09  1.519E-07
                3.302E-07  5.473E-10  1.210E-06  2.435E-07  3.149E-08  9.713E-08
                9.232E-07  1.838E-08  9.168E-08  1.535E-08  8.688E-08  1.502E-07
                9.785E-08  2.724E-06  3.504E-08  5.401E-07  1.644E-09  8.360E-08
                5.677E-08  8.521E-09  3.474E-07  6.029E-08  3.278E-07  4.593E-10
                4.473E-09  9.485E-07  9.630E-07  1.507E-08  9.534E-08  8.098E-08
                7.229E-09  3.953E-08  1.375E-07  6.124E-08  4.477E-08  5.997E-09
                1.267E-06  9.474E-08  7.125E-08  4.903E-08  1.248E-07  6.835E-08
                2.516E-06  1.357E-06  6.078E-08  1.148E-07  2.520E-07  3.269E-07
                2.739E-07  1.586E-08  1.551E-08  5.512E-11  2.112E-09  1.204E-08
                1.885E-07  3.372E-07  3.827E-07  8.964E-07  8.779E-08  1.277E-08
                1.417E-09  3.389E-08  6.250E-08  2.974E-08  1.283E-06
