          16           7
         215          13           1           1
           0          -4           0          -4           0          -6           0          -2           0          -4           0           6           0           4           0           2           0           4           0           6           0           2           0           4           0           2           0          -4           0          -2           0           2           0           4           0           6           0           2           0           4           0           6           0           4           0          -2           0          -2           0          -4           0          -6           0          -8           0          -2           0          -4           0          -6           0          -4           0           2           0          -4           0          -6           0          -2           0          -4           0          -6           0          -6           0          -8           0          -4           0          -6           0          -2           0          -4           0           4           0           6           0           8           0          10           0           4           0          -4           0           2           0           6           0           4           0           8           0           2           0          -4           0          -2           0           6           0           6           0           4           0           2           0           8           0           4           0           6           0           8           0           4           0           6           0           8           0          10           0           4           0           6           0           8           0           6           0           4           0           2           0           6           0           2           0           4           0           2           0          -4           0          -2           0          -6           0          -8           0           6           0           4           0          -4           0          -6           0          -2           0          -4           0          -6           0          -8           0         -10           0          -2           0          -4           0          -6           0          -4           0          -2           0          -6           0          -8           0          -2           0          -4           0           2           0           4           0           6           0           8           0           4           0           4           0           6           0           8           0           2           0          10           0           8           0           6           0           4           0           2           0           6           0           6           0           4           0           4           0           2           0           4           0           6           0           8           0          -4           0           2           0           4           0          -6           0          -4           0           2           0           4           0           6           0           4           0           6           0          -2           0          -4           0          -6           0          -8           0         -10           0          -6           0          -8           0         -10           0         -12           0           2           0          -2           0          -4           0          -6           0          -8           0          -2           0          -8           0         -10           0          -4           0          -2           0          -6           0          -4           0          -2           0          -4           0          -2           0          -4           0          -6           0          -4           0          -8           0          -6           0           2           0           4           0           2           0           4           0           6           0         -10           0          -8           0          -6           0          -4           0           6           0          -2           0          -4           0           8           0          -6           0          -2           0          -4           0          -6           0          -8           0           4           0           6           0          -4           0          -6           0          -6           0          -8           0          -2           0           2           0          -4           0           4           0           6           0           4           0           4           0           2           0           2           0          -4           0          -6           0          -8           0          -2           0          -4           0          -6           0          -8           0         -10           0          -8           0          -6           0          -4           0          -2           0          -2           0          -4           0          -6           0          -6           0          -8           0          -4           0          -2           0          -6           0          -4
    0.000000E+00    9.645106E-03    9.843162E-03    1.435602E-02    1.458263E-02
    4.247197E-02    4.320385E-02    4.360158E-02    5.944295E-02    5.948713E-02
    6.922989E-02    7.316769E-02    7.411300E-02    1.134727E-01    1.147319E-01
    2.354040E-01    2.358931E-01    2.366026E-01    2.382857E-01    2.391328E-01
    2.438023E-01    2.438287E-01    2.461520E-01    2.471700E-01    2.474363E-01
    2.479076E-01    2.485433E-01    2.486026E-01    2.487216E-01    2.491410E-01
    2.502551E-01    2.507374E-01    2.510783E-01    2.511300E-01    2.524691E-01
    2.524772E-01    2.554279E-01    2.561102E-01    2.563381E-01    2.591442E-01
    2.591854E-01    2.609226E-01    2.615363E-01    2.619649E-01    2.622131E-01
    2.625883E-01    2.631076E-01    2.632646E-01    2.633261E-01    2.634365E-01
    2.637297E-01    2.638533E-01    2.640096E-01    2.643758E-01    2.644930E-01
    2.645338E-01    2.648466E-01    2.652759E-01    2.655531E-01    2.656939E-01
    2.657640E-01    2.676748E-01    2.677713E-01    2.679166E-01    2.688115E-01
    2.690337E-01    2.711118E-01    2.712141E-01    2.720014E-01    2.721113E-01
    2.724223E-01    2.724984E-01    2.725578E-01    2.726085E-01    2.727219E-01
    2.737570E-01    2.740430E-01    2.746587E-01    2.763855E-01    2.763956E-01
    2.763957E-01    2.764682E-01    2.789238E-01    2.791446E-01    2.808157E-01
    2.808428E-01    2.816082E-01    2.816156E-01    2.816277E-01    2.816445E-01
    2.816660E-01    2.832213E-01    2.832636E-01    2.833497E-01    2.872720E-01
    2.872722E-01    2.872783E-01    2.873017E-01    2.873787E-01    2.874354E-01
    2.875828E-01    2.876419E-01    2.877951E-01    2.879672E-01    2.884374E-01
    2.885530E-01    2.886000E-01    2.886971E-01    2.887362E-01    2.888178E-01
    2.901974E-01    2.902310E-01    2.934227E-01    2.936053E-01    2.936679E-01
    2.948139E-01    2.948751E-01    2.949134E-01    2.954910E-01    2.955387E-01
    2.955818E-01    2.956302E-01    2.974080E-01    2.974265E-01    2.978254E-01
    2.979930E-01    2.980044E-01    2.981863E-01    2.981951E-01    2.982014E-01
    2.986863E-01    2.989406E-01    2.997979E-01    3.013547E-01    3.014398E-01
    3.015665E-01    3.017420E-01    3.025165E-01    3.025355E-01    3.025686E-01
    3.026262E-01    3.032771E-01    3.036433E-01    3.036673E-01    3.036996E-01
    3.037196E-01    3.041292E-01    3.046134E-01    3.046301E-01    3.048276E-01
    3.048611E-01    3.049614E-01    3.051740E-01    3.052844E-01    3.060373E-01
    3.062721E-01    3.065126E-01    3.067251E-01    3.072820E-01    3.083217E-01
    3.083847E-01    3.085481E-01    3.086063E-01    3.093086E-01    3.093690E-01
    3.093750E-01    3.093804E-01    3.094500E-01    3.095030E-01    3.095365E-01
    3.096086E-01    3.096683E-01    3.098305E-01    3.098337E-01    3.100372E-01
    3.110986E-01    3.111053E-01    3.111248E-01    3.111449E-01    3.124031E-01
    3.124222E-01    3.126400E-01    3.132139E-01    3.132929E-01    3.134326E-01
    3.163175E-01    3.165548E-01    3.167011E-01    3.167161E-01    3.173537E-01
    3.174815E-01    3.194473E-01    3.198310E-01    3.206567E-01    3.235572E-01
    3.235827E-01    3.236877E-01    3.236885E-01    3.238034E-01    3.239013E-01
    3.239634E-01    3.240075E-01    3.245628E-01    3.245933E-01    3.263728E-01
    3.264517E-01    3.271738E-01    3.284075E-01    3.287843E-01    3.314323E-01
    3.314556E-01    3.324856E-01    3.325179E-01    3.327131E-01    3.333147E-01
           0           0           0           1
  -27.915863041215566               13
3.91424630E+01  1.336E-01  1.301E-01  2.208E-04  8.635E-02  5.567E-02  2.136E-04
                1.423E-04  1.033E-01  4.230E-04  2.135E-04  2.573E-03  2.771E-04
                3.840E-02  1.291E-03  1.923E-03
5.27504630E+01  5.805E-02  6.179E-02  5.051E-05  3.734E-02  2.448E-02  4.330E-05
                4.160E-05  6.019E-02  1.140E-04  7.666E-05  1.698E-03  1.210E-04
                2.597E-02  6.846E-04  9.920E-04  9.143E-06  9.662E-06  6.676E-05
                8.986E-06  3.199E-05  1.442E-07  1.191E-05  1.829E-05  3.473E-06
                6.531E-06  7.917E-06  1.390E-04  7.243E-06  2.162E-05  4.237E-05
                5.373E-05  3.294E-06  2.052E-04  2.628E-05  2.898E-05  6.212E-06
                2.527E-08  2.564E-05  8.865E-08  1.550E-04  4.148E-06  6.779E-05
                2.984E-05  4.375E-05  5.238E-05  6.701E-06  7.617E-07  1.524E-05
                1.632E-04  9.170E-06  2.839E-05  7.525E-06  1.587E-06  3.814E-05
                5.055E-05  5.787E-05  2.392E-05  1.258E-04  1.127E-04  1.211E-04
                2.488E-06  3.106E-07  1.168E-07  9.644E-09  6.920E-05  4.696E-06
                3.362E-07  4.807E-08  2.577E-05  9.348E-06  1.619E-06  1.370E-05
                8.978E-06  2.007E-05  6.420E-05  2.989E-05  8.394E-06  9.474E-06
                1.338E-05  1.346E-05  6.754E-07  2.782E-06  3.035E-06  3.276E-05
                1.317E-04  2.859E-06  3.044E-07  1.082E-06  3.351E-07  1.378E-06
                1.462E-09  1.023E-05  7.358E-05  1.292E-06  3.386E-05  3.048E-05
                3.509E-06  6.134E-06  4.556E-05  3.346E-05  2.352E-06  2.925E-06
                1.760E-06  3.937E-07  1.719E-06  8.407E-06  5.494E-06  5.170E-07
                5.823E-06  7.202E-07  3.487E-07  2.992E-05  1.960E-06  2.377E-04
                3.644E-07  1.714E-06  9.287E-06  3.167E-05  2.541E-05  5.528E-05
                2.008E-05  1.479E-07  4.594E-04  1.455E-04  5.610E-05  7.416E-07
                2.759E-05  5.295E-04  3.088E-05  2.167E-05  4.036E-05  4.619E-05
                4.776E-05  1.946E-05  1.488E-05  1.109E-05  1.098E-07  1.022E-05
                4.231E-06  3.202E-07  3.451E-07  4.352E-06  4.640E-05  5.516E-05
                1.343E-06  8.364E-07  3.477E-06  1.831E-05  1.124E-07  1.920E-05
                8.801E-06  3.878E-06  6.146E-05  1.454E-05  1.436E-05  4.197E-06
                1.800E-05
6.63584630E+01  2.995E-02  3.151E-02  2.077E-05  1.935E-02  1.260E-02  4.324E-05
                3.016E-05  4.117E-02  8.884E-05  5.163E-05  1.128E-03  6.348E-05
                1.749E-02  3.685E-04  5.448E-04  1.279E-06  3.989E-06  2.279E-05
                6.558E-06  1.564E-05  1.623E-08  1.126E-05  6.569E-06  4.227E-07
                1.378E-06  1.517E-06  8.697E-06  4.299E-06  1.386E-05  2.162E-05
                2.209E-05  2.662E-06  7.940E-05  1.354E-05  1.300E-05  3.573E-06
                1.037E-08  1.132E-05  4.445E-09  6.414E-05  2.619E-06  2.791E-05
                1.200E-05  3.653E-06  3.494E-06  1.732E-07  4.831E-07  1.021E-06
                9.128E-05  7.626E-07  3.008E-06  6.488E-07  5.825E-07  6.749E-06
                2.200E-05  2.234E-05  6.078E-06  4.355E-05  2.161E-05  1.792E-05
                3.004E-07  1.280E-08  4.656E-08  1.318E-10  1.637E-05  6.094E-07
                1.268E-07  7.956E-10  9.555E-06  1.406E-06  7.862E-08  8.731E-06
                4.804E-06  1.080E-05  3.529E-05  5.884E-06  4.705E-06  2.531E-06
                1.071E-05  1.076E-05  5.820E-08  2.852E-07  1.557E-06  1.139E-05
                8.075E-05  1.616E-07  4.303E-10  1.227E-09  1.398E-10  2.435E-10
                1.072E-11  1.867E-06  1.093E-05  4.241E-07  4.959E-06  3.842E-06
                8.748E-07  7.557E-07  3.752E-05  1.357E-05  8.149E-07  9.996E-07
                3.319E-07  2.774E-08  7.217E-07  2.303E-06  1.456E-06  5.589E-08
                1.346E-06  2.478E-07  3.050E-08  2.210E-05  1.615E-07  8.642E-05
                3.936E-07  5.369E-07  1.129E-06  2.516E-06  6.424E-07  1.628E-06
                1.513E-06  9.997E-08  4.411E-05  1.082E-06  2.921E-06  7.084E-08
                1.843E-05  8.537E-05  1.014E-06  1.949E-06  1.151E-05  4.792E-06
                1.170E-05  1.257E-06  1.674E-06  1.672E-06  1.892E-09  8.185E-06
                4.652E-06  4.669E-09  1.911E-08  1.272E-06  1.025E-05  1.264E-05
                1.818E-06  1.057E-07  8.592E-07  1.152E-05  6.525E-09  3.376E-06
                7.441E-06  4.936E-08  1.874E-05  4.288E-06  2.088E-06  1.376E-06
                1.271E-05  9.794E-07  4.179E-06  5.313E-07  4.116E-06  1.605E-06
                1.857E-06  4.139E-05  7.814E-07  1.336E-05  4.040E-09  3.006E-06
                3.040E-06  1.222E-06  5.539E-06  9.607E-07  5.458E-06  2.274E-08
                1.256E-06  1.445E-05  1.519E-05  8.998E-07  3.334E-06  8.937E-07
                2.783E-07  2.513E-06  7.027E-06  3.356E-06  2.085E-06  2.282E-07
                1.475E-05  2.862E-06  1.414E-06  8.179E-07  1.982E-06  1.291E-06
                2.693E-05  1.348E-05  2.870E-06  9.071E-06  1.889E-05  9.108E-06
                1.031E-05  2.253E-06  1.496E-06  3.854E-09  8.190E-07  4.572E-07
                1.565E-06  2.633E-06  3.888E-06  1.215E-05  2.996E-06  6.084E-07
                1.029E-07  6.113E-07  5.477E-07  7.081E-07  1.282E-05
7.99664630E+01  1.704E-02  1.788E-02  1.099E-05  1.100E-02  7.143E-03  2.337E-05
                1.701E-05  2.872E-02  4.751E-05  2.814E-05  8.043E-04  3.541E-05
                1.256E-02  2.206E-04  3.259E-04  8.171E-07  2.617E-06  1.243E-05
                4.459E-06  8.862E-06  1.158E-08  7.800E-06  3.164E-06  1.919E-07
                5.764E-07  8.800E-07  5.506E-06  2.358E-06  8.301E-06  1.285E-05
                1.138E-05  1.828E-06  3.600E-05  7.913E-06  6.858E-06  2.256E-06
                6.149E-09  5.678E-06  2.175E-09  3.211E-05  1.524E-06  1.403E-05
                5.713E-06  1.618E-06  1.624E-06  1.146E-07  3.060E-07  4.830E-07
                5.326E-05  5.491E-07  1.890E-06  3.152E-07  2.903E-07  4.540E-06
                1.155E-05  1.119E-05  2.991E-06  2.275E-05  8.657E-06  1.022E-05
                2.177E-07  7.985E-09  3.024E-08  3.267E-11  6.307E-06  3.822E-07
                2.163E-07  5.712E-10  5.536E-06  6.793E-07  3.771E-08  6.101E-06
                3.586E-06  8.373E-06  2.002E-05  2.240E-06  2.508E-06  9.723E-07
                7.241E-06  7.429E-06  1.922E-08  1.107E-07  1.002E-06  5.212E-06
                4.996E-05  9.671E-08  1.646E-10  5.215E-10  3.092E-10  1.249E-10
                1.122E-11  1.340E-06  7.624E-06  2.472E-07  3.652E-06  2.852E-06
                6.017E-07  2.323E-07  2.353E-05  8.384E-06  5.456E-07  7.228E-07
                2.117E-07  1.440E-08  4.295E-07  1.361E-06  8.773E-07  4.844E-08
                2.852E-07  1.866E-07  2.520E-08  1.452E-05  9.906E-08  5.357E-05
                2.866E-07  3.193E-07  7.605E-07  1.928E-06  4.793E-07  1.148E-06
                1.075E-06  8.424E-08  2.771E-05  4.920E-07  1.945E-06  3.949E-08
                1.206E-05  5.468E-05  6.010E-07  1.208E-06  7.769E-06  3.246E-06
                7.774E-06  4.943E-07  7.575E-07  8.354E-07  8.092E-10  3.713E-06
                2.185E-06  5.894E-09  2.052E-08  7.814E-07  6.477E-06  7.990E-06
                9.005E-07  8.975E-08  4.169E-07  4.432E-06  8.246E-09  2.221E-06
                4.884E-06  2.428E-08  1.141E-05  2.534E-06  9.915E-07  8.647E-07
                8.625E-06  5.072E-07  2.015E-06  2.295E-07  2.462E-06  1.249E-06
                1.194E-06  2.410E-05  4.853E-07  8.526E-06  7.066E-09  1.460E-06
                1.445E-06  5.562E-07  3.454E-06  5.532E-07  3.156E-06  3.084E-09
                5.311E-07  8.905E-06  9.256E-06  4.089E-07  1.718E-06  5.539E-07
                1.178E-07  1.374E-06  2.817E-06  1.773E-06  8.367E-07  1.053E-07
                1.019E-05  1.647E-06  8.659E-07  4.584E-07  1.011E-06  7.581E-07
                1.934E-05  9.962E-06  1.277E-06  3.938E-06  7.346E-06  4.891E-06
                5.383E-06  9.478E-07  3.614E-07  4.361E-10  3.257E-07  3.237E-07
                1.313E-06  2.106E-06  2.841E-06  7.484E-06  1.738E-06  2.457E-07
                2.634E-08  3.719E-07  3.865E-07  3.834E-07  9.050E-06
9.35744630E+01  1.049E-02  1.101E-02  5.867E-06  6.772E-03  4.401E-03  1.457E-05
                1.032E-05  2.082E-02  2.834E-05  1.702E-05  5.898E-04  2.132E-05
                9.247E-03  1.398E-04  2.069E-04  6.222E-07  1.675E-06  6.885E-06
                3.018E-06  4.974E-06  8.273E-09  5.177E-06  1.924E-06  8.520E-08
                2.747E-07  6.160E-07  4.015E-06  1.460E-06  5.149E-06  7.990E-06
                6.554E-06  1.209E-06  1.940E-05  5.016E-06  4.071E-06  1.456E-06
                3.848E-09  3.146E-06  1.403E-09  1.818E-05  1.004E-06  7.968E-06
                3.114E-06  8.059E-07  8.437E-07  8.849E-08  2.382E-07  2.578E-07
                3.328E-05  4.709E-07  1.201E-06  1.895E-07  1.560E-07  3.861E-06
                6.725E-06  6.322E-06  1.682E-06  1.308E-05  4.380E-06  8.133E-06
                1.717E-07  5.566E-09  2.008E-08  1.350E-11  3.116E-06  2.580E-07
                2.126E-07  4.546E-10  3.435E-06  3.801E-07  3.315E-08  4.377E-06
                2.747E-06  6.206E-06  1.228E-05  1.113E-06  1.546E-06  4.804E-07
                5.063E-06  5.217E-06  1.054E-08  6.390E-08  6.604E-07  2.873E-06
                3.288E-05  6.651E-08  1.193E-10  3.751E-10  2.177E-10  1.107E-10
                1.059E-11  9.677E-07  5.459E-06  1.523E-07  2.852E-06  2.281E-06
                3.992E-07  1.174E-07  1.557E-05  5.556E-06  4.127E-07  5.546E-07
                1.584E-07  9.186E-09  2.858E-07  9.793E-07  6.422E-07  3.735E-08
                1.433E-07  1.412E-07  1.789E-08  1.015E-05  6.751E-08  3.586E-05
                1.924E-07  2.217E-07  4.805E-07  1.545E-06  3.811E-07  8.638E-07
                8.158E-07  6.679E-08  1.856E-05  2.935E-07  1.459E-06  2.369E-08
                7.940E-06  3.734E-05  4.278E-07  8.744E-07  5.589E-06  2.331E-06
                5.400E-06  2.423E-07  3.989E-07  4.673E-07  4.926E-10  1.938E-06
                1.146E-06  6.083E-09  2.202E-08  5.047E-07  4.539E-06  5.565E-06
                4.567E-07  5.322E-08  2.438E-07  1.830E-06  8.381E-09  1.470E-06
                3.224E-06  1.081E-08  7.888E-06  1.717E-06  5.471E-07  5.780E-07
                6.155E-06  2.930E-07  1.131E-06  1.278E-07  1.460E-06  9.938E-07
                8.488E-07  1.557E-05  3.375E-07  5.916E-06  8.372E-09  8.478E-07
                7.933E-07  2.808E-07  2.409E-06  3.816E-07  2.166E-06  1.396E-09
                2.534E-07  6.209E-06  6.418E-06  2.379E-07  1.007E-06  4.306E-07
                6.429E-08  7.887E-07  1.433E-06  1.023E-06  4.262E-07  6.365E-08
                7.218E-06  1.036E-06  6.130E-07  3.072E-07  6.536E-07  5.451E-07
                1.408E-05  7.385E-06  7.157E-07  2.010E-06  3.415E-06  3.037E-06
                3.244E-06  4.868E-07  1.115E-07  4.557E-10  1.294E-07  1.926E-07
                1.019E-06  1.646E-06  2.191E-06  5.344E-06  1.013E-06  1.330E-07
                1.123E-08  2.557E-07  3.039E-07  2.479E-07  6.822E-06
1.07182463E+02  6.764E-03  7.092E-03  4.613E-06  4.374E-03  2.831E-03  9.402E-06
                6.681E-06  1.552E-02  1.747E-05  1.054E-05  4.468E-04  1.344E-05
                7.034E-03  9.244E-05  1.372E-04  5.312E-07  1.105E-06  4.101E-06
                2.093E-06  2.988E-06  5.951E-09  3.433E-06  1.338E-06  3.348E-08
                1.363E-07  5.181E-07  3.468E-06  9.661E-07  3.277E-06  5.109E-06
                4.017E-06  8.012E-07  1.137E-05  3.484E-06  2.571E-06  9.484E-07
                2.478E-09  1.855E-06  1.182E-09  1.073E-05  7.540E-07  4.802E-06
                1.778E-06  4.335E-07  4.740E-07  7.278E-08  1.951E-07  1.492E-07
                2.173E-05  3.939E-07  7.761E-07  1.240E-07  7.705E-08  3.214E-06
                4.107E-06  3.762E-06  1.022E-06  8.124E-06  2.482E-06  6.553E-06
                1.294E-07  4.136E-09  1.462E-08  1.265E-11  1.718E-06  1.816E-07
                1.788E-07  3.328E-10  2.300E-06  2.285E-07  2.934E-08  3.458E-06
                2.141E-06  4.508E-06  8.045E-06  6.223E-07  1.009E-06  2.638E-07
                3.538E-06  3.653E-06  7.926E-09  4.814E-08  4.559E-07  1.742E-06
                2.214E-05  4.848E-08  8.657E-11  2.726E-10  1.559E-10  9.430E-11
                8.709E-12  6.837E-07  3.840E-06  9.879E-08  2.243E-06  1.834E-06
                2.740E-07  8.899E-08  1.052E-05  3.740E-06  3.100E-07  4.213E-07
                1.214E-07  5.956E-09  2.093E-07  7.350E-07  4.926E-07  2.717E-08
                1.071E-07  1.026E-07  1.079E-08  7.597E-06  4.758E-08  2.487E-05
                1.339E-07  1.625E-07  3.255E-07  1.217E-06  2.944E-07  6.444E-07
                6.130E-07  5.491E-08  1.246E-05  2.074E-07  1.145E-06  1.615E-08
                5.405E-06  2.638E-05  3.181E-07  6.527E-07  4.203E-06  1.737E-06
                3.707E-06  1.312E-07  2.436E-07  3.086E-07  3.199E-10  1.208E-06
                7.185E-07  5.473E-09  1.990E-08  3.485E-07  3.310E-06  4.039E-06
                2.480E-07  3.091E-08  1.521E-07  1.035E-06  7.209E-09  1.005E-06
                2.208E-06  7.190E-09  5.717E-06  1.224E-06  3.246E-07  4.046E-07
                4.463E-06  1.805E-07  6.891E-07  9.121E-08  9.374E-07  7.541E-07
                6.320E-07  1.083E-05  2.472E-07  4.286E-06  7.716E-09  5.753E-07
                5.056E-07  1.572E-07  1.805E-06  2.765E-07  1.558E-06  1.156E-09
                1.349E-07  4.492E-06  4.623E-06  1.538E-07  6.906E-07  3.485E-07
                4.179E-08  4.797E-07  9.428E-07  6.370E-07  2.880E-07  4.057E-08
                5.265E-06  6.860E-07  4.502E-07  2.276E-07  4.893E-07  4.035E-07
                1.042E-05  5.528E-06  4.472E-07  1.187E-06  1.993E-06  2.025E-06
                2.094E-06  2.774E-07  5.431E-08  4.241E-10  5.985E-08  1.196E-07
                7.748E-07  1.274E-06  1.649E-06  3.939E-06  6.665E-07  8.556E-08
                6.560E-09  1.801E-07  2.355E-07  1.818E-07  5.174E-06
1.20790463E+02  4.629E-03  4.870E-03  2.338E-06  3.002E-03  1.949E-03  6.280E-06
                4.365E-06  1.204E-02  1.129E-05  6.895E-06  3.483E-04  8.845E-06
                5.492E-03  6.577E-05  9.760E-05  4.996E-07  7.156E-07  2.492E-06
                1.469E-06  1.775E-06  5.491E-09  2.234E-06  9.143E-07  1.628E-08
                8.293E-08  4.515E-07  3.056E-06  6.282E-07  2.047E-06  3.273E-06
                2.579E-06  5.217E-07  7.319E-06  2.508E-06  1.705E-06  6.027E-07
                1.572E-09  1.133E-06  9.359E-10  6.990E-06  5.784E-07  3.175E-06
                1.131E-06  2.493E-07  2.822E-07  7.155E-08  2.157E-07  9.405E-08
                1.509E-05  3.421E-07  4.862E-07  8.534E-08  4.370E-08  2.792E-06
                2.703E-06  2.472E-06  6.460E-07  5.077E-06  1.529E-06  5.618E-06
                1.117E-07  2.976E-09  9.466E-09  1.690E-11  1.059E-06  1.342E-07
                1.441E-07  3.010E-10  1.533E-06  1.461E-07  2.450E-08  2.373E-06
                1.581E-06  3.486E-06  5.301E-06  3.936E-07  6.574E-07  1.620E-07
                2.377E-06  2.445E-06  6.228E-09  3.768E-08  3.121E-07  1.108E-06
                1.580E-05  2.993E-08  6.607E-11  2.058E-10  1.061E-10  8.044E-11
                6.769E-12  4.615E-07  2.604E-06  6.089E-08  1.792E-06  1.491E-06
                1.882E-07  7.619E-08  7.582E-06  2.692E-06  2.299E-07  3.142E-07
                8.771E-08  3.773E-09  1.468E-07  5.277E-07  3.656E-07  1.847E-08
                9.362E-08  6.861E-08  6.883E-09  5.001E-06  3.452E-08  1.905E-05
                9.435E-08  1.120E-07  2.240E-07  9.425E-07  2.259E-07  4.552E-07
                4.335E-07  4.305E-08  8.807E-06  1.683E-07  8.133E-07  1.049E-08
                3.824E-06  2.052E-05  2.332E-07  4.864E-07  2.835E-06  1.170E-06
                2.592E-06  7.371E-08  1.522E-07  2.048E-07  1.877E-10  7.715E-07
                4.608E-07  5.179E-09  1.901E-08  2.441E-07  2.523E-06  3.068E-06
                1.434E-07  2.274E-08  1.044E-07  5.866E-07  7.265E-09  7.113E-07
                1.560E-06  3.534E-09  4.324E-06  9.161E-07  2.089E-07  3.035E-07
                3.407E-06  1.148E-07  4.566E-07  6.430E-08  5.843E-07  5.917E-07
                4.446E-07  8.436E-06  1.630E-07  2.809E-06  6.339E-09  3.857E-07
                3.225E-07  9.245E-08  1.224E-06  2.104E-07  1.181E-06  1.020E-09
                7.690E-08  3.407E-06  3.493E-06  9.692E-08  4.552E-07  2.848E-07
                2.679E-08  2.989E-07  5.962E-07  4.008E-07  1.884E-07  2.758E-08
                4.134E-06  4.630E-07  3.189E-07  1.523E-07  3.328E-07  2.994E-07
                8.227E-06  4.399E-06  2.992E-07  6.924E-07  1.153E-06  1.445E-06
                1.431E-06  1.634E-07  3.593E-08  3.342E-10  2.522E-08  8.004E-08
                6.062E-07  1.012E-06  1.292E-06  3.029E-06  4.540E-07  5.522E-08
                5.760E-09  1.307E-07  1.889E-07  1.320E-07  4.064E-06
1.34398463E+02  3.205E-03  3.364E-03  2.625E-06  2.082E-03  1.345E-03  4.402E-06
                3.048E-06  9.340E-03  7.515E-06  4.580E-06  2.744E-04  5.968E-06
                4.343E-03  4.583E-05  6.832E-05  4.786E-07  4.887E-07  1.531E-06
                1.104E-06  1.085E-06  3.545E-09  1.539E-06  7.394E-07  1.111E-08
                6.397E-08  3.351E-07  2.281E-06  4.540E-07  1.364E-06  2.154E-06
                1.767E-06  3.595E-07  5.079E-06  1.746E-06  1.186E-06  3.986E-07
                1.034E-09  7.283E-07  6.887E-10  4.644E-06  4.406E-07  2.137E-06
                7.300E-07  1.498E-07  1.753E-07  6.016E-08  1.885E-07  6.506E-08
                1.066E-05  2.872E-07  3.275E-07  6.389E-08  2.547E-08  2.335E-06
                1.809E-06  1.646E-06  4.179E-07  3.410E-06  9.849E-07  4.618E-06
                9.366E-08  2.329E-09  7.301E-09  2.089E-11  6.688E-07  1.051E-07
                1.078E-07  1.944E-10  1.090E-06  9.448E-08  3.026E-08  1.947E-06
                1.246E-06  2.547E-06  3.701E-06  2.550E-07  4.709E-07  1.015E-07
                1.760E-06  1.809E-06  5.124E-09  3.090E-08  2.257E-07  7.465E-07
                1.134E-05  2.597E-08  5.020E-11  1.564E-10  7.647E-11  7.118E-11
                5.257E-12  3.428E-07  1.935E-06  4.034E-08  1.431E-06  1.207E-06
                1.354E-07  7.576E-08  5.429E-06  1.932E-06  1.765E-07  2.413E-07
                6.837E-08  3.073E-09  1.108E-07  4.156E-07  2.915E-07  1.519E-08
                8.158E-08  5.672E-08  5.752E-09  3.987E-06  2.551E-08  1.382E-05
                7.091E-08  8.604E-08  1.594E-07  7.349E-07  1.747E-07  3.438E-07
                3.264E-07  3.364E-08  6.309E-06  1.356E-07  6.624E-07  8.178E-09
                2.731E-06  1.508E-05  1.774E-07  3.587E-07  2.270E-06  9.248E-07
                1.896E-06  4.329E-08  1.042E-07  1.499E-07  1.576E-10  5.547E-07
                3.323E-07  3.861E-09  1.395E-08  1.779E-07  1.949E-06  2.367E-06
                8.336E-08  1.477E-08  7.077E-08  4.422E-07  4.988E-09  5.098E-07
                1.118E-06  2.945E-09  3.343E-06  6.994E-07  1.361E-07  2.306E-07
                2.600E-06  7.658E-08  3.072E-07  5.169E-08  4.009E-07  4.402E-07
                3.441E-07  6.274E-06  1.310E-07  2.206E-06  5.215E-09  2.879E-07
                2.283E-07  5.651E-08  1.028E-06  1.632E-07  9.077E-07  8.850E-10
                4.422E-08  2.621E-06  2.683E-06  6.805E-08  3.414E-07  2.234E-07
                2.030E-08  1.948E-07  4.652E-07  2.698E-07  1.499E-07  1.936E-08
                3.091E-06  3.285E-07  2.456E-07  1.327E-07  3.004E-07  2.301E-07
                6.174E-06  3.320E-06  2.094E-07  4.802E-07  8.617E-07  1.053E-06
                1.012E-06  1.021E-07  3.388E-08  2.818E-10  1.220E-08  5.226E-08
                4.770E-07  8.083E-07  9.987E-07  2.345E-06  3.313E-07  4.172E-08
                4.118E-09  9.818E-08  1.499E-07  1.043E-07  3.192E-06
1.48006463E+02  2.384E-03  2.514E-03  1.184E-06  1.552E-03  1.008E-03  3.338E-06
                2.129E-06  7.557E-03  5.335E-06  3.257E-06  2.210E-04  4.174E-06
                3.496E-03  3.481E-05  5.182E-05  4.668E-07  3.307E-07  1.077E-06
                8.253E-07  7.140E-07  3.438E-09  1.018E-06  5.163E-07  1.028E-08
                5.280E-08  3.214E-07  2.195E-06  2.992E-07  8.595E-07  1.416E-06
                1.219E-06  2.395E-07  3.652E-06  1.387E-06  8.330E-07  2.527E-07
                6.662E-10  4.681E-07  6.242E-10  3.417E-06  3.672E-07  1.567E-06
                5.286E-07  9.644E-08  1.160E-07  5.861E-08  1.963E-07  4.818E-08
                7.943E-06  2.490E-07  2.114E-07  4.694E-08  2.222E-08  2.028E-06
                1.303E-06  1.213E-06  2.856E-07  2.270E-06  6.881E-07  4.003E-06
                8.225E-08  1.713E-09  4.708E-09  2.464E-11  4.784E-07  8.353E-08
                8.421E-08  1.870E-10  7.676E-07  6.732E-08  2.212E-08  1.311E-06
                9.170E-07  2.080E-06  2.599E-06  1.862E-07  3.263E-07  7.190E-08
                1.145E-06  1.169E-06  4.259E-09  2.588E-08  1.626E-07  5.190E-07
                8.489E-06  1.544E-08  4.142E-11  1.279E-10  5.386E-11  5.732E-11
                3.952E-12  2.218E-07  1.264E-06  2.565E-08  1.173E-06  1.002E-06
                9.871E-08  6.533E-08  4.112E-06  1.457E-06  1.303E-07  1.791E-07
                4.852E-08  1.883E-09  7.922E-08  2.960E-07  2.169E-07  9.778E-09
                7.553E-08  3.597E-08  3.743E-09  2.496E-06  1.879E-08  1.153E-05
                5.382E-08  5.708E-08  1.162E-07  5.675E-07  1.325E-07  2.344E-07
                2.248E-07  2.657E-08  4.546E-06  1.210E-07  4.474E-07  5.421E-09
                2.051E-06  1.274E-05  1.289E-07  2.615E-07  1.459E-06  5.916E-07
                1.306E-06  2.570E-08  7.033E-08  1.063E-07  8.882E-11  3.904E-07
                2.343E-07  3.346E-09  1.211E-08  1.316E-07  1.550E-06  1.878E-06
                5.099E-08  1.241E-08  5.468E-08  2.998E-07  4.646E-09  3.844E-07
                8.381E-07  1.581E-09  2.641E-06  5.487E-07  9.584E-08  1.846E-07
                2.054E-06  5.257E-08  2.271E-07  3.756E-08  2.633E-07  3.551E-07
                2.425E-07  5.394E-06  8.128E-08  1.370E-06  3.929E-09  2.036E-07
                1.546E-07  3.541E-08  6.683E-07  1.302E-07  7.211E-07  8.320E-10
                2.646E-08  2.078E-06  2.119E-06  4.508E-08  2.369E-07  1.825E-07
                1.386E-08  1.284E-07  3.202E-07  1.796E-07  1.050E-07  1.406E-08
                2.599E-06  2.357E-07  1.729E-07  8.575E-08  2.001E-07  1.661E-07
                5.183E-06  2.791E-06  1.532E-07  3.037E-07  5.570E-07  7.992E-07
                7.376E-07  6.401E-08  3.286E-08  2.172E-10  5.258E-09  3.811E-08
                3.819E-07  6.562E-07  8.011E-07  1.860E-06  2.346E-07  3.101E-08
                4.490E-09  7.495E-08  1.224E-07  7.566E-08  2.572E-06
1.61614463E+02  1.695E-03  1.784E-03  1.683E-06  1.111E-03  7.164E-04  2.046E-06
                1.476E-06  6.144E-03  3.354E-06  2.078E-06  1.839E-04  2.930E-06
                2.922E-03  2.594E-05  3.874E-05  4.552E-07  2.336E-07  7.274E-07
                6.587E-07  4.759E-07  2.174E-09  7.111E-07  4.347E-07  1.261E-08
                4.996E-08  2.301E-07  1.577E-06  2.268E-07  5.999E-07  9.398E-07
                8.788E-07  1.676E-07  2.644E-06  9.735E-07  5.964E-07  1.663E-07
                4.441E-10  3.225E-07  4.568E-10  2.351E-06  2.764E-07  1.087E-06
                3.524E-07  5.988E-08  7.541E-08  4.847E-08  1.677E-07  3.488E-08
                5.724E-06  2.127E-07  1.469E-07  3.444E-08  1.954E-08  1.727E-06
                8.948E-07  8.348E-07  1.876E-07  1.593E-06  4.582E-07  3.360E-06
                7.241E-08  1.344E-09  3.955E-09  2.622E-11  3.098E-07  6.837E-08
                6.136E-08  1.210E-10  5.596E-07  4.344E-08  2.621E-08  1.148E-06
                7.242E-07  1.512E-06  1.843E-06  1.266E-07  2.362E-07  4.606E-08
                8.805E-07  9.010E-07  3.613E-09  2.209E-08  1.182E-07  3.598E-07
                6.144E-06  1.280E-08  3.207E-11  9.984E-11  3.975E-11  4.800E-11
                2.957E-12  1.700E-07  9.650E-07  1.733E-08  9.329E-07  8.046E-07
                7.380E-08  5.740E-08  2.967E-06  1.048E-06  9.932E-08  1.364E-07
                3.887E-08  1.696E-09  6.252E-08  2.386E-07  1.761E-07  8.525E-09
                6.956E-08  3.170E-08  3.017E-09  2.146E-06  1.428E-08  8.478E-06
                4.020E-08  4.579E-08  8.491E-08  4.328E-07  1.005E-07  1.821E-07
                1.754E-07  2.070E-08  3.299E-06  1.011E-07  3.820E-07  3.988E-09
                1.496E-06  9.474E-06  9.909E-08  1.962E-07  1.246E-06  4.996E-07
                9.740E-07  1.546E-08  5.111E-08  8.162E-08  8.224E-11  3.005E-07
                1.805E-07  2.320E-09  8.259E-09  9.813E-08  1.208E-06  1.465E-06
                3.044E-08  8.248E-09  3.798E-08  2.561E-07  3.170E-09  2.817E-07
                6.163E-07  1.332E-09  2.055E-06  4.219E-07  6.416E-08  1.458E-07
                1.580E-06  3.676E-08  1.588E-07  2.996E-08  1.878E-07  2.606E-07
                1.895E-07  4.125E-06  6.951E-08  1.132E-06  3.092E-09  1.579E-07
                1.153E-07  2.236E-08  6.030E-07  1.014E-07  5.570E-07  6.645E-10
                1.525E-08  1.610E-06  1.641E-06  3.279E-08  1.846E-07  1.387E-07
                1.198E-08  8.731E-08  2.604E-07  1.276E-07  8.544E-08  1.050E-08
                1.980E-06  1.743E-07  1.349E-07  8.165E-08  1.961E-07  1.293E-07
                3.951E-06  2.133E-06  1.124E-07  2.330E-07  4.682E-07  5.970E-07
                5.354E-07  4.119E-08  2.622E-08  1.431E-10  3.785E-09  2.541E-08
                3.037E-07  5.287E-07  6.261E-07  1.469E-06  1.763E-07  2.362E-08
                2.769E-09  5.800E-08  9.821E-08  5.890E-08  2.049E-06
1.75222463E+02  1.360E-03  1.430E-03  1.014E-06  8.841E-04  5.734E-04  2.133E-06
                1.149E-06  4.887E-03  2.922E-06  1.758E-06  1.446E-04  2.125E-06
                2.295E-03  1.884E-05  2.820E-05  4.369E-07  1.687E-07  5.658E-07
                5.338E-07  3.328E-07  2.187E-09  5.018E-07  3.198E-07  1.518E-08
                5.151E-08  1.828E-07  1.251E-06  1.526E-07  3.756E-07  6.271E-07
                6.659E-07  1.196E-07  2.173E-06  7.227E-07  4.515E-07  1.062E-07
                2.921E-10  2.156E-07  3.217E-10  1.963E-06  2.229E-07  8.852E-07
                2.913E-07  4.500E-08  5.571E-08  4.561E-08  1.654E-07  3.056E-08
                4.634E-06  1.876E-07  1.027E-07  2.986E-08  2.091E-08  1.527E-06
                7.123E-07  6.879E-07  1.398E-07  1.119E-06  3.528E-07  2.967E-06
                6.677E-08  1.050E-09  2.353E-09  2.547E-11  2.445E-07  5.726E-08
                4.836E-08  1.070E-10  4.182E-07  3.512E-08  2.165E-08  7.125E-07
                5.547E-07  1.263E-06  1.409E-06  1.001E-07  1.795E-07  3.584E-08
                5.776E-07  5.822E-07  2.493E-09  1.519E-08  9.227E-08  2.697E-07
                4.985E-06  1.270E-08  2.613E-11  7.995E-11  2.903E-11  4.298E-11
                2.189E-12  1.112E-07  6.444E-07  1.126E-08  7.587E-07  6.558E-07
                5.835E-08  6.641E-08  2.416E-06  8.591E-07  7.602E-08  1.055E-07
                2.823E-08  1.116E-09  4.623E-08  1.773E-07  1.371E-07  5.558E-09
                6.683E-08  2.030E-08  2.298E-09  1.257E-06  1.028E-08  7.245E-06
                3.282E-08  2.908E-08  6.889E-08  3.545E-07  7.912E-08  1.225E-07
                1.211E-07  1.593E-08  2.555E-06  9.565E-08  2.452E-07  4.046E-09
                1.188E-06  8.179E-06  7.280E-08  1.361E-07  7.583E-07  3.012E-07
                7.069E-07  9.252E-09  3.292E-08  5.390E-08  4.063E-11  1.977E-07
                1.191E-07  2.003E-09  7.107E-09  8.011E-08  9.777E-07  1.183E-06
                1.903E-08  7.848E-09  3.034E-08  1.816E-07  2.310E-09  2.233E-07
                4.827E-07  7.434E-10  1.659E-06  3.404E-07  4.899E-08  1.180E-07
                1.288E-06  2.602E-08  1.238E-07  2.411E-08  1.291E-07  2.109E-07
                1.411E-07  3.628E-06  4.287E-08  7.015E-07  2.308E-09  1.050E-07
                7.433E-08  1.437E-08  3.768E-07  8.317E-08  4.557E-07  4.943E-10
                8.850E-09  1.308E-06  1.331E-06  2.144E-08  1.222E-07  1.169E-07
                7.727E-09  5.933E-08  1.921E-07  8.500E-08  6.293E-08  7.578E-09
                1.662E-06  1.275E-07  1.010E-07  5.072E-08  1.259E-07  9.445E-08
                3.278E-06  1.769E-06  8.606E-08  1.421E-07  2.898E-07  4.729E-07
                4.134E-07  2.674E-08  3.697E-08  1.938E-10  1.214E-09  2.067E-08
                2.449E-07  4.282E-07  5.010E-07  1.165E-06  1.223E-07  2.206E-08
                4.414E-09  4.474E-08  7.989E-08  4.486E-08  1.643E-06
1.88830463E+02  1.014E-03  1.077E-03  3.048E-07  6.683E-04  4.356E-04  1.077E-06
                7.512E-07  4.414E-03  1.624E-06  1.031E-06  1.325E-04  1.622E-06
                2.106E-03  1.684E-05  2.507E-05  4.054E-07  1.200E-07  4.561E-07
                4.233E-07  2.691E-07  1.444E-09  3.315E-07  2.405E-07  1.219E-08
                3.826E-08  2.105E-07  1.445E-06  1.115E-07  2.728E-07  4.328E-07
                4.573E-07  7.992E-08  1.411E-06  7.022E-07  3.028E-07  6.744E-08
                1.924E-10  1.514E-07  4.428E-10  1.342E-06  2.089E-07  5.948E-07
                1.928E-07  2.622E-08  3.600E-08  3.699E-08  1.364E-07  2.137E-08
                3.237E-06  1.610E-07  6.681E-08  1.743E-08  2.026E-08  1.311E-06
                4.807E-07  4.671E-07  8.972E-08  7.690E-07  2.387E-07  2.549E-06
                5.415E-08  7.627E-10  2.226E-09  2.603E-11  1.700E-07  4.533E-08
                3.442E-08  8.760E-11  2.910E-07  2.192E-08  1.810E-08  7.004E-07
                4.215E-07  9.808E-07  9.381E-07  7.538E-08  1.226E-07  2.466E-08
                4.093E-07  4.199E-07  3.045E-09  1.892E-08  6.256E-08  1.864E-07
                3.372E-06  4.157E-09  2.396E-11  7.528E-11  2.177E-11  2.708E-11
                1.594E-12  7.756E-08  4.398E-07  7.704E-09  6.400E-07  5.625E-07
                4.296E-08  3.145E-08  1.657E-06  5.731E-07  5.462E-08  7.560E-08
                2.151E-08  9.062E-10  3.524E-08  1.326E-07  1.036E-07  4.631E-09
                5.828E-08  1.696E-08  1.801E-09  1.135E-06  8.494E-09  5.777E-06
                2.653E-08  2.484E-08  5.046E-08  2.544E-07  5.687E-08  9.346E-08
                9.203E-08  1.272E-08  1.668E-06  7.829E-08  2.162E-07  1.503E-09
                8.677E-07  6.576E-06  5.594E-08  1.097E-07  6.756E-07  2.672E-07
                4.630E-07  5.918E-09  2.771E-08  4.778E-08  4.013E-11  1.790E-07
                1.074E-07  1.282E-09  4.487E-09  5.813E-08  7.793E-07  9.458E-07
                1.222E-08  5.883E-09  2.594E-08  1.491E-07  2.110E-09  1.663E-07
                3.606E-07  6.022E-10  1.304E-06  2.631E-07  3.512E-08  1.036E-07
                9.896E-07  2.027E-08  1.024E-07  1.555E-08  9.394E-08  1.658E-07
                1.017E-07  2.984E-06  3.448E-08  5.370E-07  1.755E-09  9.259E-08
                6.276E-08  9.582E-09  3.441E-07  6.505E-08  3.541E-07  5.193E-10
                5.240E-09  1.024E-06  1.038E-06  1.674E-08  1.048E-07  8.673E-08
                7.264E-09  4.350E-08  1.428E-07  6.683E-08  4.671E-08  6.437E-09
                1.392E-06  1.026E-07  7.330E-08  4.751E-08  1.211E-07  7.115E-08
                2.769E-06  1.492E-06  6.625E-08  1.242E-07  2.659E-07  3.550E-07
                2.994E-07  1.797E-08  1.539E-08  5.871E-11  2.274E-09  1.350E-08
                2.007E-07  3.590E-07  4.107E-07  9.587E-07  9.589E-08  1.353E-08
                1.637E-09  3.665E-08  6.639E-08  3.110E-08  1.372E-06
2.02438463E+02  7.387E-04  7.699E-04  3.659E-06  4.814E-04  3.093E-04  9.148E-07
                5.562E-07  3.309E-03  1.289E-06  8.149E-07  1.020E-04  1.101E-06
                1.630E-03  1.050E-05  1.583E-05  4.138E-07  9.224E-08  3.065E-07
                3.948E-07  1.646E-07  1.320E-09  2.673E-07  2.231E-07  1.986E-08
                5.072E-08  6.600E-08  4.463E-07  8.878E-08  1.854E-07  2.680E-07
                3.870E-07  6.488E-08  1.286E-06  2.901E-07  2.470E-07  4.311E-08
                1.325E-10  1.185E-07  1.097E-10  1.023E-06  1.070E-07  4.604E-07
                1.449E-07  1.931E-08  2.526E-08  3.197E-08  1.265E-07  1.862E-08
                2.538E-06  1.529E-07  5.225E-08  1.855E-08  1.950E-08  1.242E-06
                3.624E-07  3.526E-07  6.351E-08  5.618E-07  1.639E-07  2.370E-06
                5.476E-08  6.508E-10  1.364E-09  2.164E-11  1.070E-07  3.756E-08
                2.540E-08  5.480E-11  2.281E-07  1.662E-08  2.296E-08  4.357E-07
                3.554E-07  6.956E-07  7.459E-07  5.239E-08  9.626E-08  1.528E-08
                3.463E-07  3.466E-07  1.341E-09  8.154E-09  5.091E-08  1.334E-07
                2.811E-06  1.490E-08  1.484E-11  4.568E-11  1.672E-11  3.406E-11
                1.187E-12  6.599E-08  3.856E-07  5.496E-09  4.616E-07  4.022E-07
                3.735E-08  7.004E-08  1.343E-06  4.817E-07  4.549E-08  6.322E-08
                1.757E-08  8.352E-10  3.022E-08  1.128E-07  8.966E-08  3.878E-09
                6.764E-08  1.421E-08  1.600E-09  7.748E-07  5.408E-09  4.105E-06
                1.793E-08  1.660E-08  4.411E-08  2.232E-07  4.692E-08  6.999E-08
                7.231E-08  9.564E-09  1.494E-06  7.490E-08  1.551E-07  3.696E-09
                6.520E-07  4.741E-06  4.404E-08  7.343E-08  4.686E-07  1.832E-07
                4.292E-07  3.307E-09  1.548E-08  2.708E-08  2.026E-11  1.003E-07
                6.071E-08  1.103E-09  3.822E-09  5.243E-08  5.947E-07  7.209E-07
                7.048E-09  4.351E-09  1.434E-08  1.431E-07  8.829E-10  1.223E-07
                2.647E-07  3.837E-10  1.004E-06  2.030E-07  2.414E-08  7.519E-08
                7.900E-07  1.292E-08  6.190E-08  1.781E-08  6.931E-08  1.161E-07
                8.678E-08  2.254E-06  2.732E-08  4.272E-07  1.359E-09  5.296E-08
                3.634E-08  6.024E-09  2.529E-07  5.080E-08  2.753E-07  2.512E-10
                2.604E-09  7.906E-07  8.058E-07  1.012E-08  6.235E-08  7.230E-08
                5.259E-09  2.793E-08  1.360E-07  4.273E-08  4.332E-08  4.211E-09
                9.918E-07  7.026E-08  6.401E-08  3.671E-08  9.426E-08  5.649E-08
                1.926E-06  1.042E-06  4.862E-08  7.407E-08  1.786E-07  2.747E-07
                2.283E-07  1.107E-08  3.404E-08  1.833E-10  1.333E-09  1.116E-08
                1.545E-07  2.738E-07  3.047E-07  7.204E-07  6.364E-08  1.578E-08
                3.414E-09  2.623E-08  5.127E-08  2.825E-08  1.024E-06
