           0           0           0           1
   -0.279159E+02   520
2.79158630E+01  4.787E-01
2.82560630E+01  3.876E-02
2.85962630E+01  7.338E-01
2.89364630E+01  5.581E-01
2.92766630E+01  8.733E-01
2.96168630E+01  8.782E-01
2.99570630E+01  8.662E-01
3.02972630E+01  8.762E-01
3.06374630E+01  7.738E-01
3.09776630E+01  7.693E-01
3.13178630E+01  7.526E-01
3.16580630E+01  8.655E-01
3.19982630E+01  8.552E-01
3.23384630E+01  8.301E-01
3.26786630E+01  8.011E-01
3.30188630E+01  8.014E-01
3.33590630E+01  7.665E-01
3.36992630E+01  7.606E-01
3.40394630E+01  7.873E-01
3.43796630E+01  7.730E-01
3.47198630E+01  7.609E-01
3.50600630E+01  7.382E-01
3.54002630E+01  7.319E-01
3.57404630E+01  7.094E-01
3.60806630E+01  6.973E-01
3.64208630E+01  6.815E-01
3.67610630E+01  6.681E-01
3.71012630E+01  6.521E-01
3.74414630E+01  6.429E-01
3.77816630E+01  6.318E-01
3.81218630E+01  6.310E-01
3.84620630E+01  5.899E-01
3.88022630E+01  5.893E-01
3.91424630E+01  5.547E-01
3.94826630E+01  5.340E-01
3.98228630E+01  5.425E-01
4.01630630E+01  5.370E-01
4.05032630E+01  5.316E-01
4.08434630E+01  5.269E-01
4.11836630E+01  4.973E-01
4.15238630E+01  4.843E-01
4.18640630E+01  4.940E-01
4.22042630E+01  4.749E-01
4.25444630E+01  5.411E-01
4.28846630E+01  4.550E-01
4.32248630E+01  4.530E-01
4.35650630E+01  4.604E-01
4.39052630E+01  3.834E-01
4.42454630E+01  4.172E-01
4.45856630E+01  4.143E-01
4.49258630E+01  4.083E-01
4.52660630E+01  4.071E-01
4.56062630E+01  4.006E-01
4.59464630E+01  3.581E-01
4.62866630E+01  3.742E-01
4.66268630E+01  3.632E-01
4.69670630E+01  3.729E-01
4.73072630E+01  3.621E-01
4.76474630E+01  3.564E-01
4.79876630E+01  3.546E-01
4.83278630E+01  3.646E-01
4.86680630E+01  3.378E-01
4.90082630E+01  3.315E-01
4.93484630E+01  3.285E-01
4.96886630E+01  3.189E-01
5.00288630E+01  3.150E-01
5.03690630E+01  3.063E-01
5.07092630E+01  3.006E-01
5.10494630E+01  2.998E-01
5.13896630E+01  2.960E-01
5.17298630E+01  2.913E-01
5.20700630E+01  2.857E-01
5.24102630E+01  2.816E-01
5.27504630E+01  2.764E-01
5.30906630E+01  2.729E-01
5.34308630E+01  2.684E-01
5.37710630E+01  2.642E-01
5.41112630E+01  2.601E-01
5.44514630E+01  2.563E-01
5.47916630E+01  2.524E-01
5.51318630E+01  2.486E-01
5.54720630E+01  2.448E-01
5.58122630E+01  2.412E-01
5.61524630E+01  2.376E-01
5.64926630E+01  2.340E-01
5.68328630E+01  2.306E-01
5.71730630E+01  2.272E-01
5.75132630E+01  2.238E-01
5.78534630E+01  2.206E-01
5.81936630E+01  2.174E-01
5.85338630E+01  2.142E-01
5.88740630E+01  2.111E-01
5.92142630E+01  2.081E-01
5.95544630E+01  2.051E-01
5.98946630E+01  2.022E-01
6.02348630E+01  1.995E-01
6.05750630E+01  1.966E-01
6.09152630E+01  1.937E-01
6.12554630E+01  1.910E-01
6.15956630E+01  1.884E-01
6.19358630E+01  1.858E-01
6.22760630E+01  1.832E-01
6.26162630E+01  1.807E-01
6.29564630E+01  1.782E-01
6.32966630E+01  1.759E-01
6.36368630E+01  1.735E-01
6.39770630E+01  1.712E-01
6.43172630E+01  1.688E-01
6.46574630E+01  1.666E-01
6.49976630E+01  1.644E-01
6.53378630E+01  1.623E-01
6.56780630E+01  1.601E-01
6.60182630E+01  1.581E-01
6.63584630E+01  1.560E-01
6.66986630E+01  1.540E-01
6.70388630E+01  1.521E-01
6.73790630E+01  1.501E-01
6.77192630E+01  1.482E-01
6.80594630E+01  1.464E-01
6.83996630E+01  1.445E-01
6.87398630E+01  1.427E-01
6.90800630E+01  1.409E-01
6.94202630E+01  1.392E-01
6.97604630E+01  1.375E-01
7.01006630E+01  1.358E-01
7.04408630E+01  1.341E-01
7.07810630E+01  1.325E-01
7.11212630E+01  1.309E-01
7.14614630E+01  1.293E-01
7.18016630E+01  1.278E-01
7.21418630E+01  1.262E-01
7.24820630E+01  1.247E-01
7.28222630E+01  1.233E-01
7.31624630E+01  1.218E-01
7.35026630E+01  1.204E-01
7.38428630E+01  1.190E-01
7.41830630E+01  1.176E-01
7.45232630E+01  1.162E-01
7.48634630E+01  1.149E-01
7.52036630E+01  1.135E-01
7.55438630E+01  1.122E-01
7.58840630E+01  1.109E-01
7.62242630E+01  1.097E-01
7.65644630E+01  1.084E-01
7.69046630E+01  1.072E-01
7.72448630E+01  1.059E-01
7.75850630E+01  1.047E-01
7.79252630E+01  1.036E-01
7.82654630E+01  1.024E-01
7.86056630E+01  1.012E-01
7.89458630E+01  1.001E-01
7.92860630E+01  9.899E-02
7.96262630E+01  9.789E-02
7.99664630E+01  9.680E-02
8.03066630E+01  9.573E-02
8.06468630E+01  9.467E-02
8.09870630E+01  9.363E-02
8.13272630E+01  9.261E-02
8.16674630E+01  9.160E-02
8.20076630E+01  9.060E-02
8.23478630E+01  8.963E-02
8.26880630E+01  8.866E-02
8.30282630E+01  8.771E-02
8.33684630E+01  8.678E-02
8.37086630E+01  8.586E-02
8.40488630E+01  8.495E-02
8.43890630E+01  8.406E-02
8.47292630E+01  8.318E-02
8.50694630E+01  8.231E-02
8.54096630E+01  8.146E-02
8.57498630E+01  8.062E-02
8.60900630E+01  7.980E-02
8.64302630E+01  7.899E-02
8.67704630E+01  7.819E-02
8.71106630E+01  7.740E-02
8.74508630E+01  7.662E-02
8.77910630E+01  7.586E-02
8.81312630E+01  7.510E-02
8.84714630E+01  7.436E-02
8.88116630E+01  7.363E-02
8.91518630E+01  7.291E-02
8.94920630E+01  7.220E-02
8.98322630E+01  7.150E-02
9.01724630E+01  7.081E-02
9.05126630E+01  7.013E-02
9.08528630E+01  6.945E-02
9.11930630E+01  6.879E-02
9.15332630E+01  6.814E-02
9.18734630E+01  6.749E-02
9.22136630E+01  6.685E-02
9.25538630E+01  6.622E-02
9.28940630E+01  6.560E-02
9.32342630E+01  6.499E-02
9.35744630E+01  6.438E-02
9.39146630E+01  6.378E-02
9.42548630E+01  6.319E-02
9.45950630E+01  6.260E-02
9.49352630E+01  6.202E-02
9.52754630E+01  6.145E-02
9.56156630E+01  6.088E-02
9.59558630E+01  6.032E-02
9.62960630E+01  5.977E-02
9.66362630E+01  5.922E-02
9.69764630E+01  5.867E-02
9.73166630E+01  5.814E-02
9.76568630E+01  5.760E-02
9.79970630E+01  5.707E-02
9.83372630E+01  5.655E-02
9.86774630E+01  5.604E-02
9.90176630E+01  5.552E-02
9.93578630E+01  5.502E-02
9.96980630E+01  5.451E-02
1.00038263E+02  5.402E-02
1.00378463E+02  5.353E-02
1.00718663E+02  5.304E-02
1.01058863E+02  5.256E-02
1.01399063E+02  5.208E-02
1.01739263E+02  5.161E-02
1.02079463E+02  5.114E-02
1.02419663E+02  5.068E-02
1.02759863E+02  5.022E-02
1.03100063E+02  4.977E-02
1.03440263E+02  4.932E-02
1.03780463E+02  4.888E-02
1.04120663E+02  4.845E-02
1.04460863E+02  4.802E-02
1.04801063E+02  4.759E-02
1.05141263E+02  4.717E-02
1.05481463E+02  4.675E-02
1.05821663E+02  4.635E-02
1.06161863E+02  4.594E-02
1.06502063E+02  4.554E-02
1.06842263E+02  4.515E-02
1.07182463E+02  4.476E-02
1.07522663E+02  4.438E-02
1.07862863E+02  4.400E-02
1.08203063E+02  4.363E-02
1.08543263E+02  4.326E-02
1.08883463E+02  4.290E-02
1.09223663E+02  4.254E-02
1.09563863E+02  4.219E-02
1.09904063E+02  4.184E-02
1.10244263E+02  4.150E-02
1.10584463E+02  4.117E-02
1.10924663E+02  4.083E-02
1.11264863E+02  4.051E-02
1.11605063E+02  4.019E-02
1.11945263E+02  3.987E-02
1.12285463E+02  3.955E-02
1.12625663E+02  3.925E-02
1.12965863E+02  3.894E-02
1.13306063E+02  3.864E-02
1.13646263E+02  3.834E-02
1.13986463E+02  3.805E-02
1.14326663E+02  3.776E-02
1.14666863E+02  3.748E-02
1.15007063E+02  3.720E-02
1.15347263E+02  3.692E-02
1.15687463E+02  3.664E-02
1.16027663E+02  3.637E-02
1.16367863E+02  3.610E-02
1.16708063E+02  3.584E-02
1.17048263E+02  3.557E-02
1.17388463E+02  3.531E-02
1.17728663E+02  3.506E-02
1.18068863E+02  3.480E-02
1.18409063E+02  3.455E-02
1.18749263E+02  3.430E-02
1.19089463E+02  3.405E-02
1.19429663E+02  3.380E-02
1.19769863E+02  3.355E-02
1.20110063E+02  3.331E-02
1.20450263E+02  3.307E-02
1.20790463E+02  3.283E-02
1.21130663E+02  3.259E-02
1.21470863E+02  3.235E-02
1.21811063E+02  3.211E-02
1.22151263E+02  3.188E-02
1.22491463E+02  3.164E-02
1.22831663E+02  3.141E-02
1.23171863E+02  3.118E-02
1.23512063E+02  3.095E-02
1.23852263E+02  3.072E-02
1.24192463E+02  3.049E-02
1.24532663E+02  3.026E-02
1.24872863E+02  3.004E-02
1.25213063E+02  2.981E-02
1.25553263E+02  2.959E-02
1.25893463E+02  2.937E-02
1.26233663E+02  2.914E-02
1.26573863E+02  2.892E-02
1.26914063E+02  2.870E-02
1.27254263E+02  2.849E-02
1.27594463E+02  2.827E-02
1.27934663E+02  2.805E-02
1.28274863E+02  2.784E-02
1.28615063E+02  2.763E-02
1.28955263E+02  2.742E-02
1.29295463E+02  2.721E-02
1.29635663E+02  2.700E-02
1.29975863E+02  2.680E-02
1.30316063E+02  2.659E-02
1.30656263E+02  2.639E-02
1.30996463E+02  2.619E-02
1.31336663E+02  2.599E-02
1.31676863E+02  2.580E-02
1.32017063E+02  2.560E-02
1.32357263E+02  2.541E-02
1.32697463E+02  2.522E-02
1.33037663E+02  2.503E-02
1.33377863E+02  2.485E-02
1.33718063E+02  2.467E-02
1.34058263E+02  2.449E-02
1.34398463E+02  2.431E-02
1.34738663E+02  2.413E-02
1.35078863E+02  2.396E-02
1.35419063E+02  2.379E-02
1.35759263E+02  2.362E-02
1.36099463E+02  2.346E-02
1.36439663E+02  2.329E-02
1.36779863E+02  2.313E-02
1.37120063E+02  2.298E-02
1.37460263E+02  2.282E-02
1.37800463E+02  2.267E-02
1.38140663E+02  2.252E-02
1.38480863E+02  2.237E-02
1.38821063E+02  2.222E-02
1.39161263E+02  2.208E-02
1.39501463E+02  2.194E-02
1.39841663E+02  2.180E-02
1.40181863E+02  2.167E-02
1.40522063E+02  2.153E-02
1.40862263E+02  2.140E-02
1.41202463E+02  2.127E-02
1.41542663E+02  2.114E-02
1.41882863E+02  2.102E-02
1.42223063E+02  2.089E-02
1.42563263E+02  2.077E-02
1.42903463E+02  2.065E-02
1.43243663E+02  2.053E-02
1.43583863E+02  2.042E-02
1.43924063E+02  2.030E-02
1.44264263E+02  2.019E-02
1.44604463E+02  2.008E-02
1.44944663E+02  1.996E-02
1.45284863E+02  1.985E-02
1.45625063E+02  1.974E-02
1.45965263E+02  1.964E-02
1.46305463E+02  1.953E-02
1.46645663E+02  1.942E-02
1.46985863E+02  1.932E-02
1.47326063E+02  1.921E-02
1.47666263E+02  1.911E-02
1.48006463E+02  1.900E-02
1.48346663E+02  1.890E-02
1.48686863E+02  1.879E-02
1.49027063E+02  1.869E-02
1.49367263E+02  1.859E-02
1.49707463E+02  1.848E-02
1.50047663E+02  1.838E-02
1.50387863E+02  1.828E-02
1.50728063E+02  1.817E-02
1.51068263E+02  1.807E-02
1.51408463E+02  1.796E-02
1.51748663E+02  1.786E-02
1.52088863E+02  1.775E-02
1.52429063E+02  1.765E-02
1.52769263E+02  1.754E-02
1.53109463E+02  1.744E-02
1.53449663E+02  1.733E-02
1.53789863E+02  1.723E-02
1.54130063E+02  1.712E-02
1.54470263E+02  1.701E-02
1.54810463E+02  1.691E-02
1.55150663E+02  1.680E-02
1.55490863E+02  1.669E-02
1.55831063E+02  1.658E-02
1.56171263E+02  1.647E-02
1.56511463E+02  1.637E-02
1.56851663E+02  1.626E-02
1.57191863E+02  1.615E-02
1.57532063E+02  1.604E-02
1.57872263E+02  1.593E-02
1.58212463E+02  1.582E-02
1.58552663E+02  1.572E-02
1.58892863E+02  1.561E-02
1.59233063E+02  1.550E-02
1.59573263E+02  1.539E-02
1.59913463E+02  1.528E-02
1.60253663E+02  1.518E-02
1.60593863E+02  1.507E-02
1.60934063E+02  1.497E-02
1.61274263E+02  1.486E-02
1.61614463E+02  1.476E-02
1.61954663E+02  1.465E-02
1.62294863E+02  1.455E-02
1.62635063E+02  1.445E-02
1.62975263E+02  1.435E-02
1.63315463E+02  1.425E-02
1.63655663E+02  1.415E-02
1.63995863E+02  1.406E-02
1.64336063E+02  1.396E-02
1.64676263E+02  1.386E-02
1.65016463E+02  1.377E-02
1.65356663E+02  1.368E-02
1.65696863E+02  1.359E-02
1.66037063E+02  1.350E-02
1.66377263E+02  1.341E-02
1.66717463E+02  1.333E-02
1.67057663E+02  1.324E-02
1.67397863E+02  1.316E-02
1.67738063E+02  1.308E-02
1.68078263E+02  1.300E-02
1.68418463E+02  1.293E-02
1.68758663E+02  1.285E-02
1.69098863E+02  1.278E-02
1.69439063E+02  1.270E-02
1.69779263E+02  1.263E-02
1.70119463E+02  1.257E-02
1.70459663E+02  1.250E-02
1.70799863E+02  1.243E-02
1.71140063E+02  1.237E-02
1.71480263E+02  1.231E-02
1.71820463E+02  1.225E-02
1.72160663E+02  1.219E-02
1.72500863E+02  1.213E-02
1.72841063E+02  1.208E-02
1.73181263E+02  1.202E-02
1.73521463E+02  1.197E-02
1.73861663E+02  1.192E-02
1.74201863E+02  1.187E-02
1.74542063E+02  1.182E-02
1.74882263E+02  1.177E-02
1.75222463E+02  1.173E-02
1.75562663E+02  1.168E-02
1.75902863E+02  1.164E-02
1.76243063E+02  1.160E-02
1.76583263E+02  1.155E-02
1.76923463E+02  1.151E-02
1.77263663E+02  1.147E-02
1.77603863E+02  1.143E-02
1.77944063E+02  1.139E-02
1.78284263E+02  1.135E-02
1.78624463E+02  1.131E-02
1.78964663E+02  1.127E-02
1.79304863E+02  1.124E-02
1.79645063E+02  1.120E-02
1.79985263E+02  1.116E-02
1.80325463E+02  1.112E-02
1.80665663E+02  1.108E-02
1.81005863E+02  1.105E-02
1.81346063E+02  1.101E-02
1.81686263E+02  1.097E-02
1.82026463E+02  1.093E-02
1.82366663E+02  1.089E-02
1.82706863E+02  1.085E-02
1.83047063E+02  1.081E-02
1.83387263E+02  1.076E-02
1.83727463E+02  1.072E-02
1.84067663E+02  1.068E-02
1.84407863E+02  1.063E-02
1.84748063E+02  1.059E-02
1.85088263E+02  1.054E-02
1.85428463E+02  1.050E-02
1.85768663E+02  1.045E-02
1.86108863E+02  1.040E-02
1.86449063E+02  1.035E-02
1.86789263E+02  1.030E-02
1.87129463E+02  1.025E-02
1.87469663E+02  1.019E-02
1.87809863E+02  1.014E-02
1.88150063E+02  1.008E-02
1.88490263E+02  1.003E-02
1.88830463E+02  9.970E-03
1.89170663E+02  9.911E-03
1.89510863E+02  9.852E-03
1.89851063E+02  9.791E-03
1.90191263E+02  9.730E-03
1.90531463E+02  9.667E-03
1.90871663E+02  9.604E-03
1.91211863E+02  9.540E-03
1.91552063E+02  9.475E-03
1.91892263E+02  9.409E-03
1.92232463E+02  9.343E-03
1.92572663E+02  9.276E-03
1.92912863E+02  9.209E-03
1.93253063E+02  9.141E-03
1.93593263E+02  9.073E-03
1.93933463E+02  9.004E-03
1.94273663E+02  8.936E-03
1.94613863E+02  8.867E-03
1.94954063E+02  8.798E-03
1.95294263E+02  8.729E-03
1.95634463E+02  8.660E-03
1.95974663E+02  8.591E-03
1.96314863E+02  8.523E-03
1.96655063E+02  8.455E-03
1.96995263E+02  8.388E-03
1.97335463E+02  8.321E-03
1.97675663E+02  8.254E-03
1.98015863E+02  8.188E-03
1.98356063E+02  8.123E-03
1.98696263E+02  8.059E-03
1.99036463E+02  7.996E-03
1.99376663E+02  7.934E-03
1.99716863E+02  7.873E-03
2.00057063E+02  7.813E-03
2.00397263E+02  7.754E-03
2.00737463E+02  7.697E-03
2.01077663E+02  7.641E-03
2.01417863E+02  7.587E-03
2.01758063E+02  7.534E-03
2.02098263E+02  7.482E-03
2.02438463E+02  7.432E-03
2.02778663E+02  7.384E-03
2.03118863E+02  7.338E-03
2.03459063E+02  7.293E-03
2.03799263E+02  7.250E-03
2.04139463E+02  7.209E-03
2.04479663E+02  7.170E-03
