2.79158630E+01  4.787E-01
2.82560630E+01  3.876E-02
2.85962630E+01  7.338E-01
2.89364630E+01  2.728E-01
2.92766630E+01  2.711E-01
2.96168630E+01  2.865E-01
2.99570630E+01  2.647E-01
3.02972630E+01  2.610E-01
3.06374630E+01  2.389E-01
3.09776630E+01  2.373E-01
3.13178630E+01  2.274E-01
3.16580630E+01  2.281E-01
3.19982630E+01  2.279E-01
3.23384630E+01  2.188E-01
3.26786630E+01  2.123E-01
3.30188630E+01  2.075E-01
3.33590630E+01  2.017E-01
3.36992630E+01  1.966E-01
3.40394630E+01  1.932E-01
3.43796630E+01  1.879E-01
3.47198630E+01  1.829E-01
3.50600630E+01  1.795E-01
3.54002630E+01  1.747E-01
3.57404630E+01  1.710E-01
3.60806630E+01  1.680E-01
3.64208630E+01  1.630E-01
3.67610630E+01  1.600E-01
3.71012630E+01  1.568E-01
3.74414630E+01  1.540E-01
3.77816630E+01  1.514E-01
3.81218630E+01  1.528E-01
3.84620630E+01  1.234E-01
3.88022630E+01  1.450E-01
3.91424630E+01  1.336E-01
3.94826630E+01  1.183E-01
3.98228630E+01  1.241E-01
4.01630630E+01  1.233E-01
4.05032630E+01  1.219E-01
4.08434630E+01  1.200E-01
4.11836630E+01  1.169E-01
4.15238630E+01  1.124E-01
4.18640630E+01  1.205E-01
4.22042630E+01  1.125E-01
4.25444630E+01  1.309E-01
4.28846630E+01  9.853E-02
4.32248630E+01  1.035E-01
4.35650630E+01  1.082E-01
4.39052630E+01  7.748E-02
4.42454630E+01  8.809E-02
4.45856630E+01  9.268E-02
4.49258630E+01  8.994E-02
4.52660630E+01  9.127E-02
4.56062630E+01  9.160E-02
4.59464630E+01  6.909E-02
4.62866630E+01  8.233E-02
4.66268630E+01  8.085E-02
4.69670630E+01  8.432E-02
4.73072630E+01  8.012E-02
4.76474630E+01  7.987E-02
4.79876630E+01  7.849E-02
4.83278630E+01  7.973E-02
4.86680630E+01  7.111E-02
4.90082630E+01  7.055E-02
4.93484630E+01  7.092E-02
4.96886630E+01  6.821E-02
5.00288630E+01  6.763E-02
5.03690630E+01  6.521E-02
5.07092630E+01  5.926E-02
5.10494630E+01  6.406E-02
5.13896630E+01  6.275E-02
5.17298630E+01  6.155E-02
5.20700630E+01  6.047E-02
5.24102630E+01  5.914E-02
5.27504630E+01  5.805E-02
5.30906630E+01  5.709E-02
5.34308630E+01  5.563E-02
5.37710630E+01  5.489E-02
5.41112630E+01  5.400E-02
5.44514630E+01  5.315E-02
5.47916630E+01  5.218E-02
5.51318630E+01  5.131E-02
5.54720630E+01  5.042E-02
5.58122630E+01  4.955E-02
5.61524630E+01  4.870E-02
5.64926630E+01  4.786E-02
5.68328630E+01  4.705E-02
5.71730630E+01  4.625E-02
5.75132630E+01  4.547E-02
5.78534630E+01  4.471E-02
5.81936630E+01  4.395E-02
5.85338630E+01  4.322E-02
5.88740630E+01  4.249E-02
5.92142630E+01  4.179E-02
5.95544630E+01  4.109E-02
5.98946630E+01  4.043E-02
6.02348630E+01  3.990E-02
6.05750630E+01  3.911E-02
6.09152630E+01  3.848E-02
6.12554630E+01  3.786E-02
6.15956630E+01  3.726E-02
6.19358630E+01  3.666E-02
6.22760630E+01  3.606E-02
6.26162630E+01  3.550E-02
6.29564630E+01  3.494E-02
6.32966630E+01  3.441E-02
6.36368630E+01  3.388E-02
6.39770630E+01  3.334E-02
6.43172630E+01  3.282E-02
6.46574630E+01  3.233E-02
6.49976630E+01  3.183E-02
6.53378630E+01  3.135E-02
6.56780630E+01  3.088E-02
6.60182630E+01  3.041E-02
6.63584630E+01  2.995E-02
6.66986630E+01  2.951E-02
6.70388630E+01  2.906E-02
6.73790630E+01  2.864E-02
6.77192630E+01  2.821E-02
6.80594630E+01  2.780E-02
6.83996630E+01  2.739E-02
6.87398630E+01  2.699E-02
6.90800630E+01  2.659E-02
6.94202630E+01  2.620E-02
6.97604630E+01  2.582E-02
7.01006630E+01  2.545E-02
7.04408630E+01  2.509E-02
7.07810630E+01  2.473E-02
7.11212630E+01  2.437E-02
7.14614630E+01  2.402E-02
7.18016630E+01  2.368E-02
7.21418630E+01  2.335E-02
7.24820630E+01  2.302E-02
7.28222630E+01  2.270E-02
7.31624630E+01  2.238E-02
7.35026630E+01  2.207E-02
7.38428630E+01  2.176E-02
7.41830630E+01  2.146E-02
7.45232630E+01  2.117E-02
7.48634630E+01  2.087E-02
7.52036630E+01  2.059E-02
7.55438630E+01  2.031E-02
7.58840630E+01  2.003E-02
7.62242630E+01  1.976E-02
7.65644630E+01  1.949E-02
7.69046630E+01  1.923E-02
7.72448630E+01  1.897E-02
7.75850630E+01  1.871E-02
7.79252630E+01  1.846E-02
7.82654630E+01  1.822E-02
7.86056630E+01  1.797E-02
7.89458630E+01  1.773E-02
7.92860630E+01  1.750E-02
7.96262630E+01  1.727E-02
7.99664630E+01  1.704E-02
8.03066630E+01  1.682E-02
8.06468630E+01  1.660E-02
8.09870630E+01  1.639E-02
8.13272630E+01  1.618E-02
8.16674630E+01  1.597E-02
8.20076630E+01  1.576E-02
8.23478630E+01  1.556E-02
8.26880630E+01  1.537E-02
8.30282630E+01  1.518E-02
8.33684630E+01  1.499E-02
8.37086630E+01  1.480E-02
8.40488630E+01  1.462E-02
8.43890630E+01  1.444E-02
8.47292630E+01  1.426E-02
8.50694630E+01  1.409E-02
8.54096630E+01  1.392E-02
8.57498630E+01  1.375E-02
8.60900630E+01  1.359E-02
8.64302630E+01  1.342E-02
8.67704630E+01  1.326E-02
8.71106630E+01  1.310E-02
8.74508630E+01  1.295E-02
8.77910630E+01  1.280E-02
8.81312630E+01  1.265E-02
8.84714630E+01  1.250E-02
8.88116630E+01  1.235E-02
8.91518630E+01  1.220E-02
8.94920630E+01  1.206E-02
8.98322630E+01  1.192E-02
9.01724630E+01  1.178E-02
9.05126630E+01  1.164E-02
9.08528630E+01  1.151E-02
9.11930630E+01  1.138E-02
9.15332630E+01  1.124E-02
9.18734630E+01  1.111E-02
9.22136630E+01  1.099E-02
9.25538630E+01  1.086E-02
9.28940630E+01  1.073E-02
9.32342630E+01  1.061E-02
9.35744630E+01  1.049E-02
9.39146630E+01  1.037E-02
9.42548630E+01  1.025E-02
9.45950630E+01  1.013E-02
9.49352630E+01  1.002E-02
9.52754630E+01  9.905E-03
9.56156630E+01  9.793E-03
9.59558630E+01  9.682E-03
9.62960630E+01  9.573E-03
9.66362630E+01  9.465E-03
9.69764630E+01  9.358E-03
9.73166630E+01  9.253E-03
9.76568630E+01  9.149E-03
9.79970630E+01  9.047E-03
9.83372630E+01  8.945E-03
9.86774630E+01  8.845E-03
9.90176630E+01  8.747E-03
9.93578630E+01  8.650E-03
9.96980630E+01  8.553E-03
1.00038263E+02  8.459E-03
1.00378463E+02  8.365E-03
1.00718663E+02  8.273E-03
1.01058863E+02  8.182E-03
1.01399063E+02  8.092E-03
1.01739263E+02  8.004E-03
1.02079463E+02  7.917E-03
1.02419663E+02  7.831E-03
1.02759863E+02  7.746E-03
1.03100063E+02  7.663E-03
1.03440263E+02  7.581E-03
1.03780463E+02  7.501E-03
1.04120663E+02  7.421E-03
1.04460863E+02  7.343E-03
1.04801063E+02  7.266E-03
1.05141263E+02  7.191E-03
1.05481463E+02  7.117E-03
1.05821663E+02  7.044E-03
1.06161863E+02  6.972E-03
1.06502063E+02  6.901E-03
1.06842263E+02  6.832E-03
1.07182463E+02  6.764E-03
1.07522663E+02  6.696E-03
1.07862863E+02  6.630E-03
1.08203063E+02  6.565E-03
1.08543263E+02  6.502E-03
1.08883463E+02  6.439E-03
1.09223663E+02  6.377E-03
1.09563863E+02  6.315E-03
1.09904063E+02  6.255E-03
1.10244263E+02  6.196E-03
1.10584463E+02  6.137E-03
1.10924663E+02  6.079E-03
1.11264863E+02  6.022E-03
1.11605063E+02  5.966E-03
1.11945263E+02  5.910E-03
1.12285463E+02  5.855E-03
1.12625663E+02  5.801E-03
1.12965863E+02  5.747E-03
1.13306063E+02  5.693E-03
1.13646263E+02  5.640E-03
1.13986463E+02  5.588E-03
1.14326663E+02  5.536E-03
1.14666863E+02  5.485E-03
1.15007063E+02  5.434E-03
1.15347263E+02  5.383E-03
1.15687463E+02  5.333E-03
1.16027663E+02  5.283E-03
1.16367863E+02  5.234E-03
1.16708063E+02  5.185E-03
1.17048263E+02  5.137E-03
1.17388463E+02  5.089E-03
1.17728663E+02  5.041E-03
1.18068863E+02  4.994E-03
1.18409063E+02  4.947E-03
1.18749263E+02  4.900E-03
1.19089463E+02  4.854E-03
1.19429663E+02  4.808E-03
1.19769863E+02  4.763E-03
1.20110063E+02  4.718E-03
1.20450263E+02  4.673E-03
1.20790463E+02  4.629E-03
1.21130663E+02  4.585E-03
1.21470863E+02  4.541E-03
1.21811063E+02  4.498E-03
1.22151263E+02  4.455E-03
1.22491463E+02  4.413E-03
1.22831663E+02  4.371E-03
1.23171863E+02  4.329E-03
1.23512063E+02  4.288E-03
1.23852263E+02  4.247E-03
1.24192463E+02  4.207E-03
1.24532663E+02  4.166E-03
1.24872863E+02  4.127E-03
1.25213063E+02  4.087E-03
1.25553263E+02  4.049E-03
1.25893463E+02  4.010E-03
1.26233663E+02  3.972E-03
1.26573863E+02  3.934E-03
1.26914063E+02  3.897E-03
1.27254263E+02  3.860E-03
1.27594463E+02  3.824E-03
1.27934663E+02  3.788E-03
1.28274863E+02  3.753E-03
1.28615063E+02  3.718E-03
1.28955263E+02  3.684E-03
1.29295463E+02  3.650E-03
1.29635663E+02  3.617E-03
1.29975863E+02  3.584E-03
1.30316063E+02  3.551E-03
1.30656263E+02  3.520E-03
1.30996463E+02  3.488E-03
1.31336663E+02  3.458E-03
1.31676863E+02  3.427E-03
1.32017063E+02  3.398E-03
1.32357263E+02  3.368E-03
1.32697463E+02  3.340E-03
1.33037663E+02  3.312E-03
1.33377863E+02  3.284E-03
1.33718063E+02  3.257E-03
1.34058263E+02  3.231E-03
1.34398463E+02  3.205E-03
1.34738663E+02  3.179E-03
1.35078863E+02  3.154E-03
1.35419063E+02  3.130E-03
1.35759263E+02  3.105E-03
1.36099463E+02  3.082E-03
1.36439663E+02  3.058E-03
1.36779863E+02  3.035E-03
1.37120063E+02  3.013E-03
1.37460263E+02  2.991E-03
1.37800463E+02  2.969E-03
1.38140663E+02  2.947E-03
1.38480863E+02  2.926E-03
1.38821063E+02  2.905E-03
1.39161263E+02  2.885E-03
1.39501463E+02  2.864E-03
1.39841663E+02  2.844E-03
1.40181863E+02  2.824E-03
1.40522063E+02  2.804E-03
1.40862263E+02  2.784E-03
1.41202463E+02  2.765E-03
1.41542663E+02  2.745E-03
1.41882863E+02  2.726E-03
1.42223063E+02  2.707E-03
1.42563263E+02  2.687E-03
1.42903463E+02  2.668E-03
1.43243663E+02  2.649E-03
1.43583863E+02  2.630E-03
1.43924063E+02  2.611E-03
1.44264263E+02  2.592E-03
1.44604463E+02  2.573E-03
1.44944663E+02  2.554E-03
1.45284863E+02  2.535E-03
1.45625063E+02  2.516E-03
1.45965263E+02  2.497E-03
1.46305463E+02  2.478E-03
1.46645663E+02  2.459E-03
1.46985863E+02  2.440E-03
1.47326063E+02  2.422E-03
1.47666263E+02  2.403E-03
1.48006463E+02  2.384E-03
1.48346663E+02  2.365E-03
1.48686863E+02  2.346E-03
1.49027063E+02  2.327E-03
1.49367263E+02  2.308E-03
1.49707463E+02  2.289E-03
1.50047663E+02  2.270E-03
1.50387863E+02  2.252E-03
1.50728063E+02  2.233E-03
1.51068263E+02  2.214E-03
1.51408463E+02  2.195E-03
1.51748663E+02  2.177E-03
1.52088863E+02  2.158E-03
1.52429063E+02  2.140E-03
1.52769263E+02  2.121E-03
1.53109463E+02  2.103E-03
1.53449663E+02  2.085E-03
1.53789863E+02  2.067E-03
1.54130063E+02  2.049E-03
1.54470263E+02  2.031E-03
1.54810463E+02  2.013E-03
1.55150663E+02  1.995E-03
1.55490863E+02  1.978E-03
1.55831063E+02  1.960E-03
1.56171263E+02  1.943E-03
1.56511463E+02  1.926E-03
1.56851663E+02  1.909E-03
1.57191863E+02  1.892E-03
1.57532063E+02  1.876E-03
1.57872263E+02  1.859E-03
1.58212463E+02  1.843E-03
1.58552663E+02  1.827E-03
1.58892863E+02  1.812E-03
1.59233063E+02  1.796E-03
1.59573263E+02  1.781E-03
1.59913463E+02  1.766E-03
1.60253663E+02  1.751E-03
1.60593863E+02  1.737E-03
1.60934063E+02  1.723E-03
1.61274263E+02  1.709E-03
1.61614463E+02  1.695E-03
1.61954663E+02  1.682E-03
1.62294863E+02  1.669E-03
1.62635063E+02  1.656E-03
1.62975263E+02  1.644E-03
1.63315463E+02  1.632E-03
1.63655663E+02  1.620E-03
1.63995863E+02  1.609E-03
1.64336063E+02  1.598E-03
1.64676263E+02  1.587E-03
1.65016463E+02  1.576E-03
1.65356663E+02  1.566E-03
1.65696863E+02  1.556E-03
1.66037063E+02  1.547E-03
1.66377263E+02  1.537E-03
1.66717463E+02  1.529E-03
1.67057663E+02  1.520E-03
1.67397863E+02  1.511E-03
1.67738063E+02  1.503E-03
1.68078263E+02  1.495E-03
1.68418463E+02  1.488E-03
1.68758663E+02  1.480E-03
1.69098863E+02  1.473E-03
1.69439063E+02  1.466E-03
1.69779263E+02  1.459E-03
1.70119463E+02  1.452E-03
1.70459663E+02  1.446E-03
1.70799863E+02  1.439E-03
1.71140063E+02  1.433E-03
1.71480263E+02  1.427E-03
1.71820463E+02  1.421E-03
1.72160663E+02  1.415E-03
1.72500863E+02  1.409E-03
1.72841063E+02  1.403E-03
1.73181263E+02  1.397E-03
1.73521463E+02  1.391E-03
1.73861663E+02  1.385E-03
1.74201863E+02  1.379E-03
1.74542063E+02  1.372E-03
1.74882263E+02  1.366E-03
1.75222463E+02  1.360E-03
1.75562663E+02  1.354E-03
1.75902863E+02  1.347E-03
1.76243063E+02  1.341E-03
1.76583263E+02  1.334E-03
1.76923463E+02  1.327E-03
1.77263663E+02  1.321E-03
1.77603863E+02  1.314E-03
1.77944063E+02  1.306E-03
1.78284263E+02  1.299E-03
1.78624463E+02  1.292E-03
1.78964663E+02  1.284E-03
1.79304863E+02  1.276E-03
1.79645063E+02  1.268E-03
1.79985263E+02  1.260E-03
1.80325463E+02  1.252E-03
1.80665663E+02  1.244E-03
1.81005863E+02  1.235E-03
1.81346063E+02  1.227E-03
1.81686263E+02  1.218E-03
1.82026463E+02  1.209E-03
1.82366663E+02  1.200E-03
1.82706863E+02  1.191E-03
1.83047063E+02  1.181E-03
1.83387263E+02  1.172E-03
1.83727463E+02  1.163E-03
1.84067663E+02  1.153E-03
1.84407863E+02  1.143E-03
1.84748063E+02  1.134E-03
1.85088263E+02  1.124E-03
1.85428463E+02  1.114E-03
1.85768663E+02  1.104E-03
1.86108863E+02  1.094E-03
1.86449063E+02  1.084E-03
1.86789263E+02  1.074E-03
1.87129463E+02  1.064E-03
1.87469663E+02  1.054E-03
1.87809863E+02  1.044E-03
1.88150063E+02  1.034E-03
1.88490263E+02  1.024E-03
1.88830463E+02  1.014E-03
1.89170663E+02  1.004E-03
1.89510863E+02  9.939E-04
1.89851063E+02  9.840E-04
1.90191263E+02  9.741E-04
1.90531463E+02  9.643E-04
1.90871663E+02  9.546E-04
1.91211863E+02  9.450E-04
1.91552063E+02  9.354E-04
1.91892263E+02  9.260E-04
1.92232463E+02  9.167E-04
1.92572663E+02  9.075E-04
1.92912863E+02  8.984E-04
1.93253063E+02  8.895E-04
1.93593263E+02  8.808E-04
1.93933463E+02  8.722E-04
1.94273663E+02  8.638E-04
1.94613863E+02  8.556E-04
1.94954063E+02  8.475E-04
1.95294263E+02  8.397E-04
1.95634463E+02  8.321E-04
1.95974663E+02  8.248E-04
1.96314863E+02  8.177E-04
1.96655063E+02  8.108E-04
1.96995263E+02  8.042E-04
1.97335463E+02  7.978E-04
1.97675663E+02  7.918E-04
1.98015863E+02  7.860E-04
1.98356063E+02  7.805E-04
1.98696263E+02  7.753E-04
1.99036463E+02  7.704E-04
1.99376663E+02  7.658E-04
1.99716863E+02  7.616E-04
2.00057063E+02  7.576E-04
2.00397263E+02  7.539E-04
2.00737463E+02  7.506E-04
2.01077663E+02  7.476E-04
2.01417863E+02  7.449E-04
2.01758063E+02  7.425E-04
2.02098263E+02  7.405E-04
2.02438463E+02  7.387E-04
2.02778663E+02  7.373E-04
2.03118863E+02  7.362E-04
2.03459063E+02  7.353E-04
2.03799263E+02  7.348E-04
2.04139463E+02  7.345E-04
2.04479663E+02  7.345E-04
