0.2888492E+02   0.1078000E+00
0.2888509E+02   0.1078000E+00
0.2888529E+02   0.1078000E+00
0.2888573E+02   0.1078000E+00
0.2888662E+02   0.1078000E+00
0.2888865E+02   0.1077000E+00
0.2889302E+02   0.1077000E+00
0.2890193E+02   0.1076000E+00
0.2892218E+02   0.1074000E+00
0.2896592E+02   0.1070000E+00
0.2905502E+02   0.1061000E+00
0.2925752E+02   0.1041000E+00
0.2969492E+02   0.9997000E-01
0.3058592E+02   0.9220999E-01
0.3261092E+02   0.7726000E-01
0.3698492E+02   0.5427000E-01
0.4589492E+02   0.2915000E-01
0.6614492E+02   0.9759000E-02
0.1098849E+03   0.1961000E-02
0.1989849E+03   0.2642000E-03
0.4014849E+03   0.2120000E-04
0.8388849E+03   0.1323000E-05
0.1729885E+04   0.7774000E-07
0.3754885E+04   0.3333000E-08
0.8128885E+04   0.1305000E-09
