0.3730115E+02   0.8263999E-03
0.3730132E+02   0.8263999E-03
0.3730152E+02   0.8263000E-03
0.3730196E+02   0.8263000E-03
0.3730285E+02   0.8262000E-03
0.3730488E+02   0.8260999E-03
0.3730925E+02   0.8256999E-03
0.3731816E+02   0.8249000E-03
0.3733841E+02   0.8232000E-03
0.3738215E+02   0.8196000E-03
0.3747125E+02   0.8122000E-03
0.3767375E+02   0.7958000E-03
0.3811115E+02   0.7618000E-03
0.3900215E+02   0.6981000E-03
0.4102715E+02   0.5771000E-03
0.4540115E+02   0.3956000E-03
0.5431115E+02   0.2048000E-03
0.7456115E+02   0.6532000E-04
0.1183012E+03   0.1254000E-04
0.2074012E+03   0.1635000E-05
0.4099012E+03   0.1285000E-06
0.8473012E+03   0.7931000E-08
0.1738301E+04   0.4638000E-09
0.3763301E+04   0.1983000E-10
0.8137301E+04   0.7757000E-12
