0.2925353E+02   0.1532000E+00
0.2925370E+02   0.1532000E+00
0.2925390E+02   0.1532000E+00
0.2925434E+02   0.1532000E+00
0.2925523E+02   0.1532000E+00
0.2925726E+02   0.1532000E+00
0.2926163E+02   0.1531000E+00
0.2927054E+02   0.1530000E+00
0.2929079E+02   0.1527000E+00
0.2933453E+02   0.1520000E+00
0.2942363E+02   0.1508000E+00
0.2962613E+02   0.1479000E+00
0.3006353E+02   0.1421000E+00
0.3095453E+02   0.1310000E+00
0.3297953E+02   0.1097000E+00
0.3735353E+02   0.7694000E-01
0.4626353E+02   0.4124000E-01
0.6651353E+02   0.1377000E-01
0.1102535E+03   0.2762000E-02
0.1993535E+03   0.3715000E-03
0.4018535E+03   0.2979000E-04
0.8392535E+03   0.1857000E-05
0.1730254E+04   0.1091000E-06
0.3755254E+04   0.4679000E-08
0.8129254E+04   0.1832000E-09
