0.3157992E+02   0.1676000E-01
0.3158009E+02   0.1676000E-01
0.3158029E+02   0.1676000E-01
0.3158073E+02   0.1676000E-01
0.3158162E+02   0.1676000E-01
0.3158365E+02   0.1676000E-01
0.3158802E+02   0.1676000E-01
0.3159693E+02   0.1675000E-01
0.3161718E+02   0.1673000E-01
0.3166092E+02   0.1669000E-01
0.3175002E+02   0.1662000E-01
0.3195252E+02   0.1645000E-01
0.3238992E+02   0.1608000E-01
0.3328092E+02   0.1538000E-01
0.3530592E+02   0.1393000E-01
0.3967992E+02   0.1138000E-01
0.4858992E+02   0.7897000E-02
0.6883992E+02   0.4033000E-02
0.1125799E+03   0.1432000E-02
0.2016799E+03   0.3695000E-03
0.4041799E+03   0.6234000E-04
0.8415799E+03   0.8212000E-05
0.1732580E+04   0.9887000E-06
0.3757580E+04   0.9137000E-07
0.8131580E+04   0.7725999E-08
