0.3720617E+02   0.5657000E-02
0.3720634E+02   0.5657000E-02
0.3720654E+02   0.5657000E-02
0.3720698E+02   0.5657000E-02
0.3720787E+02   0.5656000E-02
0.3720990E+02   0.5655000E-02
0.3721427E+02   0.5652000E-02
0.3722318E+02   0.5647000E-02
0.3724343E+02   0.5636000E-02
0.3728717E+02   0.5611000E-02
0.3737627E+02   0.5560000E-02
0.3757877E+02   0.5448000E-02
0.3801617E+02   0.5215000E-02
0.3890717E+02   0.4780000E-02
0.4093217E+02   0.3951000E-02
0.4530617E+02   0.2709000E-02
0.5421617E+02   0.1403000E-02
0.7446617E+02   0.4477000E-03
0.1182062E+03   0.8596999E-04
0.2073062E+03   0.1121000E-04
0.4098062E+03   0.8818000E-06
0.8472062E+03   0.5443000E-07
0.1738206E+04   0.3183000E-08
0.3763206E+04   0.1361000E-09
0.8137206E+04   0.5324000E-11
