0.2923737E+02   0.3129000E-01
0.2923754E+02   0.3129000E-01
0.2923774E+02   0.3129000E-01
0.2923818E+02   0.3128000E-01
0.2923907E+02   0.3128000E-01
0.2924110E+02   0.3128000E-01
0.2924547E+02   0.3126000E-01
0.2925438E+02   0.3124000E-01
0.2927463E+02   0.3118000E-01
0.2931837E+02   0.3105000E-01
0.2940747E+02   0.3079000E-01
0.2960997E+02   0.3021000E-01
0.3004737E+02   0.2901000E-01
0.3093837E+02   0.2675000E-01
0.3296337E+02   0.2240000E-01
0.3733737E+02   0.1571000E-01
0.4624737E+02   0.8424000E-02
0.6649737E+02   0.2814000E-02
0.1102374E+03   0.5643000E-03
0.1993374E+03   0.7589000E-04
0.4018374E+03   0.6085000E-05
0.8392374E+03   0.3794000E-06
0.1730237E+04   0.2230000E-07
0.3755237E+04   0.9559000E-09
0.8129237E+04   0.3743000E-10
