0.3286586E+02   0.3854000E-03
0.3286603E+02   0.3854000E-03
0.3286623E+02   0.3854000E-03
0.3286667E+02   0.3854000E-03
0.3286756E+02   0.3854000E-03
0.3286959E+02   0.3853000E-03
0.3287396E+02   0.3852000E-03
0.3288287E+02   0.3851000E-03
0.3290312E+02   0.3847000E-03
0.3294686E+02   0.3838000E-03
0.3303596E+02   0.3820000E-03
0.3323846E+02   0.3779000E-03
0.3367586E+02   0.3694000E-03
0.3456686E+02   0.3528000E-03
0.3659186E+02   0.3188000E-03
0.4096586E+02   0.2596000E-03
0.4987586E+02   0.1791000E-03
0.7012586E+02   0.9076000E-04
0.1138659E+03   0.3200000E-04
0.2029659E+03   0.8215000E-05
0.4054659E+03   0.1382000E-05
0.8428659E+03   0.1817000E-06
0.1733866E+04   0.2186000E-07
0.3758866E+04   0.2019000E-08
0.8132866E+04   0.1707000E-09
