0.2889931E+02   0.3526000E+00
0.2889948E+02   0.3526000E+00
0.2889968E+02   0.3526000E+00
0.2890012E+02   0.3525000E+00
0.2890101E+02   0.3525000E+00
0.2890304E+02   0.3524000E+00
0.2890741E+02   0.3523000E+00
0.2891632E+02   0.3520000E+00
0.2893657E+02   0.3513000E+00
0.2898031E+02   0.3499000E+00
0.2906941E+02   0.3470000E+00
0.2927191E+02   0.3405000E+00
0.2970931E+02   0.3270000E+00
0.3060031E+02   0.3016000E+00
0.3262531E+02   0.2527000E+00
0.3699931E+02   0.1775000E+00
0.4590931E+02   0.9534000E-01
0.6615931E+02   0.3192000E-01
0.1098993E+03   0.6413000E-02
0.1989993E+03   0.8638000E-03
0.4014993E+03   0.6932000E-04
0.8388993E+03   0.4324000E-05
0.1729899E+04   0.2542000E-06
0.3754899E+04   0.1090000E-07
0.8128899E+04   0.4267000E-09
