0.3152500E+02   0.1437000E+00
0.3152517E+02   0.1437000E+00
0.3152537E+02   0.1437000E+00
0.3152581E+02   0.1437000E+00
0.3152670E+02   0.1437000E+00
0.3152873E+02   0.1436000E+00
0.3153310E+02   0.1436000E+00
0.3154201E+02   0.1435000E+00
0.3156226E+02   0.1434000E+00
0.3160600E+02   0.1431000E+00
0.3169510E+02   0.1424000E+00
0.3189760E+02   0.1409000E+00
0.3233500E+02   0.1378000E+00
0.3322600E+02   0.1318000E+00
0.3525100E+02   0.1194000E+00
0.3962500E+02   0.9760000E-01
0.4853500E+02   0.6772000E-01
0.6878500E+02   0.3460000E-01
0.1125250E+03   0.1229000E-01
0.2016250E+03   0.3171000E-02
0.4041250E+03   0.5350999E-03
0.8415250E+03   0.7048999E-04
0.1732525E+04   0.8487999E-05
0.3757525E+04   0.7844000E-06
0.8131525E+04   0.6633000E-07
