          16           7
         215          13           1           1
           0          -4           0          -4           0          -6           0          -2           0          -4           0           6           0           4           0           2           0           4           0           6           0           2           0           4           0           2           0          -4           0          -2           0           2           0           4           0           6           0           2           0           4           0           6           0           4           0          -2           0          -2           0          -4           0          -6           0          -8           0          -2           0          -4           0          -6           0          -4           0           2           0          -4           0          -6           0          -2           0          -4           0          -6           0          -6           0          -8           0          -4           0          -6           0          -2           0          -4           0           4           0           6           0           8           0          10           0           4           0          -4           0           2           0           6           0           4           0           8           0           2           0          -4           0          -2           0           6           0           6           0           4           0           2           0           8           0           4           0           6           0           8           0           4           0           6           0           8           0          10           0           4           0           6           0           8           0           6           0           4           0           2           0           6           0           2           0           4           0           2           0          -4           0          -2           0          -6           0          -8           0           6           0           4           0          -4           0          -6           0          -2           0          -4           0          -6           0          -8           0         -10           0          -2           0          -4           0          -6           0          -4           0          -2           0          -6           0          -8           0          -2           0          -4           0           2           0           4           0           6           0           8           0           4           0           4           0           6           0           8           0           2           0          10           0           8           0           6           0           4           0           2           0           6           0           6           0           4           0           4           0           2           0           4           0           6           0           8           0          -4           0           2           0           4           0          -6           0          -4           0           2           0           4           0           6           0           4           0           6           0          -2           0          -4           0          -6           0          -8           0         -10           0          -6           0          -8           0         -10           0         -12           0           2           0          -2           0          -4           0          -6           0          -8           0          -2           0          -8           0         -10           0          -4           0          -2           0          -6           0          -4           0          -2           0          -4           0          -2           0          -4           0          -6           0          -4           0          -8           0          -6           0           2           0           4           0           2           0           4           0           6           0         -10           0          -8           0          -6           0          -4           0           6           0          -2           0          -4           0           8           0          -6           0          -2           0          -4           0          -6           0          -8           0           4           0           6           0          -4           0          -6           0          -6           0          -8           0          -2           0           2           0          -4           0           4           0           6           0           4           0           4           0           2           0           2           0          -4           0          -6           0          -8           0          -2           0          -4           0          -6           0          -8           0         -10           0          -8           0          -6           0          -4           0          -2           0          -2           0          -4           0          -6           0          -6           0          -8           0          -4           0          -2           0          -6           0          -4
    0.000000E+00    9.645106E-03    9.843162E-03    1.435602E-02    1.458263E-02
    4.247197E-02    4.320385E-02    4.360158E-02    5.944295E-02    5.948713E-02
    6.922989E-02    7.316769E-02    7.411300E-02    1.134727E-01    1.147319E-01
    2.354040E-01    2.358931E-01    2.366026E-01    2.382857E-01    2.391328E-01
    2.438023E-01    2.438287E-01    2.461520E-01    2.471700E-01    2.474363E-01
    2.479076E-01    2.485433E-01    2.486026E-01    2.487216E-01    2.491410E-01
    2.502551E-01    2.507374E-01    2.510783E-01    2.511300E-01    2.524691E-01
    2.524772E-01    2.554279E-01    2.561102E-01    2.563381E-01    2.591442E-01
    2.591854E-01    2.609226E-01    2.615363E-01    2.619649E-01    2.622131E-01
    2.625883E-01    2.631076E-01    2.632646E-01    2.633261E-01    2.634365E-01
    2.637297E-01    2.638533E-01    2.640096E-01    2.643758E-01    2.644930E-01
    2.645338E-01    2.648466E-01    2.652759E-01    2.655531E-01    2.656939E-01
    2.657640E-01    2.676748E-01    2.677713E-01    2.679166E-01    2.688115E-01
    2.690337E-01    2.711118E-01    2.712141E-01    2.720014E-01    2.721113E-01
    2.724223E-01    2.724984E-01    2.725578E-01    2.726085E-01    2.727219E-01
    2.737570E-01    2.740430E-01    2.746587E-01    2.763855E-01    2.763956E-01
    2.763957E-01    2.764682E-01    2.789238E-01    2.791446E-01    2.808157E-01
    2.808428E-01    2.816082E-01    2.816156E-01    2.816277E-01    2.816445E-01
    2.816660E-01    2.832213E-01    2.832636E-01    2.833497E-01    2.872720E-01
    2.872722E-01    2.872783E-01    2.873017E-01    2.873787E-01    2.874354E-01
    2.875828E-01    2.876419E-01    2.877951E-01    2.879672E-01    2.884374E-01
    2.885530E-01    2.886000E-01    2.886971E-01    2.887362E-01    2.888178E-01
    2.901974E-01    2.902310E-01    2.934227E-01    2.936053E-01    2.936679E-01
    2.948139E-01    2.948751E-01    2.949134E-01    2.954910E-01    2.955387E-01
    2.955818E-01    2.956302E-01    2.974080E-01    2.974265E-01    2.978254E-01
    2.979930E-01    2.980044E-01    2.981863E-01    2.981951E-01    2.982014E-01
    2.986863E-01    2.989406E-01    2.997979E-01    3.013547E-01    3.014398E-01
    3.015665E-01    3.017420E-01    3.025165E-01    3.025355E-01    3.025686E-01
    3.026262E-01    3.032771E-01    3.036433E-01    3.036673E-01    3.036996E-01
    3.037196E-01    3.041292E-01    3.046134E-01    3.046301E-01    3.048276E-01
    3.048611E-01    3.049614E-01    3.051740E-01    3.052844E-01    3.060373E-01
    3.062721E-01    3.065126E-01    3.067251E-01    3.072820E-01    3.083217E-01
    3.083847E-01    3.085481E-01    3.086063E-01    3.093086E-01    3.093690E-01
    3.093750E-01    3.093804E-01    3.094500E-01    3.095030E-01    3.095365E-01
    3.096086E-01    3.096683E-01    3.098305E-01    3.098337E-01    3.100372E-01
    3.110986E-01    3.111053E-01    3.111248E-01    3.111449E-01    3.124031E-01
    3.124222E-01    3.126400E-01    3.132139E-01    3.132929E-01    3.134326E-01
    3.163175E-01    3.165548E-01    3.167011E-01    3.167161E-01    3.173537E-01
    3.174815E-01    3.194473E-01    3.198310E-01    3.206567E-01    3.235572E-01
    3.235827E-01    3.236877E-01    3.236885E-01    3.238034E-01    3.239013E-01
    3.239634E-01    3.240075E-01    3.245628E-01    3.245933E-01    3.263728E-01
    3.264517E-01    3.271738E-01    3.284075E-01    3.287843E-01    3.314323E-01
    3.314556E-01    3.324856E-01    3.325179E-01    3.327131E-01    3.333147E-01
           0           4           0           1
  -28.010499495533246               13
3.51546995E+01  1.923E-01  6.290E-02  2.052E-01  1.762E-02  8.587E-02  1.111E-01
                1.303E-02  7.646E-05  1.133E-03  8.645E-04  1.796E-04  4.497E-02
                1.175E-04
4.87626995E+01  7.511E-02  2.514E-02  8.293E-02  7.549E-03  3.551E-02  6.551E-02
                7.668E-03  4.630E-05  6.882E-04  4.155E-04  1.184E-04  2.998E-02
                4.115E-05  1.803E-03  2.020E-04  2.181E-04  4.101E-04  3.153E-04
                8.169E-05  1.010E-04  7.635E-04  4.294E-04  5.038E-05  7.742E-06
                3.121E-05  3.536E-05  6.490E-05  7.745E-05  1.382E-04  3.253E-05
                3.698E-04  1.800E-04  2.975E-04  5.507E-05  2.765E-05  1.253E-04
                2.943E-06  6.188E-05
6.23706995E+01  3.883E-02  1.248E-02  4.074E-02  3.467E-03  1.696E-02  4.196E-02
                4.918E-03  1.837E-05  4.070E-04  2.259E-04  2.684E-05  1.979E-02
                2.651E-05  9.268E-04  1.345E-04  9.141E-06  1.443E-05  1.330E-05
                9.854E-06  1.551E-05  9.574E-06  5.386E-07  1.523E-05  2.099E-06
                5.109E-06  6.469E-06  5.431E-06  9.442E-06  2.546E-05  2.590E-05
                1.079E-05  1.889E-06  9.451E-05  2.572E-05  3.294E-06  1.939E-05
                1.766E-08  1.291E-06  8.767E-06  2.788E-05  8.180E-05  3.637E-06
                3.300E-05  4.743E-07  1.060E-06  2.071E-06  4.883E-06  7.967E-06
                1.065E-04  8.768E-07  6.495E-06  4.115E-06  1.440E-06  8.459E-07
                2.054E-05  6.069E-06  3.022E-06  4.880E-05  3.153E-05  1.743E-05
                1.237E-05  2.308E-08  2.455E-08  1.592E-08  2.439E-06  2.164E-05
                1.060E-06  5.135E-07  5.480E-06  1.451E-05  3.385E-05  1.737E-05
                7.283E-06  3.380E-06  1.489E-06  2.351E-06  8.509E-06  4.207E-06
                2.271E-06  3.948E-07  6.633E-06  1.739E-05  8.626E-06  2.430E-06
                1.636E-05  8.226E-05  2.434E-09  1.717E-08  2.554E-08  1.387E-08
                7.375E-09  6.802E-07  4.094E-06  7.785E-06  9.844E-07  3.542E-07
                2.764E-06  7.531E-06  4.599E-06  3.304E-05  1.599E-07  9.067E-07
                1.822E-06  3.862E-06  2.734E-06  5.994E-07  5.784E-07  1.449E-06
                3.032E-07  3.037E-06  3.262E-05  7.838E-06  1.065E-05  2.425E-07
                1.133E-04  4.378E-06  2.642E-06  2.072E-06  1.717E-07  9.638E-07
                2.288E-06  2.214E-06  5.493E-05  2.625E-06  4.144E-06  1.583E-05
                2.773E-06  1.003E-06  1.148E-05  7.143E-05  4.327E-06  1.059E-05
                1.124E-05  7.883E-07  1.956E-06  3.707E-06  5.853E-06  4.333E-07
                1.502E-06  4.069E-06  9.450E-06  1.431E-06  3.314E-07  1.293E-06
                4.416E-06  1.572E-05  1.166E-06  3.047E-06  1.145E-05  1.014E-05
                2.138E-06  2.699E-05  1.175E-05  1.466E-06  3.211E-06  7.584E-07
                1.171E-05  5.984E-06  1.208E-06  7.089E-06  3.034E-06  7.492E-07
                3.014E-06  4.708E-06  1.102E-05  4.391E-05  3.593E-06  2.254E-06
                1.184E-06  3.019E-07  1.384E-06  7.978E-07  1.460E-06  5.203E-06
                2.451E-06  1.263E-06  2.979E-06  6.804E-06  1.550E-05  9.298E-07
                1.196E-06  3.880E-06  3.368E-06  5.907E-06  7.173E-06  1.687E-06
                2.087E-07  2.010E-06  1.348E-05  3.226E-06  4.240E-06  4.632E-05
                3.833E-07  3.242E-07  5.923E-06  1.160E-05  2.357E-05  5.384E-06
                6.621E-06  6.869E-06  6.986E-07  1.787E-06  1.424E-06  7.213E-07
                4.065E-06  1.427E-06  2.688E-06  3.305E-06  1.423E-05  3.704E-07
                6.801E-07  8.992E-07  1.467E-07  1.517E-05  1.929E-06
7.59786995E+01  2.158E-02  6.912E-03  2.257E-02  1.916E-03  9.394E-03  2.883E-02
                3.376E-03  9.999E-06  2.764E-04  1.377E-04  1.356E-05  1.402E-02
                1.467E-05  5.421E-04  7.860E-05  4.900E-06  7.968E-06  7.671E-06
                5.854E-06  9.965E-06  6.908E-06  3.884E-07  6.995E-06  1.281E-06
                2.911E-06  3.443E-06  2.348E-06  5.576E-06  1.438E-05  1.543E-05
                5.604E-06  1.326E-06  4.077E-05  1.323E-05  1.555E-06  9.801E-06
                5.421E-09  8.553E-07  5.069E-06  1.438E-05  4.198E-05  2.295E-06
                1.722E-05  2.617E-07  4.928E-07  8.390E-07  1.968E-06  4.772E-06
                6.425E-05  2.807E-07  2.750E-06  1.983E-06  5.171E-07  3.256E-07
                9.205E-06  3.001E-06  1.399E-06  2.373E-05  1.609E-05  9.006E-06
                5.554E-06  9.199E-09  1.579E-08  1.623E-09  1.062E-06  8.788E-06
                4.649E-07  1.509E-07  2.940E-06  9.792E-06  1.866E-05  1.272E-05
                4.827E-06  2.083E-06  5.329E-07  1.300E-06  2.995E-06  1.283E-06
                1.293E-06  1.796E-07  4.733E-06  1.316E-05  3.876E-06  9.024E-07
                1.236E-05  5.525E-05  4.894E-10  2.824E-09  6.598E-09  7.500E-09
                2.019E-09  4.427E-07  2.622E-06  5.345E-06  6.220E-07  1.688E-07
                1.973E-06  5.690E-06  4.361E-06  2.469E-05  6.435E-08  3.309E-07
                7.792E-07  1.636E-06  4.016E-07  1.431E-07  4.060E-07  1.043E-06
                1.633E-07  2.145E-06  1.404E-05  3.637E-06  6.276E-06  9.807E-08
                7.518E-05  2.301E-06  1.775E-06  1.154E-06  6.733E-08  5.319E-07
                1.281E-06  1.190E-06  3.202E-05  1.360E-06  1.447E-06  1.101E-05
                1.635E-06  5.418E-07  6.733E-06  4.095E-05  2.815E-06  7.298E-06
                7.113E-06  3.190E-07  7.840E-07  1.487E-06  2.133E-06  1.878E-07
                6.814E-07  1.763E-06  4.189E-06  8.250E-07  1.940E-07  9.377E-07
                3.744E-06  1.443E-05  5.802E-07  1.276E-06  5.118E-06  5.002E-06
                9.714E-07  1.603E-05  7.053E-06  8.741E-07  1.560E-06  3.956E-07
                8.842E-06  2.331E-06  5.802E-07  4.165E-06  1.438E-06  4.037E-07
                1.655E-06  2.770E-06  6.255E-06  2.504E-05  1.330E-06  1.011E-06
                4.876E-07  1.734E-07  6.571E-07  3.691E-07  6.605E-07  2.611E-06
                1.202E-06  6.265E-07  1.788E-06  4.626E-06  1.226E-05  6.896E-07
                8.387E-07  1.450E-06  1.414E-06  1.777E-06  2.825E-06  8.695E-07
                1.309E-07  8.940E-07  9.101E-06  1.255E-06  2.462E-06  3.028E-05
                2.701E-07  1.400E-07  2.428E-06  5.408E-06  1.056E-05  2.142E-06
                2.821E-06  2.960E-06  1.706E-07  2.664E-07  6.086E-07  3.049E-07
                3.843E-06  1.234E-06  2.107E-06  1.873E-06  8.765E-06  1.286E-07
                2.331E-07  6.929E-07  1.742E-07  7.860E-06  8.335E-07
8.95866995E+01  1.300E-02  4.162E-03  1.359E-02  1.152E-03  5.653E-03  2.057E-02
                2.409E-03  6.174E-06  1.959E-04  9.044E-05  7.571E-06  1.020E-02
                8.722E-06  3.331E-04  4.825E-05  2.759E-06  4.566E-06  4.604E-06
                3.451E-06  6.258E-06  4.646E-06  2.641E-07  4.161E-06  9.340E-07
                2.033E-06  2.381E-06  1.539E-06  3.404E-06  8.589E-06  9.364E-06
                3.442E-06  8.853E-07  2.077E-05  7.545E-06  9.572E-07  5.721E-06
                3.592E-09  4.748E-07  2.750E-06  7.889E-06  2.292E-05  1.254E-06
                9.610E-06  1.590E-07  2.665E-07  4.199E-07  9.596E-07  3.759E-06
                3.938E-05  1.532E-07  1.589E-06  1.444E-06  2.760E-07  1.762E-07
                5.055E-06  1.656E-06  8.446E-07  1.449E-05  9.017E-06  5.065E-06
                3.082E-06  6.103E-09  1.137E-08  1.143E-09  5.211E-07  4.037E-06
                2.976E-07  1.582E-07  1.796E-06  6.023E-06  1.117E-05  9.596E-06
                3.639E-06  1.552E-06  2.897E-07  7.508E-07  1.549E-06  5.938E-07
                8.964E-07  1.194E-07  3.326E-06  9.221E-06  2.023E-06  5.227E-07
                7.972E-06  3.564E-05  3.126E-10  1.880E-09  4.358E-09  4.772E-09
                1.128E-09  3.121E-07  1.860E-06  3.817E-06  4.432E-07  1.068E-07
                1.495E-06  4.411E-06  2.832E-06  1.602E-05  4.649E-08  2.207E-07
                5.758E-07  1.213E-06  1.310E-07  7.356E-08  2.942E-07  7.513E-07
                1.051E-07  1.533E-06  1.008E-05  2.614E-06  4.092E-06  6.712E-08
                4.922E-05  1.670E-06  1.251E-06  8.293E-07  5.227E-08  3.991E-07
                9.485E-07  9.233E-07  2.078E-05  1.024E-06  1.088E-06  7.230E-06
                1.055E-06  3.793E-07  4.527E-06  2.737E-05  2.037E-06  5.308E-06
                4.897E-06  1.727E-07  4.214E-07  7.938E-07  1.095E-06  1.015E-07
                3.560E-07  9.136E-07  2.169E-06  5.429E-07  1.114E-07  5.818E-07
                2.422E-06  9.654E-06  3.354E-07  5.387E-07  2.167E-06  3.295E-06
                6.322E-07  1.065E-05  4.680E-06  5.648E-07  9.390E-07  2.280E-07
                6.148E-06  1.285E-06  3.140E-07  2.473E-06  7.973E-07  2.815E-07
                1.026E-06  1.916E-06  4.275E-06  1.589E-05  7.095E-07  5.745E-07
                2.760E-07  9.862E-08  4.495E-07  2.225E-07  3.893E-07  1.820E-06
                7.451E-07  3.687E-07  1.132E-06  3.064E-06  8.175E-06  4.521E-07
                5.912E-07  7.989E-07  7.749E-07  9.434E-07  1.461E-06  5.235E-07
                8.277E-08  5.414E-07  6.398E-06  8.119E-07  1.724E-06  2.202E-05
                2.033E-07  9.188E-08  1.160E-06  2.793E-06  5.736E-06  9.795E-07
                1.352E-06  1.509E-06  6.360E-08  8.802E-08  3.500E-07  1.673E-07
                2.930E-06  9.331E-07  1.580E-06  1.182E-06  6.043E-06  7.704E-08
                1.397E-07  5.109E-07  1.167E-07  5.706E-06  5.546E-07
1.03194699E+02  8.275E-03  2.646E-03  8.652E-03  7.318E-04  3.594E-03  1.534E-02
                1.795E-03  3.702E-06  1.453E-04  6.208E-05  4.470E-06  7.772E-03
                5.451E-06  2.228E-04  3.229E-05  1.669E-06  2.792E-06  2.946E-06
                2.107E-06  4.026E-06  3.012E-06  1.771E-07  2.631E-06  8.262E-07
                1.677E-06  1.924E-06  1.235E-06  2.100E-06  5.282E-06  5.795E-06
                2.391E-06  5.712E-07  1.147E-05  4.632E-06  6.019E-07  3.502E-06
                2.382E-09  2.789E-07  1.580E-06  4.631E-06  1.329E-05  7.299E-07
                5.726E-06  1.209E-07  1.780E-07  2.505E-07  5.270E-07  3.090E-06
                2.540E-05  8.707E-08  1.047E-06  1.130E-06  1.575E-07  1.005E-07
                2.948E-06  9.651E-07  5.654E-07  9.995E-06  5.532E-06  3.058E-06
                1.850E-06  4.192E-09  8.477E-09  8.010E-10  2.992E-07  2.134E-06
                1.973E-07  1.393E-07  1.161E-06  3.889E-06  7.004E-06  7.088E-06
                2.721E-06  1.161E-06  1.677E-07  4.505E-07  8.901E-07  3.142E-07
                6.070E-07  8.066E-08  2.255E-06  6.235E-06  1.170E-06  3.224E-07
                5.324E-06  2.380E-05  2.139E-10  1.315E-09  3.004E-09  3.170E-09
                7.066E-10  2.103E-07  1.263E-06  2.613E-06  3.349E-07  7.624E-08
                1.163E-06  3.463E-06  1.894E-06  1.074E-05  3.463E-08  1.619E-07
                4.293E-07  9.045E-07  8.526E-08  4.931E-08  2.095E-07  5.414E-07
                7.501E-08  1.116E-06  7.110E-06  1.849E-06  2.861E-06  4.473E-08
                3.443E-05  1.222E-06  8.976E-07  6.111E-07  4.003E-08  2.937E-07
                6.981E-07  6.997E-07  1.384E-05  7.658E-07  8.146E-07  4.927E-06
                7.106E-07  2.749E-07  3.243E-06  1.955E-05  1.443E-06  3.773E-06
                3.306E-06  1.067E-07  2.581E-07  4.825E-07  6.406E-07  6.343E-08
                2.133E-07  5.412E-07  1.284E-06  3.703E-07  7.055E-08  3.932E-07
                1.689E-06  6.886E-06  2.049E-07  2.821E-07  1.124E-06  2.253E-06
                4.291E-07  7.532E-06  3.302E-06  3.924E-07  6.100E-07  1.402E-07
                4.432E-06  7.709E-07  1.843E-07  1.541E-06  4.897E-07  2.047E-07
                7.260E-07  1.305E-06  2.968E-06  1.110E-05  4.264E-07  3.654E-07
                1.761E-07  6.287E-08  3.079E-07  1.502E-07  2.585E-07  1.273E-06
                5.085E-07  2.409E-07  7.802E-07  2.171E-06  5.806E-06  3.225E-07
                4.565E-07  4.929E-07  4.694E-07  5.724E-07  8.692E-07  3.293E-07
                6.448E-08  3.445E-07  4.752E-06  5.527E-07  1.274E-06  1.663E-05
                1.590E-07  6.538E-08  6.301E-07  1.627E-06  3.494E-06  5.114E-07
                7.321E-07  8.651E-07  2.929E-08  4.295E-08  2.174E-07  1.032E-07
                2.231E-06  7.050E-07  1.187E-06  8.190E-07  4.440E-06  4.789E-08
                8.808E-08  3.781E-07  7.804E-08  4.283E-06  4.031E-07
1.16802699E+02  5.594E-03  1.794E-03  5.860E-03  4.971E-04  2.440E-03  1.166E-02
                1.365E-03  2.634E-06  1.100E-04  4.505E-05  2.776E-06  5.941E-03
                3.565E-06  1.521E-04  2.203E-05  9.635E-07  1.642E-06  1.887E-06
                1.242E-06  2.632E-06  2.008E-06  1.224E-07  1.823E-06  6.261E-07
                1.244E-06  1.425E-06  9.343E-07  1.334E-06  3.410E-06  3.728E-06
                1.638E-06  3.805E-07  7.400E-06  3.023E-06  3.953E-07  2.320E-06
                1.512E-09  1.727E-07  9.630E-07  3.052E-06  8.663E-06  4.784E-07
                3.794E-06  1.098E-07  1.454E-07  1.816E-07  3.300E-07  2.648E-06
                1.753E-05  5.369E-08  7.552E-07  9.374E-07  9.498E-08  6.908E-08
                1.916E-06  6.188E-07  4.104E-07  7.478E-06  3.597E-06  1.916E-06
                1.173E-06  2.857E-09  6.533E-09  5.457E-10  2.014E-07  1.302E-06
                1.352E-07  1.103E-07  7.767E-07  2.606E-06  4.622E-06  5.339E-06
                1.987E-06  8.250E-07  1.092E-07  3.018E-07  5.823E-07  1.898E-07
                4.294E-07  5.737E-08  1.585E-06  4.379E-06  7.498E-07  2.150E-07
                3.802E-06  1.704E-05  1.565E-10  9.697E-10  2.186E-09  2.230E-09
                4.545E-10  1.467E-07  9.048E-07  1.857E-06  2.662E-07  6.128E-08
                9.255E-07  2.768E-06  1.371E-06  7.734E-06  2.646E-08  1.226E-07
                3.236E-07  6.861E-07  7.012E-08  3.841E-08  1.512E-07  3.922E-07
                5.239E-08  8.167E-07  4.909E-06  1.283E-06  2.126E-06  3.274E-08
                2.554E-05  9.094E-07  6.634E-07  4.616E-07  2.982E-08  2.142E-07
                5.154E-07  5.273E-07  9.911E-06  5.636E-07  6.018E-07  3.424E-06
                4.977E-07  2.015E-07  2.437E-06  1.471E-05  1.021E-06  2.679E-06
                2.374E-06  6.752E-08  1.630E-07  3.042E-07  3.897E-07  4.145E-08
                1.335E-07  3.346E-07  7.923E-07  2.584E-07  4.820E-08  2.840E-07
                1.251E-06  5.198E-06  1.402E-07  1.545E-07  6.034E-07  1.576E-06
                3.035E-07  5.682E-06  2.485E-06  2.920E-07  4.346E-07  9.201E-08
                3.384E-06  5.122E-07  1.165E-07  9.811E-07  3.150E-07  1.543E-07
                5.512E-07  9.135E-07  2.129E-06  8.171E-06  2.683E-07  2.439E-07
                1.171E-07  4.161E-08  2.198E-07  1.095E-07  1.866E-07  9.305E-07
                3.753E-07  1.623E-07  5.615E-07  1.619E-06  4.371E-06  2.388E-07
                3.576E-07  3.135E-07  2.996E-07  3.658E-07  5.473E-07  2.126E-07
                5.304E-08  2.288E-07  3.593E-06  3.992E-07  9.586E-07  1.267E-05
                1.259E-07  4.872E-08  3.667E-07  1.020E-06  2.287E-06  2.843E-07
                4.237E-07  5.326E-07  1.629E-08  3.443E-08  1.378E-07  6.638E-08
                1.775E-06  5.571E-07  9.289E-07  6.048E-07  3.425E-06  3.125E-08
                5.723E-08  2.922E-07  5.386E-08  3.364E-06  3.111E-07
1.30410699E+02  3.841E-03  1.231E-03  4.025E-03  3.405E-04  1.674E-03  9.155E-03
                1.071E-03  1.655E-06  8.628E-05  3.330E-05  1.806E-06  4.764E-03
                2.414E-06  1.096E-04  1.589E-05  6.321E-07  1.089E-06  1.352E-06
                8.067E-07  1.840E-06  1.335E-06  8.606E-08  1.320E-06  5.626E-07
                1.075E-06  1.220E-06  8.235E-07  8.549E-07  2.237E-06  2.455E-06
                1.256E-06  2.506E-07  4.756E-06  2.074E-06  2.587E-07  1.535E-06
                1.048E-09  1.108E-07  6.077E-07  2.009E-06  5.610E-06  3.086E-07
                2.486E-06  9.030E-08  1.132E-07  1.312E-07  2.112E-07  2.183E-06
                1.211E-05  3.306E-08  5.586E-07  7.601E-07  5.813E-08  4.573E-08
                1.231E-06  3.946E-07  2.994E-07  5.683E-06  2.451E-06  1.271E-06
                7.669E-07  2.252E-09  5.330E-09  3.903E-10  1.394E-07  8.066E-07
                9.575E-08  8.336E-08  5.452E-07  1.825E-06  3.170E-06  4.026E-06
                1.574E-06  6.769E-07  7.177E-08  2.029E-07  3.843E-07  1.163E-07
                3.035E-07  4.162E-08  1.116E-06  3.074E-06  4.935E-07  1.468E-07
                2.653E-06  1.188E-05  1.158E-10  7.260E-10  1.617E-09  1.607E-09
                3.271E-10  1.020E-07  6.292E-07  1.303E-06  2.106E-07  4.750E-08
                7.396E-07  2.218E-06  9.523E-07  5.386E-06  2.003E-08  9.393E-08
                2.448E-07  5.180E-07  6.131E-08  3.003E-08  1.132E-07  2.949E-07
                3.924E-08  6.200E-07  3.795E-06  9.967E-07  1.570E-06  2.434E-08
                1.884E-05  6.707E-07  4.979E-07  3.535E-07  2.292E-08  1.600E-07
                3.850E-07  3.970E-07  6.826E-06  4.420E-07  4.734E-07  2.440E-06
                3.503E-07  1.489E-07  1.827E-06  1.103E-05  7.773E-07  2.048E-06
                1.650E-06  5.055E-08  1.206E-07  2.222E-07  2.748E-07  3.077E-08
                9.857E-08  2.470E-07  5.873E-07  1.817E-07  3.385E-08  2.087E-07
                9.376E-07  3.951E-06  9.493E-08  1.209E-07  4.691E-07  1.127E-06
                2.150E-07  4.304E-06  1.876E-06  2.195E-07  3.136E-07  6.210E-08
                2.537E-06  3.464E-07  7.554E-08  6.747E-07  2.229E-07  1.193E-07
                4.272E-07  6.750E-07  1.587E-06  6.194E-06  1.870E-07  1.789E-07
                8.734E-08  3.091E-08  1.693E-07  8.103E-08  1.377E-07  7.397E-07
                2.795E-07  1.238E-07  4.298E-07  1.234E-06  3.310E-06  1.817E-07
                2.787E-07  2.345E-07  2.048E-07  2.706E-07  3.974E-07  1.452E-07
                4.757E-08  1.593E-07  2.782E-06  3.096E-07  7.361E-07  9.821E-06
                9.693E-08  3.606E-08  2.589E-07  7.139E-07  1.605E-06  2.070E-07
                3.048E-07  3.755E-07  1.214E-08  2.620E-08  9.194E-08  4.620E-08
                1.390E-06  4.332E-07  7.093E-07  4.545E-07  2.645E-06  2.180E-08
                4.110E-08  2.260E-07  3.922E-08  2.626E-06  2.434E-07
1.44018699E+02  2.820E-03  9.059E-04  2.958E-03  2.512E-04  1.234E-03  7.192E-03
                8.414E-04  1.365E-06  6.753E-05  2.564E-05  1.211E-06  3.731E-03
                1.666E-06  7.852E-05  1.136E-05  4.011E-07  7.032E-07  9.860E-07
                5.033E-07  1.315E-06  9.208E-07  6.342E-08  9.534E-07  4.248E-07
                8.026E-07  9.097E-07  6.348E-07  5.553E-07  1.503E-06  1.623E-06
                9.036E-07  1.730E-07  3.580E-06  1.473E-06  1.764E-07  1.092E-06
                6.571E-10  7.269E-08  3.948E-07  1.498E-06  4.149E-06  2.283E-07
                1.844E-06  8.952E-08  1.083E-07  1.181E-07  1.619E-07  1.898E-06
                9.100E-06  2.306E-08  4.423E-07  6.530E-07  4.011E-08  3.721E-08
                8.977E-07  2.801E-07  2.378E-07  4.564E-06  1.730E-06  8.482E-07
                5.283E-07  1.551E-09  4.244E-09  2.676E-10  1.095E-07  5.678E-07
                6.895E-08  6.485E-08  3.877E-07  1.298E-06  2.227E-06  3.108E-06
                1.129E-06  4.600E-07  5.171E-08  1.451E-07  2.779E-07  8.005E-08
                2.124E-07  2.947E-08  7.713E-07  2.125E-06  3.473E-07  1.053E-07
                2.035E-06  9.098E-06  8.917E-11  5.592E-10  1.229E-09  1.183E-09
                2.201E-10  7.024E-08  4.471E-07  9.231E-07  1.749E-07  4.179E-08
                6.023E-07  1.799E-06  7.383E-07  4.166E-06  1.518E-08  7.195E-08
                1.830E-07  3.902E-07  5.862E-08  2.411E-08  7.957E-08  2.102E-07
                2.831E-08  4.521E-07  2.456E-06  6.496E-07  1.261E-06  1.830E-08
                1.516E-05  5.188E-07  3.762E-07  2.697E-07  1.690E-08  1.146E-07
                2.837E-07  2.924E-07  5.148E-06  3.063E-07  3.318E-07  1.810E-06
                2.630E-07  1.065E-07  1.472E-06  8.981E-06  5.206E-07  1.370E-06
                1.189E-06  3.342E-08  8.000E-08  1.479E-07  1.769E-07  2.145E-08
                6.604E-08  1.635E-07  3.878E-07  1.357E-07  2.499E-08  1.605E-07
                7.318E-07  3.116E-06  7.089E-08  7.975E-08  2.994E-07  8.429E-07
                1.633E-07  3.395E-06  1.478E-06  1.716E-07  2.409E-07  4.398E-08
                2.020E-06  2.537E-07  5.230E-08  4.496E-07  1.544E-07  9.080E-08
                3.414E-07  4.507E-07  1.145E-06  4.947E-06  1.221E-07  1.246E-07
                6.008E-08  2.095E-08  1.159E-07  6.278E-08  1.064E-07  5.162E-07
                2.193E-07  8.617E-08  3.216E-07  9.593E-07  2.605E-06  1.448E-07
                2.262E-07  1.566E-07  1.402E-07  1.844E-07  2.708E-07  9.781E-08
                4.029E-08  1.108E-07  2.224E-06  2.214E-07  5.873E-07  7.842E-06
                7.532E-08  2.687E-08  1.647E-07  4.868E-07  1.137E-06  1.264E-07
                1.918E-07  2.502E-07  9.536E-09  2.999E-08  6.343E-08  3.373E-08
                1.123E-06  3.477E-07  5.644E-07  3.466E-07  2.088E-06  1.534E-08
                2.882E-08  1.796E-07  2.842E-08  2.100E-06  1.912E-07
1.57626699E+02  2.029E-03  6.532E-04  2.134E-03  1.815E-04  8.927E-04  5.989E-03
                7.004E-04  7.942E-07  5.622E-05  2.005E-05  8.234E-07  3.173E-03
                1.206E-06  6.194E-05  8.986E-06  2.941E-07  5.167E-07  7.898E-07
                3.531E-07  9.938E-07  6.137E-07  4.656E-08  7.071E-07  4.061E-07
                7.424E-07  8.316E-07  5.914E-07  3.597E-07  1.009E-06  1.100E-06
                7.610E-07  1.138E-07  2.424E-06  1.092E-06  1.157E-07  7.378E-07
                4.682E-10  4.954E-08  2.646E-07  1.045E-06  2.859E-06  1.543E-07
                1.256E-06  7.371E-08  8.714E-08  9.125E-08  1.127E-07  1.588E-06
                6.482E-06  1.517E-08  3.483E-07  5.431E-07  2.707E-08  2.543E-08
                6.053E-07  1.865E-07  1.800E-07  3.642E-06  1.237E-06  5.832E-07
                3.552E-07  1.307E-09  3.558E-09  1.998E-10  8.242E-08  3.811E-07
                4.908E-08  4.705E-08  2.767E-07  9.205E-07  1.552E-06  2.390E-06
                9.220E-07  3.963E-07  3.590E-08  9.935E-08  1.924E-07  5.255E-08
                1.512E-07  2.202E-08  5.457E-07  1.498E-06  2.387E-07  7.346E-08
                1.435E-06  6.395E-06  6.859E-11  4.310E-10  9.325E-10  8.731E-10
                1.703E-10  4.874E-08  3.074E-07  6.477E-07  1.375E-07  3.079E-08
                4.867E-07  1.464E-06  5.141E-07  2.924E-06  1.148E-08  5.575E-08
                1.381E-07  2.919E-07  5.498E-08  2.035E-08  6.047E-08  1.593E-07
                2.146E-08  3.453E-07  1.993E-06  5.307E-07  9.720E-07  1.415E-08
                1.170E-05  3.799E-07  2.923E-07  2.094E-07  1.307E-08  8.655E-08
                2.140E-07  2.191E-07  3.548E-06  2.460E-07  2.691E-07  1.329E-06
                1.886E-07  8.017E-08  1.148E-06  7.028E-06  4.141E-07  1.094E-06
                8.201E-07  2.713E-08  6.418E-08  1.172E-07  1.367E-07  1.685E-08
                5.316E-08  1.329E-07  3.174E-07  9.590E-08  1.890E-08  1.236E-07
                5.678E-07  2.436E-06  5.218E-08  6.769E-08  2.586E-07  6.218E-07
                1.182E-07  2.633E-06  1.143E-06  1.325E-07  1.866E-07  3.169E-08
                1.541E-06  1.849E-07  3.575E-08  3.235E-07  1.127E-07  6.990E-08
                2.706E-07  3.372E-07  8.760E-07  3.942E-06  9.118E-08  9.672E-08
                4.751E-08  1.656E-08  9.357E-08  4.841E-08  8.190E-08  4.316E-07
                1.682E-07  6.910E-08  2.548E-07  7.512E-07  2.022E-06  1.155E-07
                1.761E-07  1.235E-07  1.004E-07  1.415E-07  2.037E-07  7.072E-08
                3.640E-08  8.207E-08  1.804E-06  1.790E-07  4.703E-07  6.338E-06
                5.687E-08  2.001E-08  1.304E-07  3.656E-07  8.449E-07  1.059E-07
                1.564E-07  1.925E-07  7.107E-09  1.948E-08  4.406E-08  2.541E-08
                9.007E-07  2.772E-07  4.430E-07  2.700E-07  1.663E-06  1.133E-08
                2.149E-08  1.438E-07  2.208E-08  1.686E-06  1.526E-07
1.71234699E+02  1.551E-03  4.967E-04  1.622E-03  1.375E-04  6.763E-04  4.655E-03
                5.445E-04  7.620E-07  4.384E-05  1.576E-05  5.863E-07  2.474E-03
                8.447E-07  4.263E-05  6.170E-06  2.005E-07  3.605E-07  6.400E-07
                2.330E-07  7.837E-07  4.558E-07  3.757E-08  5.540E-07  2.318E-07
                4.356E-07  4.997E-07  3.810E-07  2.412E-07  7.107E-07  7.551E-07
                4.734E-07  8.443E-08  2.056E-06  7.816E-07  8.185E-08  5.625E-07
                3.085E-10  3.354E-08  1.831E-07  8.254E-07  2.256E-06  1.223E-07
                9.976E-07  7.094E-08  8.304E-08  8.539E-08  9.575E-08  1.412E-06
                5.140E-06  1.245E-08  2.916E-07  4.812E-07  2.148E-08  2.366E-08
                4.710E-07  1.416E-07  1.527E-07  3.066E-06  9.365E-07  4.145E-07
                2.627E-07  9.227E-10  2.952E-09  1.409E-10  6.719E-08  2.778E-07
                3.781E-08  3.647E-08  2.095E-07  7.009E-07  1.175E-06  1.845E-06
                6.627E-07  2.665E-07  2.907E-08  7.662E-08  1.468E-07  3.685E-08
                1.115E-07  1.594E-08  3.984E-07  1.097E-06  1.769E-07  5.612E-08
                1.168E-06  5.203E-06  5.316E-11  3.357E-10  7.259E-10  6.698E-10
                1.086E-10  3.569E-08  2.345E-07  4.859E-07  1.194E-07  3.128E-08
                3.942E-07  1.162E-06  4.241E-07  2.391E-06  9.062E-09  4.522E-08
                1.071E-07  2.287E-07  5.598E-08  1.804E-08  4.501E-08  1.204E-07
                1.626E-08  2.683E-07  1.308E-06  3.503E-07  7.730E-07  1.069E-08
                9.295E-06  3.134E-07  2.194E-07  1.630E-07  9.878E-09  6.357E-08
                1.619E-07  1.659E-07  2.872E-06  1.719E-07  1.907E-07  1.021E-06
                1.492E-07  5.588E-08  9.132E-07  5.644E-06  2.797E-07  7.385E-07
                6.371E-07  1.718E-08  4.108E-08  7.583E-08  8.526E-08  1.137E-08
                3.432E-08  8.446E-08  2.011E-07  7.808E-08  1.399E-08  9.607E-08
                4.478E-07  1.936E-06  3.749E-08  5.178E-08  1.873E-07  4.798E-07
                9.362E-08  2.100E-06  9.110E-07  1.050E-07  1.439E-07  2.304E-08
                1.250E-06  1.363E-07  2.591E-08  2.247E-07  8.472E-08  5.632E-08
                2.284E-07  2.404E-07  6.580E-07  3.169E-06  5.815E-08  6.703E-08
                3.209E-08  1.084E-08  6.657E-08  3.788E-08  6.429E-08  3.107E-07
                1.345E-07  4.780E-08  1.914E-07  5.883E-07  1.610E-06  9.096E-08
                1.428E-07  8.637E-08  7.214E-08  1.036E-07  1.522E-07  4.825E-08
                3.046E-08  5.740E-08  1.404E-06  1.357E-07  3.698E-07  4.903E-06
                4.495E-08  1.532E-08  8.602E-08  2.610E-07  6.236E-07  6.765E-08
                1.011E-07  1.327E-07  7.495E-09  2.774E-08  3.187E-08  1.931E-08
                7.208E-07  2.205E-07  3.470E-07  2.049E-07  1.301E-06  8.547E-09
                1.688E-08  1.140E-07  1.638E-08  1.330E-06  1.197E-07
1.84842699E+02  1.222E-03  3.967E-04  1.291E-03  1.110E-04  5.451E-04  4.160E-03
                4.864E-04  4.973E-07  3.871E-05  1.321E-05  4.080E-07  2.194E-03
                6.636E-07  3.813E-05  5.525E-06  1.733E-07  3.047E-07  5.498E-07
                1.826E-07  6.201E-07  2.955E-07  2.798E-08  3.716E-07  3.414E-07
                5.992E-07  6.577E-07  4.787E-07  1.532E-07  4.701E-07  5.047E-07
                5.515E-07  5.399E-08  1.382E-06  6.674E-07  5.356E-08  3.739E-07
                1.957E-10  2.425E-08  1.232E-07  6.307E-07  1.697E-06  8.816E-08
                7.102E-07  5.909E-08  6.818E-08  6.837E-08  7.157E-08  1.197E-06
                3.769E-06  8.596E-09  2.402E-07  4.066E-07  1.629E-08  1.633E-08
                3.391E-07  9.949E-08  1.173E-07  2.540E-06  6.879E-07  2.815E-07
                1.804E-07  7.603E-10  2.427E-09  1.040E-10  5.572E-08  2.197E-07
                2.620E-08  2.671E-08  1.472E-07  4.850E-07  8.019E-07  1.505E-06
                5.425E-07  2.260E-07  2.006E-08  5.339E-08  1.104E-07  2.863E-08
                7.144E-08  1.155E-08  2.495E-07  6.794E-07  1.289E-07  3.981E-08
                8.239E-07  3.622E-06  4.311E-11  2.683E-10  5.588E-10  4.871E-10
                9.474E-11  2.175E-08  1.403E-07  3.106E-07  9.263E-08  2.024E-08
                3.320E-07  1.002E-06  2.922E-07  1.685E-06  6.557E-09  3.369E-08
                7.758E-08  1.636E-07  4.823E-08  1.421E-08  3.128E-08  8.412E-08
                1.210E-08  1.907E-07  9.691E-07  2.633E-07  6.660E-07  8.994E-09
                8.086E-06  2.294E-07  1.816E-07  1.282E-07  7.389E-09  4.663E-08
                1.212E-07  1.190E-07  1.883E-06  1.282E-07  1.455E-07  7.783E-07
                1.084E-07  4.281E-08  7.936E-07  4.948E-06  2.095E-07  5.501E-07
                3.847E-07  1.495E-08  3.533E-08  6.448E-08  7.152E-08  9.458E-09
                2.972E-08  7.434E-08  1.781E-07  5.522E-08  1.174E-08  7.855E-08
                3.634E-07  1.572E-06  3.438E-08  3.757E-08  1.419E-07  3.712E-07
                6.980E-08  1.678E-06  7.266E-07  8.370E-08  1.249E-07  1.867E-08
                9.774E-07  1.175E-07  1.929E-08  1.668E-07  6.006E-08  4.122E-08
                1.804E-07  1.540E-07  4.946E-07  2.755E-06  4.642E-08  5.443E-08
                2.648E-08  9.054E-09  4.832E-08  3.066E-08  5.194E-08  2.343E-07
                1.068E-07  3.942E-08  1.565E-07  4.761E-07  1.288E-06  7.991E-08
                1.159E-07  6.604E-08  5.243E-08  7.462E-08  1.062E-07  3.765E-08
                2.603E-08  4.623E-08  1.255E-06  9.812E-08  3.242E-07  4.386E-06
                3.308E-08  1.110E-08  6.782E-08  1.980E-07  4.754E-07  5.423E-08
                8.203E-08  1.035E-07  4.463E-09  1.540E-08  2.336E-08  1.567E-08
                5.997E-07  1.827E-07  2.866E-07  1.653E-07  1.076E-06  6.584E-09
                1.245E-08  9.462E-08  1.338E-08  1.112E-06  9.715E-08
1.98450699E+02  8.465E-04  2.731E-04  8.897E-04  7.571E-05  3.731E-04  3.311E-03
                3.873E-04  2.773E-07  3.136E-05  1.034E-05  2.924E-07  1.828E-03
                4.663E-07  2.639E-05  3.833E-06  1.100E-07  2.045E-07  4.683E-07
                1.190E-07  5.291E-07  2.352E-07  2.477E-08  3.402E-07  1.259E-07
                2.368E-07  2.773E-07  2.331E-07  1.066E-07  3.463E-07  3.768E-07
                2.527E-07  4.241E-08  1.100E-06  4.250E-07  3.583E-08  2.794E-07
                1.666E-10  1.711E-08  9.807E-08  4.242E-07  1.148E-06  6.065E-08
                5.000E-07  5.656E-08  6.439E-08  6.254E-08  5.807E-08  1.108E-06
                2.724E-06  6.984E-09  2.095E-07  3.751E-07  1.309E-08  1.329E-08
                2.312E-07  6.869E-08  1.047E-07  2.235E-06  5.375E-07  2.057E-07
                1.309E-07  6.251E-10  2.167E-09  8.092E-11  4.087E-08  1.298E-07
                2.029E-08  1.898E-08  1.124E-07  3.724E-07  6.085E-07  1.105E-06
                4.229E-07  1.783E-07  1.767E-08  3.876E-08  7.663E-08  1.557E-08
                6.369E-08  9.467E-09  2.267E-07  6.229E-07  8.774E-08  2.900E-08
                6.251E-07  2.783E-06  3.183E-11  2.017E-10  4.292E-10  3.827E-10
                5.637E-11  1.971E-08  1.295E-07  2.693E-07  7.895E-08  2.144E-08
                2.554E-07  7.454E-07  2.257E-07  1.273E-06  5.448E-09  2.940E-08
                6.283E-08  1.326E-07  5.455E-08  1.533E-08  2.743E-08  7.240E-08
                1.012E-08  1.643E-07  8.410E-07  2.276E-07  4.614E-07  6.255E-09
                5.552E-06  1.922E-07  1.325E-07  1.010E-07  6.012E-09  3.726E-08
                9.525E-08  9.585E-08  1.549E-06  1.104E-07  1.271E-07  5.593E-07
                8.081E-08  3.158E-08  5.562E-07  3.454E-06  1.768E-07  4.705E-07
                3.616E-07  9.619E-09  2.289E-08  4.212E-08  4.539E-08  6.282E-09
                1.929E-08  4.777E-08  1.146E-07  4.644E-08  8.199E-09  5.812E-08
                2.725E-07  1.187E-06  2.104E-08  3.538E-08  1.275E-07  2.645E-07
                5.100E-08  1.266E-06  5.472E-07  6.264E-08  9.416E-08  1.334E-08
                7.581E-07  7.725E-08  1.319E-08  1.210E-07  4.826E-08  3.495E-08
                1.542E-07  1.430E-07  3.984E-07  2.021E-06  2.976E-08  3.786E-08
                1.821E-08  5.988E-09  4.459E-08  2.297E-08  3.867E-08  2.177E-07
                8.025E-08  2.753E-08  1.146E-07  3.557E-07  9.728E-07  5.701E-08
                8.821E-08  5.168E-08  3.885E-08  6.048E-08  8.910E-08  2.612E-08
                2.318E-08  3.266E-08  8.910E-07  9.379E-08  2.328E-07  3.068E-06
                2.646E-08  9.045E-09  5.012E-08  1.454E-07  3.474E-07  4.214E-08
                6.075E-08  7.544E-08  4.782E-09  1.699E-08  1.577E-08  1.132E-08
                4.666E-07  1.407E-07  2.157E-07  1.229E-07  8.204E-07  4.873E-09
                9.719E-09  7.409E-08  1.018E-08  8.497E-07  7.519E-08
