3.41340995E+01  4.540E-02
3.44742995E+01  4.713E-02
3.48144995E+01  5.124E-02
3.51546995E+01  4.497E-02
3.54948995E+01  5.842E-02
3.58350995E+01  4.617E-02
3.61752995E+01  5.442E-02
3.65154995E+01  5.020E-02
3.68556995E+01  4.258E-02
3.71958995E+01  4.209E-02
3.75360995E+01  4.162E-02
3.78762995E+01  4.127E-02
3.82164995E+01  4.087E-02
3.85566995E+01  4.034E-02
3.88968995E+01  4.029E-02
3.92370995E+01  3.885E-02
3.95772995E+01  3.903E-02
3.99174995E+01  3.855E-02
4.02576995E+01  3.769E-02
4.05978995E+01  3.762E-02
4.09380995E+01  3.846E-02
4.12782995E+01  3.696E-02
4.16184995E+01  3.692E-02
4.19586995E+01  3.315E-02
4.22988995E+01  3.390E-02
4.26390995E+01  3.659E-02
4.29792995E+01  3.481E-02
4.33194995E+01  3.408E-02
4.36596995E+01  3.329E-02
4.39998995E+01  2.855E-02
4.43400995E+01  3.268E-02
4.46802995E+01  3.313E-02
4.50204995E+01  3.190E-02
4.53606995E+01  3.176E-02
4.57008995E+01  3.229E-02
4.60410995E+01  3.199E-02
4.63812995E+01  3.170E-02
4.67214995E+01  2.920E-02
4.70616995E+01  3.048E-02
4.74018995E+01  3.016E-02
4.77420995E+01  3.100E-02
4.80822995E+01  2.855E-02
4.84224995E+01  2.891E-02
4.87626995E+01  2.998E-02
4.91028995E+01  2.953E-02
4.94430995E+01  2.867E-02
4.97832995E+01  2.867E-02
5.01234995E+01  2.863E-02
5.04636995E+01  2.883E-02
5.08038995E+01  2.702E-02
5.11440995E+01  2.736E-02
5.14842995E+01  2.680E-02
5.18244995E+01  2.677E-02
5.21646995E+01  2.647E-02
5.25048995E+01  2.650E-02
5.28450995E+01  2.555E-02
5.31852995E+01  2.464E-02
5.35254995E+01  2.536E-02
5.38656995E+01  2.502E-02
5.42058995E+01  2.513E-02
5.45460995E+01  2.456E-02
5.48862995E+01  2.431E-02
5.52264995E+01  2.407E-02
5.55666995E+01  2.384E-02
5.59068995E+01  2.361E-02
5.62470995E+01  2.339E-02
5.65872995E+01  2.317E-02
5.69274995E+01  2.296E-02
5.72676995E+01  2.274E-02
5.76078995E+01  2.253E-02
5.79480995E+01  2.233E-02
5.82882995E+01  2.212E-02
5.86284995E+01  2.192E-02
5.89686995E+01  2.172E-02
5.93088995E+01  2.152E-02
5.96490995E+01  2.132E-02
5.99892995E+01  2.112E-02
6.03294995E+01  2.094E-02
6.06696995E+01  2.074E-02
6.10098995E+01  2.055E-02
6.13500995E+01  2.035E-02
6.16902995E+01  2.016E-02
6.20304995E+01  1.998E-02
6.23706995E+01  1.979E-02
6.27108995E+01  1.961E-02
6.30510995E+01  1.943E-02
6.33912995E+01  1.926E-02
6.37314995E+01  1.907E-02
6.40716995E+01  1.889E-02
6.44118995E+01  1.873E-02
6.47520995E+01  1.855E-02
6.50922995E+01  1.838E-02
6.54324995E+01  1.821E-02
6.57726995E+01  1.805E-02
6.61128995E+01  1.788E-02
6.64530995E+01  1.772E-02
6.67932995E+01  1.756E-02
6.71334995E+01  1.741E-02
6.74736995E+01  1.725E-02
6.78138995E+01  1.710E-02
6.81540995E+01  1.695E-02
6.84942995E+01  1.681E-02
6.88344995E+01  1.666E-02
6.91746995E+01  1.652E-02
6.95148995E+01  1.638E-02
6.98550995E+01  1.624E-02
7.01952995E+01  1.610E-02
7.05354995E+01  1.597E-02
7.08756995E+01  1.583E-02
7.12158995E+01  1.570E-02
7.15560995E+01  1.557E-02
7.18962995E+01  1.545E-02
7.22364995E+01  1.532E-02
7.25766995E+01  1.519E-02
7.29168995E+01  1.507E-02
7.32570995E+01  1.495E-02
7.35972995E+01  1.483E-02
7.39374995E+01  1.471E-02
7.42776995E+01  1.459E-02
7.46178995E+01  1.447E-02
7.49580995E+01  1.436E-02
7.52982995E+01  1.425E-02
7.56384995E+01  1.413E-02
7.59786995E+01  1.402E-02
7.63188995E+01  1.391E-02
7.66590995E+01  1.380E-02
7.69992995E+01  1.369E-02
7.73394995E+01  1.358E-02
7.76796995E+01  1.347E-02
7.80198995E+01  1.336E-02
7.83600995E+01  1.326E-02
7.87002995E+01  1.315E-02
7.90404995E+01  1.305E-02
7.93806995E+01  1.294E-02
7.97208995E+01  1.284E-02
8.00610995E+01  1.274E-02
8.04012995E+01  1.263E-02
8.07414995E+01  1.253E-02
8.10816995E+01  1.243E-02
8.14218995E+01  1.233E-02
8.17620995E+01  1.223E-02
8.21022995E+01  1.213E-02
8.24424995E+01  1.203E-02
8.27826995E+01  1.194E-02
8.31228995E+01  1.184E-02
8.34630995E+01  1.174E-02
8.38032995E+01  1.165E-02
8.41434995E+01  1.156E-02
8.44836995E+01  1.146E-02
8.48238995E+01  1.137E-02
8.51640995E+01  1.128E-02
8.55042995E+01  1.119E-02
8.58444995E+01  1.110E-02
8.61846995E+01  1.101E-02
8.65248995E+01  1.093E-02
8.68650995E+01  1.084E-02
8.72052995E+01  1.076E-02
8.75454995E+01  1.068E-02
8.78856995E+01  1.059E-02
8.82258995E+01  1.051E-02
8.85660995E+01  1.043E-02
8.89062995E+01  1.036E-02
8.92464995E+01  1.028E-02
8.95866995E+01  1.020E-02
8.99268995E+01  1.013E-02
9.02670995E+01  1.006E-02
9.06072995E+01  9.983E-03
9.09474995E+01  9.913E-03
9.12876995E+01  9.843E-03
9.16278995E+01  9.774E-03
9.19680995E+01  9.706E-03
9.23082995E+01  9.639E-03
9.26484995E+01  9.573E-03
9.29886995E+01  9.508E-03
9.33288995E+01  9.444E-03
9.36690995E+01  9.381E-03
9.40092995E+01  9.318E-03
9.43494995E+01  9.256E-03
9.46896995E+01  9.195E-03
9.50298995E+01  9.135E-03
9.53700995E+01  9.074E-03
9.57102995E+01  9.015E-03
9.60504995E+01  8.956E-03
9.63906995E+01  8.897E-03
9.67308995E+01  8.839E-03
9.70710995E+01  8.781E-03
9.74112995E+01  8.723E-03
9.77514995E+01  8.666E-03
9.80916995E+01  8.609E-03
9.84318995E+01  8.552E-03
9.87720995E+01  8.495E-03
9.91122995E+01  8.438E-03
9.94524995E+01  8.382E-03
9.97926995E+01  8.326E-03
1.00132899E+02  8.270E-03
1.00473099E+02  8.214E-03
1.00813299E+02  8.158E-03
1.01153499E+02  8.103E-03
1.01493699E+02  8.047E-03
1.01833899E+02  7.992E-03
1.02174099E+02  7.937E-03
1.02514299E+02  7.882E-03
1.02854499E+02  7.827E-03
1.03194699E+02  7.772E-03
1.03534899E+02  7.718E-03
1.03875099E+02  7.663E-03
1.04215299E+02  7.609E-03
1.04555499E+02  7.556E-03
1.04895699E+02  7.502E-03
1.05235899E+02  7.449E-03
1.05576099E+02  7.396E-03
1.05916299E+02  7.343E-03
1.06256499E+02  7.291E-03
1.06596699E+02  7.239E-03
1.06936899E+02  7.187E-03
1.07277099E+02  7.136E-03
1.07617299E+02  7.085E-03
1.07957499E+02  7.035E-03
1.08297699E+02  6.985E-03
1.08637899E+02  6.935E-03
1.08978099E+02  6.886E-03
1.09318299E+02  6.838E-03
1.09658499E+02  6.790E-03
1.09998699E+02  6.743E-03
1.10338899E+02  6.696E-03
1.10679099E+02  6.650E-03
1.11019299E+02  6.605E-03
1.11359499E+02  6.560E-03
1.11699699E+02  6.516E-03
1.12039899E+02  6.473E-03
1.12380099E+02  6.430E-03
1.12720299E+02  6.388E-03
1.13060499E+02  6.347E-03
1.13400699E+02  6.306E-03
1.13740899E+02  6.266E-03
1.14081099E+02  6.227E-03
1.14421299E+02  6.189E-03
1.14761499E+02  6.152E-03
1.15101699E+02  6.115E-03
1.15441899E+02  6.079E-03
1.15782099E+02  6.043E-03
1.16122299E+02  6.008E-03
1.16462499E+02  5.974E-03
1.16802699E+02  5.941E-03
1.17142899E+02  5.908E-03
1.17483099E+02  5.875E-03
1.17823299E+02  5.843E-03
1.18163499E+02  5.812E-03
1.18503699E+02  5.781E-03
1.18843899E+02  5.751E-03
1.19184099E+02  5.720E-03
1.19524299E+02  5.691E-03
1.19864499E+02  5.661E-03
1.20204699E+02  5.632E-03
1.20544899E+02  5.603E-03
1.20885099E+02  5.574E-03
1.21225299E+02  5.546E-03
1.21565499E+02  5.517E-03
1.21905699E+02  5.489E-03
1.22245899E+02  5.461E-03
1.22586099E+02  5.433E-03
1.22926299E+02  5.404E-03
1.23266499E+02  5.376E-03
1.23606699E+02  5.348E-03
1.23946899E+02  5.320E-03
1.24287099E+02  5.291E-03
1.24627299E+02  5.263E-03
1.24967499E+02  5.234E-03
1.25307699E+02  5.206E-03
1.25647899E+02  5.177E-03
1.25988099E+02  5.148E-03
1.26328299E+02  5.119E-03
1.26668499E+02  5.090E-03
1.27008699E+02  5.061E-03
1.27348899E+02  5.032E-03
1.27689099E+02  5.002E-03
1.28029299E+02  4.973E-03
1.28369499E+02  4.943E-03
1.28709699E+02  4.913E-03
1.29049899E+02  4.883E-03
1.29390099E+02  4.854E-03
1.29730299E+02  4.824E-03
1.30070499E+02  4.794E-03
1.30410699E+02  4.764E-03
1.30750899E+02  4.734E-03
1.31091099E+02  4.704E-03
1.31431299E+02  4.673E-03
1.31771499E+02  4.643E-03
1.32111699E+02  4.614E-03
1.32451899E+02  4.584E-03
1.32792099E+02  4.554E-03
1.33132299E+02  4.524E-03
1.33472499E+02  4.494E-03
1.33812699E+02  4.465E-03
1.34152899E+02  4.436E-03
1.34493099E+02  4.406E-03
1.34833299E+02  4.377E-03
1.35173499E+02  4.349E-03
1.35513699E+02  4.320E-03
1.35853899E+02  4.292E-03
1.36194099E+02  4.264E-03
1.36534299E+02  4.236E-03
1.36874499E+02  4.208E-03
1.37214699E+02  4.181E-03
1.37554899E+02  4.155E-03
1.37895099E+02  4.128E-03
1.38235299E+02  4.102E-03
1.38575499E+02  4.077E-03
1.38915699E+02  4.051E-03
1.39255899E+02  4.027E-03
1.39596099E+02  4.002E-03
1.39936299E+02  3.978E-03
1.40276499E+02  3.955E-03
1.40616699E+02  3.932E-03
1.40956899E+02  3.910E-03
1.41297099E+02  3.888E-03
1.41637299E+02  3.867E-03
1.41977499E+02  3.846E-03
1.42317699E+02  3.825E-03
1.42657899E+02  3.805E-03
1.42998099E+02  3.786E-03
1.43338299E+02  3.767E-03
1.43678499E+02  3.749E-03
1.44018699E+02  3.731E-03
1.44358899E+02  3.714E-03
1.44699099E+02  3.697E-03
1.45039299E+02  3.681E-03
1.45379499E+02  3.665E-03
1.45719699E+02  3.649E-03
1.46059899E+02  3.634E-03
1.46400099E+02  3.619E-03
1.46740299E+02  3.605E-03
1.47080499E+02  3.591E-03
1.47420699E+02  3.577E-03
1.47760899E+02  3.563E-03
1.48101099E+02  3.550E-03
1.48441299E+02  3.537E-03
1.48781499E+02  3.524E-03
1.49121699E+02  3.511E-03
1.49461899E+02  3.499E-03
1.49802099E+02  3.486E-03
1.50142299E+02  3.474E-03
1.50482499E+02  3.462E-03
1.50822699E+02  3.449E-03
1.51162899E+02  3.437E-03
1.51503099E+02  3.424E-03
1.51843299E+02  3.412E-03
1.52183499E+02  3.399E-03
1.52523699E+02  3.387E-03
1.52863899E+02  3.374E-03
1.53204099E+02  3.361E-03
1.53544299E+02  3.348E-03
1.53884499E+02  3.334E-03
1.54224699E+02  3.321E-03
1.54564899E+02  3.307E-03
1.54905099E+02  3.293E-03
1.55245299E+02  3.279E-03
1.55585499E+02  3.265E-03
1.55925699E+02  3.250E-03
1.56265899E+02  3.235E-03
1.56606099E+02  3.220E-03
1.56946299E+02  3.204E-03
1.57286499E+02  3.189E-03
1.57626699E+02  3.173E-03
1.57966899E+02  3.157E-03
1.58307099E+02  3.140E-03
1.58647299E+02  3.124E-03
1.58987499E+02  3.107E-03
1.59327699E+02  3.090E-03
1.59667899E+02  3.072E-03
1.60008099E+02  3.055E-03
1.60348299E+02  3.037E-03
1.60688499E+02  3.019E-03
1.61028699E+02  3.002E-03
1.61368899E+02  2.983E-03
1.61709099E+02  2.965E-03
1.62049299E+02  2.947E-03
1.62389499E+02  2.928E-03
1.62729699E+02  2.910E-03
1.63069899E+02  2.891E-03
1.63410099E+02  2.873E-03
1.63750299E+02  2.854E-03
1.64090499E+02  2.836E-03
1.64430699E+02  2.817E-03
1.64770899E+02  2.798E-03
1.65111099E+02  2.780E-03
1.65451299E+02  2.761E-03
1.65791499E+02  2.743E-03
1.66131699E+02  2.725E-03
1.66471899E+02  2.706E-03
1.66812099E+02  2.688E-03
1.67152299E+02  2.670E-03
1.67492499E+02  2.653E-03
1.67832699E+02  2.635E-03
1.68172899E+02  2.618E-03
1.68513099E+02  2.601E-03
1.68853299E+02  2.584E-03
1.69193499E+02  2.567E-03
1.69533699E+02  2.551E-03
1.69873899E+02  2.535E-03
1.70214099E+02  2.519E-03
1.70554299E+02  2.504E-03
1.70894499E+02  2.489E-03
1.71234699E+02  2.474E-03
1.71574899E+02  2.460E-03
1.71915099E+02  2.446E-03
1.72255299E+02  2.432E-03
1.72595499E+02  2.419E-03
1.72935699E+02  2.407E-03
1.73275899E+02  2.394E-03
1.73616099E+02  2.383E-03
1.73956299E+02  2.371E-03
1.74296499E+02  2.360E-03
1.74636699E+02  2.350E-03
1.74976899E+02  2.340E-03
1.75317099E+02  2.330E-03
1.75657299E+02  2.321E-03
1.75997499E+02  2.312E-03
1.76337699E+02  2.304E-03
1.76677899E+02  2.296E-03
1.77018099E+02  2.289E-03
1.77358299E+02  2.282E-03
1.77698499E+02  2.275E-03
1.78038699E+02  2.269E-03
1.78378899E+02  2.263E-03
1.78719099E+02  2.258E-03
1.79059299E+02  2.252E-03
1.79399499E+02  2.248E-03
1.79739699E+02  2.243E-03
1.80079899E+02  2.239E-03
1.80420099E+02  2.235E-03
1.80760299E+02  2.231E-03
1.81100499E+02  2.227E-03
1.81440699E+02  2.224E-03
1.81780899E+02  2.221E-03
1.82121099E+02  2.218E-03
1.82461299E+02  2.215E-03
1.82801499E+02  2.212E-03
1.83141699E+02  2.209E-03
1.83481899E+02  2.206E-03
1.83822099E+02  2.203E-03
1.84162299E+02  2.200E-03
1.84502499E+02  2.197E-03
1.84842699E+02  2.194E-03
1.85182899E+02  2.190E-03
1.85523099E+02  2.187E-03
1.85863299E+02  2.183E-03
1.86203499E+02  2.180E-03
1.86543699E+02  2.176E-03
1.86883899E+02  2.171E-03
1.87224099E+02  2.167E-03
1.87564299E+02  2.162E-03
1.87904499E+02  2.157E-03
1.88244699E+02  2.151E-03
1.88584899E+02  2.145E-03
1.88925099E+02  2.139E-03
1.89265299E+02  2.132E-03
1.89605499E+02  2.126E-03
1.89945699E+02  2.118E-03
1.90285899E+02  2.111E-03
1.90626099E+02  2.103E-03
1.90966299E+02  2.094E-03
1.91306499E+02  2.085E-03
1.91646699E+02  2.076E-03
1.91986899E+02  2.067E-03
1.92327099E+02  2.057E-03
1.92667299E+02  2.046E-03
1.93007499E+02  2.036E-03
1.93347699E+02  2.025E-03
1.93687899E+02  2.014E-03
1.94028099E+02  2.002E-03
1.94368299E+02  1.990E-03
1.94708499E+02  1.978E-03
1.95048699E+02  1.965E-03
1.95388899E+02  1.953E-03
1.95729099E+02  1.940E-03
1.96069299E+02  1.926E-03
1.96409499E+02  1.913E-03
1.96749699E+02  1.899E-03
1.97089899E+02  1.885E-03
1.97430099E+02  1.871E-03
1.97770299E+02  1.857E-03
1.98110499E+02  1.843E-03
1.98450699E+02  1.828E-03
1.98790899E+02  1.814E-03
1.99131099E+02  1.799E-03
1.99471299E+02  1.785E-03
1.99811499E+02  1.770E-03
2.00151699E+02  1.755E-03
2.00491899E+02  1.741E-03
2.00832099E+02  1.726E-03
2.01172299E+02  1.711E-03
2.01512499E+02  1.697E-03
2.01852699E+02  1.682E-03
2.02192899E+02  1.668E-03
2.02533099E+02  1.654E-03
2.02873299E+02  1.640E-03
2.03213499E+02  1.626E-03
2.03553699E+02  1.612E-03
2.03893899E+02  1.598E-03
2.04234099E+02  1.585E-03
2.04574299E+02  1.572E-03
