          16           7
         215          13           1           1
           0          -4           0          -4           0          -6           0          -2           0          -4           0           6           0           4           0           2           0           4           0           6           0           2           0           4           0           2           0          -4           0          -2           0           2           0           4           0           6           0           2           0           4           0           6           0           4           0          -2           0          -2           0          -4           0          -6           0          -8           0          -2           0          -4           0          -6           0          -4           0           2           0          -4           0          -6           0          -2           0          -4           0          -6           0          -6           0          -8           0          -4           0          -6           0          -2           0          -4           0           4           0           6           0           8           0          10           0           4           0          -4           0           2           0           6           0           4           0           8           0           2           0          -4           0          -2           0           6           0           6           0           4           0           2           0           8           0           4           0           6           0           8           0           4           0           6           0           8           0          10           0           4           0           6           0           8           0           6           0           4           0           2           0           6           0           2           0           4           0           2           0          -4           0          -2           0          -6           0          -8           0           6           0           4           0          -4           0          -6           0          -2           0          -4           0          -6           0          -8           0         -10           0          -2           0          -4           0          -6           0          -4           0          -2           0          -6           0          -8           0          -2           0          -4           0           2           0           4           0           6           0           8           0           4           0           4           0           6           0           8           0           2           0          10           0           8           0           6           0           4           0           2           0           6           0           6           0           4           0           4           0           2           0           4           0           6           0           8           0          -4           0           2           0           4           0          -6           0          -4           0           2           0           4           0           6           0           4           0           6           0          -2           0          -4           0          -6           0          -8           0         -10           0          -6           0          -8           0         -10           0         -12           0           2           0          -2           0          -4           0          -6           0          -8           0          -2           0          -8           0         -10           0          -4           0          -2           0          -6           0          -4           0          -2           0          -4           0          -2           0          -4           0          -6           0          -4           0          -8           0          -6           0           2           0           4           0           2           0           4           0           6           0         -10           0          -8           0          -6           0          -4           0           6           0          -2           0          -4           0           8           0          -6           0          -2           0          -4           0          -6           0          -8           0           4           0           6           0          -4           0          -6           0          -6           0          -8           0          -2           0           2           0          -4           0           4           0           6           0           4           0           4           0           2           0           2           0          -4           0          -6           0          -8           0          -2           0          -4           0          -6           0          -8           0         -10           0          -8           0          -6           0          -4           0          -2           0          -2           0          -4           0          -6           0          -6           0          -8           0          -4           0          -2           0          -6           0          -4
    0.000000E+00    9.645106E-03    9.843162E-03    1.435602E-02    1.458263E-02
    4.247197E-02    4.320385E-02    4.360158E-02    5.944295E-02    5.948713E-02
    6.922989E-02    7.316769E-02    7.411300E-02    1.134727E-01    1.147319E-01
    2.354040E-01    2.358931E-01    2.366026E-01    2.382857E-01    2.391328E-01
    2.438023E-01    2.438287E-01    2.461520E-01    2.471700E-01    2.474363E-01
    2.479076E-01    2.485433E-01    2.486026E-01    2.487216E-01    2.491410E-01
    2.502551E-01    2.507374E-01    2.510783E-01    2.511300E-01    2.524691E-01
    2.524772E-01    2.554279E-01    2.561102E-01    2.563381E-01    2.591442E-01
    2.591854E-01    2.609226E-01    2.615363E-01    2.619649E-01    2.622131E-01
    2.625883E-01    2.631076E-01    2.632646E-01    2.633261E-01    2.634365E-01
    2.637297E-01    2.638533E-01    2.640096E-01    2.643758E-01    2.644930E-01
    2.645338E-01    2.648466E-01    2.652759E-01    2.655531E-01    2.656939E-01
    2.657640E-01    2.676748E-01    2.677713E-01    2.679166E-01    2.688115E-01
    2.690337E-01    2.711118E-01    2.712141E-01    2.720014E-01    2.721113E-01
    2.724223E-01    2.724984E-01    2.725578E-01    2.726085E-01    2.727219E-01
    2.737570E-01    2.740430E-01    2.746587E-01    2.763855E-01    2.763956E-01
    2.763957E-01    2.764682E-01    2.789238E-01    2.791446E-01    2.808157E-01
    2.808428E-01    2.816082E-01    2.816156E-01    2.816277E-01    2.816445E-01
    2.816660E-01    2.832213E-01    2.832636E-01    2.833497E-01    2.872720E-01
    2.872722E-01    2.872783E-01    2.873017E-01    2.873787E-01    2.874354E-01
    2.875828E-01    2.876419E-01    2.877951E-01    2.879672E-01    2.884374E-01
    2.885530E-01    2.886000E-01    2.886971E-01    2.887362E-01    2.888178E-01
    2.901974E-01    2.902310E-01    2.934227E-01    2.936053E-01    2.936679E-01
    2.948139E-01    2.948751E-01    2.949134E-01    2.954910E-01    2.955387E-01
    2.955818E-01    2.956302E-01    2.974080E-01    2.974265E-01    2.978254E-01
    2.979930E-01    2.980044E-01    2.981863E-01    2.981951E-01    2.982014E-01
    2.986863E-01    2.989406E-01    2.997979E-01    3.013547E-01    3.014398E-01
    3.015665E-01    3.017420E-01    3.025165E-01    3.025355E-01    3.025686E-01
    3.026262E-01    3.032771E-01    3.036433E-01    3.036673E-01    3.036996E-01
    3.037196E-01    3.041292E-01    3.046134E-01    3.046301E-01    3.048276E-01
    3.048611E-01    3.049614E-01    3.051740E-01    3.052844E-01    3.060373E-01
    3.062721E-01    3.065126E-01    3.067251E-01    3.072820E-01    3.083217E-01
    3.083847E-01    3.085481E-01    3.086063E-01    3.093086E-01    3.093690E-01
    3.093750E-01    3.093804E-01    3.094500E-01    3.095030E-01    3.095365E-01
    3.096086E-01    3.096683E-01    3.098305E-01    3.098337E-01    3.100372E-01
    3.110986E-01    3.111053E-01    3.111248E-01    3.111449E-01    3.124031E-01
    3.124222E-01    3.126400E-01    3.132139E-01    3.132929E-01    3.134326E-01
    3.163175E-01    3.165548E-01    3.167011E-01    3.167161E-01    3.173537E-01
    3.174815E-01    3.194473E-01    3.198310E-01    3.206567E-01    3.235572E-01
    3.235827E-01    3.236877E-01    3.236885E-01    3.238034E-01    3.239013E-01
    3.239634E-01    3.240075E-01    3.245628E-01    3.245933E-01    3.263728E-01
    3.264517E-01    3.271738E-01    3.284075E-01    3.287843E-01    3.314323E-01
    3.314556E-01    3.324856E-01    3.325179E-01    3.327131E-01    3.333147E-01
           0           4           0           1
  -28.010499495533246               13
3.65154995E+01  1.735E-01  5.714E-02  1.863E-01  1.590E-02  7.874E-02  1.062E-01
                1.254E-02  9.429E-05  1.304E-03  7.953E-04  2.698E-04  5.020E-02
                1.496E-04
5.01234995E+01  7.272E-02  2.339E-02  7.637E-02  6.522E-03  3.215E-02  6.109E-02
                7.144E-03  3.666E-05  6.209E-04  4.192E-04  6.710E-05  2.863E-02
                5.189E-05  1.639E-03  2.399E-04  2.016E-05  4.016E-05  2.175E-05
                1.723E-05  2.154E-05  1.240E-05  5.111E-06  3.344E-05  4.355E-06
                1.123E-05  1.379E-05  1.409E-05  1.400E-05  5.941E-05  6.576E-05
                2.580E-05  7.503E-06  2.146E-04  5.816E-05  2.461E-05  3.928E-05
                4.172E-06  7.997E-06  2.565E-05  6.134E-05  2.333E-04  7.848E-06
                1.344E-04  4.764E-06  2.844E-05  5.364E-05  2.358E-05  2.607E-05
                2.144E-04  1.999E-06  5.659E-05  1.335E-05  2.316E-05  6.896E-06
                5.639E-05  4.428E-05  3.141E-05  1.838E-04  8.829E-05  4.862E-05
                4.185E-05  3.928E-07  3.293E-07  3.856E-07  1.114E-05  9.018E-05
                1.581E-05  4.527E-06  3.713E-05  6.303E-05  8.021E-05  5.788E-05
                4.577E-05  2.351E-05  1.175E-05
6.37314995E+01  3.646E-02  1.171E-02  3.822E-02  3.250E-03  1.592E-02  4.030E-02
                4.723E-03  1.747E-05  3.902E-04  2.151E-04  2.526E-05  1.907E-02
                2.494E-05  8.742E-04  1.268E-04  8.345E-06  1.333E-05  1.238E-05
                9.500E-06  1.515E-05  9.129E-06  5.140E-07  1.340E-05  2.084E-06
                4.797E-06  5.735E-06  4.410E-06  9.103E-06  2.481E-05  2.573E-05
                9.634E-06  1.788E-06  8.518E-05  2.397E-05  2.561E-06  1.740E-05
                7.703E-09  1.590E-06  9.686E-06  2.715E-05  7.871E-05  4.366E-06
                3.190E-05  5.045E-07  1.045E-06  1.854E-06  4.373E-06  7.296E-06
                1.038E-04  5.388E-07  5.556E-06  3.240E-06  1.049E-06  6.289E-07
                1.703E-05  5.542E-06  2.543E-06  4.501E-05  2.946E-05  1.562E-05
                1.002E-05  2.576E-08  2.269E-08  1.754E-08  2.505E-06  2.155E-05
                6.986E-07  7.588E-08  4.635E-06  1.521E-05  3.011E-05  1.597E-05
                6.109E-06  2.696E-06  9.963E-07  2.385E-06  6.605E-06  3.137E-06
                1.873E-06  2.838E-07  6.661E-06  1.863E-05  8.062E-06  1.636E-06
                1.942E-05  8.668E-05  8.684E-10  4.872E-09  1.315E-08  2.172E-08
                8.971E-09  6.262E-07  3.629E-06  7.157E-06  1.004E-06  3.174E-07
                2.936E-06  7.913E-06  6.679E-06  3.775E-05  1.458E-07  8.082E-07
                1.295E-06  2.952E-06  1.761E-06  4.883E-07  5.440E-07  1.395E-06
                2.604E-07  3.433E-06  1.953E-05  4.935E-06  9.643E-06  1.347E-07
                1.145E-04  2.680E-06  2.680E-06  1.759E-06  9.103E-08  6.354E-07
                1.673E-06  1.824E-06  4.962E-05  1.946E-06  1.930E-06  1.614E-05
                2.523E-06  7.424E-07  1.015E-05  6.116E-05  3.811E-06  1.007E-05
                1.026E-05  6.435E-07  1.556E-06  2.971E-06  4.304E-06  3.881E-07
                1.301E-06  3.530E-06  8.117E-06  1.170E-06  3.235E-07  1.541E-06
                6.052E-06  2.290E-05  1.003E-06  3.039E-06  1.210E-05  7.077E-06
                1.450E-06  2.634E-05  1.153E-05  1.594E-06  2.583E-06  8.085E-07
                1.364E-05  4.354E-06  1.305E-06  8.136E-06  3.148E-06  6.816E-07
                2.913E-06  4.107E-06  9.223E-06  3.830E-05  2.702E-06  1.969E-06
                9.607E-07  3.223E-07  1.049E-06  6.985E-07  1.271E-06  4.414E-06
                2.149E-06  1.154E-06  3.066E-06  7.573E-06  1.972E-05  1.120E-06
                1.448E-06  2.728E-06  2.875E-06  3.580E-06  6.878E-06  1.483E-06
                2.636E-07  1.657E-06  1.320E-05  2.518E-06  3.574E-06  4.031E-05
                4.261E-07  1.531E-07  5.111E-06  1.071E-05  2.020E-05  4.660E-06
                5.845E-06  5.938E-06  5.108E-07  8.673E-07  1.185E-06  6.468E-07
                4.687E-06  1.544E-06  2.544E-06  3.006E-06  1.298E-05  1.976E-07
                3.849E-07  1.021E-06  2.451E-07  1.068E-05  1.199E-06
7.73394995E+01  2.044E-02  6.545E-03  2.138E-02  1.813E-03  8.892E-03  2.783E-02
                3.260E-03  9.414E-06  2.666E-04  1.314E-04  1.274E-05  1.358E-02
                1.388E-05  5.155E-04  7.475E-05  4.641E-06  7.557E-06  7.298E-06
                5.570E-06  9.516E-06  6.632E-06  3.735E-07  6.548E-06  1.246E-06
                2.809E-06  3.311E-06  2.234E-06  5.287E-06  1.358E-05  1.459E-05
                5.325E-06  1.272E-06  3.770E-05  1.243E-05  1.475E-06  9.228E-06
                5.223E-09  8.019E-07  4.741E-06  1.344E-05  3.919E-05  2.144E-06
                1.614E-05  2.481E-07  4.616E-07  7.800E-07  1.824E-06  4.618E-06
                6.102E-05  2.624E-07  2.571E-06  1.903E-06  4.838E-07  3.030E-07
                8.611E-06  2.809E-06  1.320E-06  2.228E-05  1.505E-05  8.441E-06
                5.208E-06  8.766E-09  1.517E-08  1.567E-09  9.737E-07  8.002E-06
                4.430E-07  1.551E-07  2.789E-06  9.299E-06  1.764E-05  1.239E-05
                4.683E-06  2.015E-06  4.963E-07  1.212E-06  2.759E-06  1.169E-06
                1.235E-06  1.704E-07  4.531E-06  1.259E-05  3.588E-06  8.480E-07
                1.180E-05  5.270E-05  4.627E-10  2.689E-09  6.286E-09  7.124E-09
                1.892E-09  4.241E-07  2.513E-06  5.139E-06  5.955E-07  1.591E-07
                1.904E-06  5.504E-06  4.161E-06  2.358E-05  6.165E-08  3.127E-07
                7.492E-07  1.572E-06  3.443E-07  1.288E-07  3.890E-07  9.994E-07
                1.558E-07  2.053E-06  1.346E-05  3.487E-06  6.004E-06  9.378E-08
                7.200E-05  2.239E-06  1.710E-06  1.111E-06  6.541E-08  5.143E-07
                1.237E-06  1.153E-06  3.054E-05  1.309E-06  1.392E-06  1.056E-05
                1.562E-06  5.195E-07  6.466E-06  3.932E-05  2.701E-06  7.002E-06
                6.802E-06  2.976E-07  7.307E-07  1.385E-06  1.980E-06  1.754E-07
                6.338E-07  1.639E-06  3.894E-06  7.942E-07  1.825E-07  8.861E-07
                3.548E-06  1.371E-05  5.465E-07  1.161E-06  4.660E-06  4.792E-06
                9.293E-07  1.521E-05  6.693E-06  8.265E-07  1.475E-06  3.729E-07
                8.477E-06  2.185E-06  5.427E-07  3.930E-06  1.341E-06  3.838E-07
                1.562E-06  2.636E-06  5.971E-06  2.386E-05  1.238E-06  9.455E-07
                4.555E-07  1.622E-07  6.239E-07  3.468E-07  6.185E-07  2.479E-06
                1.132E-06  5.860E-07  1.686E-06  4.388E-06  1.164E-05  6.599E-07
                8.083E-07  1.348E-06  1.319E-06  1.641E-06  2.606E-06  8.231E-07
                1.226E-07  8.456E-07  8.779E-06  1.185E-06  2.377E-06  2.933E-05
                2.610E-07  1.329E-07  2.231E-06  5.009E-06  9.838E-06  1.956E-06
                2.592E-06  2.737E-06  1.522E-07  2.349E-07  5.767E-07  2.879E-07
                3.732E-06  1.196E-06  2.042E-06  1.776E-06  8.395E-06  1.218E-07
                2.204E-07  6.715E-07  1.669E-07  7.582E-06  7.919E-07
9.09474995E+01  1.240E-02  3.973E-03  1.297E-02  1.100E-03  5.397E-03  1.996E-02
                2.337E-03  5.857E-06  1.899E-04  8.695E-05  7.142E-06  9.913E-03
                8.299E-06  3.197E-04  4.630E-05  2.600E-06  4.308E-06  4.368E-06
                3.259E-06  5.955E-06  4.441E-06  2.533E-07  3.950E-06  9.042E-07
                1.960E-06  2.293E-06  1.478E-06  3.238E-06  8.161E-06  8.900E-06
                3.285E-06  8.466E-07  1.956E-05  7.155E-06  9.124E-07  5.438E-06
                3.430E-09  4.486E-07  2.592E-06  7.474E-06  2.171E-05  1.188E-06
                9.120E-06  1.558E-07  2.563E-07  3.982E-07  9.012E-07  3.693E-06
                3.766E-05  1.447E-07  1.518E-06  1.409E-06  2.605E-07  1.668E-07
                4.788E-06  1.567E-06  8.086E-07  1.391E-05  8.537E-06  4.784E-06
                2.909E-06  5.800E-09  1.096E-08  1.101E-09  4.910E-07  3.777E-06
                2.832E-07  1.570E-07  1.703E-06  5.712E-06  1.057E-05  9.292E-06
                3.504E-06  1.487E-06  2.737E-07  7.101E-07  1.460E-06  5.558E-07
                8.627E-07  1.147E-07  3.202E-06  8.874E-06  1.904E-06  4.944E-07
                7.665E-06  3.427E-05  3.009E-10  1.812E-09  4.190E-09  4.564E-09
                1.065E-09  3.001E-07  1.795E-06  3.682E-06  4.310E-07  1.031E-07
                1.460E-06  4.313E-06  2.727E-06  1.542E-05  4.517E-08  2.137E-07
                5.591E-07  1.179E-06  1.240E-07  7.080E-08  2.840E-07  7.254E-07
                1.007E-07  1.481E-06  9.658E-06  2.506E-06  3.949E-06  6.417E-08
                4.750E-05  1.614E-06  1.209E-06  8.028E-07  5.073E-08  3.865E-07
                9.193E-07  8.989E-07  2.002E-05  9.914E-07  1.053E-06  6.946E-06
                1.013E-06  3.665E-07  4.378E-06  2.646E-05  1.961E-06  5.112E-06
                4.724E-06  1.622E-07  3.958E-07  7.458E-07  1.025E-06  9.556E-08
                3.334E-07  8.546E-07  2.028E-06  5.204E-07  1.063E-07  5.597E-07
                2.338E-06  9.345E-06  3.182E-07  4.909E-07  1.974E-06  3.168E-06
                6.081E-07  1.029E-05  4.523E-06  5.444E-07  8.978E-07  2.166E-07
                5.967E-06  1.215E-06  2.971E-07  2.343E-06  7.518E-07  2.716E-07
                9.875E-07  1.839E-06  4.113E-06  1.529E-05  6.683E-07  5.445E-07
                2.612E-07  9.331E-08  4.314E-07  2.138E-07  3.732E-07  1.750E-06
                7.169E-07  3.493E-07  1.085E-06  2.958E-06  7.909E-06  4.358E-07
                5.746E-07  7.499E-07  7.334E-07  8.848E-07  1.369E-06  4.980E-07
                7.958E-08  5.158E-07  6.207E-06  7.778E-07  1.671E-06  2.142E-05
                1.993E-07  8.897E-08  1.077E-06  2.625E-06  5.431E-06  9.021E-07
                1.253E-06  1.413E-06  5.752E-08  8.058E-08  3.323E-07  1.580E-07
                2.857E-06  9.094E-07  1.542E-06  1.137E-06  5.861E-06  7.300E-08
                1.321E-07  4.960E-07  1.120E-07  5.548E-06  5.357E-07
1.04555499E+02  7.930E-03  2.536E-03  8.291E-03  7.010E-04  3.443E-03  1.489E-02
                1.743E-03  3.580E-06  1.410E-04  6.001E-05  4.274E-06  7.556E-03
                5.214E-06  2.134E-04  3.093E-05  1.580E-06  2.649E-06  2.817E-06
                2.003E-06  3.862E-06  2.901E-06  1.708E-07  2.552E-06  8.005E-07
                1.624E-06  1.865E-06  1.199E-06  2.009E-06  5.062E-06  5.557E-06
                2.296E-06  5.497E-07  1.093E-05  4.429E-06  5.772E-07  3.356E-06
                2.289E-09  2.656E-07  1.502E-06  4.419E-06  1.266E-05  6.959E-07
                5.465E-06  1.174E-07  1.713E-07  2.387E-07  4.985E-07  3.029E-06
                2.436E-05  8.283E-08  1.010E-06  1.104E-06  1.492E-07  9.618E-08
                2.809E-06  9.195E-07  5.461E-07  9.685E-06  5.310E-06  2.932E-06
                1.770E-06  4.085E-09  8.298E-09  7.721E-10  2.860E-07  2.023E-06
                1.910E-07  1.356E-07  1.121E-06  3.755E-06  6.753E-06  6.886E-06
                2.660E-06  1.138E-06  1.607E-07  4.355E-07  8.534E-07  2.977E-07
                5.895E-07  7.836E-08  2.190E-06  6.055E-06  1.120E-06  3.105E-07
                5.124E-06  2.291E-05  2.067E-10  1.273E-09  2.907E-09  3.061E-09
                6.768E-10  2.041E-07  1.227E-06  2.535E-06  3.270E-07  7.437E-08
                1.136E-06  3.385E-06  1.824E-06  1.033E-05  3.382E-08  1.580E-07
                4.190E-07  8.833E-07  8.287E-08  4.833E-08  2.047E-07  5.284E-07
                7.255E-08  1.089E-06  6.953E-06  1.809E-06  2.756E-06  4.360E-08
                3.314E-05  1.187E-06  8.701E-07  5.953E-07  3.908E-08  2.861E-07
                6.794E-07  6.832E-07  1.333E-05  7.506E-07  7.980E-07  4.739E-06
                6.831E-07  2.667E-07  3.128E-06  1.884E-05  1.410E-06  3.688E-06
                3.206E-06  1.025E-07  2.478E-07  4.627E-07  6.120E-07  6.085E-08
                2.043E-07  5.181E-07  1.229E-06  3.568E-07  6.760E-08  3.793E-07
                1.634E-06  6.680E-06  1.964E-07  2.682E-07  1.068E-06  2.168E-06
                4.126E-07  7.310E-06  3.204E-06  3.804E-07  5.872E-07  1.340E-07
                4.297E-06  7.373E-07  1.753E-07  1.480E-06  4.706E-07  2.004E-07
                7.068E-07  1.276E-06  2.887E-06  1.071E-05  4.084E-07  3.520E-07
                1.699E-07  6.063E-08  3.015E-07  1.451E-07  2.496E-07  1.251E-06
                4.920E-07  2.333E-07  7.571E-07  2.107E-06  5.633E-06  3.110E-07
                4.433E-07  4.757E-07  4.489E-07  5.518E-07  8.352E-07  3.158E-07
                6.346E-08  3.310E-07  4.592E-06  5.409E-07  1.231E-06  1.609E-05
                1.554E-07  6.352E-08  6.007E-07  1.556E-06  3.347E-06  4.875E-07
                6.990E-07  8.274E-07  2.781E-08  4.118E-08  2.069E-07  9.817E-08
                2.180E-06  6.883E-07  1.155E-06  7.935E-07  4.320E-06  4.605E-08
                8.497E-08  3.681E-07  7.535E-08  4.178E-06  3.932E-07
1.18163499E+02  5.388E-03  1.729E-03  5.646E-03  4.791E-04  2.352E-03  1.140E-02
                1.334E-03  2.507E-06  1.074E-04  4.369E-05  2.646E-06  5.812E-03
                3.425E-06  1.478E-04  2.141E-05  9.261E-07  1.579E-06  1.824E-06
                1.189E-06  2.532E-06  1.919E-06  1.178E-07  1.744E-06  6.315E-07
                1.244E-06  1.419E-06  9.317E-07  1.272E-06  3.257E-06  3.559E-06
                1.605E-06  3.636E-07  7.053E-06  2.909E-06  3.782E-07  2.220E-06
                1.444E-09  1.648E-07  9.169E-07  2.926E-06  8.291E-06  4.578E-07
                3.637E-06  1.091E-07  1.433E-07  1.770E-07  3.163E-07  2.607E-06
                1.689E-05  5.105E-08  7.336E-07  9.206E-07  9.069E-08  6.596E-08
                1.834E-06  5.913E-07  3.983E-07  7.284E-06  3.456E-06  1.833E-06
                1.125E-06  2.750E-09  6.356E-09  5.264E-10  1.942E-07  1.242E-06
                1.304E-07  1.081E-07  7.488E-07  2.510E-06  4.440E-06  5.190E-06
                1.923E-06  7.966E-07  1.042E-07  2.882E-07  5.574E-07  1.809E-07
                4.108E-07  5.505E-08  1.515E-06  4.184E-06  7.180E-07  2.066E-07
                3.669E-06  1.643E-05  1.517E-10  9.401E-10  2.115E-09  2.149E-09
                4.394E-10  1.401E-07  8.650E-07  1.778E-06  2.592E-07  5.939E-08
                9.035E-07  2.704E-06  1.323E-06  7.466E-06  2.559E-08  1.188E-07
                3.130E-07  6.637E-07  6.883E-08  3.687E-08  1.451E-07  3.773E-07
                5.081E-08  7.873E-07  4.691E-06  1.226E-06  2.075E-06  3.148E-08
                2.494E-05  8.801E-07  6.435E-07  4.475E-07  2.894E-08  2.068E-07
                4.987E-07  5.103E-07  9.544E-06  5.424E-07  5.798E-07  3.310E-06
                4.807E-07  1.952E-07  2.382E-06  1.439E-05  9.776E-07  2.564E-06
                2.274E-06  6.511E-08  1.570E-07  2.928E-07  3.737E-07  4.015E-08
                1.287E-07  3.223E-07  7.631E-07  2.491E-07  4.649E-08  2.750E-07
                1.213E-06  5.046E-06  1.352E-07  1.482E-07  5.779E-07  1.524E-06
                2.936E-07  5.512E-06  2.411E-06  2.829E-07  4.205E-07  8.833E-08
                3.285E-06  4.927E-07  1.115E-07  9.388E-07  3.020E-07  1.491E-07
                5.357E-07  8.688E-07  2.047E-06  7.977E-06  2.572E-07  2.350E-07
                1.129E-07  4.011E-08  2.095E-07  1.060E-07  1.806E-07  8.882E-07
                3.635E-07  1.565E-07  5.439E-07  1.571E-06  4.242E-06  2.335E-07
                3.504E-07  3.007E-07  2.871E-07  3.508E-07  5.243E-07  2.037E-07
                5.199E-08  2.197E-07  3.520E-06  3.816E-07  9.383E-07  1.242E-05
                1.223E-07  4.701E-08  3.492E-07  9.765E-07  2.195E-06  2.700E-07
                4.033E-07  5.090E-07  1.546E-08  3.346E-08  1.324E-07  6.414E-08
                1.731E-06  5.429E-07  9.052E-07  5.870E-07  3.336E-06  2.993E-08
                5.477E-08  2.844E-07  5.186E-08  3.281E-06  3.029E-07
1.31771499E+02  3.707E-03  1.187E-03  3.883E-03  3.284E-04  1.615E-03  8.913E-03
                1.043E-03  1.620E-06  8.403E-05  3.238E-05  1.742E-06  4.643E-03
                2.322E-06  1.054E-04  1.528E-05  5.981E-07  1.034E-06  1.303E-06
                7.670E-07  1.777E-06  1.293E-06  8.364E-08  1.293E-06  5.338E-07
                1.023E-06  1.165E-06  7.901E-07  8.207E-07  2.156E-06  2.365E-06
                1.199E-06  2.426E-07  4.613E-06  1.995E-06  2.491E-07  1.485E-06
                1.010E-09  1.062E-07  5.829E-07  1.939E-06  5.409E-06  2.978E-07
                2.401E-06  8.943E-08  1.116E-07  1.285E-07  2.039E-07  2.149E-06
                1.173E-05  3.182E-08  5.441E-07  7.471E-07  5.561E-08  4.472E-08
                1.186E-06  3.797E-07  2.921E-07  5.548E-06  2.368E-06  1.224E-06
                7.385E-07  2.196E-09  5.235E-09  3.764E-10  1.352E-07  7.732E-07
                9.295E-08  8.081E-08  5.280E-07  1.769E-06  3.071E-06  3.919E-06
                1.536E-06  6.607E-07  6.978E-08  1.974E-07  3.719E-07  1.112E-07
                2.960E-07  4.057E-08  1.088E-06  2.998E-06  4.763E-07  1.422E-07
                2.577E-06  1.154E-05  1.125E-10  7.060E-10  1.573E-09  1.561E-09
                3.133E-10  9.939E-08  6.145E-07  1.269E-06  2.064E-07  4.695E-08
                7.229E-07  2.166E-06  9.264E-07  5.232E-06  1.960E-08  9.187E-08
                2.389E-07  5.057E-07  6.077E-08  2.972E-08  1.107E-07  2.880E-07
                3.805E-08  6.061E-07  3.706E-06  9.739E-07  1.522E-06  2.381E-08
                1.825E-05  6.554E-07  4.841E-07  3.452E-07  2.232E-08  1.556E-07
                3.747E-07  3.869E-07  6.639E-06  4.324E-07  4.630E-07  2.358E-06
                3.392E-07  1.443E-07  1.772E-06  1.070E-05  7.590E-07  2.002E-06
                1.611E-06  4.863E-08  1.160E-07  2.138E-07  2.635E-07  2.963E-08
                9.479E-08  2.374E-07  5.646E-07  1.766E-07  3.270E-08  2.027E-07
                9.122E-07  3.849E-06  9.159E-08  1.165E-07  4.510E-07  1.089E-06
                2.082E-07  4.194E-06  1.828E-06  2.137E-07  3.047E-07  5.985E-08
                2.473E-06  3.345E-07  7.255E-08  6.496E-07  2.154E-07  1.169E-07
                4.185E-07  6.619E-07  1.549E-06  6.013E-06  1.796E-07  1.728E-07
                8.439E-08  2.984E-08  1.665E-07  7.876E-08  1.338E-07  7.298E-07
                2.721E-07  1.199E-07  4.177E-07  1.202E-06  3.225E-06  1.761E-07
                2.714E-07  2.267E-07  1.972E-07  2.620E-07  3.841E-07  1.397E-07
                4.711E-08  1.536E-07  2.697E-06  3.052E-07  7.138E-07  9.516E-06
                9.486E-08  3.521E-08  2.492E-07  6.885E-07  1.550E-06  1.993E-07
                2.937E-07  3.621E-07  1.187E-08  2.633E-08  8.817E-08  4.444E-08
                1.360E-06  4.234E-07  6.914E-07  4.421E-07  2.579E-06  2.109E-08
                3.984E-08  2.207E-07  3.804E-08  2.565E-06  2.377E-07
1.45379499E+02  2.737E-03  8.802E-04  2.873E-03  2.442E-04  1.200E-03  7.067E-03
                8.268E-04  1.309E-06  6.628E-05  2.502E-05  1.160E-06  3.665E-03
                1.611E-06  7.694E-05  1.114E-05  3.914E-07  6.850E-07  9.653E-07
                4.861E-07  1.276E-06  8.806E-07  6.129E-08  9.135E-07  4.353E-07
                8.157E-07  9.203E-07  6.418E-07  5.304E-07  1.439E-06  1.553E-06
                9.013E-07  1.653E-07  3.443E-06  1.434E-06  1.691E-07  1.049E-06
                6.252E-10  6.983E-08  3.777E-07  1.451E-06  4.015E-06  2.205E-07
                1.781E-06  8.877E-08  1.071E-07  1.162E-07  1.572E-07  1.868E-06
                8.814E-06  2.213E-08  4.326E-07  6.421E-07  3.875E-08  3.594E-08
                8.670E-07  2.697E-07  2.317E-07  4.469E-06  1.672E-06  8.151E-07
                5.088E-07  1.501E-09  4.144E-09  2.585E-10  1.070E-07  5.503E-07
                6.662E-08  6.324E-08  3.749E-07  1.253E-06  2.146E-06  3.035E-06
                1.096E-06  4.453E-07  4.962E-08  1.395E-07  2.687E-07  7.744E-08
                2.026E-07  2.828E-08  7.343E-07  2.023E-06  3.354E-07  1.018E-07
                1.969E-06  8.796E-06  8.702E-11  5.453E-10  1.195E-09  1.144E-09
                2.150E-10  6.680E-08  4.254E-07  8.812E-07  1.708E-07  4.045E-08
                5.904E-07  1.765E-06  7.136E-07  4.032E-06  1.467E-08  6.970E-08
                1.769E-07  3.771E-07  5.796E-08  2.331E-08  7.625E-08  2.020E-07
                2.744E-08  4.356E-07  2.345E-06  6.208E-07  1.241E-06  1.775E-08
                1.494E-05  5.021E-07  3.668E-07  2.620E-07  1.638E-08  1.106E-07
                2.746E-07  2.824E-07  4.957E-06  2.942E-07  3.194E-07  1.758E-06
                2.548E-07  1.032E-07  1.450E-06  8.858E-06  4.984E-07  1.311E-06
                1.134E-06  3.256E-08  7.790E-08  1.439E-07  1.716E-07  2.094E-08
                6.441E-08  1.594E-07  3.783E-07  1.310E-07  2.434E-08  1.565E-07
                7.140E-07  3.042E-06  6.924E-08  7.744E-08  2.908E-07  8.195E-07
                1.586E-07  3.311E-06  1.442E-06  1.673E-07  2.351E-07  4.260E-08
                1.968E-06  2.468E-07  5.045E-08  4.332E-07  1.489E-07  8.782E-08
                3.328E-07  4.272E-07  1.104E-06  4.869E-06  1.181E-07  1.210E-07
                5.839E-08  2.036E-08  1.104E-07  6.121E-08  1.038E-07  4.931E-07
                2.137E-07  8.381E-08  3.135E-07  9.361E-07  2.541E-06  1.428E-07
                2.219E-07  1.513E-07  1.352E-07  1.780E-07  2.611E-07  9.446E-08
                3.952E-08  1.073E-07  2.194E-06  2.116E-07  5.786E-07  7.738E-06
                7.301E-08  2.593E-08  1.588E-07  4.703E-07  1.100E-06  1.218E-07
                1.851E-07  2.417E-07  9.224E-09  2.928E-08  6.137E-08  3.290E-08
                1.098E-06  3.400E-07  5.518E-07  3.379E-07  2.041E-06  1.484E-08
                2.786E-08  1.756E-07  2.759E-08  2.055E-06  1.867E-07
1.58987499E+02  1.961E-03  6.308E-04  2.062E-03  1.752E-04  8.617E-04  5.847E-03
                6.839E-04  7.650E-07  5.494E-05  1.954E-05  7.969E-07  3.107E-03
                1.163E-06  5.975E-05  8.668E-06  2.801E-07  4.942E-07  7.696E-07
                3.375E-07  9.687E-07  5.962E-07  4.555E-08  6.973E-07  3.800E-07
                6.976E-07  7.844E-07  5.618E-07  3.461E-07  9.759E-07  1.065E-06
                7.206E-07  1.104E-07  2.362E-06  1.050E-06  1.114E-07  7.154E-07
                4.564E-10  4.769E-08  2.558E-07  1.009E-06  2.761E-06  1.490E-07
                1.215E-06  7.307E-08  8.623E-08  8.994E-08  1.097E-07  1.565E-06
                6.285E-06  1.473E-08  3.409E-07  5.350E-07  2.616E-08  2.487E-08
                5.838E-07  1.799E-07  1.767E-07  3.570E-06  1.201E-06  5.646E-07
                3.433E-07  1.283E-09  3.506E-09  1.941E-10  8.013E-08  3.648E-07
                4.778E-08  4.554E-08  2.689E-07  8.952E-07  1.508E-06  2.323E-06
                9.021E-07  3.889E-07  3.519E-08  9.667E-08  1.861E-07  5.011E-08
                1.484E-07  2.156E-08  5.360E-07  1.471E-06  2.306E-07  7.126E-08
                1.395E-06  6.221E-06  6.660E-11  4.192E-10  9.079E-10  8.504E-10
                1.631E-10  4.782E-08  3.021E-07  6.348E-07  1.348E-07  3.051E-08
                4.750E-07  1.427E-06  5.003E-07  2.841E-06  1.126E-08  5.477E-08
                1.351E-07  2.855E-07  5.497E-08  2.029E-08  5.955E-08  1.566E-07
                2.092E-08  3.397E-07  1.965E-06  5.235E-07  9.402E-07  1.379E-08
                1.131E-05  3.714E-07  2.842E-07  2.047E-07  1.279E-08  8.455E-08
                2.088E-07  2.141E-07  3.460E-06  2.423E-07  2.650E-07  1.287E-06
                1.829E-07  7.779E-08  1.112E-06  6.801E-06  4.075E-07  1.078E-06
                8.066E-07  2.617E-08  6.191E-08  1.131E-07  1.316E-07  1.625E-08
                5.127E-08  1.281E-07  3.062E-07  9.345E-08  1.829E-08  1.201E-07
                5.527E-07  2.374E-06  5.014E-08  6.621E-08  2.524E-07  6.024E-07
                1.146E-07  2.565E-06  1.113E-06  1.289E-07  1.816E-07  3.063E-08
                1.502E-06  1.784E-07  3.442E-08  3.128E-07  1.095E-07  6.875E-08
                2.659E-07  3.340E-07  8.589E-07  3.830E-06  8.779E-08  9.366E-08
                4.600E-08  1.601E-08  9.291E-08  4.710E-08  7.966E-08  4.295E-07
                1.637E-07  6.706E-08  2.479E-07  7.316E-07  1.970E-06  1.119E-07
                1.712E-07  1.201E-07  9.714E-08  1.378E-07  1.983E-07  6.826E-08
                3.612E-08  7.940E-08  1.747E-06  1.781E-07  4.557E-07  6.132E-06
                5.566E-08  1.960E-08  1.266E-07  3.546E-07  8.191E-07  1.032E-07
                1.521E-07  1.868E-07  7.036E-09  1.938E-08  4.236E-08  2.457E-08
                8.803E-07  2.707E-07  4.315E-07  2.627E-07  1.622E-06  1.099E-08
                2.093E-08  1.405E-07  2.151E-08  1.646E-06  1.491E-07
1.72595499E+02  1.524E-03  4.884E-04  1.594E-03  1.352E-04  6.652E-04  4.565E-03
                5.340E-04  7.618E-07  4.293E-05  1.544E-05  5.644E-07  2.419E-03
                8.178E-07  4.161E-05  6.020E-06  1.980E-07  3.548E-07  6.310E-07
                2.267E-07  7.655E-07  4.375E-07  3.652E-08  5.305E-07  2.370E-07
                4.419E-07  5.043E-07  3.832E-07  2.307E-07  6.822E-07  7.224E-07
                4.734E-07  8.106E-08  2.010E-06  7.665E-07  7.899E-08  5.449E-07
                2.901E-10  3.229E-08  1.753E-07  8.135E-07  2.223E-06  1.202E-07
                9.782E-07  7.056E-08  8.256E-08  8.478E-08  9.442E-08  1.392E-06
                5.034E-06  1.218E-08  2.866E-07  4.741E-07  2.110E-08  2.336E-08
                4.624E-07  1.384E-07  1.498E-07  3.013E-06  9.111E-07  4.000E-07
                2.553E-07  8.853E-10  2.883E-09  1.356E-10  6.635E-08  2.741E-07
                3.676E-08  3.565E-08  2.037E-07  6.811E-07  1.140E-06  1.806E-06
                6.394E-07  2.547E-07  2.816E-08  7.458E-08  1.438E-07  3.627E-08
                1.059E-07  1.522E-08  3.770E-07  1.038E-06  1.727E-07  5.474E-08
                1.141E-06  5.077E-06  5.207E-11  3.283E-10  7.075E-10  6.492E-10
                1.057E-10  3.378E-08  2.226E-07  4.633E-07  1.174E-07  3.073E-08
                3.877E-07  1.143E-06  4.140E-07  2.338E-06  8.773E-09  4.396E-08
                1.037E-07  2.217E-07  5.547E-08  1.752E-08  4.302E-08  1.156E-07
                1.573E-08  2.587E-07  1.230E-06  3.297E-07  7.659E-07  1.045E-08
                9.220E-06  3.055E-07  2.143E-07  1.588E-07  9.554E-09  6.126E-08
                1.570E-07  1.602E-07  2.782E-06  1.633E-07  1.816E-07  9.992E-07
                1.458E-07  5.390E-08  9.048E-07  5.603E-06  2.647E-07  6.977E-07
                6.064E-07  1.659E-08  3.969E-08  7.330E-08  8.212E-08  1.104E-08
                3.322E-08  8.167E-08  1.944E-07  7.598E-08  1.371E-08  9.412E-08
                4.388E-07  1.897E-06  3.707E-08  5.005E-08  1.805E-07  4.701E-07
                9.172E-08  2.057E-06  8.924E-07  1.028E-07  1.414E-07  2.252E-08
                1.224E-06  1.342E-07  2.526E-08  2.172E-07  8.217E-08  5.465E-08
                2.241E-07  2.262E-07  6.349E-07  3.136E-06  5.599E-08  6.496E-08
                3.103E-08  1.047E-08  6.277E-08  3.709E-08  6.299E-08  2.933E-07
                1.319E-07  4.630E-08  1.867E-07  5.759E-07  1.578E-06  8.999E-08
                1.406E-07  8.324E-08  6.986E-08  1.001E-07  1.471E-07  4.674E-08
                2.965E-08  5.575E-08  1.388E-06  1.287E-07  3.654E-07  4.846E-06
                4.368E-08  1.479E-08  8.253E-08  2.527E-07  6.065E-07  6.449E-08
                9.680E-08  1.281E-07  7.456E-09  2.824E-08  3.119E-08  1.900E-08
                7.065E-07  2.160E-07  3.401E-07  2.000E-07  1.273E-06  8.364E-09
                1.660E-08  1.116E-07  1.594E-08  1.304E-06  1.170E-07
1.86203499E+02  1.180E-03  3.831E-04  1.247E-03  1.073E-04  5.270E-04  4.114E-03
                4.811E-04  4.559E-07  3.832E-05  1.297E-05  3.952E-07  2.180E-03
                6.494E-07  3.756E-05  5.446E-06  1.677E-07  2.954E-07  5.398E-07
                1.768E-07  6.072E-07  2.852E-07  2.735E-08  3.651E-07  3.322E-07
                5.832E-07  6.408E-07  4.676E-07  1.471E-07  4.537E-07  4.897E-07
                5.366E-07  5.199E-08  1.325E-06  6.472E-07  5.114E-08  3.589E-07
                1.931E-10  2.353E-08  1.199E-07  6.053E-07  1.628E-06  8.432E-08
                6.797E-07  5.801E-08  6.680E-08  6.670E-08  6.901E-08  1.179E-06
                3.628E-06  8.245E-09  2.356E-07  4.004E-07  1.575E-08  1.552E-08
                3.244E-07  9.523E-08  1.146E-07  2.493E-06  6.676E-07  2.718E-07
                1.731E-07  7.605E-10  2.400E-09  1.021E-10  5.412E-08  2.098E-07
                2.526E-08  2.573E-08  1.422E-07  4.677E-07  7.716E-07  1.466E-06
                5.376E-07  2.269E-07  1.947E-08  5.119E-08  1.061E-07  2.724E-08
                7.033E-08  1.143E-08  2.459E-07  6.692E-07  1.237E-07  3.824E-08
                7.915E-07  3.480E-06  4.193E-11  2.610E-10  5.433E-10  4.730E-10
                9.234E-11  2.135E-08  1.372E-07  3.040E-07  9.013E-08  1.946E-08
                3.245E-07  9.805E-07  2.803E-07  1.617E-06  6.402E-09  3.298E-08
                7.560E-08  1.591E-07  4.808E-08  1.419E-08  3.083E-08  8.256E-08
                1.186E-08  1.868E-07  9.779E-07  2.658E-07  6.445E-07  8.813E-09
                7.822E-06  2.229E-07  1.776E-07  1.254E-07  7.248E-09  4.570E-08
                1.183E-07  1.162E-07  1.811E-06  1.282E-07  1.456E-07  7.526E-07
                1.043E-07  4.201E-08  7.692E-07  4.792E-06  2.101E-07  5.526E-07
                3.761E-07  1.473E-08  3.476E-08  6.336E-08  7.025E-08  9.252E-09
                2.924E-08  7.327E-08  1.757E-07  5.349E-08  1.145E-08  7.655E-08
                3.540E-07  1.533E-06  3.354E-08  3.717E-08  1.411E-07  3.590E-07
                6.725E-08  1.633E-06  7.065E-07  8.139E-08  1.227E-07  1.819E-08
                9.499E-07  1.145E-07  1.857E-08  1.620E-07  5.824E-08  4.027E-08
                1.763E-07  1.532E-07  4.852E-07  2.679E-06  4.539E-08  5.330E-08
                2.602E-08  8.897E-09  4.870E-08  2.989E-08  5.057E-08  2.371E-07
                1.038E-07  3.871E-08  1.530E-07  4.640E-07  1.254E-06  7.774E-08
                1.125E-07  6.521E-08  5.079E-08  7.314E-08  1.035E-07  3.665E-08
                2.600E-08  4.516E-08  1.225E-06  9.853E-08  3.159E-07  4.276E-06
                3.217E-08  1.084E-08  6.717E-08  1.933E-07  4.622E-07  5.434E-08
                8.168E-08  1.017E-07  4.211E-09  1.388E-08  2.239E-08  1.526E-08
                5.883E-07  1.790E-07  2.803E-07  1.615E-07  1.054E-06  6.376E-09
                1.198E-08  9.290E-08  1.314E-08  1.091E-06  9.525E-08
1.99811499E+02  8.263E-04  2.661E-04  8.663E-04  7.356E-05  3.626E-04  3.201E-03
                3.744E-04  2.855E-07  3.036E-05  1.005E-05  2.808E-07  1.770E-03
                4.466E-07  2.497E-05  3.626E-06  1.071E-07  1.995E-07  4.642E-07
                1.150E-07  5.229E-07  2.300E-07  2.451E-08  3.330E-07  1.114E-07
                2.121E-07  2.509E-07  2.164E-07  1.026E-07  3.358E-07  3.628E-07
                2.317E-07  4.149E-08  1.101E-06  4.093E-07  3.482E-08  2.747E-07
                1.592E-10  1.646E-08  9.509E-08  4.162E-07  1.126E-06  5.970E-08
                4.929E-07  5.535E-08  6.291E-08  6.121E-08  5.695E-08  1.103E-06
                2.678E-06  6.996E-09  2.073E-07  3.733E-07  1.290E-08  1.353E-08
                2.268E-07  6.730E-08  1.029E-07  2.214E-06  5.262E-07  1.990E-07
                1.273E-07  5.951E-10  2.134E-09  7.800E-11  3.984E-08  1.254E-07
                1.988E-08  1.841E-08  1.099E-07  3.646E-07  5.957E-07  1.069E-06
                4.031E-07  1.672E-07  1.742E-08  3.802E-08  7.491E-08  1.492E-08
                6.172E-08  9.091E-09  2.193E-07  6.034E-07  8.524E-08  2.836E-08
                6.190E-07  2.756E-06  3.101E-11  1.967E-10  4.194E-10  3.744E-10
                5.290E-11  1.913E-08  1.267E-07  2.617E-07  7.901E-08  2.236E-08
                2.497E-07  7.230E-07  2.239E-07  1.260E-06  5.339E-09  2.908E-08
                6.152E-08  1.302E-07  5.568E-08  1.537E-08  2.664E-08  7.062E-08
                9.888E-09  1.609E-07  7.889E-07  2.134E-07  4.492E-07  5.980E-09
                5.400E-06  1.902E-07  1.274E-07  9.827E-08  5.833E-09  3.604E-08
                9.259E-08  9.338E-08  1.537E-06  1.048E-07  1.212E-07  5.457E-07
                7.969E-08  3.009E-08  5.413E-07  3.366E-06  1.665E-07  4.428E-07
                3.548E-07  9.008E-09  2.150E-08  3.968E-08  4.248E-08  5.969E-09
                1.815E-08  4.476E-08  1.073E-07  4.612E-08  7.905E-09  5.657E-08
                2.659E-07  1.159E-06  1.973E-08  3.595E-08  1.280E-07  2.580E-07
                5.015E-08  1.238E-06  5.353E-07  6.125E-08  9.075E-08  1.283E-08
                7.446E-07  7.377E-08  1.280E-08  1.170E-07  4.787E-08  3.434E-08
                1.529E-07  1.370E-07  3.851E-07  1.974E-06  2.801E-08  3.622E-08
                1.731E-08  5.645E-09  4.225E-08  2.237E-08  3.773E-08  2.060E-07
                7.868E-08  2.626E-08  1.109E-07  3.468E-07  9.517E-07  5.542E-08
                8.658E-08  5.034E-08  3.791E-08  5.978E-08  8.893E-08  2.492E-08
                2.242E-08  3.116E-08  8.624E-07  9.002E-08  2.263E-07  2.967E-06
                2.586E-08  8.775E-09  4.797E-08  1.412E-07  3.386E-07  4.022E-08
                5.774E-08  7.253E-08  5.161E-09  1.912E-08  1.556E-08  1.111E-08
                4.541E-07  1.368E-07  2.092E-07  1.192E-07  7.966E-07  4.804E-09
                9.789E-09  7.203E-08  9.825E-09  8.251E-07  7.321E-08
