          16           7
         215          13           1           1
           0          -4           0          -4           0          -6           0          -2           0          -4           0           6           0           4           0           2           0           4           0           6           0           2           0           4           0           2           0          -4           0          -2           0           2           0           4           0           6           0           2           0           4           0           6           0           4           0          -2           0          -2           0          -4           0          -6           0          -8           0          -2           0          -4           0          -6           0          -4           0           2           0          -4           0          -6           0          -2           0          -4           0          -6           0          -6           0          -8           0          -4           0          -6           0          -2           0          -4           0           4           0           6           0           8           0          10           0           4           0          -4           0           2           0           6           0           4           0           8           0           2           0          -4           0          -2           0           6           0           6           0           4           0           2           0           8           0           4           0           6           0           8           0           4           0           6           0           8           0          10           0           4           0           6           0           8           0           6           0           4           0           2           0           6           0           2           0           4           0           2           0          -4           0          -2           0          -6           0          -8           0           6           0           4           0          -4           0          -6           0          -2           0          -4           0          -6           0          -8           0         -10           0          -2           0          -4           0          -6           0          -4           0          -2           0          -6           0          -8           0          -2           0          -4           0           2           0           4           0           6           0           8           0           4           0           4           0           6           0           8           0           2           0          10           0           8           0           6           0           4           0           2           0           6           0           6           0           4           0           4           0           2           0           4           0           6           0           8           0          -4           0           2           0           4           0          -6           0          -4           0           2           0           4           0           6           0           4           0           6           0          -2           0          -4           0          -6           0          -8           0         -10           0          -6           0          -8           0         -10           0         -12           0           2           0          -2           0          -4           0          -6           0          -8           0          -2           0          -8           0         -10           0          -4           0          -2           0          -6           0          -4           0          -2           0          -4           0          -2           0          -4           0          -6           0          -4           0          -8           0          -6           0           2           0           4           0           2           0           4           0           6           0         -10           0          -8           0          -6           0          -4           0           6           0          -2           0          -4           0           8           0          -6           0          -2           0          -4           0          -6           0          -8           0           4           0           6           0          -4           0          -6           0          -6           0          -8           0          -2           0           2           0          -4           0           4           0           6           0           4           0           4           0           2           0           2           0          -4           0          -6           0          -8           0          -2           0          -4           0          -6           0          -8           0         -10           0          -8           0          -6           0          -4           0          -2           0          -2           0          -4           0          -6           0          -6           0          -8           0          -4           0          -2           0          -6           0          -4
    0.000000E+00    9.645106E-03    9.843162E-03    1.435602E-02    1.458263E-02
    4.247197E-02    4.320385E-02    4.360158E-02    5.944295E-02    5.948713E-02
    6.922989E-02    7.316769E-02    7.411300E-02    1.134727E-01    1.147319E-01
    2.354040E-01    2.358931E-01    2.366026E-01    2.382857E-01    2.391328E-01
    2.438023E-01    2.438287E-01    2.461520E-01    2.471700E-01    2.474363E-01
    2.479076E-01    2.485433E-01    2.486026E-01    2.487216E-01    2.491410E-01
    2.502551E-01    2.507374E-01    2.510783E-01    2.511300E-01    2.524691E-01
    2.524772E-01    2.554279E-01    2.561102E-01    2.563381E-01    2.591442E-01
    2.591854E-01    2.609226E-01    2.615363E-01    2.619649E-01    2.622131E-01
    2.625883E-01    2.631076E-01    2.632646E-01    2.633261E-01    2.634365E-01
    2.637297E-01    2.638533E-01    2.640096E-01    2.643758E-01    2.644930E-01
    2.645338E-01    2.648466E-01    2.652759E-01    2.655531E-01    2.656939E-01
    2.657640E-01    2.676748E-01    2.677713E-01    2.679166E-01    2.688115E-01
    2.690337E-01    2.711118E-01    2.712141E-01    2.720014E-01    2.721113E-01
    2.724223E-01    2.724984E-01    2.725578E-01    2.726085E-01    2.727219E-01
    2.737570E-01    2.740430E-01    2.746587E-01    2.763855E-01    2.763956E-01
    2.763957E-01    2.764682E-01    2.789238E-01    2.791446E-01    2.808157E-01
    2.808428E-01    2.816082E-01    2.816156E-01    2.816277E-01    2.816445E-01
    2.816660E-01    2.832213E-01    2.832636E-01    2.833497E-01    2.872720E-01
    2.872722E-01    2.872783E-01    2.873017E-01    2.873787E-01    2.874354E-01
    2.875828E-01    2.876419E-01    2.877951E-01    2.879672E-01    2.884374E-01
    2.885530E-01    2.886000E-01    2.886971E-01    2.887362E-01    2.888178E-01
    2.901974E-01    2.902310E-01    2.934227E-01    2.936053E-01    2.936679E-01
    2.948139E-01    2.948751E-01    2.949134E-01    2.954910E-01    2.955387E-01
    2.955818E-01    2.956302E-01    2.974080E-01    2.974265E-01    2.978254E-01
    2.979930E-01    2.980044E-01    2.981863E-01    2.981951E-01    2.982014E-01
    2.986863E-01    2.989406E-01    2.997979E-01    3.013547E-01    3.014398E-01
    3.015665E-01    3.017420E-01    3.025165E-01    3.025355E-01    3.025686E-01
    3.026262E-01    3.032771E-01    3.036433E-01    3.036673E-01    3.036996E-01
    3.037196E-01    3.041292E-01    3.046134E-01    3.046301E-01    3.048276E-01
    3.048611E-01    3.049614E-01    3.051740E-01    3.052844E-01    3.060373E-01
    3.062721E-01    3.065126E-01    3.067251E-01    3.072820E-01    3.083217E-01
    3.083847E-01    3.085481E-01    3.086063E-01    3.093086E-01    3.093690E-01
    3.093750E-01    3.093804E-01    3.094500E-01    3.095030E-01    3.095365E-01
    3.096086E-01    3.096683E-01    3.098305E-01    3.098337E-01    3.100372E-01
    3.110986E-01    3.111053E-01    3.111248E-01    3.111449E-01    3.124031E-01
    3.124222E-01    3.126400E-01    3.132139E-01    3.132929E-01    3.134326E-01
    3.163175E-01    3.165548E-01    3.167011E-01    3.167161E-01    3.173537E-01
    3.174815E-01    3.194473E-01    3.198310E-01    3.206567E-01    3.235572E-01
    3.235827E-01    3.236877E-01    3.236885E-01    3.238034E-01    3.239013E-01
    3.239634E-01    3.240075E-01    3.245628E-01    3.245933E-01    3.263728E-01
    3.264517E-01    3.271738E-01    3.284075E-01    3.287843E-01    3.314323E-01
    3.314556E-01    3.324856E-01    3.325179E-01    3.327131E-01    3.333147E-01
           0           4           0           1
  -28.010499495533246               13
3.24330995E+01  2.348E-01  7.726E-02  2.520E-01  2.165E-02  1.053E-01  1.258E-01
                1.480E-02  1.117E-04
4.60410995E+01  7.966E-02  2.982E-02  9.691E-02  7.680E-03  3.827E-02  7.462E-02
                8.722E-03  5.488E-05  7.747E-04  3.834E-04  7.336E-05  3.199E-02
                4.496E-05  1.927E-03  2.435E-04
5.96490995E+01  4.423E-02  1.423E-02  4.646E-02  3.952E-03  1.936E-02  4.553E-02
                5.338E-03  2.088E-05  4.427E-04  2.517E-04  3.089E-05  2.132E-02
                3.009E-05  1.047E-03  1.520E-04  1.057E-05  1.581E-05  1.528E-05
                1.130E-05  1.829E-05  8.971E-06  5.180E-07  1.838E-05  2.619E-06
                6.112E-06  7.157E-06  5.355E-06  1.156E-05  2.984E-05  3.295E-05
                1.182E-05  2.284E-06  1.142E-04  3.274E-05  2.772E-06  2.238E-05
                8.069E-09  1.705E-06  1.093E-05  3.508E-05  1.025E-04  4.915E-06
                4.081E-05  6.316E-07  1.288E-06  2.282E-06  5.380E-06  1.075E-05
                1.263E-04  6.959E-07  7.961E-06  4.824E-06  1.509E-06  8.908E-07
                2.279E-05  8.255E-06  3.230E-06  6.596E-05  4.030E-05  2.039E-05
                1.253E-05  1.774E-08  3.015E-08  2.889E-09  4.234E-06  3.321E-05
                8.618E-07  1.646E-07  5.144E-06  1.805E-05  3.784E-05  1.865E-05
                8.367E-06  3.932E-06  1.386E-06  3.193E-06  9.004E-06  3.616E-06
                2.163E-06  3.377E-07  7.507E-06  2.086E-05  1.004E-05  2.089E-06
                2.222E-05  1.003E-04  1.014E-09  5.450E-09  1.274E-08  1.484E-08
                4.743E-09  6.973E-07  4.204E-06  7.966E-06  1.153E-06  4.249E-07
                2.994E-06  7.960E-06  8.035E-06  4.430E-05  1.373E-07  8.823E-07
                1.424E-06  2.826E-06  2.906E-06  7.092E-07  7.461E-07  2.008E-06
                3.582E-07  4.458E-06  2.577E-05  6.604E-06  1.178E-05  1.768E-07
                1.385E-04  4.199E-06  3.110E-06  2.207E-06  1.102E-07  8.644E-07
                2.128E-06  1.827E-06  5.750E-05  2.525E-06  2.680E-06  1.756E-05
                2.891E-06  1.136E-06  1.225E-05  7.310E-05  4.871E-06  1.282E-05
                1.149E-05  7.692E-07  1.919E-06  3.710E-06  5.660E-06  4.579E-07
                1.697E-06  4.379E-06  1.030E-05  1.566E-06  4.642E-07  2.060E-06
                7.860E-06  2.854E-05  1.221E-06  4.523E-06  1.760E-05  7.950E-06
                1.605E-06  3.230E-05  1.426E-05  1.862E-06  3.298E-06  9.139E-07
                1.576E-05  5.722E-06  1.481E-06  8.751E-06  3.716E-06  8.919E-07
                4.444E-06  5.266E-06  1.159E-05  5.012E-05  3.571E-06  2.502E-06
                1.202E-06  4.135E-07  1.282E-06  9.487E-07  1.689E-06  5.147E-06
                2.757E-06  1.492E-06  3.843E-06  9.255E-06  2.417E-05  1.305E-06
                1.690E-06  3.854E-06  3.592E-06  5.151E-06  8.400E-06  1.713E-06
                3.757E-07  1.822E-06  1.480E-05  2.907E-06  4.105E-06  4.585E-05
                5.461E-07  3.469E-07  7.050E-06  1.477E-05  2.734E-05  6.471E-06
                8.017E-06  8.071E-06  7.419E-07  1.499E-06  1.287E-06  7.800E-07
                4.483E-06  1.454E-06  2.431E-06  3.956E-06  1.618E-05  2.942E-07
                6.034E-07  9.843E-07  2.325E-07  1.217E-05  1.681E-06
7.32570995E+01  2.410E-02  7.726E-03  2.522E-02  2.143E-03  1.050E-02  3.094E-02
                3.625E-03  1.131E-05  2.973E-04  1.514E-04  1.542E-05  1.495E-02
                1.642E-05  5.983E-04  8.672E-05  5.466E-06  8.863E-06  8.476E-06
                6.480E-06  1.094E-05  7.464E-06  4.179E-07  8.064E-06  1.402E-06
                3.215E-06  3.823E-06  2.668E-06  6.223E-06  1.621E-05  1.732E-05
                6.282E-06  1.433E-06  4.771E-05  1.505E-05  1.734E-06  1.108E-05
                5.890E-09  9.770E-07  5.817E-06  1.649E-05  4.813E-05  2.632E-06
                1.961E-05  2.870E-07  5.580E-07  9.709E-07  2.299E-06  5.050E-06
                7.146E-05  3.218E-07  3.136E-06  2.140E-06  5.918E-07  3.804E-07
                1.052E-05  3.431E-06  1.553E-06  2.677E-05  1.827E-05  1.015E-05
                6.259E-06  1.025E-08  1.722E-08  1.749E-09  1.265E-06  1.060E-05
                5.052E-07  1.422E-07  3.231E-06  1.072E-05  2.061E-05  1.350E-05
                5.196E-06  2.270E-06  6.079E-07  1.481E-06  3.516E-06  1.545E-06
                1.418E-06  1.999E-07  5.166E-06  1.437E-05  4.505E-06  1.017E-06
                1.357E-05  6.067E-05  5.537E-10  3.152E-09  7.348E-09  8.385E-09
                2.328E-09  4.826E-07  2.849E-06  5.785E-06  6.839E-07  1.924E-07
                2.129E-06  6.100E-06  4.783E-06  2.707E-05  7.051E-08  3.712E-07
                8.462E-07  1.772E-06  5.282E-07  1.738E-07  4.436E-07  1.143E-06
                1.817E-07  2.360E-06  1.550E-05  4.010E-06  6.888E-06  1.078E-07
                8.241E-05  2.443E-06  1.930E-06  1.254E-06  7.177E-08  5.720E-07
                1.379E-06  1.270E-06  3.509E-05  1.485E-06  1.579E-06  1.201E-05
                1.790E-06  5.964E-07  7.351E-06  4.469E-05  3.083E-06  7.997E-06
                7.742E-06  3.710E-07  9.126E-07  1.731E-06  2.500E-06  2.180E-07
                7.960E-07  2.063E-06  4.902E-06  8.936E-07  2.193E-07  1.050E-06
                4.172E-06  1.597E-05  6.543E-07  1.577E-06  6.306E-06  5.453E-06
                1.062E-06  1.785E-05  7.852E-06  9.804E-07  1.738E-06  4.458E-07
                9.636E-06  2.659E-06  6.664E-07  4.691E-06  1.667E-06  4.488E-07
                1.862E-06  3.067E-06  6.895E-06  2.771E-05  1.550E-06  1.167E-06
                5.643E-07  1.997E-07  7.321E-07  4.189E-07  7.543E-07  2.912E-06
                1.358E-06  7.226E-07  2.017E-06  5.139E-06  1.356E-05  7.606E-07
                9.169E-07  1.704E-06  1.632E-06  2.108E-06  3.363E-06  9.677E-07
                1.518E-07  9.970E-07  9.839E-06  1.416E-06  2.653E-06  3.246E-05
                2.896E-07  1.557E-07  2.901E-06  6.343E-06  1.221E-05  2.595E-06
                3.375E-06  3.483E-06  2.181E-07  3.498E-07  6.817E-07  3.471E-07
                4.023E-06  1.296E-06  2.208E-06  2.084E-06  9.544E-06  1.444E-07
                2.644E-07  7.387E-07  1.891E-07  8.407E-06  9.236E-07
8.68650995E+01  1.429E-02  4.574E-03  1.494E-02  1.266E-03  6.210E-03  2.191E-02
                2.565E-03  6.815E-06  2.091E-04  9.797E-05  8.533E-06  1.084E-02
                9.641E-06  3.642E-04  5.277E-05  3.125E-06  5.152E-06  5.135E-06
                3.875E-06  6.911E-06  5.066E-06  2.868E-07  4.589E-06  1.010E-06
                2.207E-06  2.585E-06  1.680E-06  3.755E-06  9.496E-06  1.034E-05
                3.800E-06  9.652E-07  2.346E-05  8.400E-06  1.052E-06  6.328E-06
                3.927E-09  5.318E-07  3.092E-06  8.797E-06  2.558E-05  1.400E-06
                1.069E-05  1.689E-07  2.929E-07  4.726E-07  1.096E-06  3.897E-06
                4.308E-05  1.717E-07  1.756E-06  1.519E-06  3.116E-07  1.950E-07
                5.639E-06  1.848E-06  9.293E-07  1.583E-05  1.014E-05  5.722E-06
                3.481E-06  6.716E-09  1.219E-08  1.230E-09  5.913E-07  4.650E-06
                3.293E-07  1.604E-07  2.006E-06  6.721E-06  1.250E-05  1.017E-05
                3.884E-06  1.667E-06  3.249E-07  8.374E-07  1.751E-06  6.833E-07
                9.623E-07  1.288E-07  3.567E-06  9.894E-06  2.293E-06  5.844E-07
                8.637E-06  3.859E-05  3.375E-10  2.022E-09  4.703E-09  5.198E-09
                1.268E-09  3.353E-07  1.987E-06  4.082E-06  4.695E-07  1.147E-07
                1.572E-06  4.621E-06  3.058E-06  1.732E-05  4.909E-08  2.358E-07
                6.089E-07  1.282E-06  1.530E-07  7.956E-08  3.131E-07  8.010E-07
                1.150E-07  1.636E-06  1.080E-05  2.800E-06  4.411E-06  7.224E-08
                5.303E-05  1.779E-06  1.332E-06  8.798E-07  5.545E-08  4.233E-07
                1.006E-06  9.710E-07  2.242E-05  1.081E-06  1.147E-06  7.875E-06
                1.147E-06  4.040E-07  4.855E-06  2.938E-05  2.168E-06  5.641E-06
                5.247E-06  1.959E-07  4.781E-07  9.006E-07  1.251E-06  1.149E-07
                4.064E-07  1.045E-06  2.484E-06  5.905E-07  1.231E-07  6.322E-07
                2.610E-06  1.034E-05  3.715E-07  6.474E-07  2.605E-06  3.589E-06
                6.867E-07  1.143E-05  5.022E-06  6.093E-07  1.027E-06  2.525E-07
                6.532E-06  1.434E-06  3.509E-07  2.751E-06  8.956E-07  3.008E-07
                1.112E-06  2.054E-06  4.587E-06  1.724E-05  8.004E-07  6.401E-07
                3.084E-07  1.101E-07  4.811E-07  2.427E-07  4.266E-07  1.938E-06
                8.084E-07  4.101E-07  1.235E-06  3.298E-06  8.767E-06  4.886E-07
                6.278E-07  9.027E-07  8.670E-07  1.069E-06  1.661E-06  5.789E-07
                8.974E-08  5.965E-07  6.820E-06  8.771E-07  1.841E-06  2.333E-05
                2.116E-07  9.815E-08  1.343E-06  3.165E-06  6.416E-06  1.149E-06
                1.567E-06  1.718E-06  7.754E-08  1.074E-07  3.917E-07  1.899E-07
                3.088E-06  9.844E-07  1.666E-06  1.281E-06  6.455E-06  8.569E-08
                1.560E-07  5.417E-07  1.264E-07  6.056E-06  5.957E-07
1.00473099E+02  9.030E-03  2.889E-03  9.443E-03  7.994E-04  3.925E-03  1.628E-02
                1.905E-03  4.021E-06  1.542E-04  6.665E-05  4.908E-06  8.214E-03
                5.972E-06  2.425E-04  3.515E-05  1.848E-06  3.081E-06  3.213E-06
                2.321E-06  4.375E-06  3.261E-06  1.909E-07  2.818E-06  8.586E-07
                1.754E-06  2.013E-06  1.288E-06  2.299E-06  5.771E-06  6.321E-06
                2.569E-06  6.197E-07  1.277E-05  5.072E-06  6.566E-07  3.835E-06
                2.567E-09  3.081E-07  1.752E-06  5.117E-06  1.472E-05  8.085E-07
                6.321E-06  1.298E-07  1.944E-07  2.780E-07  5.921E-07  3.240E-06
                2.768E-05  9.690E-08  1.132E-06  1.192E-06  1.763E-07  1.110E-07
                3.269E-06  1.069E-06  6.110E-07  1.072E-05  6.034E-06  3.342E-06
                2.034E-06  4.410E-09  8.865E-09  8.585E-10  3.300E-07  2.391E-06
                2.122E-07  1.459E-07  1.255E-06  4.202E-06  7.603E-06  7.526E-06
                2.846E-06  1.205E-06  1.850E-07  4.885E-07  9.783E-07  3.519E-07
                6.465E-07  8.584E-08  2.400E-06  6.641E-06  1.288E-06  3.510E-07
                5.768E-06  2.578E-05  2.291E-10  1.401E-09  3.208E-09  3.407E-09
                7.676E-10  2.241E-07  1.347E-06  2.786E-06  3.508E-07  8.037E-08
                1.213E-06  3.609E-06  2.052E-06  1.163E-05  3.644E-08  1.704E-07
                4.512E-07  9.501E-07  9.059E-08  5.200E-08  2.202E-07  5.690E-07
                7.997E-08  1.172E-06  7.429E-06  1.931E-06  3.087E-06  4.761E-08
                3.719E-05  1.302E-06  9.565E-07  6.454E-07  4.194E-08  3.096E-07
                7.375E-07  7.346E-07  1.501E-05  7.972E-07  8.486E-07  5.311E-06
                7.687E-07  2.923E-07  3.486E-06  2.104E-05  1.515E-06  3.954E-06
                3.541E-06  1.151E-07  2.790E-07  5.228E-07  6.998E-07  6.865E-08
                2.316E-07  5.882E-07  1.395E-06  4.000E-07  7.695E-08  4.224E-07
                1.801E-06  7.307E-06  2.253E-07  3.086E-07  1.233E-06  2.426E-06
                4.636E-07  7.993E-06  3.507E-06  4.174E-07  6.629E-07  1.539E-07
                4.719E-06  8.495E-07  2.043E-07  1.670E-06  5.296E-07  2.142E-07
                7.708E-07  1.371E-06  3.143E-06  1.194E-05  4.643E-07  3.931E-07
                1.888E-07  6.750E-08  3.226E-07  1.610E-07  2.774E-07  1.325E-06
                5.433E-07  2.560E-07  8.265E-07  2.300E-06  6.162E-06  3.460E-07
                4.833E-07  5.272E-07  5.126E-07  6.142E-07  9.384E-07  3.581E-07
                6.633E-08  3.735E-07  5.070E-06  5.806E-07  1.361E-06  1.770E-05
                1.668E-07  6.942E-08  6.927E-07  1.779E-06  3.806E-06  5.616E-07
                8.024E-07  9.457E-07  3.247E-08  4.752E-08  2.390E-07  1.136E-07
                2.347E-06  7.422E-07  1.255E-06  8.753E-07  4.700E-06  5.193E-08
                9.466E-08  4.000E-07  8.367E-08  4.516E-06  4.253E-07
1.14081099E+02  6.030E-03  1.932E-03  6.311E-03  5.347E-04  2.625E-03  1.223E-02
                1.431E-03  2.881E-06  1.156E-04  4.794E-05  3.063E-06  6.227E-03
                3.871E-06  1.618E-04  2.343E-05  1.055E-06  1.797E-06  2.037E-06
                1.369E-06  2.856E-06  2.197E-06  1.323E-07  1.992E-06  6.296E-07
                1.270E-06  1.464E-06  9.570E-07  1.467E-06  3.739E-06  4.093E-06
                1.725E-06  4.164E-07  8.103E-06  3.274E-06  4.315E-07  2.528E-06
                1.666E-09  1.899E-07  1.064E-06  3.311E-06  9.419E-06  5.200E-07
                4.114E-06  1.100E-07  1.483E-07  1.901E-07  3.584E-07  2.730E-06
                1.886E-05  5.923E-08  8.008E-07  9.715E-07  1.042E-07  7.526E-08
                2.084E-06  6.759E-07  4.352E-07  7.888E-06  3.905E-06  2.097E-06
                1.279E-06  3.117E-09  6.933E-09  5.878E-10  2.162E-07  1.426E-06
                1.459E-07  1.148E-07  8.392E-07  2.819E-06  5.027E-06  5.660E-06
                2.138E-06  8.967E-07  1.198E-07  3.305E-07  6.347E-07  2.084E-07
                4.676E-07  6.224E-08  1.730E-06  4.780E-06  8.183E-07  2.334E-07
                4.069E-06  1.824E-05  1.664E-10  1.031E-09  2.336E-09  2.403E-09
                4.909E-10  1.604E-07  9.846E-07  2.018E-06  2.796E-07  6.471E-08
                9.691E-07  2.895E-06  1.466E-06  8.261E-06  2.823E-08  1.306E-07
                3.452E-07  7.315E-07  7.238E-08  4.148E-08  1.643E-07  4.243E-07
                5.609E-08  8.795E-07  5.415E-06  1.414E-06  2.230E-06  3.548E-08
                2.677E-05  9.720E-07  7.065E-07  4.918E-07  3.172E-08  2.300E-07
                5.508E-07  5.623E-07  1.063E-05  6.109E-07  6.507E-07  3.664E-06
                5.327E-07  2.152E-07  2.551E-06  1.536E-05  1.118E-06  2.937E-06
                2.571E-06  7.352E-08  1.776E-07  3.316E-07  4.279E-07  4.461E-08
                1.453E-07  3.653E-07  8.654E-07  2.785E-07  5.172E-08  3.023E-07
                1.327E-06  5.499E-06  1.509E-07  1.722E-07  6.756E-07  1.682E-06
                3.238E-07  6.019E-06  2.633E-06  3.101E-07  4.642E-07  9.995E-08
                3.576E-06  5.545E-07  1.274E-07  1.077E-06  3.446E-07  1.653E-07
                5.831E-07  1.010E-06  2.306E-06  8.586E-06  2.938E-07  2.642E-07
                1.270E-07  4.515E-08  2.424E-07  1.163E-07  1.986E-07  1.024E-06
                3.985E-07  1.759E-07  6.000E-07  1.717E-06  4.629E-06  2.501E-07
                3.726E-07  3.445E-07  3.272E-07  4.017E-07  6.015E-07  2.321E-07
                5.552E-08  2.484E-07  3.751E-06  4.375E-07  1.003E-06  1.322E-05
                1.330E-07  5.216E-08  4.091E-07  1.120E-06  2.485E-06  3.209E-07
                4.739E-07  5.874E-07  1.830E-08  3.566E-08  1.495E-07  7.123E-08
                1.859E-06  5.845E-07  9.739E-07  6.413E-07  3.599E-06  3.414E-08
                6.278E-08  3.076E-07  5.815E-08  3.525E-06  3.278E-07
1.27689099E+02  4.134E-03  1.325E-03  4.333E-03  3.670E-04  1.804E-03  9.648E-03
                1.129E-03  1.761E-06  9.087E-05  3.530E-05  1.947E-06  5.002E-03
                2.611E-06  1.183E-04  1.715E-05  7.011E-07  1.201E-06  1.454E-06
                8.879E-07  1.972E-06  1.430E-06  9.146E-08  1.378E-06  6.137E-07
                1.168E-06  1.320E-06  8.830E-07  9.287E-07  2.413E-06  2.646E-06
                1.366E-06  2.690E-07  5.100E-06  2.242E-06  2.797E-07  1.649E-06
                1.122E-09  1.207E-07  6.621E-07  2.168E-06  6.068E-06  3.337E-07
                2.683E-06  9.342E-08  1.182E-07  1.388E-07  2.290E-07  2.267E-06
                1.298E-05  3.593E-08  5.911E-07  7.911E-07  6.389E-08  4.848E-08
                1.335E-06  4.284E-07  3.163E-07  5.983E-06  2.628E-06  1.369E-06
                8.291E-07  2.346E-09  5.518E-09  4.182E-10  1.489E-07  8.812E-07
                1.017E-07  8.903E-08  5.814E-07  1.943E-06  3.382E-06  4.258E-06
                1.644E-06  7.022E-07  7.646E-08  2.151E-07  4.121E-07  1.275E-07
                3.192E-07  4.375E-08  1.174E-06  3.234E-06  5.311E-07  1.568E-07
                2.831E-06  1.267E-05  1.230E-10  7.682E-10  1.711E-09  1.705E-09
                3.538E-10  1.076E-07  6.616E-07  1.374E-06  2.195E-07  4.905E-08
                7.734E-07  2.322E-06  1.015E-06  5.748E-06  2.095E-08  9.813E-08
                2.568E-07  5.432E-07  6.258E-08  3.068E-08  1.179E-07  3.080E-07
                4.167E-08  6.471E-07  3.935E-06  1.033E-06  1.679E-06  2.545E-08
                2.018E-05  7.066E-07  5.270E-07  3.707E-07  2.408E-08  1.685E-07
                4.060E-07  4.172E-07  7.272E-06  4.584E-07  4.914E-07  2.613E-06
                3.750E-07  1.583E-07  1.951E-06  1.178E-05  8.088E-07  2.127E-06
                1.736E-06  5.400E-08  1.290E-07  2.380E-07  2.961E-07  3.296E-08
                1.056E-07  2.645E-07  6.284E-07  1.936E-07  3.628E-08  2.216E-07
                9.912E-07  4.164E-06  1.025E-07  1.282E-07  4.986E-07  1.206E-06
                2.302E-07  4.535E-06  1.978E-06  2.316E-07  3.332E-07  6.698E-08
                2.677E-06  3.729E-07  8.216E-08  7.249E-07  2.380E-07  1.240E-07
                4.455E-07  6.979E-07  1.661E-06  6.581E-06  2.012E-07  1.905E-07
                9.282E-08  3.288E-08  1.738E-07  8.581E-08  1.458E-07  7.541E-07
                2.954E-07  1.309E-07  4.531E-07  1.301E-06  3.489E-06  1.938E-07
                2.948E-07  2.483E-07  2.205E-07  2.866E-07  4.224E-07  1.564E-07
                4.840E-08  1.708E-07  2.963E-06  3.172E-07  7.840E-07  1.047E-05
                1.013E-07  3.785E-08  2.766E-07  7.641E-07  1.717E-06  2.198E-07
                3.244E-07  4.011E-07  1.263E-08  2.654E-08  9.997E-08  4.992E-08
                1.453E-06  4.536E-07  7.469E-07  4.800E-07  2.779E-06  2.324E-08
                4.351E-08  2.370E-07  4.156E-08  2.752E-06  2.547E-07
1.41297099E+02  2.987E-03  9.580E-04  3.129E-03  2.652E-04  1.303E-03  7.478E-03
                8.749E-04  1.456E-06  7.038E-05  2.694E-05  1.319E-06  3.888E-03
                1.789E-06  8.235E-05  1.192E-05  4.255E-07  7.473E-07  1.034E-06
                5.438E-07  1.401E-06  1.005E-06  6.785E-08  1.038E-06  4.141E-07
                7.944E-07  9.076E-07  6.333E-07  6.084E-07  1.638E-06  1.774E-06
                9.225E-07  1.888E-07  3.835E-06  1.560E-06  1.913E-07  1.179E-06
                7.294E-10  7.895E-08  4.316E-07  1.586E-06  4.402E-06  2.429E-07
                1.963E-06  8.988E-08  1.093E-07  1.206E-07  1.704E-07  1.956E-06
                9.659E-06  2.490E-08  4.619E-07  6.741E-07  4.286E-08  3.943E-08
                9.560E-07  3.003E-07  2.494E-07  4.760E-06  1.851E-06  9.188E-07
                5.681E-07  1.676E-09  4.466E-09  2.880E-10  1.142E-07  6.024E-07
                7.376E-08  6.792E-08  4.143E-07  1.390E-06  2.395E-06  3.266E-06
                1.210E-06  4.988E-07  5.597E-08  1.564E-07  2.963E-07  8.528E-08
                2.331E-07  3.203E-08  8.493E-07  2.341E-06  3.716E-07  1.126E-07
                2.160E-06  9.673E-06  9.366E-11  5.883E-10  1.301E-09  1.264E-09
                2.332E-10  7.744E-08  4.912E-07  1.009E-06  1.826E-07  4.394E-08
                6.263E-07  1.869E-06  7.845E-07  4.416E-06  1.624E-08  7.658E-08
                1.956E-07  4.169E-07  5.959E-08  2.579E-08  8.686E-08  2.281E-07
                3.023E-08  4.875E-07  2.727E-06  7.201E-07  1.301E-06  1.952E-08
                1.561E-05  5.522E-07  3.969E-07  2.860E-07  1.801E-08  1.232E-07
                3.029E-07  3.133E-07  5.517E-06  3.345E-07  3.610E-07  1.916E-06
                2.790E-07  1.139E-07  1.516E-06  9.222E-06  5.734E-07  1.512E-06
                1.300E-06  3.570E-08  8.551E-08  1.582E-07  1.904E-07  2.270E-08
                7.031E-08  1.744E-07  4.137E-07  1.452E-07  2.637E-08  1.687E-07
                7.680E-07  3.266E-06  7.434E-08  8.562E-08  3.226E-07  8.900E-07
                1.725E-07  3.563E-06  1.551E-06  1.803E-07  2.530E-07  4.692E-08
                2.120E-06  2.682E-07  5.614E-08  4.865E-07  1.663E-07  9.699E-08
                3.584E-07  5.035E-07  1.235E-06  5.110E-06  1.318E-07  1.331E-07
                6.422E-08  2.243E-08  1.286E-07  6.594E-08  1.118E-07  5.708E-07
                2.302E-07  9.196E-08  3.395E-07  1.008E-06  2.734E-06  1.493E-07
                2.345E-07  1.691E-07  1.509E-07  1.991E-07  2.924E-07  1.053E-07
                4.205E-08  1.186E-07  2.290E-06  2.435E-07  6.061E-07  8.073E-06
                7.995E-08  2.883E-08  1.793E-07  5.242E-07  1.215E-06  1.386E-07
                2.091E-07  2.704E-07  1.009E-08  3.025E-08  6.774E-08  3.544E-08
                1.172E-06  3.632E-07  5.894E-07  3.650E-07  2.184E-06  1.642E-08
                3.091E-08  1.880E-07  3.025E-08  2.191E-06  2.005E-07
1.54905099E+02  2.176E-03  7.009E-04  2.289E-03  1.949E-04  9.582E-04  6.257E-03
                7.319E-04  8.778E-07  5.865E-05  2.111E-05  8.819E-07  3.293E-03
                1.293E-06  6.605E-05  9.578E-06  3.211E-07  5.609E-07  8.307E-07
                3.839E-07  1.048E-06  6.554E-07  4.895E-08  7.305E-07  4.487E-07
                8.164E-07  9.099E-07  6.403E-07  3.895E-07  1.082E-06  1.177E-06
                8.313E-07  1.219E-07  2.580E-06  1.174E-06  1.252E-07  7.899E-07
                4.912E-10  5.343E-08  2.839E-07  1.124E-06  3.078E-06  1.664E-07
                1.352E-06  7.605E-08  9.025E-08  9.528E-08  1.205E-07  1.643E-06
                6.922E-06  1.629E-08  3.648E-07  5.625E-07  2.922E-08  2.705E-08
                6.539E-07  2.016E-07  1.884E-07  3.804E-06  1.315E-06  6.233E-07
                3.822E-07  1.341E-09  3.661E-09  2.109E-10  8.750E-08  4.166E-07
                5.204E-08  5.042E-08  2.941E-07  9.775E-07  1.651E-06  2.531E-06
                9.565E-07  4.059E-07  3.778E-08  1.057E-07  2.066E-07  5.781E-08
                1.574E-07  2.294E-08  5.676E-07  1.558E-06  2.567E-07  7.849E-08
                1.529E-06  6.811E-06  7.269E-11  4.555E-10  9.847E-10  9.222E-10
                1.834E-10  5.087E-08  3.207E-07  6.776E-07  1.437E-07  3.191E-08
                5.102E-07  1.537E-06  5.479E-07  3.120E-06  1.197E-08  5.790E-08
                1.444E-07  3.058E-07  5.512E-08  2.048E-08  6.232E-08  1.649E-07
                2.259E-08  3.574E-07  2.027E-06  5.396E-07  1.040E-06  1.485E-08
                1.254E-05  4.003E-07  3.087E-07  2.192E-07  1.364E-08  9.057E-08
                2.248E-07  2.295E-07  3.770E-06  2.519E-07  2.757E-07  1.416E-06
                2.012E-07  8.478E-08  1.226E-06  7.510E-06  4.241E-07  1.117E-06
                8.555E-07  2.872E-08  6.802E-08  1.244E-07  1.457E-07  1.794E-08
                5.638E-08  1.407E-07  3.358E-07  1.018E-07  2.013E-08  1.307E-07
                5.990E-07  2.565E-06  5.630E-08  6.996E-08  2.673E-07  6.628E-07
                1.262E-07  2.774E-06  1.205E-06  1.398E-07  1.968E-07  3.390E-08
                1.626E-06  1.984E-07  3.864E-08  3.450E-07  1.193E-07  7.245E-08
                2.810E-07  3.433E-07  9.109E-07  4.174E-06  9.741E-08  1.024E-07
                5.016E-08  1.751E-08  9.436E-08  5.110E-08  8.652E-08  4.326E-07
                1.776E-07  7.267E-08  2.680E-07  7.910E-07  2.130E-06  1.229E-07
                1.866E-07  1.292E-07  1.072E-07  1.483E-07  2.141E-07  7.560E-08
                3.685E-08  8.734E-08  1.916E-06  1.805E-07  4.999E-07  6.748E-06
                5.955E-08  2.091E-08  1.365E-07  3.868E-07  8.965E-07  1.095E-07
                1.629E-07  2.027E-07  7.338E-09  2.056E-08  4.764E-08  2.709E-08
                9.416E-07  2.903E-07  4.664E-07  2.844E-07  1.744E-06  1.200E-08
                2.263E-08  1.503E-07  2.318E-08  1.765E-06  1.596E-07
1.68513099E+02  1.611E-03  5.160E-04  1.686E-03  1.427E-04  7.023E-04  4.872E-03
                5.700E-04  7.497E-07  4.595E-05  1.646E-05  6.315E-07  2.601E-03
                9.038E-07  4.534E-05  6.568E-06  2.085E-07  3.760E-07  6.599E-07
                2.485E-07  8.210E-07  4.908E-07  3.955E-08  5.983E-07  2.365E-07
                4.477E-07  5.161E-07  3.924E-07  2.628E-07  7.681E-07  8.229E-07
                4.921E-07  9.086E-08  2.125E-06  8.201E-07  8.757E-08  5.953E-07
                3.463E-10  3.628E-08  1.991E-07  8.489E-07  2.320E-06  1.261E-07
                1.032E-06  7.151E-08  8.378E-08  8.631E-08  9.808E-08  1.450E-06
                5.340E-06  1.291E-08  3.014E-07  4.941E-07  2.221E-08  2.395E-08
                4.873E-07  1.479E-07  1.581E-07  3.170E-06  9.887E-07  4.446E-07
                2.777E-07  1.007E-09  3.090E-09  1.520E-10  6.906E-08  2.876E-07
                3.989E-08  3.808E-08  2.212E-07  7.405E-07  1.244E-06  1.932E-06
                7.161E-07  2.947E-07  3.076E-08  8.074E-08  1.533E-07  3.834E-08
                1.224E-07  1.741E-08  4.396E-07  1.210E-06  1.860E-07  5.896E-08
                1.214E-06  5.420E-06  5.553E-11  3.514E-10  7.632E-10  7.104E-10
                1.166E-10  3.933E-08  2.563E-07  5.287E-07  1.227E-07  3.162E-08
                4.083E-07  1.206E-06  4.408E-07  2.482E-06  9.620E-09  4.762E-08
                1.137E-07  2.423E-07  5.630E-08  1.896E-08  4.905E-08  1.301E-07
                1.731E-08  2.873E-07  1.482E-06  3.962E-07  7.920E-07  1.127E-08
                9.511E-06  3.276E-07  2.314E-07  1.721E-07  1.055E-08  6.842E-08
                1.723E-07  1.773E-07  3.026E-06  1.905E-07  2.102E-07  1.067E-06
                1.555E-07  6.032E-08  9.362E-07  5.763E-06  3.130E-07  8.284E-07
                6.922E-07  1.872E-08  4.467E-08  8.227E-08  9.326E-08  1.219E-08
                3.718E-08  9.182E-08  2.189E-07  8.175E-08  1.468E-08  1.003E-07
                4.668E-07  2.016E-06  3.893E-08  5.490E-08  2.008E-07  4.999E-07
                9.726E-08  2.186E-06  9.485E-07  1.094E-07  1.502E-07  2.430E-08
                1.300E-06  1.420E-07  2.732E-08  2.414E-07  8.974E-08  5.956E-08
                2.367E-07  2.693E-07  7.069E-07  3.254E-06  6.343E-08  7.189E-08
                3.465E-08  1.177E-08  7.461E-08  3.955E-08  6.703E-08  3.476E-07
                1.398E-07  5.136E-08  2.018E-07  6.146E-07  1.677E-06  9.358E-08
                1.473E-07  9.312E-08  7.693E-08  1.108E-07  1.619E-07  5.185E-08
                3.210E-08  6.136E-08  1.449E-06  1.497E-07  3.811E-07  5.059E-06
                4.747E-08  1.639E-08  9.405E-08  2.789E-07  6.598E-07  7.500E-08
                1.114E-07  1.433E-07  7.381E-09  2.570E-08  3.337E-08  2.002E-08
                7.512E-07  2.299E-07  3.621E-07  2.157E-07  1.361E-06  8.956E-09
                1.748E-08  1.192E-07  1.738E-08  1.388E-06  1.254E-07
1.82121099E+02  1.303E-03  4.222E-04  1.374E-03  1.179E-04  5.790E-04  4.231E-03
                4.947E-04  5.834E-07  3.935E-05  1.365E-05  4.359E-07  2.218E-03
                6.893E-07  3.884E-05  5.622E-06  1.821E-07  3.201E-07  5.692E-07
                1.930E-07  6.482E-07  3.201E-07  2.950E-08  3.917E-07  3.387E-07
                5.969E-07  6.561E-07  4.779E-07  1.671E-07  5.073E-07  5.396E-07
                5.568E-07  5.877E-08  1.517E-06  6.980E-07  5.879E-08  4.079E-07
                2.044E-10  2.571E-08  1.313E-07  6.810E-07  1.837E-06  9.626E-08
                7.751E-07  6.221E-08  7.207E-08  7.279E-08  7.747E-08  1.238E-06
                4.066E-06  9.405E-09  2.503E-07  4.207E-07  1.750E-08  1.814E-08
                3.701E-07  1.086E-07  1.243E-07  2.640E-06  7.332E-07  3.038E-07
                1.969E-07  7.613E-10  2.493E-09  1.086E-10  5.875E-08  2.376E-07
                2.840E-08  2.880E-08  1.590E-07  5.257E-07  8.727E-07  1.578E-06
                5.521E-07  2.239E-07  2.156E-08  5.824E-08  1.191E-07  3.111E-08
                7.514E-08  1.189E-08  2.625E-07  7.166E-07  1.396E-07  4.326E-08
                8.950E-07  3.939E-06  4.529E-11  2.821E-10  5.901E-10  5.176E-10
                9.785E-11  2.309E-08  1.504E-07  3.302E-07  9.807E-08  2.235E-08
                3.457E-07  1.038E-06  3.189E-07  1.833E-06  6.929E-09  3.544E-08
                8.218E-08  1.741E-07  4.911E-08  1.446E-08  3.265E-08  8.843E-08
                1.267E-08  2.010E-07  9.637E-07  2.614E-07  7.030E-07  9.299E-09
                8.530E-06  2.443E-07  1.889E-07  1.339E-07  7.724E-09  4.885E-08
                1.276E-07  1.257E-07  2.055E-06  1.296E-07  1.467E-07  8.300E-07
                1.169E-07  4.450E-08  8.349E-07  5.210E-06  2.105E-07  5.512E-07
                4.129E-07  1.517E-08  3.599E-08  6.590E-08  7.311E-08  9.774E-09
                3.028E-08  7.535E-08  1.801E-07  5.925E-08  1.224E-08  8.220E-08
                3.809E-07  1.647E-06  3.558E-08  3.883E-08  1.446E-07  3.952E-07
                7.506E-08  1.765E-06  7.651E-07  8.811E-08  1.288E-07  1.959E-08
                1.033E-06  1.225E-07  2.074E-08  1.766E-07  6.422E-08  4.356E-08
                1.896E-07  1.596E-07  5.164E-07  2.885E-06  4.806E-08  5.631E-08
                2.719E-08  9.271E-09  4.836E-08  3.210E-08  5.452E-08  2.321E-07
                1.127E-07  4.055E-08  1.627E-07  4.987E-07  1.354E-06  8.350E-08
                1.224E-07  6.795E-08  5.587E-08  7.825E-08  1.127E-07  3.955E-08
                2.620E-08  4.818E-08  1.302E-06  9.905E-08  3.378E-07  4.554E-06
                3.514E-08  1.171E-08  6.906E-08  2.075E-07  5.016E-07  5.404E-08
                8.252E-08  1.070E-07  5.164E-09  1.926E-08  2.535E-08  1.648E-08
                6.214E-07  1.896E-07  2.982E-07  1.724E-07  1.115E-06  7.012E-09
                1.349E-08  9.792E-08  1.384E-08  1.152E-06  1.009E-07
1.95729099E+02  9.014E-04  2.917E-04  9.509E-04  8.128E-05  4.003E-04  3.532E-03
                4.131E-04  2.793E-07  3.334E-05  1.095E-05  3.152E-07  1.940E-03
                5.090E-07  2.936E-05  4.265E-06  1.194E-07  2.194E-07  4.787E-07
                1.296E-07  5.417E-07  2.439E-07  2.514E-08  3.497E-07  1.647E-07
                3.024E-07  3.466E-07  2.770E-07  1.144E-07  3.672E-07  4.030E-07
                3.075E-07  4.398E-08  1.108E-06  4.648E-07  3.822E-08  2.905E-07
                1.779E-10  1.847E-08  1.033E-07  4.499E-07  1.219E-06  6.375E-08
                5.227E-07  5.797E-08  6.618E-08  6.426E-08  6.004E-08  1.114E-06
                2.853E-06  7.016E-09  2.137E-07  3.776E-07  1.348E-08  1.301E-08
                2.443E-07  7.256E-08  1.073E-07  2.276E-06  5.616E-07  2.195E-07
                1.385E-07  6.802E-10  2.226E-09  8.665E-11  4.330E-08  1.424E-07
                2.117E-08  2.021E-08  1.180E-07  3.895E-07  6.366E-07  1.181E-06
                4.604E-07  1.989E-07  1.803E-08  4.064E-08  8.118E-08  1.743E-08
                6.645E-08  1.012E-08  2.365E-07  6.480E-07  9.393E-08  3.052E-08
                6.431E-07  2.858E-06  3.365E-11  2.125E-10  4.496E-10  3.987E-10
                6.431E-11  2.046E-08  1.327E-07  2.803E-07  7.926E-08  1.970E-08
                2.682E-07  7.946E-07  2.308E-07  1.310E-06  5.652E-09  3.000E-08
                6.540E-08  1.373E-07  5.216E-08  1.509E-08  2.871E-08  7.544E-08
                1.052E-08  1.701E-07  9.283E-07  2.513E-07  4.922E-07  6.874E-09
                5.935E-06  1.961E-07  1.432E-07  1.066E-07  6.345E-09  3.956E-08
                1.005E-07  1.005E-07  1.569E-06  1.197E-07  1.368E-07  5.923E-07
                8.384E-08  3.449E-08  5.930E-07  3.676E-06  1.943E-07  5.170E-07
                3.679E-07  1.094E-08  2.590E-08  4.742E-08  5.168E-08  6.969E-09
                2.179E-08  5.433E-08  1.304E-07  4.708E-08  8.871E-09  6.164E-08
                2.875E-07  1.251E-06  2.402E-08  3.477E-08  1.283E-07  2.807E-07
                5.326E-08  1.329E-06  5.743E-07  6.585E-08  1.013E-07  1.444E-08
                7.883E-07  8.552E-08  1.414E-08  1.295E-07  4.939E-08  3.609E-08
                1.573E-07  1.516E-07  4.230E-07  2.136E-06  3.354E-08  4.144E-08
                2.014E-08  6.726E-09  4.819E-08  2.430E-08  4.083E-08  2.359E-07
                8.403E-08  3.028E-08  1.227E-07  3.760E-07  1.022E-06  6.082E-08
                9.211E-08  5.490E-08  4.095E-08  6.259E-08  9.037E-08  2.861E-08
                2.446E-08  3.575E-08  9.572E-07  9.917E-08  2.483E-07  3.304E-06
                2.761E-08  9.524E-09  5.489E-08  1.552E-07  3.685E-07  4.631E-08
                6.719E-08  8.187E-08  4.210E-09  1.365E-08  1.665E-08  1.200E-08
                4.933E-07  1.490E-07  2.297E-07  1.311E-07  8.717E-07  5.101E-09
                9.866E-09  7.839E-08  1.091E-08  9.032E-07  7.955E-08
