          16           7
         215          13           1           1
           0          -4           0          -4           0          -6           0          -2           0          -4           0           6           0           4           0           2           0           4           0           6           0           2           0           4           0           2           0          -4           0          -2           0           2           0           4           0           6           0           2           0           4           0           6           0           4           0          -2           0          -2           0          -4           0          -6           0          -8           0          -2           0          -4           0          -6           0          -4           0           2           0          -4           0          -6           0          -2           0          -4           0          -6           0          -6           0          -8           0          -4           0          -6           0          -2           0          -4           0           4           0           6           0           8           0          10           0           4           0          -4           0           2           0           6           0           4           0           8           0           2           0          -4           0          -2           0           6           0           6           0           4           0           2           0           8           0           4           0           6           0           8           0           4           0           6           0           8           0          10           0           4           0           6           0           8           0           6           0           4           0           2           0           6           0           2           0           4           0           2           0          -4           0          -2           0          -6           0          -8           0           6           0           4           0          -4           0          -6           0          -2           0          -4           0          -6           0          -8           0         -10           0          -2           0          -4           0          -6           0          -4           0          -2           0          -6           0          -8           0          -2           0          -4           0           2           0           4           0           6           0           8           0           4           0           4           0           6           0           8           0           2           0          10           0           8           0           6           0           4           0           2           0           6           0           6           0           4           0           4           0           2           0           4           0           6           0           8           0          -4           0           2           0           4           0          -6           0          -4           0           2           0           4           0           6           0           4           0           6           0          -2           0          -4           0          -6           0          -8           0         -10           0          -6           0          -8           0         -10           0         -12           0           2           0          -2           0          -4           0          -6           0          -8           0          -2           0          -8           0         -10           0          -4           0          -2           0          -6           0          -4           0          -2           0          -4           0          -2           0          -4           0          -6           0          -4           0          -8           0          -6           0           2           0           4           0           2           0           4           0           6           0         -10           0          -8           0          -6           0          -4           0           6           0          -2           0          -4           0           8           0          -6           0          -2           0          -4           0          -6           0          -8           0           4           0           6           0          -4           0          -6           0          -6           0          -8           0          -2           0           2           0          -4           0           4           0           6           0           4           0           4           0           2           0           2           0          -4           0          -6           0          -8           0          -2           0          -4           0          -6           0          -8           0         -10           0          -8           0          -6           0          -4           0          -2           0          -2           0          -4           0          -6           0          -6           0          -8           0          -4           0          -2           0          -6           0          -4
    0.000000E+00    9.645106E-03    9.843162E-03    1.435602E-02    1.458263E-02
    4.247197E-02    4.320385E-02    4.360158E-02    5.944295E-02    5.948713E-02
    6.922989E-02    7.316769E-02    7.411300E-02    1.134727E-01    1.147319E-01
    2.354040E-01    2.358931E-01    2.366026E-01    2.382857E-01    2.391328E-01
    2.438023E-01    2.438287E-01    2.461520E-01    2.471700E-01    2.474363E-01
    2.479076E-01    2.485433E-01    2.486026E-01    2.487216E-01    2.491410E-01
    2.502551E-01    2.507374E-01    2.510783E-01    2.511300E-01    2.524691E-01
    2.524772E-01    2.554279E-01    2.561102E-01    2.563381E-01    2.591442E-01
    2.591854E-01    2.609226E-01    2.615363E-01    2.619649E-01    2.622131E-01
    2.625883E-01    2.631076E-01    2.632646E-01    2.633261E-01    2.634365E-01
    2.637297E-01    2.638533E-01    2.640096E-01    2.643758E-01    2.644930E-01
    2.645338E-01    2.648466E-01    2.652759E-01    2.655531E-01    2.656939E-01
    2.657640E-01    2.676748E-01    2.677713E-01    2.679166E-01    2.688115E-01
    2.690337E-01    2.711118E-01    2.712141E-01    2.720014E-01    2.721113E-01
    2.724223E-01    2.724984E-01    2.725578E-01    2.726085E-01    2.727219E-01
    2.737570E-01    2.740430E-01    2.746587E-01    2.763855E-01    2.763956E-01
    2.763957E-01    2.764682E-01    2.789238E-01    2.791446E-01    2.808157E-01
    2.808428E-01    2.816082E-01    2.816156E-01    2.816277E-01    2.816445E-01
    2.816660E-01    2.832213E-01    2.832636E-01    2.833497E-01    2.872720E-01
    2.872722E-01    2.872783E-01    2.873017E-01    2.873787E-01    2.874354E-01
    2.875828E-01    2.876419E-01    2.877951E-01    2.879672E-01    2.884374E-01
    2.885530E-01    2.886000E-01    2.886971E-01    2.887362E-01    2.888178E-01
    2.901974E-01    2.902310E-01    2.934227E-01    2.936053E-01    2.936679E-01
    2.948139E-01    2.948751E-01    2.949134E-01    2.954910E-01    2.955387E-01
    2.955818E-01    2.956302E-01    2.974080E-01    2.974265E-01    2.978254E-01
    2.979930E-01    2.980044E-01    2.981863E-01    2.981951E-01    2.982014E-01
    2.986863E-01    2.989406E-01    2.997979E-01    3.013547E-01    3.014398E-01
    3.015665E-01    3.017420E-01    3.025165E-01    3.025355E-01    3.025686E-01
    3.026262E-01    3.032771E-01    3.036433E-01    3.036673E-01    3.036996E-01
    3.037196E-01    3.041292E-01    3.046134E-01    3.046301E-01    3.048276E-01
    3.048611E-01    3.049614E-01    3.051740E-01    3.052844E-01    3.060373E-01
    3.062721E-01    3.065126E-01    3.067251E-01    3.072820E-01    3.083217E-01
    3.083847E-01    3.085481E-01    3.086063E-01    3.093086E-01    3.093690E-01
    3.093750E-01    3.093804E-01    3.094500E-01    3.095030E-01    3.095365E-01
    3.096086E-01    3.096683E-01    3.098305E-01    3.098337E-01    3.100372E-01
    3.110986E-01    3.111053E-01    3.111248E-01    3.111449E-01    3.124031E-01
    3.124222E-01    3.126400E-01    3.132139E-01    3.132929E-01    3.134326E-01
    3.163175E-01    3.165548E-01    3.167011E-01    3.167161E-01    3.173537E-01
    3.174815E-01    3.194473E-01    3.198310E-01    3.206567E-01    3.235572E-01
    3.235827E-01    3.236877E-01    3.236885E-01    3.238034E-01    3.239013E-01
    3.239634E-01    3.240075E-01    3.245628E-01    3.245933E-01    3.263728E-01
    3.264517E-01    3.271738E-01    3.284075E-01    3.287843E-01    3.314323E-01
    3.314556E-01    3.324856E-01    3.325179E-01    3.327131E-01    3.333147E-01
           0           4           0           1
  -28.010499495533246               13
2.80104995E+01  4.172E-01
4.16184995E+01  1.118E-01  3.843E-02  1.313E-01  1.244E-02  4.010E-02  7.323E-02
                9.856E-03  1.443E-03  1.134E-03  2.054E-03  7.265E-03  3.692E-02
                5.322E-04  1.815E-03  5.999E-04
5.52264995E+01  5.518E-02  1.780E-02  5.809E-02  4.954E-03  2.424E-02  5.226E-02
                6.128E-03  2.640E-05  5.105E-04  3.047E-04  3.991E-05  2.407E-02
                3.737E-05  1.274E-03  1.849E-04  1.313E-05  2.065E-05  1.891E-05
                1.366E-05  2.078E-05  1.060E-05  6.185E-07  2.451E-05  3.201E-06
                7.621E-06  9.485E-06  8.295E-06  1.356E-05  3.924E-05  3.996E-05
                1.556E-05  2.073E-06  1.576E-04  3.974E-05  3.845E-06  2.801E-05
                9.060E-09  2.694E-06  1.668E-05  4.597E-05  1.333E-04  7.343E-06
                5.267E-05  8.396E-07  1.800E-06  3.370E-06  7.989E-06  1.625E-05
                1.542E-04  1.115E-06  1.162E-05  6.999E-06  2.143E-06  1.339E-06
                2.896E-05  9.441E-06  4.472E-06  9.559E-05  5.556E-05  2.720E-05
                1.733E-05  2.194E-08  3.385E-08  3.241E-09  5.425E-06  4.836E-05
                1.061E-06  7.465E-08  7.282E-06  2.322E-05  4.860E-05  2.090E-05
                9.806E-06  4.713E-06  1.897E-06  4.559E-06  1.402E-05  6.746E-06
                2.593E-06  4.376E-07  8.765E-06  2.450E-05  1.645E-05  2.930E-06
                2.601E-05  1.180E-04  1.473E-09  7.060E-09  1.576E-08  1.840E-08
                6.274E-09  7.939E-07  4.821E-06  8.835E-06  1.442E-06  6.014E-07
                3.310E-06  8.279E-06  9.307E-06  5.162E-05  2.188E-07  1.415E-06
                2.033E-06  3.969E-06  5.411E-06  1.231E-06  9.191E-07  2.588E-06
                5.041E-07  5.937E-06  3.149E-05  8.075E-06  1.463E-05  1.636E-07
                1.707E-04  4.668E-06  3.781E-06  2.757E-06  1.320E-07  1.077E-06
                2.668E-06  2.487E-06  6.774E-05  3.234E-06  3.430E-06  1.913E-05
                3.201E-06  1.595E-06  1.515E-05  8.909E-05  5.974E-06  1.572E-05
                1.261E-05  9.596E-07  2.426E-06  4.755E-06  7.491E-06  5.459E-07
                2.035E-06  5.247E-06  1.231E-05  1.782E-06  6.080E-07  2.682E-06
                1.020E-05  3.660E-05  1.618E-06  6.374E-06  2.454E-05  8.475E-06
                1.813E-06  4.123E-05  1.812E-05  2.458E-06  4.143E-06  1.136E-06
                1.942E-05  7.554E-06  1.961E-06  1.087E-05  4.964E-06  1.241E-06
                6.017E-06  6.622E-06  1.447E-05  6.239E-05  4.918E-06  3.319E-06
                1.575E-06  5.271E-07  1.551E-06  1.273E-06  2.347E-06  6.262E-06
                3.827E-06  1.863E-06  4.762E-06  1.154E-05  3.053E-05  1.581E-06
                2.323E-06  5.006E-06  4.806E-06  6.920E-06  1.140E-05  2.127E-06
                5.543E-07  2.275E-06  1.711E-05  3.678E-06  4.504E-06  5.135E-05
                7.649E-07  5.116E-07  9.148E-06  1.960E-05  3.698E-05  8.307E-06
                1.019E-05  1.053E-05  1.093E-06  2.443E-06  1.576E-06  9.770E-07
                4.437E-06  1.482E-06  2.472E-06  5.060E-06  2.099E-05  3.555E-07
                7.811E-07  1.152E-06  2.803E-07  1.424E-05  2.145E-06
6.88344995E+01  2.904E-02  9.322E-03  3.042E-02  2.587E-03  1.267E-02  3.481E-02
                4.079E-03  1.412E-05  3.359E-04  1.774E-04  1.918E-05  1.666E-02
                1.987E-05  7.054E-04  1.023E-04  6.760E-06  1.088E-05  1.022E-05
                7.754E-06  1.282E-05  8.415E-06  4.707E-07  1.029E-05  1.677E-06
                3.862E-06  4.616E-06  3.369E-06  7.429E-06  1.960E-05  2.070E-05
                7.729E-06  1.620E-06  6.206E-05  1.887E-05  2.035E-06  1.346E-05
                6.571E-09  1.233E-06  7.376E-06  2.067E-05  6.029E-05  3.310E-06
                2.438E-05  3.922E-07  8.332E-07  1.450E-06  3.168E-06  5.885E-06
                8.468E-05  4.531E-07  4.310E-06  2.695E-06  8.493E-07  4.497E-07
                1.314E-05  4.295E-06  1.822E-06  3.373E-05  2.371E-05  1.334E-05
                7.834E-06  1.239E-08  1.970E-08  2.017E-09  1.803E-06  1.488E-05
                6.605E-07  1.404E-07  4.234E-06  1.395E-05  2.528E-05  1.488E-05
                5.875E-06  2.617E-06  7.074E-07  1.526E-06  4.656E-06  2.087E-06
                1.673E-06  2.543E-07  5.924E-06  1.635E-05  5.824E-06  1.213E-06
                1.575E-05  7.073E-05  6.876E-10  3.723E-09  8.560E-09  9.773E-09
                3.410E-09  5.524E-07  3.228E-06  6.466E-06  8.515E-07  2.728E-07
                2.408E-06  6.594E-06  5.629E-06  3.166E-05  7.374E-08  4.527E-07
                9.436E-07  2.003E-06  9.434E-07  2.524E-07  5.004E-07  1.308E-06
                2.137E-07  2.727E-06  1.773E-05  4.592E-06  8.161E-06  1.266E-07
                9.705E-05  2.741E-06  2.202E-06  1.434E-06  7.825E-08  6.423E-07
                1.566E-06  1.414E-06  4.008E-05  1.688E-06  1.790E-06  1.364E-05
                1.998E-06  7.271E-07  8.548E-06  5.205E-05  3.486E-06  9.003E-06
                8.738E-06  4.320E-07  1.168E-06  2.288E-06  3.310E-06  4.215E-07
                1.332E-06  3.123E-06  6.773E-06  1.019E-06  1.841E-06  3.599E-06
                7.168E-06  2.093E-05  7.657E-07  2.190E-06  8.870E-06  6.288E-06
                1.234E-06  2.100E-05  9.306E-06  1.169E-06  2.200E-06  5.804E-07
                1.333E-05  3.538E-06  1.101E-06  5.961E-06  2.291E-06  5.340E-07
                2.395E-06  3.574E-06  7.996E-06  3.331E-05  2.233E-06  1.592E-06
                7.578E-07  2.446E-07  8.434E-07  5.599E-07  9.641E-07  3.313E-06
                1.698E-06  1.057E-06  2.645E-06  6.095E-06  1.552E-05  9.072E-07
                1.110E-06  2.063E-06  2.356E-06  2.694E-06  4.459E-06  1.205E-06
                1.463E-07  1.248E-06  1.083E-05  1.718E-06  2.883E-06  3.621E-05
                3.471E-07  1.990E-07  4.149E-06  8.424E-06  1.591E-05  3.619E-06
                4.631E-06  4.629E-06  3.518E-07  6.692E-07  1.060E-06  5.486E-07
                4.413E-06  1.520E-06  2.954E-06  4.459E-06  1.313E-05  2.371E-07
                2.686E-07  8.918E-07  2.405E-07  9.564E-06  1.063E-06
8.24424995E+01  1.678E-02  5.368E-03  1.754E-02  1.485E-03  7.288E-03  2.444E-02
                2.862E-03  7.818E-06  2.335E-04  1.117E-04  1.028E-05  1.203E-02
                1.135E-05  4.267E-04  6.185E-05  3.778E-06  6.192E-06  6.071E-06
                4.612E-06  8.033E-06  5.740E-06  3.244E-07  5.334E-06  1.144E-06
                2.511E-06  2.939E-06  1.931E-06  4.387E-06  1.115E-05  1.207E-05
                4.464E-06  1.096E-06  2.880E-05  1.002E-05  1.225E-06  7.472E-06
                4.526E-09  6.396E-07  3.746E-06  1.058E-05  3.079E-05  1.685E-06
                1.281E-05  1.971E-07  3.559E-07  5.897E-07  1.379E-06  4.110E-06
                5.044E-05  2.065E-07  2.062E-06  1.646E-06  3.789E-07  2.349E-07
                6.785E-06  2.222E-06  1.076E-06  1.821E-05  1.207E-05  6.814E-06
                4.150E-06  7.599E-09  1.340E-08  1.385E-09  7.336E-07  5.903E-06
                3.721E-07  1.633E-07  2.308E-06  7.702E-06  1.441E-05  1.109E-05
                4.215E-06  1.811E-06  3.868E-07  9.701E-07  2.117E-06  8.673E-07
                1.071E-06  1.448E-07  3.959E-06  1.099E-05  2.770E-06  6.803E-07
                9.942E-06  4.434E-05  3.898E-10  2.307E-09  5.369E-09  5.985E-09
                1.528E-09  3.719E-07  2.194E-06  4.526E-06  5.262E-07  1.326E-07
                1.734E-06  5.061E-06  3.502E-06  1.989E-05  5.377E-08  2.637E-07
                6.640E-07  1.393E-06  2.110E-07  9.375E-08  3.427E-07  8.814E-07
                1.319E-07  1.809E-06  1.188E-05  3.077E-06  5.060E-06  7.969E-08
                6.088E-05  1.972E-06  1.486E-06  9.702E-07  5.994E-08  4.616E-07
                1.102E-06  1.043E-06  2.561E-05  1.170E-06  1.244E-06  9.105E-06
                1.327E-06  4.486E-07  5.527E-06  3.355E-05  2.381E-06  6.180E-06
                5.855E-06  2.380E-07  5.820E-07  1.098E-06  1.544E-06  1.400E-07
                4.998E-07  1.289E-06  3.062E-06  6.777E-07  1.472E-07  7.375E-07
                3.005E-06  1.177E-05  4.357E-07  8.551E-07  3.438E-06  4.143E-06
                7.925E-07  1.301E-05  5.722E-06  6.989E-07  1.195E-06  2.998E-07
                7.348E-06  1.716E-06  4.270E-07  3.233E-06  1.074E-06  3.309E-07
                1.271E-06  2.273E-06  5.136E-06  1.994E-05  9.712E-07  7.621E-07
                3.673E-07  1.310E-07  5.348E-07  2.846E-07  5.035E-07  2.139E-06
                9.397E-07  4.815E-07  1.422E-06  3.758E-06  9.977E-06  5.612E-07
                7.034E-07  1.084E-06  1.050E-06  1.297E-06  2.035E-06  6.789E-07
                1.030E-07  6.964E-07  7.699E-06  9.912E-07  2.081E-06  2.610E-05
                2.314E-07  1.117E-07  1.688E-06  3.887E-06  7.767E-06  1.461E-06
                1.965E-06  2.116E-06  1.056E-07  1.537E-07  4.741E-07  2.333E-07
                3.343E-06  1.068E-06  1.818E-06  1.470E-06  7.212E-06  1.003E-07
                1.825E-07  5.947E-07  1.439E-07  6.645E-06  6.675E-07
9.60504995E+01  1.044E-02  3.343E-03  1.092E-02  9.260E-04  4.544E-03  1.790E-02
                2.095E-03  4.768E-06  1.698E-04  7.529E-05  5.802E-06  8.956E-03
                6.941E-06  2.766E-04  4.007E-05  2.150E-06  3.574E-06  3.680E-06
                2.696E-06  5.017E-06  3.752E-06  2.173E-07  3.246E-06  8.633E-07
                1.813E-06  2.097E-06  1.341E-06  2.682E-06  6.739E-06  7.362E-06
                2.844E-06  7.152E-07  1.553E-05  5.910E-06  7.628E-07  4.497E-06
                2.900E-09  3.646E-07  2.089E-06  6.095E-06  1.763E-05  9.668E-07
                7.493E-06  1.450E-07  2.245E-07  3.307E-07  7.197E-07  3.481E-06
                3.189E-05  1.169E-07  1.299E-06  1.299E-06  2.123E-07  1.332E-07
                3.905E-06  1.275E-06  7.004E-07  1.213E-05  7.082E-06  3.941E-06
                2.407E-06  4.885E-09  9.646E-09  9.598E-10  3.957E-07  2.951E-06
                2.426E-07  1.525E-07  1.445E-06  4.843E-06  8.857E-06  8.267E-06
                3.080E-06  1.292E-06  2.223E-07  5.793E-07  1.175E-06  4.339E-07
                7.346E-07  9.734E-08  2.726E-06  7.549E-06  1.541E-06  4.108E-07
                6.592E-06  2.949E-05  2.580E-10  1.564E-09  3.597E-09  3.865E-09
                8.800E-10  2.549E-07  1.535E-06  3.157E-06  3.827E-07  8.921E-08
                1.313E-06  3.895E-06  2.351E-06  1.330E-05  4.014E-08  1.885E-07
                4.961E-07  1.047E-06  1.039E-07  5.960E-08  2.448E-07  6.295E-07
                8.814E-08  1.292E-06  8.174E-06  2.123E-06  3.471E-06  5.404E-08
                4.177E-05  1.435E-06  1.060E-06  7.095E-07  4.556E-08  3.408E-07
                8.133E-07  8.055E-07  1.725E-05  8.664E-07  9.220E-07  5.996E-06
                8.734E-07  3.228E-07  3.881E-06  2.345E-05  1.676E-06  4.366E-06
                4.056E-06  1.316E-07  3.204E-07  6.030E-07  8.186E-07  7.845E-08
                2.678E-07  6.824E-07  1.618E-06  4.507E-07  8.934E-08  4.795E-07
                2.022E-06  8.143E-06  2.646E-07  3.634E-07  1.457E-06  2.737E-06
                5.258E-07  8.928E-06  3.920E-06  4.684E-07  7.637E-07  1.797E-07
                5.253E-06  1.001E-06  2.417E-07  1.927E-06  6.105E-07  2.363E-07
                8.641E-07  1.542E-06  3.518E-06  1.338E-05  5.412E-07  4.495E-07
                2.150E-07  7.694E-08  3.610E-07  1.829E-07  3.165E-07  1.470E-06
                6.139E-07  2.884E-07  9.238E-07  2.564E-06  6.881E-06  3.843E-07
                5.231E-07  6.010E-07  5.978E-07  7.052E-07  1.086E-06  4.142E-07
                7.010E-08  4.311E-07  5.563E-06  6.526E-07  1.497E-06  1.933E-05
                1.813E-07  7.761E-08  8.278E-07  2.093E-06  4.435E-06  6.747E-07
                9.574E-07  1.117E-06  4.032E-08  5.958E-08  2.773E-07  1.318E-07
                2.583E-06  8.194E-07  1.392E-06  9.877E-07  5.219E-06  6.023E-08
                1.086E-07  4.422E-07  9.507E-08  4.989E-06  4.721E-07
1.09658499E+02  6.818E-03  2.181E-03  7.128E-03  6.029E-04  2.961E-03  1.334E-02
                1.561E-03  3.226E-06  1.263E-04  5.315E-05  3.599E-06  6.790E-03
                4.442E-06  1.822E-04  2.639E-05  1.267E-06  2.145E-06  2.359E-06
                1.635E-06  3.291E-06  2.522E-06  1.497E-07  2.269E-06  6.881E-07
                1.400E-06  1.617E-06  1.050E-06  1.704E-06  4.322E-06  4.744E-06
                1.950E-06  4.774E-07  9.282E-06  3.755E-06  4.951E-07  2.886E-06
                1.945E-09  2.220E-07  1.250E-06  3.764E-06  1.074E-05  5.921E-07
                4.668E-06  1.104E-07  1.544E-07  2.064E-07  4.122E-07  2.862E-06
                2.114E-05  6.926E-08  8.887E-07  1.029E-06  1.224E-07  8.434E-08
                2.380E-06  7.769E-07  4.825E-07  8.662E-06  4.513E-06  2.462E-06
                1.491E-06  3.605E-09  7.613E-09  6.666E-10  2.440E-07  1.665E-06
                1.670E-07  1.232E-07  9.671E-07  3.250E-06  5.826E-06  6.218E-06
                2.406E-06  1.027E-06  1.383E-07  3.813E-07  7.310E-07  2.441E-07
                5.268E-07  7.000E-08  1.954E-06  5.401E-06  9.502E-07  2.687E-07
                4.508E-06  2.020E-05  1.831E-10  1.134E-09  2.585E-09  2.696E-09
                5.689E-10  1.816E-07  1.103E-06  2.263E-06  2.997E-07  6.890E-08
                1.039E-06  3.100E-06  1.616E-06  9.115E-06  3.095E-08  1.435E-07
                3.800E-07  8.032E-07  7.569E-08  4.527E-08  1.850E-07  4.762E-07
                6.343E-08  9.824E-07  6.244E-06  1.628E-06  2.431E-06  3.979E-08
                2.918E-05  1.074E-06  7.799E-07  5.410E-07  3.515E-08  2.567E-07
                6.104E-07  6.195E-07  1.178E-05  6.853E-07  7.281E-07  4.100E-06
                5.940E-07  2.385E-07  2.772E-06  1.667E-05  1.272E-06  3.338E-06
                2.871E-06  8.627E-08  2.082E-07  3.884E-07  5.070E-07  5.141E-08
                1.705E-07  4.311E-07  1.023E-06  3.135E-07  5.808E-08  3.334E-07
                1.452E-06  5.984E-06  1.704E-07  2.135E-07  8.450E-07  1.878E-06
                3.594E-07  6.558E-06  2.871E-06  3.396E-07  5.167E-07  1.144E-07
                3.870E-06  6.329E-07  1.470E-07  1.256E-06  4.004E-07  1.829E-07
                6.389E-07  1.155E-06  2.590E-06  9.421E-06  3.437E-07  3.028E-07
                1.461E-07  5.210E-08  2.754E-07  1.279E-07  2.193E-07  1.156E-06
                4.367E-07  2.023E-07  6.693E-07  1.882E-06  5.044E-06  2.736E-07
                4.007E-07  4.053E-07  3.785E-07  4.708E-07  7.063E-07  2.684E-07
                5.948E-08  2.843E-07  4.073E-06  4.938E-07  1.091E-06  1.431E-05
                1.433E-07  5.732E-08  4.936E-07  1.307E-06  2.847E-06  3.961E-07
                5.748E-07  6.924E-07  2.238E-08  3.694E-08  1.722E-07  8.148E-08
                1.999E-06  6.297E-07  1.049E-06  7.061E-07  3.902E-06  3.946E-08
                7.300E-08  3.337E-07  6.570E-08  3.805E-06  3.571E-07
1.23266499E+02  4.675E-03  1.500E-03  4.901E-03  4.158E-04  2.043E-03  1.046E-02
                1.224E-03  2.051E-06  9.845E-05  3.896E-05  2.228E-06  5.376E-03
                2.965E-06  1.323E-04  1.918E-05  8.074E-07  1.376E-06  1.621E-06
                1.021E-06  2.210E-06  1.627E-06  1.023E-07  1.507E-06  6.517E-07
                1.248E-06  1.410E-06  9.326E-07  1.070E-06  2.755E-06  3.014E-06
                1.502E-06  3.072E-07  5.868E-06  2.533E-06  3.204E-07  1.882E-06
                1.247E-09  1.392E-07  7.669E-07  2.484E-06  6.987E-06  3.851E-07
                3.082E-06  1.016E-07  1.304E-07  1.562E-07  2.663E-07  2.432E-06
                1.465E-05  4.203E-08  6.540E-07  8.524E-07  7.539E-08  5.529E-08
                1.543E-06  4.959E-07  3.518E-07  6.563E-06  2.970E-06  1.558E-06
                9.535E-07  2.485E-09  5.845E-09  4.642E-10  1.681E-07  1.031E-06
                1.136E-07  9.866E-08  6.520E-07  2.180E-06  3.816E-06  4.678E-06
                1.753E-06  7.337E-07  8.732E-08  2.430E-07  4.708E-07  1.496E-07
                3.524E-07  4.792E-08  1.296E-06  3.575E-06  6.079E-07  1.775E-07
                3.188E-06  1.427E-05  1.355E-10  8.417E-10  1.881E-09  1.887E-09
                3.931E-10  1.193E-07  7.354E-07  1.523E-06  2.357E-07  5.287E-08
                8.287E-07  2.486E-06  1.145E-06  6.484E-06  2.276E-08  1.061E-07
                2.789E-07  5.903E-07  6.473E-08  3.245E-08  1.272E-07  3.328E-07
                4.574E-08  6.985E-07  4.160E-06  1.090E-06  1.870E-06  2.770E-08
                2.251E-05  7.805E-07  5.779E-07  4.023E-07  2.607E-08  1.837E-07
                4.438E-07  4.541E-07  8.219E-06  4.862E-07  5.212E-07  2.916E-06
                4.209E-07  1.743E-07  2.163E-06  1.308E-05  8.636E-07  2.264E-06
                1.935E-06  5.869E-08  1.408E-07  2.610E-07  3.284E-07  3.619E-08
                1.155E-07  2.889E-07  6.849E-07  2.174E-07  4.062E-08  2.441E-07
                1.084E-06  4.533E-06  1.170E-07  1.357E-07  5.282E-07  1.345E-06
                2.579E-07  4.941E-06  2.158E-06  2.529E-07  3.707E-07  7.606E-08
                2.936E-06  4.245E-07  9.461E-08  8.111E-07  2.635E-07  1.332E-07
                4.816E-07  7.482E-07  1.803E-06  7.243E-06  2.242E-07  2.087E-07
                1.010E-07  3.585E-08  1.834E-07  9.427E-08  1.602E-07  7.857E-07
                3.237E-07  1.411E-07  4.901E-07  1.413E-06  3.802E-06  2.135E-07
                3.221E-07  2.681E-07  2.479E-07  3.110E-07  4.616E-07  1.759E-07
                4.961E-08  1.910E-07  3.246E-06  3.351E-07  8.611E-07  1.147E-05
                1.098E-07  4.139E-08  3.036E-07  8.479E-07  1.911E-06  2.369E-07
                3.528E-07  4.426E-07  1.347E-08  2.891E-08  1.141E-07  5.627E-08
                1.569E-06  4.909E-07  8.150E-07  5.251E-07  3.015E-06  2.587E-08
                4.767E-08  2.569E-07  4.562E-08  2.976E-06  2.747E-07
1.36874499E+02  3.282E-03  1.051E-03  3.436E-03  2.905E-04  1.428E-03  8.069E-03
                9.441E-04  1.544E-06  7.612E-05  2.929E-05  1.511E-06  4.208E-03
                2.017E-06  9.123E-05  1.322E-05  4.878E-07  8.539E-07  1.138E-06
                6.325E-07  1.562E-06  1.142E-06  7.521E-08  1.172E-06  4.415E-07
                8.548E-07  9.809E-07  6.784E-07  7.021E-07  1.871E-06  2.040E-06
                1.012E-06  2.143E-07  4.188E-06  1.734E-06  2.168E-07  1.317E-06
                8.601E-10  9.062E-08  4.979E-07  1.729E-06  4.806E-06  2.655E-07
                2.146E-06  8.901E-08  1.094E-07  1.229E-07  1.835E-07  2.044E-06
                1.054E-05  2.790E-08  4.966E-07  7.072E-07  4.790E-08  4.206E-08
                1.049E-06  3.335E-07  2.682E-07  5.101E-06  2.073E-06  1.051E-06
                6.405E-07  1.927E-09  4.843E-09  3.262E-10  1.224E-07  6.682E-07
                8.237E-08  7.308E-08  4.639E-07  1.558E-06  2.698E-06  3.552E-06
                1.367E-06  5.783E-07  6.270E-08  1.757E-07  3.290E-07  9.526E-08
                2.653E-07  3.627E-08  9.716E-07  2.678E-06  4.164E-07  1.257E-07
                2.345E-06  1.051E-05  1.016E-10  6.391E-10  1.422E-09  1.400E-09
                2.647E-10  8.862E-08  5.560E-07  1.141E-06  1.933E-07  4.573E-08
                6.670E-07  1.993E-06  8.491E-07  4.777E-06  1.791E-08  8.394E-08
                2.162E-07  4.593E-07  5.995E-08  2.812E-08  9.906E-08  2.581E-07
                3.373E-08  5.464E-07  3.231E-06  8.512E-07  1.380E-06  2.162E-08
                1.654E-05  6.028E-07  4.354E-07  3.140E-07  1.999E-08  1.384E-07
                3.360E-07  3.479E-07  6.047E-06  3.847E-07  4.129E-07  2.099E-06
                3.047E-07  1.273E-07  1.608E-06  9.733E-06  6.684E-07  1.766E-06
                1.461E-06  4.110E-08  9.823E-08  1.814E-07  2.209E-07  2.549E-08
                8.036E-08  2.004E-07  4.761E-07  1.599E-07  2.894E-08  1.829E-07
                8.290E-07  3.514E-06  8.115E-08  9.854E-08  3.763E-07  9.712E-07
                1.873E-07  3.835E-06  1.671E-06  1.947E-07  2.749E-07  5.236E-08
                2.274E-06  2.957E-07  6.302E-08  5.573E-07  1.878E-07  1.069E-07
                3.860E-07  5.901E-07  1.390E-06  5.449E-06  1.522E-07  1.501E-07
                7.292E-08  2.562E-08  1.498E-07  7.131E-08  1.210E-07  6.620E-07
                2.480E-07  1.041E-07  3.733E-07  1.091E-06  2.944E-06  1.590E-07
                2.491E-07  1.946E-07  1.707E-07  2.273E-07  3.331E-07  1.200E-07
                4.484E-08  1.336E-07  2.438E-06  2.787E-07  6.459E-07  8.593E-06
                8.716E-08  3.195E-08  2.101E-07  5.955E-07  1.358E-06  1.657E-07
                2.466E-07  3.107E-07  1.087E-08  2.837E-08  7.592E-08  3.883E-08
                1.253E-06  3.892E-07  6.318E-07  3.982E-07  2.352E-06  1.846E-08
                3.487E-08  2.021E-07  3.366E-08  2.350E-06  2.169E-07
1.50482499E+02  2.431E-03  7.833E-04  2.556E-03  2.178E-04  1.070E-03  6.646E-03
                7.774E-04  1.069E-06  6.220E-05  2.288E-05  9.960E-07  3.462E-03
                1.433E-06  7.159E-05  1.037E-05  3.578E-07  6.234E-07  8.943E-07
                4.311E-07  1.146E-06  7.457E-07  5.400E-08  7.924E-07  4.707E-07
                8.606E-07  9.592E-07  6.691E-07  4.473E-07  1.227E-06  1.327E-06
                8.934E-07  1.394E-07  2.933E-06  1.299E-06  1.437E-07  8.971E-07
                5.368E-10  6.041E-08  3.220E-07  1.271E-06  3.492E-06  1.901E-07
                1.540E-06  8.245E-08  9.853E-08  1.053E-07  1.372E-07  1.748E-06
                7.750E-06  1.873E-08  3.957E-07  5.995E-07  3.349E-08  3.086E-08
                7.478E-07  2.311E-07  2.072E-07  4.107E-06  1.467E-06  7.023E-07
                4.368E-07  1.388E-09  3.846E-09  2.300E-10  9.671E-08  4.796E-07
                5.820E-08  5.652E-08  3.287E-07  1.094E-06  1.858E-06  2.768E-06
                1.008E-06  4.159E-07  4.242E-08  1.196E-07  2.342E-07  6.702E-08
                1.728E-07  2.482E-08  6.232E-07  1.713E-06  2.914E-07  8.862E-08
                1.719E-06  7.663E-06  7.934E-11  4.964E-10  1.077E-09  1.014E-09
                1.996E-10  5.628E-08  3.569E-07  7.496E-07  1.554E-07  3.521E-08
                5.474E-07  1.645E-06  6.188E-07  3.517E-06  1.301E-08  6.239E-08
                1.572E-07  3.339E-07  5.583E-08  2.115E-08  6.679E-08  1.776E-07
                2.462E-08  3.850E-07  2.094E-06  5.567E-07  1.147E-06  1.603E-08
                1.384E-05  4.431E-07  3.351E-07  2.370E-07  1.472E-08  9.826E-08
                2.450E-07  2.500E-07  4.260E-06  2.638E-07  2.882E-07  1.568E-06
                2.248E-07  9.246E-08  1.347E-06  8.252E-06  4.440E-07  1.166E-06
                9.532E-07  3.048E-08  7.251E-08  1.332E-07  1.572E-07  1.938E-08
                6.013E-08  1.494E-07  3.555E-07  1.141E-07  2.206E-08  1.423E-07
                6.508E-07  2.779E-06  6.271E-08  7.233E-08  2.743E-07  7.334E-07
                1.408E-07  3.014E-06  1.311E-06  1.520E-07  2.141E-07  3.776E-08
                1.778E-06  2.209E-07  4.387E-08  3.817E-07  1.314E-07  7.818E-08
                3.022E-07  3.651E-07  9.817E-07  4.536E-06  1.063E-07  1.104E-07
                5.369E-08  1.875E-08  9.756E-08  5.562E-08  9.423E-08  4.414E-07
                1.937E-07  7.738E-08  2.880E-07  8.557E-07  2.312E-06  1.337E-07
                2.040E-07  1.373E-07  1.191E-07  1.595E-07  2.321E-07  8.372E-08
                3.762E-08  9.597E-08  2.072E-06  1.873E-07  5.425E-07  7.305E-06
                6.502E-08  2.283E-08  1.445E-07  4.207E-07  9.826E-07  1.128E-07
                1.703E-07  2.179E-07  8.031E-09  2.442E-08  5.385E-08  2.980E-08
                1.010E-06  3.122E-07  5.050E-07  3.079E-07  1.876E-06  1.319E-08
                2.474E-08  1.613E-07  2.500E-08  1.894E-06  1.713E-07
1.64090499E+02  1.743E-03  5.592E-04  1.828E-03  1.548E-04  7.621E-04  5.304E-03
                6.204E-04  7.266E-07  4.999E-05  1.777E-05  7.065E-07  2.836E-03
                1.014E-06  5.143E-05  7.458E-06  2.334E-07  4.185E-07  7.023E-07
                2.836E-07  8.848E-07  5.409E-07  4.237E-08  6.554E-07  2.843E-07
                5.332E-07  6.099E-07  4.521E-07  2.997E-07  8.621E-07  9.354E-07
                5.736E-07  1.000E-07  2.209E-06  9.092E-07  9.752E-08  6.463E-07
                4.039E-10  4.126E-08  2.252E-07  9.031E-07  2.469E-06  1.339E-07
                1.097E-06  7.221E-08  8.478E-08  8.756E-08  1.021E-07  1.500E-06
                5.697E-06  1.358E-08  3.180E-07  5.120E-07  2.364E-08  2.401E-08
                5.210E-07  1.599E-07  1.666E-07  3.342E-06  1.081E-06  4.982E-07
                3.052E-07  1.153E-09  3.298E-09  1.716E-10  7.316E-08  3.146E-07
                4.341E-08  4.099E-08  2.421E-07  8.090E-07  1.362E-06  2.099E-06
                8.095E-07  3.448E-07  3.301E-08  8.783E-08  1.664E-07  4.247E-08
                1.369E-07  1.958E-08  4.941E-07  1.359E-06  2.042E-07  6.414E-08
                1.284E-06  5.737E-06  6.003E-11  3.799E-10  8.259E-10  7.739E-10
                1.358E-10  4.406E-08  2.825E-07  5.856E-07  1.273E-07  3.086E-08
                4.354E-07  1.297E-06  4.639E-07  2.618E-06  1.043E-08  5.111E-08
                1.240E-07  2.627E-07  5.557E-08  1.989E-08  5.492E-08  1.443E-07
                1.898E-08  3.152E-07  1.761E-06  4.696E-07  8.435E-07  1.240E-08
                1.013E-05  3.470E-07  2.546E-07  1.873E-07  1.164E-08  7.636E-08
                1.894E-07  1.951E-07  3.218E-06  2.196E-07  2.408E-07  1.154E-06
                1.662E-07  6.840E-08  9.980E-07  6.114E-06  3.662E-07  9.708E-07
                7.575E-07  2.205E-08  5.233E-08  9.591E-08  1.102E-07  1.393E-08
                4.337E-08  1.079E-07  2.577E-07  8.669E-08  1.614E-08  1.084E-07
                5.020E-07  2.163E-06  4.316E-08  5.984E-08  2.240E-07  5.397E-07
                1.038E-07  2.341E-06  1.015E-06  1.173E-07  1.635E-07  2.694E-08
                1.382E-06  1.562E-07  3.015E-08  2.730E-07  9.825E-08  6.428E-08
                2.497E-07  3.097E-07  7.854E-07  3.468E-06  7.422E-08  8.151E-08
                3.975E-08  1.368E-08  8.615E-08  4.265E-08  7.217E-08  4.004E-07
                1.493E-07  5.846E-08  2.218E-07  6.634E-07  1.797E-06  1.003E-07
                1.562E-07  1.055E-07  8.562E-08  1.230E-07  1.780E-07  5.906E-08
                3.442E-08  6.931E-08  1.560E-06  1.682E-07  4.086E-07  5.455E-06
                5.138E-08  1.802E-08  1.094E-07  3.122E-07  7.271E-07  8.886E-08
                1.309E-07  1.632E-07  7.054E-09  2.160E-08  3.678E-08  2.171E-08
                8.067E-07  2.473E-07  3.910E-07  2.360E-07  1.473E-06  9.806E-09
                1.886E-08  1.285E-07  1.925E-08  1.498E-06  1.357E-07
1.77698499E+02  1.418E-03  4.569E-04  1.489E-03  1.271E-04  6.244E-04  4.338E-03
                5.074E-04  7.031E-07  4.051E-05  1.440E-05  4.893E-07  2.275E-03
                7.365E-07  3.954E-05  5.719E-06  1.909E-07  3.379E-07  5.988E-07
                2.077E-07  6.998E-07  3.702E-07  3.256E-08  4.458E-07  2.909E-07
                5.231E-07  5.824E-07  4.310E-07  1.941E-07  5.812E-07  6.129E-07
                5.161E-07  6.839E-08  1.765E-06  7.282E-07  6.807E-08  4.718E-07
                2.330E-10  2.834E-08  1.489E-07  7.543E-07  2.050E-06  1.092E-07
                8.816E-07  6.750E-08  7.867E-08  8.015E-08  8.701E-08  1.309E-06
                4.555E-06  1.083E-08  2.674E-07  4.455E-07  1.942E-08  2.110E-08
                4.196E-07  1.238E-07  1.373E-07  2.814E-06  8.154E-07  3.470E-07
                2.257E-07  7.888E-10  2.644E-09  1.190E-10  6.287E-08  2.591E-07
                3.245E-08  3.222E-08  1.805E-07  6.007E-07  1.002E-06  1.682E-06
                5.774E-07  2.276E-07  2.458E-08  6.635E-08  1.319E-07  3.411E-08
                8.630E-08  1.297E-08  3.037E-07  8.334E-07  1.564E-07  4.904E-08
                1.018E-06  4.499E-06  4.840E-11  3.030E-10  6.423E-10  5.744E-10
                1.002E-10  2.705E-08  1.784E-07  3.817E-07  1.076E-07  2.668E-08
                3.651E-07  1.084E-06  3.662E-07  2.087E-06  7.708E-09  3.912E-08
                9.139E-08  1.949E-07  5.199E-08  1.555E-08  3.645E-08  9.902E-08
                1.391E-08  2.246E-07  1.023E-06  2.760E-07  7.415E-07  9.751E-09
                8.969E-06  2.724E-07  1.994E-07  1.444E-07  8.455E-09  5.369E-08
                1.399E-07  1.400E-07  2.391E-06  1.389E-07  1.562E-07  9.121E-07
                1.311E-07  4.797E-08  8.773E-07  5.466E-06  2.241E-07  5.871E-07
                4.898E-07  1.540E-08  3.676E-08  6.772E-08  7.525E-08  1.021E-08
                3.091E-08  7.623E-08  1.816E-07  6.698E-08  1.288E-08  8.757E-08
                4.073E-07  1.761E-06  3.643E-08  4.311E-08  1.565E-07  4.321E-07
                8.344E-08  1.900E-06  8.241E-07  9.491E-08  1.342E-07  2.092E-08
                1.122E-06  1.284E-07  2.294E-08  1.936E-07  7.226E-08  4.838E-08
                2.061E-07  1.818E-07  5.622E-07  3.029E-06  5.060E-08  5.934E-08
                2.835E-08  9.594E-09  5.203E-08  3.434E-08  5.839E-08  2.456E-07
                1.218E-07  4.242E-08  1.724E-07  5.332E-07  1.457E-06  8.715E-08
                1.318E-07  7.329E-08  6.197E-08  8.702E-08  1.274E-07  4.248E-08
                2.719E-08  5.118E-08  1.346E-06  1.076E-07  3.523E-07  4.706E-06
                3.896E-08  1.299E-08  7.297E-08  2.257E-07  5.470E-07  5.623E-08
                8.576E-08  1.144E-07  6.534E-09  2.566E-08  2.842E-08  1.775E-08
                6.576E-07  2.009E-07  3.166E-07  1.840E-07  1.181E-06  7.685E-09
                1.522E-08  1.036E-07  1.464E-08  1.216E-06  1.077E-07
1.91306499E+02  1.021E-03  3.313E-04  1.080E-03  9.278E-05  4.563E-04  3.856E-03
                4.509E-04  3.318E-07  3.616E-05  1.195E-05  3.515E-07  2.085E-03
                5.813E-07  3.393E-05  4.928E-06  1.416E-07  2.540E-07  5.036E-07
                1.516E-07  5.669E-07  2.581E-07  2.579E-08  3.552E-07  2.497E-07
                4.446E-07  4.957E-07  3.729E-07  1.280E-07  4.030E-07  4.420E-07
                4.232E-07  4.668E-08  1.169E-06  5.493E-07  4.333E-08  3.153E-07
                1.874E-10  2.080E-08  1.104E-07  5.138E-07  1.388E-06  7.174E-08
                5.823E-07  5.747E-08  6.585E-08  6.453E-08  6.285E-08  1.131E-06
                3.159E-06  7.331E-09  2.217E-07  3.836E-07  1.424E-08  1.344E-08
                2.760E-07  8.148E-08  1.094E-07  2.354E-06  6.051E-07  2.424E-07
                1.521E-07  7.414E-10  2.308E-09  9.474E-11  4.806E-08  1.713E-07
                2.273E-08  2.249E-08  1.278E-07  4.201E-07  6.881E-07  1.312E-06
                5.079E-07  2.214E-07  1.836E-08  4.464E-08  9.130E-08  2.170E-08
                6.843E-08  1.089E-08  2.417E-07  6.592E-07  1.064E-07  3.354E-08
                6.944E-07  3.067E-06  3.727E-11  2.333E-10  4.885E-10  4.281E-10
                7.863E-11  2.084E-08  1.334E-07  2.903E-07  8.246E-08  1.829E-08
                2.934E-07  8.835E-07  2.466E-07  1.415E-06  5.963E-09  3.108E-08
                6.964E-08  1.458E-07  4.919E-08  1.455E-08  2.988E-08  7.881E-08
                1.112E-08  1.772E-07  9.958E-07  2.701E-07  5.576E-07  7.898E-09
                6.749E-06  2.050E-07  1.602E-07  1.154E-07  6.793E-09  4.263E-08
                1.086E-07  1.075E-07  1.632E-06  1.276E-07  1.450E-07  6.604E-07
                9.148E-08  3.856E-08  6.697E-07  4.156E-06  2.094E-07  5.552E-07
                3.669E-07  1.308E-08  3.081E-08  5.613E-08  6.191E-08  8.150E-09
                2.590E-08  6.501E-08  1.562E-07  4.893E-08  1.011E-08  6.839E-08
                3.168E-07  1.375E-06  2.903E-08  3.564E-08  1.351E-07  3.142E-07
                5.867E-08  1.459E-06  6.305E-07  7.253E-08  1.125E-07  1.625E-08
                8.532E-07  1.002E-07  1.603E-08  1.443E-07  5.264E-08  3.775E-08
                1.642E-07  1.552E-07  4.542E-07  2.373E-06  3.980E-08  4.755E-08
                2.331E-08  7.918E-09  5.020E-08  2.682E-08  4.513E-08  2.461E-07
                9.232E-08  3.479E-08  1.373E-07  4.154E-07  1.122E-06  6.844E-08
                1.005E-07  6.072E-08  4.510E-08  6.761E-08  9.542E-08  3.253E-08
                2.568E-08  4.052E-08  1.083E-06  1.013E-07  2.791E-07  3.760E-06
                2.947E-08  1.012E-08  6.235E-08  1.738E-07  4.109E-07  5.220E-08
                7.666E-08  9.257E-08  3.853E-09  1.147E-08  1.903E-08  1.355E-08
                5.394E-07  1.635E-07  2.540E-07  1.457E-07  9.611E-07  5.642E-09
                1.064E-08  8.554E-08  1.205E-08  9.961E-07  8.724E-08
