          16           7
         215          13           1           1
           0          -4           0          -4           0          -6           0          -2           0          -4           0           6           0           4           0           2           0           4           0           6           0           2           0           4           0           2           0          -4           0          -2           0           2           0           4           0           6           0           2           0           4           0           6           0           4           0          -2           0          -2           0          -4           0          -6           0          -8           0          -2           0          -4           0          -6           0          -4           0           2           0          -4           0          -6           0          -2           0          -4           0          -6           0          -6           0          -8           0          -4           0          -6           0          -2           0          -4           0           4           0           6           0           8           0          10           0           4           0          -4           0           2           0           6           0           4           0           8           0           2           0          -4           0          -2           0           6           0           6           0           4           0           2           0           8           0           4           0           6           0           8           0           4           0           6           0           8           0          10           0           4           0           6           0           8           0           6           0           4           0           2           0           6           0           2           0           4           0           2           0          -4           0          -2           0          -6           0          -8           0           6           0           4           0          -4           0          -6           0          -2           0          -4           0          -6           0          -8           0         -10           0          -2           0          -4           0          -6           0          -4           0          -2           0          -6           0          -8           0          -2           0          -4           0           2           0           4           0           6           0           8           0           4           0           4           0           6           0           8           0           2           0          10           0           8           0           6           0           4           0           2           0           6           0           6           0           4           0           4           0           2           0           4           0           6           0           8           0          -4           0           2           0           4           0          -6           0          -4           0           2           0           4           0           6           0           4           0           6           0          -2           0          -4           0          -6           0          -8           0         -10           0          -6           0          -8           0         -10           0         -12           0           2           0          -2           0          -4           0          -6           0          -8           0          -2           0          -8           0         -10           0          -4           0          -2           0          -6           0          -4           0          -2           0          -4           0          -2           0          -4           0          -6           0          -4           0          -8           0          -6           0           2           0           4           0           2           0           4           0           6           0         -10           0          -8           0          -6           0          -4           0           6           0          -2           0          -4           0           8           0          -6           0          -2           0          -4           0          -6           0          -8           0           4           0           6           0          -4           0          -6           0          -6           0          -8           0          -2           0           2           0          -4           0           4           0           6           0           4           0           4           0           2           0           2           0          -4           0          -6           0          -8           0          -2           0          -4           0          -6           0          -8           0         -10           0          -8           0          -6           0          -4           0          -2           0          -2           0          -4           0          -6           0          -6           0          -8           0          -4           0          -2           0          -6           0          -4
    0.000000E+00    9.645106E-03    9.843162E-03    1.435602E-02    1.458263E-02
    4.247197E-02    4.320385E-02    4.360158E-02    5.944295E-02    5.948713E-02
    6.922989E-02    7.316769E-02    7.411300E-02    1.134727E-01    1.147319E-01
    2.354040E-01    2.358931E-01    2.366026E-01    2.382857E-01    2.391328E-01
    2.438023E-01    2.438287E-01    2.461520E-01    2.471700E-01    2.474363E-01
    2.479076E-01    2.485433E-01    2.486026E-01    2.487216E-01    2.491410E-01
    2.502551E-01    2.507374E-01    2.510783E-01    2.511300E-01    2.524691E-01
    2.524772E-01    2.554279E-01    2.561102E-01    2.563381E-01    2.591442E-01
    2.591854E-01    2.609226E-01    2.615363E-01    2.619649E-01    2.622131E-01
    2.625883E-01    2.631076E-01    2.632646E-01    2.633261E-01    2.634365E-01
    2.637297E-01    2.638533E-01    2.640096E-01    2.643758E-01    2.644930E-01
    2.645338E-01    2.648466E-01    2.652759E-01    2.655531E-01    2.656939E-01
    2.657640E-01    2.676748E-01    2.677713E-01    2.679166E-01    2.688115E-01
    2.690337E-01    2.711118E-01    2.712141E-01    2.720014E-01    2.721113E-01
    2.724223E-01    2.724984E-01    2.725578E-01    2.726085E-01    2.727219E-01
    2.737570E-01    2.740430E-01    2.746587E-01    2.763855E-01    2.763956E-01
    2.763957E-01    2.764682E-01    2.789238E-01    2.791446E-01    2.808157E-01
    2.808428E-01    2.816082E-01    2.816156E-01    2.816277E-01    2.816445E-01
    2.816660E-01    2.832213E-01    2.832636E-01    2.833497E-01    2.872720E-01
    2.872722E-01    2.872783E-01    2.873017E-01    2.873787E-01    2.874354E-01
    2.875828E-01    2.876419E-01    2.877951E-01    2.879672E-01    2.884374E-01
    2.885530E-01    2.886000E-01    2.886971E-01    2.887362E-01    2.888178E-01
    2.901974E-01    2.902310E-01    2.934227E-01    2.936053E-01    2.936679E-01
    2.948139E-01    2.948751E-01    2.949134E-01    2.954910E-01    2.955387E-01
    2.955818E-01    2.956302E-01    2.974080E-01    2.974265E-01    2.978254E-01
    2.979930E-01    2.980044E-01    2.981863E-01    2.981951E-01    2.982014E-01
    2.986863E-01    2.989406E-01    2.997979E-01    3.013547E-01    3.014398E-01
    3.015665E-01    3.017420E-01    3.025165E-01    3.025355E-01    3.025686E-01
    3.026262E-01    3.032771E-01    3.036433E-01    3.036673E-01    3.036996E-01
    3.037196E-01    3.041292E-01    3.046134E-01    3.046301E-01    3.048276E-01
    3.048611E-01    3.049614E-01    3.051740E-01    3.052844E-01    3.060373E-01
    3.062721E-01    3.065126E-01    3.067251E-01    3.072820E-01    3.083217E-01
    3.083847E-01    3.085481E-01    3.086063E-01    3.093086E-01    3.093690E-01
    3.093750E-01    3.093804E-01    3.094500E-01    3.095030E-01    3.095365E-01
    3.096086E-01    3.096683E-01    3.098305E-01    3.098337E-01    3.100372E-01
    3.110986E-01    3.111053E-01    3.111248E-01    3.111449E-01    3.124031E-01
    3.124222E-01    3.126400E-01    3.132139E-01    3.132929E-01    3.134326E-01
    3.163175E-01    3.165548E-01    3.167011E-01    3.167161E-01    3.173537E-01
    3.174815E-01    3.194473E-01    3.198310E-01    3.206567E-01    3.235572E-01
    3.235827E-01    3.236877E-01    3.236885E-01    3.238034E-01    3.239013E-01
    3.239634E-01    3.240075E-01    3.245628E-01    3.245933E-01    3.263728E-01
    3.264517E-01    3.271738E-01    3.284075E-01    3.287843E-01    3.314323E-01
    3.314556E-01    3.324856E-01    3.325179E-01    3.327131E-01    3.333147E-01
           0           4           0           1
  -28.010499495533246               13
3.61752995E+01  1.786E-01  5.857E-02  1.908E-01  1.643E-02  8.110E-02  1.073E-01
                1.272E-02  1.132E-04  1.396E-03  1.034E-03  3.965E-04  5.442E-02
                2.269E-04
4.97832995E+01  7.396E-02  2.396E-02  7.911E-02  6.649E-03  3.262E-02  6.228E-02
                7.292E-03  4.071E-05  6.378E-04  4.655E-04  4.409E-05  2.867E-02
                6.250E-05  1.652E-03  2.377E-04  2.088E-05  3.409E-05  2.523E-05
                1.190E-05  2.696E-05  1.903E-04  1.050E-04  3.833E-05  8.239E-06
                1.838E-05  2.424E-05  2.916E-05  1.894E-05  5.293E-05  4.922E-05
                1.920E-05  1.741E-06  2.126E-04  8.016E-05  3.001E-06  3.083E-05
                3.023E-08  8.915E-05  9.522E-05  8.597E-05  1.642E-04  1.731E-05
                7.174E-05  1.879E-06  2.946E-06  6.634E-06  1.336E-05  2.872E-05
                2.136E-04  2.049E-06  1.896E-05  1.363E-05  3.543E-06  2.535E-06
                5.296E-05  1.501E-05  7.700E-06  1.730E-04  9.040E-05  3.967E-05
                3.265E-05  5.574E-08  6.275E-08  2.369E-08
6.33912995E+01  3.703E-02  1.190E-02  3.883E-02  3.301E-03  1.617E-02  4.070E-02
                4.771E-03  1.798E-05  3.945E-04  2.180E-04  2.559E-05  1.926E-02
                2.532E-05  8.871E-04  1.287E-04  8.694E-06  1.395E-05  1.274E-05
                9.639E-06  1.566E-05  9.413E-06  5.195E-07  1.377E-05  2.087E-06
                4.824E-06  5.838E-06  4.592E-06  8.576E-06  2.416E-05  2.571E-05
                1.033E-05  1.820E-06  8.265E-05  2.460E-05  2.674E-06  1.785E-05
                9.882E-09  1.606E-06  9.740E-06  2.728E-05  7.895E-05  4.481E-06
                3.310E-05  5.000E-07  1.037E-06  1.867E-06  4.362E-06  8.055E-06
                1.149E-04  5.988E-07  6.036E-06  3.468E-06  1.348E-06  6.837E-07
                1.782E-05  6.072E-06  2.651E-06  4.729E-05  2.989E-05  1.556E-05
                1.082E-05  1.362E-08  2.701E-08  2.454E-08  2.502E-06  2.126E-05
                7.381E-07  1.066E-07  4.597E-06  1.547E-05  3.113E-05  1.722E-05
                7.663E-06  3.850E-06  1.021E-06  2.258E-06  6.403E-06  3.304E-06
                1.954E-06  3.259E-07  6.818E-06  1.909E-05  8.179E-06  1.733E-06
                1.945E-05  8.675E-05  1.032E-08  3.902E-08  8.827E-08  1.232E-07
                2.514E-08  4.898E-07  3.418E-06  7.099E-06  1.263E-06  4.081E-07
                3.423E-06  9.123E-06  7.570E-06  4.034E-05  6.234E-08  5.610E-07
                9.961E-07  2.352E-06  2.111E-06  4.554E-07  5.861E-07  1.579E-06
                3.048E-07  3.483E-06  1.713E-05  5.025E-06  9.585E-06  1.381E-07
                1.169E-04  3.016E-06  2.595E-06  1.601E-06  9.213E-08  7.399E-07
                1.768E-06  1.348E-06  4.611E-05  2.548E-06  2.798E-06  1.417E-05
                2.393E-06  8.395E-07  1.079E-05  6.315E-05  3.518E-06  1.018E-05
                1.155E-05  6.989E-07  1.734E-06  3.236E-06  4.570E-06  3.656E-07
                1.279E-06  3.401E-06  8.627E-06  1.122E-06  4.074E-07  1.892E-06
                6.792E-06  2.343E-05  1.304E-06  3.057E-06  1.373E-05  7.212E-06
                1.363E-06  2.365E-05  1.061E-05  1.245E-06  3.050E-06  8.032E-07
                1.546E-05  5.878E-06  1.241E-06  6.679E-06  2.688E-06  6.339E-07
                3.329E-06  4.459E-06  9.784E-06  4.186E-05  2.153E-06  1.813E-06
                9.411E-07  3.344E-07  1.346E-06  6.686E-07  1.218E-06  6.552E-06
                1.805E-06  1.107E-06  2.840E-06  7.096E-06  1.903E-05  1.447E-06
                1.995E-06  2.390E-06  2.564E-06  3.735E-06  5.584E-06  1.379E-06
                2.491E-07  1.519E-06  1.372E-05  1.291E-06  3.692E-06  3.967E-05
                3.916E-07  2.508E-07  5.508E-06  1.134E-05  2.003E-05  4.983E-06
                6.422E-06  6.506E-06  5.525E-07  9.688E-07  1.034E-06  5.234E-07
                3.756E-06  1.319E-06  1.996E-06  3.234E-06  1.330E-05  2.211E-07
                4.131E-07  4.525E-07  1.750E-07  8.983E-06  1.451E-06
7.69992995E+01  2.072E-02  6.634E-03  2.167E-02  1.838E-03  9.015E-03  2.808E-02
                3.288E-03  9.555E-06  2.690E-04  1.329E-04  1.294E-05  1.369E-02
                1.407E-05  5.221E-04  7.570E-05  4.705E-06  7.658E-06  7.390E-06
                5.640E-06  9.626E-06  6.700E-06  3.772E-07  6.654E-06  1.254E-06
                2.832E-06  3.341E-06  2.260E-06  5.357E-06  1.377E-05  1.479E-05
                5.391E-06  1.286E-06  3.844E-05  1.263E-05  1.495E-06  9.367E-06
                5.271E-09  8.148E-07  4.820E-06  1.367E-05  3.987E-05  2.181E-06
                1.640E-05  2.516E-07  4.694E-07  7.945E-07  1.859E-06  4.658E-06
                6.181E-05  2.669E-07  2.615E-06  1.923E-06  4.920E-07  3.084E-07
                8.755E-06  2.855E-06  1.340E-06  2.264E-05  1.530E-05  8.580E-06
                5.294E-06  8.869E-09  1.532E-08  1.580E-09  9.948E-07  8.190E-06
                4.486E-07  1.540E-07  2.827E-06  9.425E-06  1.790E-05  1.247E-05
                4.718E-06  2.031E-06  5.053E-07  1.234E-06  2.816E-06  1.196E-06
                1.249E-06  1.726E-07  4.580E-06  1.273E-05  3.659E-06  8.616E-07
                1.193E-05  5.333E-05  4.689E-10  2.721E-09  6.360E-09  7.214E-09
                1.923E-09  4.286E-07  2.539E-06  5.188E-06  6.017E-07  1.614E-07
                1.920E-06  5.547E-06  4.210E-06  2.385E-05  6.230E-08  3.171E-07
                7.564E-07  1.588E-06  3.580E-07  1.322E-07  3.931E-07  1.010E-06
                1.576E-07  2.075E-06  1.359E-05  3.522E-06  6.071E-06  9.483E-08
                7.278E-05  2.254E-06  1.726E-06  1.122E-06  6.587E-08  5.185E-07
                1.248E-06  1.162E-06  3.090E-05  1.321E-06  1.405E-06  1.067E-05
                1.580E-06  5.248E-07  6.531E-06  3.972E-05  2.728E-06  7.071E-06
                6.878E-06  3.027E-07  7.434E-07  1.409E-06  2.016E-06  1.783E-07
                6.451E-07  1.668E-06  3.964E-06  8.019E-07  1.853E-07  8.985E-07
                3.595E-06  1.388E-05  5.549E-07  1.188E-06  4.767E-06  4.843E-06
                9.395E-07  1.540E-05  6.778E-06  8.378E-07  1.496E-06  3.784E-07
                8.565E-06  2.221E-06  5.517E-07  3.987E-06  1.364E-06  3.886E-07
                1.585E-06  2.668E-06  6.039E-06  2.415E-05  1.260E-06  9.611E-07
                4.631E-07  1.649E-07  6.318E-07  3.522E-07  6.285E-07  2.510E-06
                1.148E-06  5.955E-07  1.710E-06  4.445E-06  1.179E-05  6.670E-07
                8.156E-07  1.372E-06  1.341E-06  1.673E-06  2.657E-06  8.344E-07
                1.245E-07  8.575E-07  8.856E-06  1.202E-06  2.397E-06  2.956E-05
                2.632E-07  1.346E-07  2.277E-06  5.104E-06  1.001E-05  2.000E-06
                2.646E-06  2.790E-06  1.564E-07  2.422E-07  5.844E-07  2.920E-07
                3.761E-06  1.206E-06  2.059E-06  1.800E-06  8.487E-06  1.234E-07
                2.234E-07  6.768E-07  1.687E-07  7.653E-06  8.022E-07
9.06072995E+01  1.255E-02  4.019E-03  1.312E-02  1.113E-03  5.460E-03  2.011E-02
                2.355E-03  5.935E-06  1.914E-04  8.780E-05  7.246E-06  9.983E-03
                8.402E-06  3.229E-04  4.677E-05  2.638E-06  4.370E-06  4.425E-06
                3.305E-06  6.029E-06  4.492E-06  2.559E-07  4.002E-06  9.110E-07
                1.977E-06  2.313E-06  1.492E-06  3.279E-06  8.266E-06  9.014E-06
                3.323E-06  8.562E-07  1.985E-05  7.250E-06  9.234E-07  5.507E-06
                3.470E-09  4.550E-07  2.631E-06  7.576E-06  2.200E-05  1.204E-06
                9.240E-06  1.565E-07  2.587E-07  4.034E-07  9.152E-07  3.709E-06
                3.808E-05  1.467E-07  1.535E-06  1.418E-06  2.642E-07  1.692E-07
                4.853E-06  1.589E-06  8.171E-07  1.405E-05  8.651E-06  4.851E-06
                2.950E-06  5.875E-09  1.106E-08  1.111E-09  4.983E-07  3.840E-06
                2.866E-07  1.573E-07  1.725E-06  5.786E-06  1.071E-05  9.368E-06
                3.538E-06  1.503E-06  2.776E-07  7.200E-07  1.481E-06  5.649E-07
                8.712E-07  1.159E-07  3.233E-06  8.962E-06  1.933E-06  5.012E-07
                7.741E-06  3.461E-05  3.038E-10  1.829E-09  4.232E-09  4.616E-09
                1.080E-09  3.032E-07  1.811E-06  3.716E-06  4.340E-07  1.041E-07
                1.469E-06  4.338E-06  2.752E-06  1.557E-05  4.550E-08  2.154E-07
                5.633E-07  1.188E-06  1.255E-07  7.149E-08  2.866E-07  7.320E-07
                1.018E-07  1.494E-06  9.765E-06  2.534E-06  3.984E-06  6.492E-08
                4.792E-05  1.628E-06  1.219E-06  8.094E-07  5.111E-08  3.896E-07
                9.266E-07  9.050E-07  2.020E-05  9.999E-07  1.062E-06  7.015E-06
                1.023E-06  3.697E-07  4.414E-06  2.668E-05  1.981E-06  5.163E-06
                4.767E-06  1.648E-07  4.020E-07  7.575E-07  1.042E-06  9.699E-08
                3.389E-07  8.688E-07  2.062E-06  5.259E-07  1.076E-07  5.651E-07
                2.359E-06  9.422E-06  3.224E-07  5.024E-07  2.020E-06  3.199E-06
                6.140E-07  1.038E-05  4.562E-06  5.495E-07  9.078E-07  2.194E-07
                6.013E-06  1.232E-06  3.012E-07  2.375E-06  7.630E-07  2.741E-07
                9.969E-07  1.859E-06  4.154E-06  1.543E-05  6.783E-07  5.519E-07
                2.648E-07  9.461E-08  4.361E-07  2.159E-07  3.772E-07  1.768E-06
                7.239E-07  3.541E-07  1.097E-06  2.984E-06  7.975E-06  4.397E-07
                5.786E-07  7.619E-07  7.436E-07  8.992E-07  1.391E-06  5.042E-07
                8.037E-08  5.221E-07  6.254E-06  7.865E-07  1.684E-06  2.157E-05
                2.003E-07  8.970E-08  1.098E-06  2.666E-06  5.505E-06  9.209E-07
                1.277E-06  1.436E-06  5.898E-08  8.233E-08  3.365E-07  1.602E-07
                2.875E-06  9.152E-07  1.552E-06  1.148E-06  5.905E-06  7.398E-08
                1.340E-07  4.997E-07  1.132E-07  5.586E-06  5.403E-07
1.04215299E+02  8.014E-03  2.563E-03  8.379E-03  7.085E-04  3.480E-03  1.500E-02
                1.756E-03  3.609E-06  1.421E-04  6.051E-05  4.322E-06  7.609E-03
                5.272E-06  2.157E-04  3.127E-05  1.602E-06  2.685E-06  2.849E-06
                2.029E-06  3.902E-06  2.928E-06  1.724E-07  2.571E-06  8.074E-07
                1.638E-06  1.881E-06  1.209E-06  2.032E-06  5.116E-06  5.615E-06
                2.320E-06  5.549E-07  1.106E-05  4.479E-06  5.833E-07  3.391E-06
                2.313E-09  2.689E-07  1.521E-06  4.470E-06  1.281E-05  7.041E-07
                5.528E-06  1.182E-07  1.729E-07  2.415E-07  5.054E-07  3.044E-06
                2.461E-05  8.385E-08  1.019E-06  1.110E-06  1.512E-07  9.719E-08
                2.842E-06  9.305E-07  5.508E-07  9.760E-06  5.364E-06  2.963E-06
                1.789E-06  4.112E-09  8.343E-09  7.794E-10  2.892E-07  2.050E-06
                1.925E-07  1.365E-07  1.131E-06  3.787E-06  6.814E-06  6.936E-06
                2.675E-06  1.144E-06  1.624E-07  4.391E-07  8.623E-07  3.017E-07
                5.938E-07  7.892E-08  2.206E-06  6.099E-06  1.132E-06  3.134E-07
                5.172E-06  2.312E-05  2.085E-10  1.284E-09  2.931E-09  3.087E-09
                6.842E-10  2.057E-07  1.236E-06  2.554E-06  3.290E-07  7.482E-08
                1.143E-06  3.405E-06  1.841E-06  1.043E-05  3.401E-08  1.589E-07
                4.216E-07  8.886E-07  8.345E-08  4.856E-08  2.059E-07  5.316E-07
                7.316E-08  1.096E-06  6.992E-06  1.819E-06  2.782E-06  4.387E-08
                3.345E-05  1.195E-06  8.768E-07  5.992E-07  3.932E-08  2.880E-07
                6.840E-07  6.873E-07  1.345E-05  7.544E-07  8.022E-07  4.785E-06
                6.899E-07  2.687E-07  3.156E-06  1.901E-05  1.418E-06  3.709E-06
                3.230E-06  1.036E-07  2.504E-07  4.677E-07  6.191E-07  6.149E-08
                2.065E-07  5.238E-07  1.243E-06  3.601E-07  6.832E-08  3.828E-07
                1.648E-06  6.731E-06  1.984E-07  2.717E-07  1.082E-06  2.189E-06
                4.167E-07  7.365E-06  3.228E-06  3.834E-07  5.927E-07  1.355E-07
                4.330E-06  7.453E-07  1.775E-07  1.495E-06  4.753E-07  2.015E-07
                7.115E-07  1.284E-06  2.907E-06  1.080E-05  4.129E-07  3.554E-07
                1.714E-07  6.119E-08  3.031E-07  1.464E-07  2.518E-07  1.256E-06
                4.961E-07  2.353E-07  7.629E-07  2.123E-06  5.676E-06  3.138E-07
                4.466E-07  4.800E-07  4.540E-07  5.570E-07  8.437E-07  3.191E-07
                6.372E-08  3.343E-07  4.632E-06  5.438E-07  1.242E-06  1.622E-05
                1.563E-07  6.398E-08  6.080E-07  1.574E-06  3.383E-06  4.935E-07
                7.072E-07  8.367E-07  2.818E-08  4.159E-08  2.095E-07  9.941E-08
                2.192E-06  6.924E-07  1.163E-06  7.998E-07  4.350E-06  4.650E-08
                8.574E-08  3.705E-07  7.602E-08  4.203E-06  3.956E-07
1.17823299E+02  5.439E-03  1.745E-03  5.699E-03  4.835E-04  2.374E-03  1.146E-02
                1.341E-03  2.539E-06  1.080E-04  4.402E-05  2.677E-06  5.843E-03
                3.459E-06  1.489E-04  2.156E-05  9.350E-07  1.594E-06  1.839E-06
                1.201E-06  2.556E-06  1.941E-06  1.189E-07  1.763E-06  6.298E-07
                1.243E-06  1.420E-06  9.320E-07  1.288E-06  3.294E-06  3.600E-06
                1.613E-06  3.677E-07  7.139E-06  2.937E-06  3.824E-07  2.245E-06
                1.460E-09  1.667E-07  9.281E-07  2.958E-06  8.384E-06  4.629E-07
                3.676E-06  1.094E-07  1.439E-07  1.782E-07  3.197E-07  2.617E-06
                1.705E-05  5.170E-08  7.390E-07  9.248E-07  9.175E-08  6.674E-08
                1.854E-06  5.981E-07  4.013E-07  7.332E-06  3.491E-06  1.854E-06
                1.137E-06  2.775E-09  6.399E-09  5.311E-10  1.960E-07  1.257E-06
                1.316E-07  1.086E-07  7.556E-07  2.534E-06  4.484E-06  5.227E-06
                1.938E-06  8.032E-07  1.054E-07  2.916E-07  5.635E-07  1.831E-07
                4.154E-07  5.562E-08  1.532E-06  4.232E-06  7.258E-07  2.087E-07
                3.702E-06  1.658E-05  1.529E-10  9.474E-10  2.132E-09  2.169E-09
                4.430E-10  1.417E-07  8.748E-07  1.797E-06  2.610E-07  5.987E-08
                9.090E-07  2.720E-06  1.335E-06  7.533E-06  2.580E-08  1.197E-07
                3.156E-07  6.692E-07  6.915E-08  3.725E-08  1.465E-07  3.809E-07
                5.119E-08  7.945E-07  4.742E-06  1.240E-06  2.088E-06  3.178E-08
                2.509E-05  8.873E-07  6.484E-07  4.510E-07  2.916E-08  2.086E-07
                5.028E-07  5.145E-07  9.636E-06  5.475E-07  5.851E-07  3.338E-06
                4.850E-07  1.967E-07  2.396E-06  1.447E-05  9.880E-07  2.591E-06
                2.299E-06  6.568E-08  1.584E-07  2.955E-07  3.775E-07  4.046E-08
                1.298E-07  3.252E-07  7.699E-07  2.513E-07  4.691E-08  2.772E-07
                1.222E-06  5.084E-06  1.364E-07  1.496E-07  5.836E-07  1.537E-06
                2.961E-07  5.555E-06  2.429E-06  2.852E-07  4.240E-07  8.923E-08
                3.310E-06  4.975E-07  1.127E-07  9.490E-07  3.051E-07  1.504E-07
                5.396E-07  8.796E-07  2.067E-06  8.025E-06  2.599E-07  2.372E-07
                1.139E-07  4.047E-08  2.119E-07  1.069E-07  1.821E-07  8.983E-07
                3.665E-07  1.579E-07  5.482E-07  1.583E-06  4.274E-06  2.348E-07
                3.522E-07  3.037E-07  2.902E-07  3.544E-07  5.297E-07  2.059E-07
                5.224E-08  2.219E-07  3.538E-06  3.859E-07  9.433E-07  1.248E-05
                1.232E-07  4.743E-08  3.533E-07  9.871E-07  2.217E-06  2.733E-07
                4.081E-07  5.146E-07  1.566E-08  3.372E-08  1.337E-07  6.470E-08
                1.742E-06  5.465E-07  9.112E-07  5.914E-07  3.359E-06  3.025E-08
                5.536E-08  2.864E-07  5.235E-08  3.302E-06  3.050E-07
1.31431299E+02  3.740E-03  1.198E-03  3.918E-03  3.313E-04  1.629E-03  8.973E-03
                1.050E-03  1.628E-06  8.459E-05  3.261E-05  1.758E-06  4.673E-03
                2.344E-06  1.064E-04  1.543E-05  6.065E-07  1.048E-06  1.315E-06
                7.769E-07  1.793E-06  1.303E-06  8.423E-08  1.300E-06  5.410E-07
                1.036E-06  1.179E-06  7.985E-07  8.291E-07  2.176E-06  2.387E-06
                1.213E-06  2.445E-07  4.647E-06  2.014E-06  2.515E-07  1.497E-06
                1.019E-09  1.073E-07  5.890E-07  1.956E-06  5.457E-06  3.004E-07
                2.421E-06  8.960E-08  1.120E-07  1.291E-07  2.056E-07  2.157E-06
                1.182E-05  3.212E-08  5.476E-07  7.502E-07  5.622E-08  4.496E-08
                1.196E-06  3.833E-07  2.939E-07  5.581E-06  2.389E-06  1.236E-06
                7.455E-07  2.211E-09  5.259E-09  3.798E-10  1.362E-07  7.813E-07
                9.364E-08  8.143E-08  5.323E-07  1.783E-06  3.096E-06  3.945E-06
                1.546E-06  6.650E-07  7.026E-08  1.988E-07  3.749E-07  1.124E-07
                2.979E-07  4.083E-08  1.095E-06  3.017E-06  4.805E-07  1.433E-07
                2.595E-06  1.162E-05  1.133E-10  7.109E-10  1.584E-09  1.572E-09
                3.168E-10  1.000E-07  6.181E-07  1.278E-06  2.075E-07  4.707E-08
                7.271E-07  2.179E-06  9.326E-07  5.269E-06  1.971E-08  9.239E-08
                2.404E-07  5.088E-07  6.090E-08  2.980E-08  1.113E-07  2.898E-07
                3.835E-08  6.096E-07  3.729E-06  9.800E-07  1.534E-06  2.394E-08
                1.839E-05  6.591E-07  4.875E-07  3.473E-07  2.247E-08  1.567E-07
                3.773E-07  3.894E-07  6.683E-06  4.349E-07  4.657E-07  2.378E-06
                3.419E-07  1.454E-07  1.785E-06  1.078E-05  7.638E-07  2.014E-06
                1.620E-06  4.912E-08  1.171E-07  2.159E-07  2.663E-07  2.991E-08
                9.575E-08  2.399E-07  5.704E-07  1.778E-07  3.298E-08  2.042E-07
                9.184E-07  3.874E-06  9.240E-08  1.176E-07  4.557E-07  1.099E-06
                2.098E-07  4.221E-06  1.840E-06  2.151E-07  3.069E-07  6.040E-08
                2.488E-06  3.374E-07  7.328E-08  6.558E-07  2.172E-07  1.175E-07
                4.206E-07  6.654E-07  1.558E-06  6.057E-06  1.815E-07  1.743E-07
                8.514E-08  3.011E-08  1.673E-07  7.932E-08  1.347E-07  7.325E-07
                2.739E-07  1.209E-07  4.208E-07  1.210E-06  3.246E-06  1.775E-07
                2.732E-07  2.287E-07  1.990E-07  2.642E-07  3.875E-07  1.410E-07
                4.723E-08  1.550E-07  2.717E-06  3.064E-07  7.192E-07  9.590E-06
                9.537E-08  3.542E-08  2.517E-07  6.948E-07  1.563E-06  2.013E-07
                2.965E-07  3.655E-07  1.194E-08  2.628E-08  8.909E-08  4.487E-08
                1.367E-06  4.258E-07  6.958E-07  4.452E-07  2.596E-06  2.127E-08
                4.016E-08  2.220E-07  3.833E-08  2.580E-06  2.391E-07
1.45039299E+02  2.758E-03  8.866E-04  2.894E-03  2.460E-04  1.208E-03  7.097E-03
                8.303E-04  1.324E-06  6.658E-05  2.517E-05  1.173E-06  3.681E-03
                1.625E-06  7.732E-05  1.119E-05  3.937E-07  6.894E-07  9.703E-07
                4.902E-07  1.286E-06  8.905E-07  6.181E-08  9.232E-07  4.325E-07
                8.121E-07  9.173E-07  6.398E-07  5.365E-07  1.455E-06  1.570E-06
                9.015E-07  1.672E-07  3.478E-06  1.444E-06  1.709E-07  1.060E-06
                6.329E-10  7.053E-08  3.819E-07  1.463E-06  4.049E-06  2.225E-07
                1.797E-06  8.900E-08  1.074E-07  1.167E-07  1.584E-07  1.875E-06
                8.886E-06  2.236E-08  4.351E-07  6.449E-07  3.909E-08  3.627E-08
                8.748E-07  2.723E-07  2.332E-07  4.492E-06  1.686E-06  8.233E-07
                5.137E-07  1.513E-09  4.168E-09  2.607E-10  1.076E-07  5.547E-07
                6.720E-08  6.365E-08  3.781E-07  1.264E-06  2.166E-06  3.053E-06
                1.104E-06  4.487E-07  5.014E-08  1.409E-07  2.710E-07  7.810E-08
                2.050E-07  2.857E-08  7.434E-07  2.048E-06  3.384E-07  1.027E-07
                1.985E-06  8.872E-06  8.755E-11  5.487E-10  1.203E-09  1.153E-09
                2.162E-10  6.764E-08  4.308E-07  8.915E-07  1.719E-07  4.080E-08
                5.934E-07  1.773E-06  7.198E-07  4.066E-06  1.480E-08  7.026E-08
                1.784E-07  3.804E-07  5.813E-08  2.350E-08  7.705E-08  2.040E-07
                2.765E-08  4.396E-07  2.371E-06  6.275E-07  1.246E-06  1.788E-08
                1.499E-05  5.062E-07  3.691E-07  2.639E-07  1.651E-08  1.116E-07
                2.768E-07  2.848E-07  5.005E-06  2.971E-07  3.223E-07  1.771E-06
                2.569E-07  1.040E-07  1.455E-06  8.889E-06  5.036E-07  1.325E-06
                1.148E-06  3.276E-08  7.839E-08  1.449E-07  1.728E-07  2.106E-08
                6.479E-08  1.604E-07  3.805E-07  1.321E-07  2.450E-08  1.575E-07
                7.184E-07  3.060E-06  6.965E-08  7.798E-08  2.928E-07  8.253E-07
                1.598E-07  3.332E-06  1.451E-06  1.684E-07  2.365E-07  4.294E-08
                1.981E-06  2.485E-07  5.091E-08  4.372E-07  1.503E-07  8.856E-08
                3.350E-07  4.329E-07  1.114E-06  4.888E-06  1.191E-07  1.219E-07
                5.879E-08  2.050E-08  1.117E-07  6.160E-08  1.044E-07  4.985E-07
                2.151E-07  8.436E-08  3.155E-07  9.419E-07  2.557E-06  1.433E-07
                2.229E-07  1.526E-07  1.364E-07  1.795E-07  2.635E-07  9.527E-08
                3.970E-08  1.081E-07  2.202E-06  2.140E-07  5.808E-07  7.764E-06
                7.359E-08  2.616E-08  1.602E-07  4.742E-07  1.109E-06  1.229E-07
                1.867E-07  2.437E-07  9.304E-09  2.949E-08  6.188E-08  3.311E-08
                1.104E-06  3.419E-07  5.550E-07  3.400E-07  2.053E-06  1.496E-08
                2.810E-08  1.766E-07  2.779E-08  2.066E-06  1.878E-07
1.58647299E+02  1.978E-03  6.363E-04  2.080E-03  1.767E-04  8.693E-04  5.883E-03
                6.881E-04  7.715E-07  5.526E-05  1.966E-05  8.034E-07  3.124E-03
                1.174E-06  6.030E-05  8.749E-06  2.836E-07  4.998E-07  7.746E-07
                3.414E-07  9.749E-07  6.004E-07  4.579E-08  6.997E-07  3.867E-07
                7.090E-07  7.965E-07  5.694E-07  3.494E-07  9.841E-07  1.073E-06
                7.308E-07  1.112E-07  2.376E-06  1.060E-06  1.124E-07  7.208E-07
                4.594E-10  4.814E-08  2.580E-07  1.018E-06  2.784E-06  1.502E-07
                1.225E-06  7.320E-08  8.642E-08  9.023E-08  1.104E-07  1.570E-06
                6.333E-06  1.483E-08  3.427E-07  5.370E-07  2.638E-08  2.499E-08
                5.890E-07  1.815E-07  1.775E-07  3.587E-06  1.210E-06  5.692E-07
                3.462E-07  1.290E-09  3.519E-09  1.955E-10  8.068E-08  3.688E-07
                4.810E-08  4.590E-08  2.708E-07  9.014E-07  1.519E-06  2.340E-06
                9.073E-07  3.910E-07  3.535E-08  9.732E-08  1.876E-07  5.071E-08
                1.491E-07  2.168E-08  5.384E-07  1.478E-06  2.326E-07  7.180E-08
                1.404E-06  6.263E-06  6.709E-11  4.221E-10  9.139E-10  8.560E-10
                1.650E-10  4.804E-08  3.033E-07  6.380E-07  1.355E-07  3.056E-08
                4.779E-07  1.437E-06  5.036E-07  2.861E-06  1.131E-08  5.501E-08
                1.358E-07  2.871E-07  5.496E-08  2.031E-08  5.978E-08  1.573E-07
                2.105E-08  3.411E-07  1.973E-06  5.256E-07  9.479E-07  1.388E-08
                1.141E-05  3.735E-07  2.862E-07  2.059E-07  1.286E-08  8.505E-08
                2.101E-07  2.154E-07  3.481E-06  2.433E-07  2.661E-07  1.298E-06
                1.843E-07  7.839E-08  1.121E-06  6.856E-06  4.093E-07  1.082E-06
                8.098E-07  2.642E-08  6.250E-08  1.142E-07  1.329E-07  1.641E-08
                5.175E-08  1.294E-07  3.091E-07  9.403E-08  1.844E-08  1.210E-07
                5.564E-07  2.389E-06  5.065E-08  6.660E-08  2.540E-07  6.072E-07
                1.155E-07  2.581E-06  1.120E-06  1.298E-07  1.828E-07  3.089E-08
                1.512E-06  1.800E-07  3.474E-08  3.155E-07  1.103E-07  6.903E-08
                2.670E-07  3.348E-07  8.632E-07  3.857E-06  8.865E-08  9.444E-08
                4.639E-08  1.615E-08  9.311E-08  4.742E-08  8.021E-08  4.302E-07
                1.648E-07  6.758E-08  2.497E-07  7.364E-07  1.983E-06  1.128E-07
                1.724E-07  1.210E-07  9.795E-08  1.387E-07  1.996E-07  6.888E-08
                3.619E-08  8.007E-08  1.761E-06  1.783E-07  4.593E-07  6.183E-06
                5.596E-08  1.970E-08  1.276E-07  3.573E-07  8.255E-07  1.039E-07
                1.532E-07  1.883E-07  7.051E-09  1.937E-08  4.278E-08  2.478E-08
                8.853E-07  2.723E-07  4.344E-07  2.645E-07  1.633E-06  1.108E-08
                2.107E-08  1.413E-07  2.166E-08  1.656E-06  1.500E-07
1.72255299E+02  1.530E-03  4.904E-04  1.601E-03  1.358E-04  6.679E-04  4.586E-03
                5.365E-04  7.624E-07  4.315E-05  1.552E-05  5.698E-07  2.432E-03
                8.243E-07  4.184E-05  6.055E-06  1.985E-07  3.561E-07  6.332E-07
                2.282E-07  7.700E-07  4.421E-07  3.679E-08  5.364E-07  2.352E-07
                4.396E-07  5.024E-07  3.821E-07  2.333E-07  6.893E-07  7.305E-07
                4.728E-07  8.191E-08  2.022E-06  7.700E-07  7.971E-08  5.494E-07
                2.946E-10  3.259E-08  1.772E-07  8.166E-07  2.232E-06  1.207E-07
                9.832E-07  7.067E-08  8.269E-08  8.495E-08  9.477E-08  1.397E-06
                5.061E-06  1.225E-08  2.878E-07  4.759E-07  2.120E-08  2.344E-08
                4.646E-07  1.392E-07  1.505E-07  3.027E-06  9.175E-07  4.036E-07
                2.572E-07  8.943E-10  2.900E-09  1.369E-10  6.656E-08  2.750E-07
                3.703E-08  3.586E-08  2.051E-07  6.860E-07  1.149E-06  1.815E-06
                6.450E-07  2.575E-07  2.839E-08  7.509E-08  1.446E-07  3.641E-08
                1.073E-07  1.540E-08  3.824E-07  1.053E-06  1.737E-07  5.508E-08
                1.148E-06  5.110E-06  5.234E-11  3.301E-10  7.121E-10  6.544E-10
                1.063E-10  3.426E-08  2.256E-07  4.690E-07  1.179E-07  3.089E-08
                3.893E-07  1.147E-06  4.166E-07  2.352E-06  8.846E-09  4.428E-08
                1.046E-07  2.235E-07  5.562E-08  1.765E-08  4.351E-08  1.168E-07
                1.586E-08  2.611E-07  1.249E-06  3.347E-07  7.676E-07  1.051E-08
                9.237E-06  3.075E-07  2.155E-07  1.598E-07  9.634E-09  6.182E-08
                1.582E-07  1.617E-07  2.805E-06  1.654E-07  1.838E-07  1.005E-06
                1.467E-07  5.438E-08  9.068E-07  5.613E-06  2.683E-07  7.075E-07
                6.142E-07  1.672E-08  4.002E-08  7.389E-08  8.285E-08  1.112E-08
                3.347E-08  8.231E-08  1.959E-07  7.652E-08  1.378E-08  9.460E-08
                4.410E-07  1.907E-06  3.716E-08  5.049E-08  1.822E-07  4.725E-07
                9.220E-08  2.068E-06  8.971E-07  1.034E-07  1.420E-07  2.264E-08
                1.231E-06  1.347E-07  2.542E-08  2.190E-07  8.281E-08  5.507E-08
                2.252E-07  2.297E-07  6.406E-07  3.144E-06  5.650E-08  6.545E-08
                3.128E-08  1.055E-08  6.370E-08  3.729E-08  6.331E-08  2.975E-07
                1.325E-07  4.666E-08  1.878E-07  5.790E-07  1.586E-06  9.022E-08
                1.412E-07  8.401E-08  7.042E-08  1.010E-07  1.484E-07  4.710E-08
                2.985E-08  5.614E-08  1.392E-06  1.304E-07  3.665E-07  4.859E-06
                4.400E-08  1.492E-08  8.337E-08  2.547E-07  6.107E-07  6.524E-08
                9.783E-08  1.292E-07  7.473E-09  2.816E-08  3.136E-08  1.908E-08
                7.100E-07  2.171E-07  3.418E-07  2.012E-07  1.280E-06  8.409E-09
                1.667E-08  1.122E-07  1.604E-08  1.310E-06  1.176E-07
1.85863299E+02  1.191E-03  3.865E-04  1.258E-03  1.082E-04  5.316E-04  4.126E-03
                4.825E-04  4.660E-07  3.843E-05  1.303E-05  3.983E-07  2.183E-03
                6.531E-07  3.772E-05  5.468E-06  1.692E-07  2.979E-07  5.423E-07
                1.783E-07  6.104E-07  2.876E-07  2.750E-08  3.665E-07  3.352E-07
                5.883E-07  6.461E-07  4.711E-07  1.486E-07  4.577E-07  4.933E-07
                5.411E-07  5.246E-08  1.338E-06  6.525E-07  5.174E-08  3.625E-07
                1.937E-10  2.371E-08  1.207E-07  6.116E-07  1.645E-06  8.527E-08
                6.872E-07  5.824E-08  6.710E-08  6.707E-08  6.962E-08  1.183E-06
                3.663E-06  8.328E-09  2.367E-07  4.019E-07  1.588E-08  1.572E-08
                3.280E-07  9.627E-08  1.152E-07  2.505E-06  6.725E-07  2.741E-07
                1.748E-07  7.605E-10  2.406E-09  1.025E-10  5.452E-08  2.123E-07
                2.548E-08  2.597E-08  1.434E-07  4.718E-07  7.788E-07  1.476E-06
                5.389E-07  2.267E-07  1.961E-08  5.172E-08  1.072E-07  2.760E-08
                7.057E-08  1.146E-08  2.466E-07  6.713E-07  1.250E-07  3.862E-08
                7.994E-07  3.515E-06  4.223E-11  2.629E-10  5.471E-10  4.765E-10
                9.299E-11  2.144E-08  1.379E-07  3.055E-07  9.074E-08  1.963E-08
                3.264E-07  9.861E-07  2.832E-07  1.633E-06  6.439E-09  3.315E-08
                7.608E-08  1.602E-07  4.810E-08  1.419E-08  3.093E-08  8.292E-08
                1.192E-08  1.877E-07  9.756E-07  2.651E-07  6.500E-07  8.860E-09
                7.890E-06  2.245E-07  1.786E-07  1.261E-07  7.282E-09  4.592E-08
                1.190E-07  1.168E-07  1.828E-06  1.282E-07  1.455E-07  7.590E-07
                1.053E-07  4.221E-08  7.755E-07  4.832E-06  2.099E-07  5.519E-07
                3.780E-07  1.479E-08  3.492E-08  6.367E-08  7.061E-08  9.307E-09
                2.937E-08  7.358E-08  1.764E-07  5.390E-08  1.153E-08  7.706E-08
                3.563E-07  1.543E-06  3.376E-08  3.727E-08  1.413E-07  3.620E-07
                6.788E-08  1.644E-06  7.116E-07  8.197E-08  1.233E-07  1.831E-08
                9.567E-07  1.153E-07  1.875E-08  1.632E-07  5.868E-08  4.049E-08
                1.773E-07  1.533E-07  4.875E-07  2.699E-06  4.567E-08  5.360E-08
                2.614E-08  8.940E-09  4.859E-08  3.008E-08  5.092E-08  2.363E-07
                1.046E-07  3.890E-08  1.539E-07  4.671E-07  1.262E-06  7.831E-08
                1.134E-07  6.542E-08  5.120E-08  7.350E-08  1.042E-07  3.690E-08
                2.601E-08  4.544E-08  1.233E-06  9.839E-08  3.181E-07  4.305E-06
                3.239E-08  1.090E-08  6.735E-08  1.945E-07  4.655E-07  5.432E-08
                8.179E-08  1.022E-07  4.267E-09  1.423E-08  2.263E-08  1.536E-08
                5.912E-07  1.800E-07  2.819E-07  1.625E-07  1.060E-06  6.427E-09
                1.209E-08  9.334E-08  1.320E-08  1.097E-06  9.573E-08
1.99471299E+02  8.309E-04  2.677E-04  8.717E-04  7.405E-05  3.650E-04  3.228E-03
                3.776E-04  2.828E-07  3.061E-05  1.012E-05  2.837E-07  1.785E-03
                4.514E-07  2.532E-05  3.676E-06  1.077E-07  2.006E-07  4.652E-07
                1.159E-07  5.245E-07  2.314E-07  2.458E-08  3.349E-07  1.147E-07
                2.178E-07  2.570E-07  2.203E-07  1.036E-07  3.384E-07  3.663E-07
                2.365E-07  4.173E-08  1.101E-06  4.130E-07  3.507E-08  2.758E-07
                1.612E-10  1.662E-08  9.586E-08  4.179E-07  1.131E-06  5.990E-08
                4.944E-07  5.567E-08  6.331E-08  6.156E-08  5.723E-08  1.104E-06
                2.688E-06  6.992E-09  2.079E-07  3.738E-07  1.295E-08  1.347E-08
                2.278E-07  6.761E-08  1.034E-07  2.220E-06  5.290E-07  2.007E-07
                1.282E-07  6.027E-10  2.142E-09  7.873E-11  4.008E-08  1.264E-07
                1.998E-08  1.855E-08  1.105E-07  3.665E-07  5.988E-07  1.078E-06
                4.080E-07  1.700E-07  1.749E-08  3.819E-08  7.530E-08  1.506E-08
                6.225E-08  9.188E-09  2.213E-07  6.087E-07  8.582E-08  2.851E-08
                6.204E-07  2.762E-06  3.121E-11  1.979E-10  4.219E-10  3.765E-10
                5.373E-11  1.929E-08  1.275E-07  2.638E-07  7.899E-08  2.213E-08
                2.511E-07  7.284E-07  2.244E-07  1.263E-06  5.367E-09  2.916E-08
                6.185E-08  1.308E-07  5.541E-08  1.537E-08  2.685E-08  7.108E-08
                9.946E-09  1.618E-07  8.023E-07  2.171E-07  4.520E-07  6.046E-09
                5.435E-06  1.907E-07  1.287E-07  9.896E-08  5.878E-09  3.635E-08
                9.325E-08  9.401E-08  1.540E-06  1.062E-07  1.227E-07  5.489E-07
                7.995E-08  3.046E-08  5.448E-07  3.386E-06  1.692E-07  4.499E-07
                3.567E-07  9.157E-09  2.184E-08  4.027E-08  4.319E-08  6.045E-09
                1.843E-08  4.549E-08  1.090E-07  4.620E-08  7.975E-09  5.694E-08
                2.675E-07  1.166E-06  2.004E-08  3.580E-08  1.279E-07  2.595E-07
                5.035E-08  1.245E-06  5.382E-07  6.158E-08  9.159E-08  1.296E-08
                7.479E-07  7.459E-08  1.289E-08  1.180E-07  4.796E-08  3.449E-08
                1.532E-07  1.386E-07  3.884E-07  1.985E-06  2.844E-08  3.662E-08
                1.753E-08  5.729E-09  4.286E-08  2.252E-08  3.796E-08  2.090E-07
                7.905E-08  2.657E-08  1.118E-07  3.489E-07  9.568E-07  5.580E-08
                8.697E-08  5.066E-08  3.814E-08  5.994E-08  8.895E-08  2.522E-08
                2.261E-08  3.153E-08  8.692E-07  9.102E-08  2.278E-07  2.991E-06
                2.601E-08  8.844E-09  4.848E-08  1.422E-07  3.407E-07  4.069E-08
                5.848E-08  7.324E-08  5.062E-09  1.856E-08  1.559E-08  1.115E-08
                4.571E-07  1.377E-07  2.108E-07  1.201E-07  8.025E-07  4.818E-09
                9.762E-09  7.254E-08  9.914E-09  8.311E-07  7.369E-08
