          16           7
         215          13           1           1
           0          -4           0          -4           0          -6           0          -2           0          -4           0           6           0           4           0           2           0           4           0           6           0           2           0           4           0           2           0          -4           0          -2           0           2           0           4           0           6           0           2           0           4           0           6           0           4           0          -2           0          -2           0          -4           0          -6           0          -8           0          -2           0          -4           0          -6           0          -4           0           2           0          -4           0          -6           0          -2           0          -4           0          -6           0          -6           0          -8           0          -4           0          -6           0          -2           0          -4           0           4           0           6           0           8           0          10           0           4           0          -4           0           2           0           6           0           4           0           8           0           2           0          -4           0          -2           0           6           0           6           0           4           0           2           0           8           0           4           0           6           0           8           0           4           0           6           0           8           0          10           0           4           0           6           0           8           0           6           0           4           0           2           0           6           0           2           0           4           0           2           0          -4           0          -2           0          -6           0          -8           0           6           0           4           0          -4           0          -6           0          -2           0          -4           0          -6           0          -8           0         -10           0          -2           0          -4           0          -6           0          -4           0          -2           0          -6           0          -8           0          -2           0          -4           0           2           0           4           0           6           0           8           0           4           0           4           0           6           0           8           0           2           0          10           0           8           0           6           0           4           0           2           0           6           0           6           0           4           0           4           0           2           0           4           0           6           0           8           0          -4           0           2           0           4           0          -6           0          -4           0           2           0           4           0           6           0           4           0           6           0          -2           0          -4           0          -6           0          -8           0         -10           0          -6           0          -8           0         -10           0         -12           0           2           0          -2           0          -4           0          -6           0          -8           0          -2           0          -8           0         -10           0          -4           0          -2           0          -6           0          -4           0          -2           0          -4           0          -2           0          -4           0          -6           0          -4           0          -8           0          -6           0           2           0           4           0           2           0           4           0           6           0         -10           0          -8           0          -6           0          -4           0           6           0          -2           0          -4           0           8           0          -6           0          -2           0          -4           0          -6           0          -8           0           4           0           6           0          -4           0          -6           0          -6           0          -8           0          -2           0           2           0          -4           0           4           0           6           0           4           0           4           0           2           0           2           0          -4           0          -6           0          -8           0          -2           0          -4           0          -6           0          -8           0         -10           0          -8           0          -6           0          -4           0          -2           0          -2           0          -4           0          -6           0          -6           0          -8           0          -4           0          -2           0          -6           0          -4
    0.000000E+00    9.645106E-03    9.843162E-03    1.435602E-02    1.458263E-02
    4.247197E-02    4.320385E-02    4.360158E-02    5.944295E-02    5.948713E-02
    6.922989E-02    7.316769E-02    7.411300E-02    1.134727E-01    1.147319E-01
    2.354040E-01    2.358931E-01    2.366026E-01    2.382857E-01    2.391328E-01
    2.438023E-01    2.438287E-01    2.461520E-01    2.471700E-01    2.474363E-01
    2.479076E-01    2.485433E-01    2.486026E-01    2.487216E-01    2.491410E-01
    2.502551E-01    2.507374E-01    2.510783E-01    2.511300E-01    2.524691E-01
    2.524772E-01    2.554279E-01    2.561102E-01    2.563381E-01    2.591442E-01
    2.591854E-01    2.609226E-01    2.615363E-01    2.619649E-01    2.622131E-01
    2.625883E-01    2.631076E-01    2.632646E-01    2.633261E-01    2.634365E-01
    2.637297E-01    2.638533E-01    2.640096E-01    2.643758E-01    2.644930E-01
    2.645338E-01    2.648466E-01    2.652759E-01    2.655531E-01    2.656939E-01
    2.657640E-01    2.676748E-01    2.677713E-01    2.679166E-01    2.688115E-01
    2.690337E-01    2.711118E-01    2.712141E-01    2.720014E-01    2.721113E-01
    2.724223E-01    2.724984E-01    2.725578E-01    2.726085E-01    2.727219E-01
    2.737570E-01    2.740430E-01    2.746587E-01    2.763855E-01    2.763956E-01
    2.763957E-01    2.764682E-01    2.789238E-01    2.791446E-01    2.808157E-01
    2.808428E-01    2.816082E-01    2.816156E-01    2.816277E-01    2.816445E-01
    2.816660E-01    2.832213E-01    2.832636E-01    2.833497E-01    2.872720E-01
    2.872722E-01    2.872783E-01    2.873017E-01    2.873787E-01    2.874354E-01
    2.875828E-01    2.876419E-01    2.877951E-01    2.879672E-01    2.884374E-01
    2.885530E-01    2.886000E-01    2.886971E-01    2.887362E-01    2.888178E-01
    2.901974E-01    2.902310E-01    2.934227E-01    2.936053E-01    2.936679E-01
    2.948139E-01    2.948751E-01    2.949134E-01    2.954910E-01    2.955387E-01
    2.955818E-01    2.956302E-01    2.974080E-01    2.974265E-01    2.978254E-01
    2.979930E-01    2.980044E-01    2.981863E-01    2.981951E-01    2.982014E-01
    2.986863E-01    2.989406E-01    2.997979E-01    3.013547E-01    3.014398E-01
    3.015665E-01    3.017420E-01    3.025165E-01    3.025355E-01    3.025686E-01
    3.026262E-01    3.032771E-01    3.036433E-01    3.036673E-01    3.036996E-01
    3.037196E-01    3.041292E-01    3.046134E-01    3.046301E-01    3.048276E-01
    3.048611E-01    3.049614E-01    3.051740E-01    3.052844E-01    3.060373E-01
    3.062721E-01    3.065126E-01    3.067251E-01    3.072820E-01    3.083217E-01
    3.083847E-01    3.085481E-01    3.086063E-01    3.093086E-01    3.093690E-01
    3.093750E-01    3.093804E-01    3.094500E-01    3.095030E-01    3.095365E-01
    3.096086E-01    3.096683E-01    3.098305E-01    3.098337E-01    3.100372E-01
    3.110986E-01    3.111053E-01    3.111248E-01    3.111449E-01    3.124031E-01
    3.124222E-01    3.126400E-01    3.132139E-01    3.132929E-01    3.134326E-01
    3.163175E-01    3.165548E-01    3.167011E-01    3.167161E-01    3.173537E-01
    3.174815E-01    3.194473E-01    3.198310E-01    3.206567E-01    3.235572E-01
    3.235827E-01    3.236877E-01    3.236885E-01    3.238034E-01    3.239013E-01
    3.239634E-01    3.240075E-01    3.245628E-01    3.245933E-01    3.263728E-01
    3.264517E-01    3.271738E-01    3.284075E-01    3.287843E-01    3.314323E-01
    3.314556E-01    3.324856E-01    3.325179E-01    3.327131E-01    3.333147E-01
           0           4           0           1
  -28.010499495533246               13
3.17526995E+01  2.440E-01  8.306E-02  2.630E-01  2.257E-02  1.119E-01  1.277E-01
                1.503E-02  1.044E-04
4.53606995E+01  9.825E-02  3.221E-02  1.049E-01  8.880E-03  4.340E-02  7.439E-02
                8.767E-03  5.116E-05  7.315E-04  4.953E-04  7.518E-05  3.176E-02
                1.210E-04  2.123E-03  3.073E-04
5.89686995E+01  4.573E-02  1.472E-02  4.805E-02  4.090E-03  2.003E-02  4.649E-02
                5.450E-03  2.162E-05  4.523E-04  2.591E-04  3.209E-05  2.172E-02
                3.110E-05  1.080E-03  1.568E-04  1.090E-05  1.725E-05  1.573E-05
                1.193E-05  1.834E-05  1.061E-05  5.954E-07  1.871E-05  2.580E-06
                6.232E-06  7.561E-06  6.223E-06  1.174E-05  3.267E-05  3.395E-05
                1.288E-05  2.037E-06  1.200E-04  3.238E-05  3.176E-06  2.245E-05
                8.389E-09  2.190E-06  1.318E-05  3.657E-05  1.066E-04  5.857E-06
                4.236E-05  6.437E-07  1.379E-06  2.569E-06  6.033E-06  1.150E-05
                1.311E-04  8.158E-07  8.360E-06  5.114E-06  1.485E-06  1.034E-06
                2.313E-05  7.572E-06  3.408E-06  6.887E-05  4.165E-05  2.083E-05
                1.335E-05  1.839E-08  2.912E-08  2.668E-09  3.872E-06  3.452E-05
                8.754E-07  7.703E-08  5.816E-06  1.879E-05  3.850E-05  1.876E-05
                8.457E-06  3.994E-06  1.453E-06  3.371E-06  1.013E-05  4.794E-06
                2.301E-06  3.723E-07  7.981E-06  2.228E-05  1.210E-05  2.244E-06
                2.283E-05  1.029E-04  1.171E-09  5.926E-09  1.352E-08  1.602E-08
                5.043E-09  7.297E-07  4.349E-06  8.266E-06  1.200E-06  4.515E-07
                3.056E-06  8.061E-06  8.104E-06  4.529E-05  1.602E-07  1.004E-06
                1.530E-06  3.046E-06  3.427E-06  7.894E-07  7.761E-07  2.056E-06
                4.007E-07  4.656E-06  2.655E-05  6.867E-06  1.217E-05  1.720E-07
                1.431E-04  4.138E-06  3.228E-06  2.246E-06  1.126E-07  9.104E-07
                2.219E-06  1.997E-06  5.926E-05  2.617E-06  2.813E-06  1.779E-05
                2.860E-06  1.209E-06  1.266E-05  7.568E-05  5.108E-06  1.333E-05
                1.158E-05  8.065E-07  2.014E-06  3.897E-06  5.975E-06  4.664E-07
                1.734E-06  4.496E-06  1.059E-05  1.588E-06  4.779E-07  2.122E-06
                8.108E-06  2.949E-05  1.357E-06  4.767E-06  1.862E-05  7.987E-06
                1.648E-06  3.323E-05  1.460E-05  1.932E-06  3.394E-06  9.149E-07
                1.617E-05  5.959E-06  1.531E-06  9.067E-06  3.899E-06  9.368E-07
                4.472E-06  5.441E-06  1.205E-05  5.212E-05  3.809E-06  2.645E-06
                1.277E-06  4.360E-07  1.304E-06  9.678E-07  1.778E-06  5.301E-06
                2.940E-06  1.519E-06  3.903E-06  9.432E-06  2.476E-05  1.325E-06
                1.787E-06  4.024E-06  3.758E-06  5.392E-06  8.774E-06  1.786E-06
                4.051E-07  1.885E-06  1.525E-05  2.901E-06  4.060E-06  4.704E-05
                5.623E-07  3.716E-07  7.360E-06  1.542E-05  2.867E-05  6.772E-06
                8.369E-06  8.422E-06  7.857E-07  1.616E-06  1.332E-06  7.862E-07
                4.419E-06  1.467E-06  2.443E-06  4.048E-06  1.686E-05  2.863E-07
                6.065E-07  1.031E-06  2.619E-07  1.241E-05  1.757E-06
7.25766995E+01  2.479E-02  7.948E-03  2.594E-02  2.205E-03  1.081E-02  3.150E-02
                3.690E-03  1.167E-05  3.028E-04  1.550E-04  1.593E-05  1.519E-02
                1.690E-05  6.131E-04  8.886E-05  5.627E-06  9.115E-06  8.699E-06
                6.657E-06  1.120E-05  7.602E-06  4.252E-07  8.359E-06  1.442E-06
                3.310E-06  3.940E-06  2.765E-06  6.398E-06  1.670E-05  1.783E-05
                6.477E-06  1.459E-06  4.961E-05  1.555E-05  1.783E-06  1.143E-05
                6.020E-09  1.011E-06  6.025E-06  1.706E-05  4.979E-05  2.723E-06
                2.027E-05  2.940E-07  5.764E-07  1.009E-06  2.393E-06  5.130E-06
                7.341E-05  3.334E-07  3.243E-06  2.186E-06  6.135E-07  3.959E-07
                1.088E-05  3.548E-06  1.595E-06  2.760E-05  1.885E-05  1.046E-05
                6.457E-06  1.054E-08  1.762E-08  1.784E-09  1.322E-06  1.110E-05
                5.170E-07  1.397E-07  3.316E-06  1.100E-05  2.118E-05  1.374E-05
                5.306E-06  2.326E-06  6.282E-07  1.530E-06  3.659E-06  1.616E-06
                1.449E-06  2.052E-07  5.274E-06  1.467E-05  4.682E-06  1.050E-06
                1.389E-05  6.211E-05  5.704E-10  3.238E-09  7.548E-09  8.628E-09
                2.415E-09  4.926E-07  2.905E-06  5.892E-06  6.989E-07  1.989E-07
                2.162E-06  6.183E-06  4.895E-06  2.769E-05  7.224E-08  3.824E-07
                8.644E-07  1.808E-06  5.644E-07  1.821E-07  4.532E-07  1.169E-06
                1.871E-07  2.418E-06  1.588E-05  4.109E-06  7.061E-06  1.104E-07
                8.444E-05  2.484E-06  1.973E-06  1.281E-06  7.301E-08  5.826E-07
                1.405E-06  1.291E-06  3.589E-05  1.517E-06  1.613E-06  1.227E-05
                1.832E-06  6.121E-07  7.525E-06  4.574E-05  3.151E-06  8.174E-06
                7.895E-06  3.858E-07  9.490E-07  1.801E-06  2.604E-06  2.265E-07
                8.285E-07  2.147E-06  5.104E-06  9.130E-07  2.263E-07  1.079E-06
                4.279E-06  1.635E-05  6.756E-07  1.667E-06  6.661E-06  5.569E-06
                1.086E-06  1.830E-05  8.050E-06  1.007E-06  1.786E-06  4.594E-07
                9.836E-06  2.752E-06  6.899E-07  4.834E-06  1.731E-06  4.611E-07
                1.923E-06  3.143E-06  7.062E-06  2.846E-05  1.614E-06  1.210E-06
                5.859E-07  2.072E-07  7.509E-07  4.322E-07  7.793E-07  2.986E-06
                1.399E-06  7.489E-07  2.077E-06  5.266E-06  1.388E-05  7.808E-07
                9.408E-07  1.774E-06  1.691E-06  2.200E-06  3.513E-06  9.939E-07
                1.578E-07  1.024E-06  1.003E-05  1.459E-06  2.704E-06  3.301E-05
                2.946E-07  1.599E-07  3.035E-06  6.603E-06  1.266E-05  2.724E-06
                3.532E-06  3.629E-06  2.320E-07  3.756E-07  7.025E-07  3.604E-07
                4.068E-06  1.311E-06  2.229E-06  2.144E-06  9.765E-06  1.490E-07
                2.740E-07  7.515E-07  1.925E-07  8.562E-06  9.493E-07
8.61846995E+01  1.464E-02  4.685E-03  1.530E-02  1.296E-03  6.360E-03  2.227E-02
                2.608E-03  6.972E-06  2.126E-04  9.996E-05  8.790E-06  1.101E-02
                9.884E-06  3.729E-04  5.403E-05  3.222E-06  5.309E-06  5.275E-06
                3.986E-06  7.080E-06  5.171E-06  2.926E-07  4.697E-06  1.031E-06
                2.254E-06  2.639E-06  1.717E-06  3.846E-06  9.733E-06  1.059E-05
                3.897E-06  9.853E-07  2.419E-05  8.629E-06  1.077E-06  6.490E-06
                4.014E-09  5.470E-07  3.184E-06  9.043E-06  2.630E-05  1.439E-06
                1.098E-05  1.722E-07  3.010E-07  4.880E-07  1.134E-06  3.929E-06
                4.409E-05  1.767E-07  1.801E-06  1.538E-06  3.212E-07  2.001E-07
                5.797E-06  1.900E-06  9.518E-07  1.619E-05  1.044E-05  5.896E-06
                3.586E-06  6.862E-09  1.238E-08  1.254E-09  6.111E-07  4.824E-06
                3.369E-07  1.610E-07  2.058E-06  6.890E-06  1.282E-05  1.030E-05
                3.937E-06  1.691E-06  3.340E-07  8.587E-07  1.804E-06  7.088E-07
                9.787E-07  1.311E-07  3.627E-06  1.006E-05  2.364E-06  5.996E-07
                8.818E-06  3.939E-05  3.446E-10  2.060E-09  4.795E-09  5.309E-09
                1.306E-09  3.409E-07  2.018E-06  4.148E-06  4.773E-07  1.170E-07
                1.595E-06  4.683E-06  3.120E-06  1.768E-05  4.975E-08  2.399E-07
                6.172E-07  1.299E-06  1.604E-07  8.131E-08  3.176E-07  8.131E-07
                1.175E-07  1.662E-06  1.097E-05  2.842E-06  4.499E-06  7.332E-08
                5.409E-05  1.805E-06  1.353E-06  8.922E-07  5.621E-08  4.292E-07
                1.021E-06  9.825E-07  2.286E-05  1.093E-06  1.161E-06  8.054E-06
                1.173E-06  4.101E-07  4.945E-06  2.994E-05  2.199E-06  5.717E-06
                5.337E-06  2.021E-07  4.933E-07  9.293E-07  1.293E-06  1.185E-07
                4.200E-07  1.081E-06  2.568E-06  6.028E-07  1.264E-07  6.467E-07
                2.664E-06  1.054E-05  3.806E-07  6.771E-07  2.724E-06  3.671E-06
                7.018E-07  1.165E-05  5.119E-06  6.219E-07  1.050E-06  2.590E-07
                6.641E-06  1.473E-06  3.611E-07  2.823E-06  9.216E-07  3.055E-07
                1.135E-06  2.086E-06  4.665E-06  1.761E-05  8.248E-07  6.576E-07
                3.170E-07  1.132E-07  4.887E-07  2.485E-07  4.373E-07  1.966E-06
                8.265E-07  4.208E-07  1.262E-06  3.364E-06  8.937E-06  4.986E-07
                6.379E-07  9.296E-07  8.926E-07  1.102E-06  1.714E-06  5.936E-07
                9.165E-08  6.111E-07  6.940E-06  8.934E-07  1.874E-06  2.371E-05
                2.140E-07  9.993E-08  1.392E-06  3.267E-06  6.604E-06  1.194E-06
                1.624E-06  1.775E-06  8.142E-08  1.134E-07  4.035E-07  1.963E-07
                3.129E-06  9.976E-07  1.690E-06  1.308E-06  6.566E-06  8.790E-08
                1.602E-07  5.495E-07  1.289E-07  6.147E-06  6.063E-07
9.97926995E+01  9.232E-03  2.954E-03  9.654E-03  8.175E-04  4.014E-03  1.652E-02
                1.933E-03  4.119E-06  1.566E-04  6.788E-05  5.030E-06  8.326E-03
                6.112E-06  2.476E-04  3.589E-05  1.893E-06  3.155E-06  3.282E-06
                2.376E-06  4.467E-06  3.330E-06  1.947E-07  2.873E-06  8.623E-07
                1.767E-06  2.029E-06  1.297E-06  2.352E-06  5.905E-06  6.465E-06
                2.612E-06  6.331E-07  1.314E-05  5.190E-06  6.715E-07  3.927E-06
                2.614E-09  3.161E-07  1.799E-06  5.252E-06  1.513E-05  8.304E-07
                6.485E-06  1.323E-07  1.989E-07  2.856E-07  6.100E-07  3.280E-06
                2.829E-05  9.967E-08  1.156E-06  1.209E-06  1.815E-07  1.140E-07
                3.358E-06  1.098E-06  6.239E-07  1.092E-05  6.177E-06  3.424E-06
                2.086E-06  4.469E-09  8.970E-09  8.731E-10  3.388E-07  2.465E-06
                2.165E-07  1.473E-07  1.282E-06  4.292E-06  7.778E-06  7.639E-06
                2.879E-06  1.216E-06  1.901E-07  5.003E-07  1.004E-06  3.627E-07
                6.579E-07  8.732E-08  2.442E-06  6.758E-06  1.322E-06  3.594E-07
                5.887E-06  2.632E-05  2.331E-10  1.423E-09  3.262E-09  3.470E-09
                7.834E-10  2.281E-07  1.372E-06  2.835E-06  3.550E-07  8.151E-08
                1.226E-06  3.646E-06  2.095E-06  1.188E-05  3.695E-08  1.728E-07
                4.572E-07  9.629E-07  9.217E-08  5.288E-08  2.233E-07  5.767E-07
                8.122E-08  1.188E-06  7.518E-06  1.954E-06  3.146E-06  4.846E-08
                3.789E-05  1.323E-06  9.717E-07  6.545E-07  4.244E-08  3.139E-07
                7.481E-07  7.443E-07  1.533E-05  8.058E-07  8.578E-07  5.410E-06
                7.839E-07  2.968E-07  3.547E-06  2.141E-05  1.535E-06  4.004E-06
                3.610E-06  1.172E-07  2.845E-07  5.334E-07  7.156E-07  7.000E-08
                2.365E-07  6.007E-07  1.424E-06  4.078E-07  7.868E-08  4.302E-07
                1.831E-06  7.418E-06  2.310E-07  3.155E-07  1.261E-06  2.470E-06
                4.726E-07  8.116E-06  3.562E-06  4.241E-07  6.775E-07  1.576E-07
                4.794E-06  8.713E-07  2.096E-07  1.705E-06  5.402E-07  2.169E-07
                7.837E-07  1.391E-06  3.192E-06  1.215E-05  4.746E-07  4.005E-07
                1.923E-07  6.874E-08  3.270E-07  1.640E-07  2.826E-07  1.341E-06
                5.526E-07  2.601E-07  8.390E-07  2.334E-06  6.257E-06  3.518E-07
                4.898E-07  5.363E-07  5.241E-07  6.255E-07  9.569E-07  3.658E-07
                6.678E-08  3.814E-07  5.147E-06  5.890E-07  1.382E-06  1.795E-05
                1.688E-07  7.052E-08  7.099E-07  1.820E-06  3.890E-06  5.755E-07
                8.219E-07  9.678E-07  3.338E-08  4.896E-08  2.445E-07  1.163E-07
                2.379E-06  7.528E-07  1.275E-06  8.909E-07  4.772E-06  5.305E-08
                9.648E-08  4.060E-07  8.519E-08  4.582E-06  4.316E-07
1.13400699E+02  6.144E-03  1.968E-03  6.429E-03  5.445E-04  2.673E-03  1.239E-02
                1.450E-03  2.939E-06  1.171E-04  4.870E-05  3.140E-06  6.306E-03
                3.954E-06  1.645E-04  2.382E-05  1.083E-06  1.843E-06  2.080E-06
                1.405E-06  2.918E-06  2.247E-06  1.349E-07  2.036E-06  6.344E-07
                1.283E-06  1.480E-06  9.669E-07  1.502E-06  3.826E-06  4.189E-06
                1.753E-06  4.257E-07  8.279E-06  3.342E-06  4.409E-07  2.581E-06
                1.707E-09  1.945E-07  1.091E-06  3.377E-06  9.611E-06  5.306E-07
                4.195E-06  1.099E-07  1.490E-07  1.922E-07  3.658E-07  2.750E-06
                1.920E-05  6.069E-08  8.131E-07  9.802E-07  1.067E-07  7.674E-08
                2.127E-06  6.907E-07  4.418E-07  7.998E-06  3.989E-06  2.147E-06
                1.308E-06  3.189E-09  7.038E-09  5.991E-10  2.201E-07  1.459E-06
                1.489E-07  1.160E-07  8.568E-07  2.879E-06  5.139E-06  5.745E-06
                2.179E-06  9.169E-07  1.226E-07  3.381E-07  6.486E-07  2.133E-07
                4.771E-07  6.347E-08  1.766E-06  4.880E-06  8.369E-07  2.384E-07
                4.136E-06  1.853E-05  1.689E-10  1.047E-09  2.373E-09  2.448E-09
                5.014E-10  1.638E-07  1.004E-06  2.057E-06  2.828E-07  6.545E-08
                9.797E-07  2.926E-06  1.489E-06  8.390E-06  2.867E-08  1.326E-07
                3.506E-07  7.427E-07  7.286E-08  4.218E-08  1.677E-07  4.325E-07
                5.713E-08  8.956E-07  5.548E-06  1.448E-06  2.257E-06  3.619E-08
                2.710E-05  9.882E-07  7.177E-07  4.995E-07  3.223E-08  2.341E-07
                5.599E-07  5.711E-07  1.081E-05  6.230E-07  6.633E-07  3.726E-06
                5.416E-07  2.187E-07  2.581E-06  1.554E-05  1.143E-06  3.003E-06
                2.619E-06  7.527E-08  1.818E-07  3.395E-07  4.388E-07  4.552E-08
                1.487E-07  3.742E-07  8.868E-07  2.838E-07  5.263E-08  3.069E-07
                1.346E-06  5.572E-06  1.538E-07  1.776E-07  6.980E-07  1.710E-06
                3.289E-07  6.101E-06  2.669E-06  3.146E-07  4.719E-07  1.021E-07
                3.621E-06  5.658E-07  1.303E-07  1.103E-06  3.527E-07  1.680E-07
                5.913E-07  1.035E-06  2.351E-06  8.699E-06  3.009E-07  2.697E-07
                1.297E-07  4.614E-08  2.480E-07  1.180E-07  2.017E-07  1.047E-06
                4.043E-07  1.797E-07  6.101E-07  1.742E-06  4.691E-06  2.533E-07
                3.766E-07  3.532E-07  3.346E-07  4.117E-07  6.166E-07  2.374E-07
                5.617E-08  2.537E-07  3.795E-06  4.470E-07  1.015E-06  1.336E-05
                1.347E-07  5.299E-08  4.211E-07  1.147E-06  2.537E-06  3.315E-07
                4.882E-07  6.025E-07  1.887E-08  3.585E-08  1.526E-07  7.257E-08
                1.880E-06  5.912E-07  9.849E-07  6.507E-07  3.643E-06  3.492E-08
                6.428E-08  3.115E-07  5.927E-08  3.565E-06  3.321E-07
1.27008699E+02  4.212E-03  1.351E-03  4.416E-03  3.741E-04  1.839E-03  9.773E-03
                1.143E-03  1.796E-06  9.203E-05  3.583E-05  1.985E-06  5.061E-03
                2.663E-06  1.205E-04  1.747E-05  7.182E-07  1.229E-06  1.480E-06
                9.083E-07  2.007E-06  1.456E-06  9.295E-08  1.394E-06  6.238E-07
                1.187E-06  1.341E-06  8.950E-07  9.485E-07  2.461E-06  2.698E-06
                1.391E-06  2.741E-07  5.201E-06  2.286E-06  2.853E-07  1.681E-06
                1.140E-09  1.234E-07  6.768E-07  2.212E-06  6.195E-06  3.408E-07
                2.738E-06  9.448E-08  1.198E-07  1.411E-07  2.341E-07  2.290E-06
                1.322E-05  3.674E-08  6.000E-07  7.999E-07  6.549E-08  4.934E-08
                1.364E-06  4.377E-07  3.211E-07  6.065E-06  2.675E-06  1.395E-06
                8.461E-07  2.367E-09  5.565E-09  4.251E-10  1.515E-07  9.018E-07
                1.033E-07  9.052E-08  5.912E-07  1.976E-06  3.440E-06  4.320E-06
                1.661E-06  7.074E-07  7.785E-08  2.186E-07  4.199E-07  1.305E-07
                3.235E-07  4.431E-08  1.190E-06  3.278E-06  5.414E-07  1.596E-07
                2.881E-06  1.289E-05  1.249E-10  7.791E-10  1.736E-09  1.731E-09
                3.601E-10  1.091E-07  6.709E-07  1.393E-06  2.218E-07  4.953E-08
                7.818E-07  2.347E-06  1.033E-06  5.850E-06  2.120E-08  9.922E-08
                2.599E-07  5.497E-07  6.290E-08  3.087E-08  1.191E-07  3.113E-07
                4.229E-08  6.541E-07  3.966E-06  1.041E-06  1.708E-06  2.575E-08
                2.053E-05  7.169E-07  5.345E-07  3.752E-07  2.437E-08  1.707E-07
                4.114E-07  4.224E-07  7.400E-06  4.623E-07  4.956E-07  2.658E-06
                3.816E-07  1.607E-07  1.983E-06  1.198E-05  8.163E-07  2.145E-06
                1.761E-06  5.478E-08  1.309E-07  2.417E-07  3.012E-07  3.348E-08
                1.072E-07  2.685E-07  6.377E-07  1.969E-07  3.692E-08  2.249E-07
                1.005E-06  4.219E-06  1.045E-07  1.296E-07  5.044E-07  1.227E-06
                2.342E-07  4.594E-06  2.005E-06  2.347E-07  3.385E-07  6.828E-08
                2.715E-06  3.801E-07  8.394E-08  7.376E-07  2.417E-07  1.252E-07
                4.504E-07  7.038E-07  1.680E-06  6.681E-06  2.047E-07  1.933E-07
                9.411E-08  3.335E-08  1.749E-07  8.704E-08  1.479E-07  7.575E-07
                2.996E-07  1.325E-07  4.587E-07  1.317E-06  3.535E-06  1.969E-07
                2.991E-07  2.514E-07  2.245E-07  2.903E-07  4.284E-07  1.592E-07
                4.859E-08  1.737E-07  3.008E-06  3.192E-07  7.963E-07  1.063E-05
                1.025E-07  3.833E-08  2.807E-07  7.765E-07  1.746E-06  2.225E-07
                3.288E-07  4.073E-07  1.275E-08  2.676E-08  1.021E-07  5.087E-08
                1.470E-06  4.589E-07  7.567E-07  4.865E-07  2.813E-06  2.361E-08
                4.410E-08  2.399E-07  4.215E-08  2.784E-06  2.576E-07
1.40616699E+02  3.030E-03  9.714E-04  3.174E-03  2.689E-04  1.321E-03  7.558E-03
                8.843E-04  1.474E-06  7.118E-05  2.728E-05  1.348E-06  3.932E-03
                1.822E-06  8.348E-05  1.209E-05  4.331E-07  7.606E-07  1.047E-06
                5.556E-07  1.424E-06  1.026E-06  6.898E-08  1.059E-06  4.145E-07
                7.973E-07  9.123E-07  6.362E-07  6.222E-07  1.673E-06  1.813E-06
                9.313E-07  1.927E-07  3.894E-06  1.584E-06  1.951E-07  1.200E-06
                7.488E-10  8.063E-08  4.413E-07  1.608E-06  4.463E-06  2.464E-07
                1.991E-06  8.980E-08  1.094E-07  1.210E-07  1.724E-07  1.970E-06
                9.796E-06  2.535E-08  4.670E-07  6.793E-07  4.357E-08  3.991E-08
                9.701E-07  3.053E-07  2.522E-07  4.810E-06  1.883E-06  9.376E-07
                5.785E-07  1.712E-09  4.524E-09  2.935E-10  1.154E-07  6.114E-07
                7.502E-08  6.868E-08  4.214E-07  1.414E-06  2.439E-06  3.307E-06
                1.233E-06  5.101E-07  5.703E-08  1.593E-07  3.011E-07  8.665E-08
                2.382E-07  3.269E-08  8.690E-07  2.396E-06  3.780E-07  1.145E-07
                2.190E-06  9.809E-06  9.482E-11  5.958E-10  1.319E-09  1.285E-09
                2.372E-10  7.925E-08  5.020E-07  1.031E-06  1.844E-07  4.435E-08
                6.323E-07  1.887E-06  7.952E-07  4.475E-06  1.651E-08  7.774E-08
                1.988E-07  4.236E-07  5.973E-08  2.620E-08  8.876E-08  2.328E-07
                3.074E-08  4.967E-07  2.803E-06  7.398E-07  1.311E-06  1.984E-08
                1.573E-05  5.604E-07  4.025E-07  2.903E-07  1.831E-08  1.255E-07
                3.079E-07  3.186E-07  5.604E-06  3.422E-07  3.688E-07  1.943E-06
                2.830E-07  1.158E-07  1.528E-06  9.287E-06  5.878E-07  1.551E-06
                1.327E-06  3.640E-08  8.717E-08  1.613E-07  1.945E-07  2.306E-08
                7.161E-08  1.777E-07  4.218E-07  1.475E-07  2.674E-08  1.708E-07
                7.771E-07  3.303E-06  7.527E-08  8.735E-08  3.296E-07  9.019E-07
                1.748E-07  3.604E-06  1.570E-06  1.825E-07  2.561E-07  4.770E-08
                2.145E-06  2.721E-07  5.715E-08  4.965E-07  1.694E-07  9.855E-08
                3.626E-07  5.172E-07  1.259E-06  5.154E-06  1.346E-07  1.354E-07
                6.541E-08  2.286E-08  1.319E-07  6.674E-08  1.132E-07  5.854E-07
                2.330E-07  9.363E-08  3.443E-07  1.020E-06  2.766E-06  1.505E-07
                2.366E-07  1.727E-07  1.537E-07  2.032E-07  2.983E-07  1.074E-07
                4.251E-08  1.207E-07  2.309E-06  2.492E-07  6.113E-07  8.139E-06
                8.110E-08  2.933E-08  1.835E-07  5.344E-07  1.236E-06  1.422E-07
                2.142E-07  2.761E-07  1.021E-08  3.010E-08  6.889E-08  3.590E-08
                1.184E-06  3.671E-07  5.956E-07  3.698E-07  2.209E-06  1.671E-08
                3.148E-08  1.901E-07  3.074E-08  2.214E-06  2.029E-07
1.54224699E+02  2.214E-03  7.133E-04  2.329E-03  1.984E-04  9.752E-04  6.321E-03
                7.393E-04  9.034E-07  5.922E-05  2.138E-05  8.978E-07  3.321E-03
                1.314E-06  6.700E-05  9.715E-06  3.275E-07  5.714E-07  8.408E-07
                3.914E-07  1.062E-06  6.675E-07  4.964E-08  7.377E-07  4.563E-07
                8.299E-07  9.244E-07  6.492E-07  3.975E-07  1.102E-06  1.198E-06
                8.455E-07  1.242E-07  2.627E-06  1.195E-06  1.278E-07  8.045E-07
                4.972E-10  5.445E-08  2.892E-07  1.145E-06  3.137E-06  1.697E-07
                1.378E-06  7.687E-08  9.131E-08  9.660E-08  1.228E-07  1.658E-06
                7.041E-06  1.661E-08  3.693E-07  5.678E-07  2.982E-08  2.755E-08
                6.673E-07  2.058E-07  1.909E-07  3.848E-06  1.336E-06  6.342E-07
                3.898E-07  1.348E-09  3.687E-09  2.137E-10  8.886E-08  4.260E-07
                5.288E-08  5.133E-08  2.989E-07  9.934E-07  1.679E-06  2.567E-06
                9.644E-07  4.075E-07  3.837E-08  1.075E-07  2.105E-07  5.919E-08
                1.593E-07  2.319E-08  5.741E-07  1.576E-06  2.617E-07  7.989E-08
                1.556E-06  6.929E-06  7.373E-11  4.618E-10  9.983E-10  9.354E-10
                1.863E-10  5.152E-08  3.249E-07  6.864E-07  1.454E-07  3.230E-08
                5.160E-07  1.554E-06  5.576E-07  3.175E-06  1.211E-08  5.849E-08
                1.462E-07  3.096E-07  5.518E-08  2.053E-08  6.285E-08  1.664E-07
                2.288E-08  3.608E-07  2.034E-06  5.414E-07  1.057E-06  1.502E-08
                1.275E-05  4.062E-07  3.128E-07  2.218E-07  1.379E-08  9.163E-08
                2.277E-07  2.323E-07  3.836E-06  2.533E-07  2.772E-07  1.439E-06
                2.046E-07  8.592E-08  1.246E-06  7.632E-06  4.265E-07  1.123E-06
                8.669E-07  2.904E-08  6.883E-08  1.260E-07  1.477E-07  1.818E-08
                5.706E-08  1.424E-07  3.395E-07  1.035E-07  2.043E-08  1.325E-07
                6.069E-07  2.598E-06  5.732E-08  7.038E-08  2.687E-07  6.734E-07
                1.283E-07  2.811E-06  1.221E-06  1.416E-07  1.994E-07  3.447E-08
                1.648E-06  2.018E-07  3.940E-08  3.504E-07  1.210E-07  7.318E-08
                2.839E-07  3.453E-07  9.203E-07  4.233E-06  9.885E-08  1.037E-07
                5.075E-08  1.772E-08  9.458E-08  5.179E-08  8.769E-08  4.328E-07
                1.800E-07  7.345E-08  2.712E-07  8.009E-07  2.157E-06  1.247E-07
                1.893E-07  1.304E-07  1.090E-07  1.499E-07  2.167E-07  7.683E-08
                3.696E-08  8.865E-08  1.943E-06  1.810E-07  5.071E-07  6.845E-06
                6.029E-08  2.116E-08  1.378E-07  3.919E-07  9.094E-07  1.101E-07
                1.641E-07  2.050E-07  7.417E-09  2.100E-08  4.857E-08  2.751E-08
                9.519E-07  2.936E-07  4.722E-07  2.880E-07  1.764E-06  1.218E-08
                2.293E-08  1.519E-07  2.345E-08  1.785E-06  1.614E-07
1.67832699E+02  1.628E-03  5.215E-04  1.704E-03  1.442E-04  7.099E-04  4.933E-03
                5.771E-04  7.453E-07  4.653E-05  1.665E-05  6.430E-07  2.635E-03
                9.196E-07  4.616E-05  6.687E-06  2.113E-07  3.810E-07  6.655E-07
                2.531E-07  8.305E-07  4.991E-07  4.002E-08  6.085E-07  2.407E-07
                4.559E-07  5.255E-07  3.985E-07  2.684E-07  7.825E-07  8.402E-07
                5.007E-07  9.237E-08  2.139E-06  8.316E-07  8.902E-08  6.031E-07
                3.556E-10  3.701E-08  2.031E-07  8.555E-07  2.338E-06  1.271E-07
                1.041E-06  7.164E-08  8.395E-08  8.651E-08  9.865E-08  1.458E-06
                5.390E-06  1.301E-08  3.039E-07  4.971E-07  2.241E-08  2.397E-08
                4.916E-07  1.495E-07  1.595E-07  3.196E-06  1.002E-06  4.525E-07
                2.816E-07  1.030E-09  3.124E-09  1.550E-10  6.959E-08  2.908E-07
                4.042E-08  3.849E-08  2.243E-07  7.507E-07  1.261E-06  1.956E-06
                7.303E-07  3.023E-07  3.115E-08  8.179E-08  1.551E-07  3.882E-08
                1.250E-07  1.777E-08  4.491E-07  1.237E-06  1.885E-07  5.970E-08
                1.224E-06  5.470E-06  5.616E-11  3.556E-10  7.727E-10  7.204E-10
                1.191E-10  4.016E-08  2.611E-07  5.386E-07  1.234E-07  3.158E-08
                4.121E-07  1.219E-06  4.445E-07  2.502E-06  9.754E-09  4.819E-08
                1.154E-07  2.456E-07  5.626E-08  1.915E-08  5.003E-08  1.324E-07
                1.757E-08  2.919E-07  1.528E-06  4.080E-07  7.981E-07  1.143E-08
                9.582E-06  3.309E-07  2.347E-07  1.744E-07  1.072E-08  6.965E-08
                1.749E-07  1.801E-07  3.059E-06  1.952E-07  2.152E-07  1.079E-06
                1.571E-07  6.151E-08  9.436E-07  5.803E-06  3.215E-07  8.515E-07
                7.043E-07  1.918E-08  4.572E-08  8.415E-08  9.559E-08  1.242E-08
                3.802E-08  9.401E-08  2.241E-07  8.257E-08  1.487E-08  1.014E-07
                4.718E-07  2.037E-06  3.943E-08  5.564E-08  2.042E-07  5.053E-07
                9.818E-08  2.209E-06  9.581E-07  1.105E-07  1.520E-07  2.466E-08
                1.312E-06  1.438E-07  2.771E-08  2.459E-07  9.100E-08  6.034E-08
                2.387E-07  2.763E-07  7.194E-07  3.281E-06  6.494E-08  7.324E-08
                3.537E-08  1.204E-08  7.660E-08  3.999E-08  6.776E-08  3.567E-07
                1.411E-07  5.237E-08  2.046E-07  6.216E-07  1.694E-06  9.440E-08
                1.485E-07  9.492E-08  7.819E-08  1.126E-07  1.643E-07  5.286E-08
                3.250E-08  6.248E-08  1.463E-06  1.530E-07  3.846E-07  5.108E-06
                4.809E-08  1.665E-08  9.626E-08  2.837E-07  6.694E-07  7.702E-08
                1.142E-07  1.461E-07  7.329E-09  2.506E-08  3.380E-08  2.023E-08
                7.592E-07  2.324E-07  3.662E-07  2.186E-07  1.377E-06  9.071E-09
                1.765E-08  1.205E-07  1.765E-08  1.404E-06  1.268E-07
1.81440699E+02  1.323E-03  4.281E-04  1.394E-03  1.195E-04  5.869E-04  4.246E-03
                4.965E-04  6.044E-07  3.950E-05  1.376E-05  4.434E-07  2.224E-03
                6.957E-07  3.895E-05  5.638E-06  1.839E-07  3.234E-07  5.739E-07
                1.953E-07  6.557E-07  3.270E-07  2.993E-08  3.984E-07  3.340E-07
                5.898E-07  6.490E-07  4.734E-07  1.709E-07  5.176E-07  5.495E-07
                5.535E-07  6.012E-08  1.554E-06  7.038E-07  6.017E-08  4.172E-07
                2.075E-10  2.608E-08  1.336E-07  6.932E-07  1.872E-06  9.832E-08
                7.918E-07  6.309E-08  7.316E-08  7.400E-08  7.902E-08  1.248E-06
                4.142E-06  9.623E-09  2.529E-07  4.244E-07  1.781E-08  1.862E-08
                3.780E-07  1.110E-07  1.263E-07  2.667E-06  7.454E-07  3.100E-07
                2.013E-07  7.629E-10  2.513E-09  1.100E-10  5.946E-08  2.415E-07
                2.901E-08  2.934E-08  1.622E-07  5.369E-07  8.920E-07  1.595E-06
                5.549E-07  2.237E-07  2.200E-08  5.950E-08  1.212E-07  3.166E-08
                7.642E-08  1.200E-08  2.672E-07  7.299E-07  1.423E-07  4.416E-08
                9.137E-07  4.024E-06  4.579E-11  2.854E-10  5.980E-10  5.258E-10
                9.834E-11  2.355E-08  1.538E-07  3.365E-07  9.950E-08  2.297E-08
                3.488E-07  1.046E-06  3.261E-07  1.872E-06  7.035E-09  3.594E-08
                8.347E-08  1.771E-07  4.946E-08  1.457E-08  3.310E-08  8.977E-08
                1.284E-08  2.041E-07  9.664E-07  2.620E-07  7.106E-07  9.368E-09
                8.621E-06  2.484E-07  1.905E-07  1.354E-07  7.821E-09  4.949E-08
                1.293E-07  1.277E-07  2.103E-06  1.304E-07  1.475E-07  8.429E-07
                1.190E-07  4.496E-08  8.434E-07  5.263E-06  2.115E-07  5.536E-07
                4.223E-07  1.520E-08  3.609E-08  6.615E-08  7.340E-08  9.840E-09
                3.036E-08  7.546E-08  1.803E-07  6.037E-08  1.234E-08  8.306E-08
                3.851E-07  1.665E-06  3.579E-08  3.930E-08  1.457E-07  4.011E-07
                7.638E-08  1.786E-06  7.743E-07  8.918E-08  1.296E-07  1.980E-08
                1.046E-06  1.236E-07  2.109E-08  1.791E-07  6.536E-08  4.424E-08
                1.921E-07  1.619E-07  5.226E-07  2.913E-06  4.842E-08  5.674E-08
                2.734E-08  9.315E-09  4.860E-08  3.245E-08  5.513E-08  2.326E-07
                1.142E-07  4.081E-08  1.642E-07  5.041E-07  1.370E-06  8.423E-08
                1.239E-07  6.855E-08  5.677E-08  7.935E-08  1.147E-07  4.000E-08
                2.628E-08  4.864E-08  1.311E-06  9.976E-08  3.406E-07  4.586E-06
                3.569E-08  1.189E-08  6.945E-08  2.101E-07  5.083E-07  5.412E-08
                8.274E-08  1.080E-07  5.370E-09  2.031E-08  2.585E-08  1.668E-08
                6.268E-07  1.913E-07  3.010E-07  1.741E-07  1.125E-06  7.120E-09
                1.377E-08  9.875E-08  1.396E-08  1.161E-06  1.019E-07
1.95048699E+02  9.178E-04  2.971E-04  9.687E-04  8.289E-05  4.082E-04  3.586E-03
                4.194E-04  2.836E-07  3.382E-05  1.110E-05  3.209E-07  1.965E-03
                5.202E-07  3.010E-05  4.374E-06  1.223E-07  2.240E-07  4.819E-07
                1.327E-07  5.450E-07  2.459E-07  2.523E-08  3.511E-07  1.764E-07
                3.220E-07  3.672E-07  2.901E-07  1.164E-07  3.725E-07  4.093E-07
                3.237E-07  4.435E-08  1.113E-06  4.764E-07  3.891E-08  2.937E-07
                1.800E-10  1.882E-08  1.045E-07  4.582E-07  1.241E-06  6.476E-08
                5.302E-07  5.807E-08  6.634E-08  6.446E-08  6.047E-08  1.116E-06
                2.892E-06  7.041E-09  2.148E-07  3.782E-07  1.358E-08  1.299E-08
                2.484E-07  7.373E-08  1.078E-07  2.286E-06  5.679E-07  2.231E-07
                1.405E-07  6.923E-10  2.239E-09  8.802E-11  4.398E-08  1.462E-07
                2.139E-08  2.054E-08  1.195E-07  3.940E-07  6.440E-07  1.201E-06
                4.690E-07  2.034E-07  1.809E-08  4.118E-08  8.253E-08  1.801E-08
                6.692E-08  1.026E-08  2.380E-07  6.516E-07  9.568E-08  3.094E-08
                6.491E-07  2.882E-06  3.416E-11  2.154E-10  4.550E-10  4.028E-10
                6.646E-11  2.057E-08  1.330E-07  2.823E-07  7.951E-08  1.935E-08
                2.717E-07  8.077E-07  2.325E-07  1.322E-06  5.700E-09  3.015E-08
                6.604E-08  1.385E-07  5.160E-08  1.501E-08  2.896E-08  7.607E-08
                1.062E-08  1.713E-07  9.452E-07  2.559E-07  5.011E-07  7.035E-09
                6.046E-06  1.972E-07  1.458E-07  1.080E-07  6.421E-09  4.008E-08
                1.018E-07  1.017E-07  1.575E-06  1.215E-07  1.387E-07  6.017E-07
                8.479E-08  3.518E-08  6.035E-07  3.741E-06  1.978E-07  5.261E-07
                3.683E-07  1.128E-08  2.668E-08  4.879E-08  5.330E-08  7.150E-09
                2.243E-08  5.602E-08  1.345E-07  4.727E-08  9.054E-09  6.260E-08
                2.916E-07  1.268E-06  2.480E-08  3.477E-08  1.290E-07  2.853E-07
                5.395E-08  1.347E-06  5.820E-07  6.677E-08  1.031E-07  1.472E-08
                7.969E-07  8.776E-08  1.441E-08  1.317E-07  4.977E-08  3.635E-08
                1.582E-07  1.530E-07  4.285E-07  2.168E-06  3.452E-08  4.238E-08
                2.064E-08  6.916E-09  4.881E-08  2.466E-08  4.143E-08  2.390E-07
                8.514E-08  3.099E-08  1.249E-07  3.815E-07  1.035E-06  6.189E-08
                9.323E-08  5.580E-08  4.153E-08  6.327E-08  9.093E-08  2.923E-08
                2.472E-08  3.652E-08  9.754E-07  1.000E-07  2.526E-07  3.370E-06
                2.789E-08  9.628E-09  5.612E-08  1.580E-07  3.745E-07  4.735E-08
                6.881E-08  8.356E-08  4.111E-09  1.305E-08  1.696E-08  1.221E-08
                5.003E-07  1.512E-07  2.334E-07  1.333E-07  8.852E-07  5.173E-09
                9.953E-09  7.949E-08  1.109E-08  9.173E-07  8.071E-08
