3.75360995E+01  4.389E-04
3.78762995E+01  4.296E-04
3.82164995E+01  4.289E-04
3.85566995E+01  4.106E-04
3.88968995E+01  4.148E-04
3.92370995E+01  3.982E-04
3.95772995E+01  4.101E-04
3.99174995E+01  3.955E-04
4.02576995E+01  3.858E-04
4.05978995E+01  3.783E-04
4.09380995E+01  4.178E-04
4.12782995E+01  3.567E-04
4.16184995E+01  5.999E-04
4.19586995E+01  3.458E-04
4.22988995E+01  3.483E-04
4.26390995E+01  3.735E-04
4.29792995E+01  3.540E-04
4.33194995E+01  3.230E-04
4.36596995E+01  3.424E-04
4.39998995E+01  2.482E-04
4.43400995E+01  2.858E-04
4.46802995E+01  3.151E-04
4.50204995E+01  3.189E-04
4.53606995E+01  3.073E-04
4.57008995E+01  2.657E-04
4.60410995E+01  2.435E-04
4.63812995E+01  3.734E-04
4.67214995E+01  3.191E-04
4.70616995E+01  2.600E-04
4.74018995E+01  2.265E-04
4.77420995E+01  2.752E-04
4.80822995E+01  2.200E-04
4.84224995E+01  2.667E-04
4.87626995E+01  2.020E-04
4.91028995E+01  2.480E-04
4.94430995E+01  2.179E-04
4.97832995E+01  2.377E-04
5.01234995E+01  2.399E-04
5.04636995E+01  2.169E-04
5.08038995E+01  2.282E-04
5.11440995E+01  2.264E-04
5.14842995E+01  2.242E-04
5.18244995E+01  2.221E-04
5.21646995E+01  2.112E-04
5.25048995E+01  2.087E-04
5.28450995E+01  2.088E-04
5.31852995E+01  2.014E-04
5.35254995E+01  1.994E-04
5.38656995E+01  1.952E-04
5.42058995E+01  1.970E-04
5.45460995E+01  1.905E-04
5.48862995E+01  1.876E-04
5.52264995E+01  1.849E-04
5.55666995E+01  1.822E-04
5.59068995E+01  1.795E-04
5.62470995E+01  1.769E-04
5.65872995E+01  1.743E-04
5.69274995E+01  1.717E-04
5.72676995E+01  1.692E-04
5.76078995E+01  1.666E-04
5.79480995E+01  1.641E-04
5.82882995E+01  1.616E-04
5.86284995E+01  1.592E-04
5.89686995E+01  1.568E-04
5.93088995E+01  1.544E-04
5.96490995E+01  1.520E-04
5.99892995E+01  1.497E-04
6.03294995E+01  1.475E-04
6.06696995E+01  1.452E-04
6.10098995E+01  1.429E-04
6.13500995E+01  1.407E-04
6.16902995E+01  1.386E-04
6.20304995E+01  1.366E-04
6.23706995E+01  1.345E-04
6.27108995E+01  1.326E-04
6.30510995E+01  1.306E-04
6.33912995E+01  1.287E-04
6.37314995E+01  1.268E-04
6.40716995E+01  1.249E-04
6.44118995E+01  1.230E-04
6.47520995E+01  1.213E-04
6.50922995E+01  1.195E-04
6.54324995E+01  1.178E-04
6.57726995E+01  1.161E-04
6.61128995E+01  1.145E-04
6.64530995E+01  1.128E-04
6.67932995E+01  1.111E-04
6.71334995E+01  1.097E-04
6.74736995E+01  1.081E-04
6.78138995E+01  1.067E-04
6.81540995E+01  1.053E-04
6.84942995E+01  1.036E-04
6.88344995E+01  1.023E-04
6.91746995E+01  1.009E-04
6.95148995E+01  9.955E-05
6.98550995E+01  9.820E-05
7.01952995E+01  9.688E-05
7.05354995E+01  9.573E-05
7.08756995E+01  9.452E-05
7.12158995E+01  9.334E-05
7.15560995E+01  9.219E-05
7.18962995E+01  9.106E-05
7.22364995E+01  8.995E-05
7.25766995E+01  8.886E-05
7.29168995E+01  8.779E-05
7.32570995E+01  8.672E-05
7.35972995E+01  8.568E-05
7.39374995E+01  8.464E-05
7.42776995E+01  8.361E-05
7.46178995E+01  8.259E-05
7.49580995E+01  8.158E-05
7.52982995E+01  8.058E-05
7.56384995E+01  7.959E-05
7.59786995E+01  7.860E-05
7.63188995E+01  7.762E-05
7.66590995E+01  7.666E-05
7.69992995E+01  7.570E-05
7.73394995E+01  7.475E-05
7.76796995E+01  7.381E-05
7.80198995E+01  7.288E-05
7.83600995E+01  7.196E-05
7.87002995E+01  7.105E-05
7.90404995E+01  7.016E-05
7.93806995E+01  6.927E-05
7.97208995E+01  6.840E-05
8.00610995E+01  6.754E-05
8.04012995E+01  6.669E-05
8.07414995E+01  6.586E-05
8.10816995E+01  6.504E-05
8.14218995E+01  6.422E-05
8.17620995E+01  6.342E-05
8.21022995E+01  6.263E-05
8.24424995E+01  6.185E-05
8.27826995E+01  6.109E-05
8.31228995E+01  6.033E-05
8.34630995E+01  5.958E-05
8.38032995E+01  5.885E-05
8.41434995E+01  5.813E-05
8.44836995E+01  5.741E-05
8.48238995E+01  5.671E-05
8.51640995E+01  5.602E-05
8.55042995E+01  5.535E-05
8.58444995E+01  5.468E-05
8.61846995E+01  5.403E-05
8.65248995E+01  5.339E-05
8.68650995E+01  5.277E-05
8.72052995E+01  5.216E-05
8.75454995E+01  5.156E-05
8.78856995E+01  5.097E-05
8.82258995E+01  5.040E-05
8.85660995E+01  4.984E-05
8.89062995E+01  4.930E-05
8.92464995E+01  4.877E-05
8.95866995E+01  4.825E-05
8.99268995E+01  4.775E-05
9.02670995E+01  4.725E-05
9.06072995E+01  4.677E-05
9.09474995E+01  4.630E-05
9.12876995E+01  4.584E-05
9.16278995E+01  4.539E-05
9.19680995E+01  4.495E-05
9.23082995E+01  4.451E-05
9.26484995E+01  4.409E-05
9.29886995E+01  4.367E-05
9.33288995E+01  4.325E-05
9.36690995E+01  4.284E-05
9.40092995E+01  4.244E-05
9.43494995E+01  4.204E-05
9.46896995E+01  4.164E-05
9.50298995E+01  4.125E-05
9.53700995E+01  4.085E-05
9.57102995E+01  4.046E-05
9.60504995E+01  4.007E-05
9.63906995E+01  3.969E-05
9.67308995E+01  3.930E-05
9.70710995E+01  3.892E-05
9.74112995E+01  3.853E-05
9.77514995E+01  3.815E-05
9.80916995E+01  3.777E-05
9.84318995E+01  3.739E-05
9.87720995E+01  3.702E-05
9.91122995E+01  3.664E-05
9.94524995E+01  3.626E-05
9.97926995E+01  3.589E-05
1.00132899E+02  3.552E-05
1.00473099E+02  3.515E-05
1.00813299E+02  3.479E-05
1.01153499E+02  3.442E-05
1.01493699E+02  3.406E-05
1.01833899E+02  3.370E-05
1.02174099E+02  3.334E-05
1.02514299E+02  3.299E-05
1.02854499E+02  3.264E-05
1.03194699E+02  3.229E-05
1.03534899E+02  3.195E-05
1.03875099E+02  3.161E-05
1.04215299E+02  3.127E-05
1.04555499E+02  3.093E-05
1.04895699E+02  3.060E-05
1.05235899E+02  3.027E-05
1.05576099E+02  2.995E-05
1.05916299E+02  2.963E-05
1.06256499E+02  2.931E-05
1.06596699E+02  2.900E-05
1.06936899E+02  2.869E-05
1.07277099E+02  2.839E-05
1.07617299E+02  2.809E-05
1.07957499E+02  2.779E-05
1.08297699E+02  2.750E-05
1.08637899E+02  2.722E-05
1.08978099E+02  2.694E-05
1.09318299E+02  2.666E-05
1.09658499E+02  2.639E-05
1.09998699E+02  2.613E-05
1.10338899E+02  2.587E-05
1.10679099E+02  2.562E-05
1.11019299E+02  2.538E-05
1.11359499E+02  2.514E-05
1.11699699E+02  2.490E-05
1.12039899E+02  2.467E-05
1.12380099E+02  2.445E-05
1.12720299E+02  2.424E-05
1.13060499E+02  2.402E-05
1.13400699E+02  2.382E-05
1.13740899E+02  2.362E-05
1.14081099E+02  2.343E-05
1.14421299E+02  2.324E-05
1.14761499E+02  2.305E-05
1.15101699E+02  2.287E-05
1.15441899E+02  2.270E-05
1.15782099E+02  2.252E-05
1.16122299E+02  2.236E-05
1.16462499E+02  2.219E-05
1.16802699E+02  2.203E-05
1.17142899E+02  2.187E-05
1.17483099E+02  2.172E-05
1.17823299E+02  2.156E-05
1.18163499E+02  2.141E-05
1.18503699E+02  2.126E-05
1.18843899E+02  2.111E-05
1.19184099E+02  2.096E-05
1.19524299E+02  2.081E-05
1.19864499E+02  2.066E-05
1.20204699E+02  2.052E-05
1.20544899E+02  2.037E-05
1.20885099E+02  2.022E-05
1.21225299E+02  2.008E-05
1.21565499E+02  1.993E-05
1.21905699E+02  1.978E-05
1.22245899E+02  1.963E-05
1.22586099E+02  1.948E-05
1.22926299E+02  1.933E-05
1.23266499E+02  1.918E-05
1.23606699E+02  1.903E-05
1.23946899E+02  1.887E-05
1.24287099E+02  1.872E-05
1.24627299E+02  1.857E-05
1.24967499E+02  1.841E-05
1.25307699E+02  1.826E-05
1.25647899E+02  1.810E-05
1.25988099E+02  1.794E-05
1.26328299E+02  1.779E-05
1.26668499E+02  1.763E-05
1.27008699E+02  1.747E-05
1.27348899E+02  1.731E-05
1.27689099E+02  1.715E-05
1.28029299E+02  1.700E-05
1.28369499E+02  1.684E-05
1.28709699E+02  1.668E-05
1.29049899E+02  1.652E-05
1.29390099E+02  1.636E-05
1.29730299E+02  1.621E-05
1.30070499E+02  1.605E-05
1.30410699E+02  1.589E-05
1.30750899E+02  1.574E-05
1.31091099E+02  1.558E-05
1.31431299E+02  1.543E-05
1.31771499E+02  1.528E-05
1.32111699E+02  1.513E-05
1.32451899E+02  1.498E-05
1.32792099E+02  1.483E-05
1.33132299E+02  1.469E-05
1.33472499E+02  1.454E-05
1.33812699E+02  1.440E-05
1.34152899E+02  1.426E-05
1.34493099E+02  1.412E-05
1.34833299E+02  1.398E-05
1.35173499E+02  1.385E-05
1.35513699E+02  1.372E-05
1.35853899E+02  1.359E-05
1.36194099E+02  1.346E-05
1.36534299E+02  1.334E-05
1.36874499E+02  1.322E-05
1.37214699E+02  1.310E-05
1.37554899E+02  1.298E-05
1.37895099E+02  1.287E-05
1.38235299E+02  1.276E-05
1.38575499E+02  1.266E-05
1.38915699E+02  1.255E-05
1.39255899E+02  1.245E-05
1.39596099E+02  1.236E-05
1.39936299E+02  1.226E-05
1.40276499E+02  1.217E-05
1.40616699E+02  1.209E-05
1.40956899E+02  1.200E-05
1.41297099E+02  1.192E-05
1.41637299E+02  1.184E-05
1.41977499E+02  1.177E-05
1.42317699E+02  1.169E-05
1.42657899E+02  1.162E-05
1.42998099E+02  1.156E-05
1.43338299E+02  1.149E-05
1.43678499E+02  1.143E-05
1.44018699E+02  1.136E-05
1.44358899E+02  1.131E-05
1.44699099E+02  1.125E-05
1.45039299E+02  1.119E-05
1.45379499E+02  1.114E-05
1.45719699E+02  1.108E-05
1.46059899E+02  1.103E-05
1.46400099E+02  1.098E-05
1.46740299E+02  1.093E-05
1.47080499E+02  1.088E-05
1.47420699E+02  1.083E-05
1.47760899E+02  1.078E-05
1.48101099E+02  1.073E-05
1.48441299E+02  1.068E-05
1.48781499E+02  1.063E-05
1.49121699E+02  1.058E-05
1.49461899E+02  1.053E-05
1.49802099E+02  1.048E-05
1.50142299E+02  1.043E-05
1.50482499E+02  1.037E-05
1.50822699E+02  1.032E-05
1.51162899E+02  1.026E-05
1.51503099E+02  1.021E-05
1.51843299E+02  1.015E-05
1.52183499E+02  1.009E-05
1.52523699E+02  1.003E-05
1.52863899E+02  9.972E-06
1.53204099E+02  9.909E-06
1.53544299E+02  9.846E-06
1.53884499E+02  9.781E-06
1.54224699E+02  9.715E-06
1.54564899E+02  9.647E-06
1.54905099E+02  9.578E-06
1.55245299E+02  9.508E-06
1.55585499E+02  9.437E-06
1.55925699E+02  9.364E-06
1.56265899E+02  9.291E-06
1.56606099E+02  9.216E-06
1.56946299E+02  9.140E-06
1.57286499E+02  9.064E-06
1.57626699E+02  8.986E-06
1.57966899E+02  8.908E-06
1.58307099E+02  8.829E-06
1.58647299E+02  8.749E-06
1.58987499E+02  8.668E-06
1.59327699E+02  8.588E-06
1.59667899E+02  8.506E-06
1.60008099E+02  8.425E-06
1.60348299E+02  8.343E-06
1.60688499E+02  8.261E-06
1.61028699E+02  8.179E-06
1.61368899E+02  8.098E-06
1.61709099E+02  8.016E-06
1.62049299E+02  7.935E-06
1.62389499E+02  7.854E-06
1.62729699E+02  7.774E-06
1.63069899E+02  7.694E-06
1.63410099E+02  7.614E-06
1.63750299E+02  7.536E-06
1.64090499E+02  7.458E-06
1.64430699E+02  7.382E-06
1.64770899E+02  7.306E-06
1.65111099E+02  7.232E-06
1.65451299E+02  7.159E-06
1.65791499E+02  7.087E-06
1.66131699E+02  7.016E-06
1.66471899E+02  6.947E-06
1.66812099E+02  6.880E-06
1.67152299E+02  6.814E-06
1.67492499E+02  6.750E-06
1.67832699E+02  6.687E-06
1.68172899E+02  6.627E-06
1.68513099E+02  6.568E-06
1.68853299E+02  6.511E-06
1.69193499E+02  6.456E-06
1.69533699E+02  6.403E-06
1.69873899E+02  6.352E-06
1.70214099E+02  6.304E-06
1.70554299E+02  6.257E-06
1.70894499E+02  6.212E-06
1.71234699E+02  6.170E-06
1.71574899E+02  6.129E-06
1.71915099E+02  6.091E-06
1.72255299E+02  6.055E-06
1.72595499E+02  6.020E-06
1.72935699E+02  5.988E-06
1.73275899E+02  5.958E-06
1.73616099E+02  5.930E-06
1.73956299E+02  5.903E-06
1.74296499E+02  5.879E-06
1.74636699E+02  5.856E-06
1.74976899E+02  5.835E-06
1.75317099E+02  5.815E-06
1.75657299E+02  5.798E-06
1.75997499E+02  5.781E-06
1.76337699E+02  5.766E-06
1.76677899E+02  5.753E-06
1.77018099E+02  5.740E-06
1.77358299E+02  5.729E-06
1.77698499E+02  5.719E-06
1.78038699E+02  5.709E-06
1.78378899E+02  5.701E-06
1.78719099E+02  5.693E-06
1.79059299E+02  5.685E-06
1.79399499E+02  5.678E-06
1.79739699E+02  5.671E-06
1.80079899E+02  5.665E-06
1.80420099E+02  5.658E-06
1.80760299E+02  5.652E-06
1.81100499E+02  5.645E-06
1.81440699E+02  5.638E-06
1.81780899E+02  5.630E-06
1.82121099E+02  5.622E-06
1.82461299E+02  5.613E-06
1.82801499E+02  5.604E-06
1.83141699E+02  5.594E-06
1.83481899E+02  5.582E-06
1.83822099E+02  5.570E-06
1.84162299E+02  5.556E-06
1.84502499E+02  5.541E-06
1.84842699E+02  5.525E-06
1.85182899E+02  5.508E-06
1.85523099E+02  5.489E-06
1.85863299E+02  5.468E-06
1.86203499E+02  5.446E-06
1.86543699E+02  5.423E-06
1.86883899E+02  5.397E-06
1.87224099E+02  5.371E-06
1.87564299E+02  5.342E-06
1.87904499E+02  5.312E-06
1.88244699E+02  5.281E-06
1.88584899E+02  5.248E-06
1.88925099E+02  5.213E-06
1.89265299E+02  5.177E-06
1.89605499E+02  5.139E-06
1.89945699E+02  5.099E-06
1.90285899E+02  5.059E-06
1.90626099E+02  5.017E-06
1.90966299E+02  4.973E-06
1.91306499E+02  4.928E-06
1.91646699E+02  4.883E-06
1.91986899E+02  4.835E-06
1.92327099E+02  4.787E-06
1.92667299E+02  4.738E-06
1.93007499E+02  4.688E-06
1.93347699E+02  4.637E-06
1.93687899E+02  4.586E-06
1.94028099E+02  4.534E-06
1.94368299E+02  4.481E-06
1.94708499E+02  4.428E-06
1.95048699E+02  4.374E-06
1.95388899E+02  4.320E-06
1.95729099E+02  4.265E-06
1.96069299E+02  4.211E-06
1.96409499E+02  4.157E-06
1.96749699E+02  4.102E-06
1.97089899E+02  4.048E-06
1.97430099E+02  3.993E-06
1.97770299E+02  3.939E-06
1.98110499E+02  3.886E-06
1.98450699E+02  3.833E-06
1.98790899E+02  3.780E-06
1.99131099E+02  3.728E-06
1.99471299E+02  3.676E-06
1.99811499E+02  3.626E-06
2.00151699E+02  3.576E-06
2.00491899E+02  3.527E-06
2.00832099E+02  3.479E-06
2.01172299E+02  3.432E-06
2.01512499E+02  3.386E-06
2.01852699E+02  3.341E-06
2.02192899E+02  3.298E-06
2.02533099E+02  3.256E-06
2.02873299E+02  3.215E-06
2.03213499E+02  3.175E-06
2.03553699E+02  3.137E-06
2.03893899E+02  3.101E-06
2.04234099E+02  3.066E-06
2.04574299E+02  3.033E-06
