          16           7
         215          13           1           1
           0          -4           0          -4           0          -6           0          -2           0          -4           0           6           0           4           0           2           0           4           0           6           0           2           0           4           0           2           0          -4           0          -2           0           2           0           4           0           6           0           2           0           4           0           6           0           4           0          -2           0          -2           0          -4           0          -6           0          -8           0          -2           0          -4           0          -6           0          -4           0           2           0          -4           0          -6           0          -2           0          -4           0          -6           0          -6           0          -8           0          -4           0          -6           0          -2           0          -4           0           4           0           6           0           8           0          10           0           4           0          -4           0           2           0           6           0           4           0           8           0           2           0          -4           0          -2           0           6           0           6           0           4           0           2           0           8           0           4           0           6           0           8           0           4           0           6           0           8           0          10           0           4           0           6           0           8           0           6           0           4           0           2           0           6           0           2           0           4           0           2           0          -4           0          -2           0          -6           0          -8           0           6           0           4           0          -4           0          -6           0          -2           0          -4           0          -6           0          -8           0         -10           0          -2           0          -4           0          -6           0          -4           0          -2           0          -6           0          -8           0          -2           0          -4           0           2           0           4           0           6           0           8           0           4           0           4           0           6           0           8           0           2           0          10           0           8           0           6           0           4           0           2           0           6           0           6           0           4           0           4           0           2           0           4           0           6           0           8           0          -4           0           2           0           4           0          -6           0          -4           0           2           0           4           0           6           0           4           0           6           0          -2           0          -4           0          -6           0          -8           0         -10           0          -6           0          -8           0         -10           0         -12           0           2           0          -2           0          -4           0          -6           0          -8           0          -2           0          -8           0         -10           0          -4           0          -2           0          -6           0          -4           0          -2           0          -4           0          -2           0          -4           0          -6           0          -4           0          -8           0          -6           0           2           0           4           0           2           0           4           0           6           0         -10           0          -8           0          -6           0          -4           0           6           0          -2           0          -4           0           8           0          -6           0          -2           0          -4           0          -6           0          -8           0           4           0           6           0          -4           0          -6           0          -6           0          -8           0          -2           0           2           0          -4           0           4           0           6           0           4           0           4           0           2           0           2           0          -4           0          -6           0          -8           0          -2           0          -4           0          -6           0          -8           0         -10           0          -8           0          -6           0          -4           0          -2           0          -2           0          -4           0          -6           0          -6           0          -8           0          -4           0          -2           0          -6           0          -4
    0.000000E+00    9.645106E-03    9.843162E-03    1.435602E-02    1.458263E-02
    4.247197E-02    4.320385E-02    4.360158E-02    5.944295E-02    5.948713E-02
    6.922989E-02    7.316769E-02    7.411300E-02    1.134727E-01    1.147319E-01
    2.354040E-01    2.358931E-01    2.366026E-01    2.382857E-01    2.391328E-01
    2.438023E-01    2.438287E-01    2.461520E-01    2.471700E-01    2.474363E-01
    2.479076E-01    2.485433E-01    2.486026E-01    2.487216E-01    2.491410E-01
    2.502551E-01    2.507374E-01    2.510783E-01    2.511300E-01    2.524691E-01
    2.524772E-01    2.554279E-01    2.561102E-01    2.563381E-01    2.591442E-01
    2.591854E-01    2.609226E-01    2.615363E-01    2.619649E-01    2.622131E-01
    2.625883E-01    2.631076E-01    2.632646E-01    2.633261E-01    2.634365E-01
    2.637297E-01    2.638533E-01    2.640096E-01    2.643758E-01    2.644930E-01
    2.645338E-01    2.648466E-01    2.652759E-01    2.655531E-01    2.656939E-01
    2.657640E-01    2.676748E-01    2.677713E-01    2.679166E-01    2.688115E-01
    2.690337E-01    2.711118E-01    2.712141E-01    2.720014E-01    2.721113E-01
    2.724223E-01    2.724984E-01    2.725578E-01    2.726085E-01    2.727219E-01
    2.737570E-01    2.740430E-01    2.746587E-01    2.763855E-01    2.763956E-01
    2.763957E-01    2.764682E-01    2.789238E-01    2.791446E-01    2.808157E-01
    2.808428E-01    2.816082E-01    2.816156E-01    2.816277E-01    2.816445E-01
    2.816660E-01    2.832213E-01    2.832636E-01    2.833497E-01    2.872720E-01
    2.872722E-01    2.872783E-01    2.873017E-01    2.873787E-01    2.874354E-01
    2.875828E-01    2.876419E-01    2.877951E-01    2.879672E-01    2.884374E-01
    2.885530E-01    2.886000E-01    2.886971E-01    2.887362E-01    2.888178E-01
    2.901974E-01    2.902310E-01    2.934227E-01    2.936053E-01    2.936679E-01
    2.948139E-01    2.948751E-01    2.949134E-01    2.954910E-01    2.955387E-01
    2.955818E-01    2.956302E-01    2.974080E-01    2.974265E-01    2.978254E-01
    2.979930E-01    2.980044E-01    2.981863E-01    2.981951E-01    2.982014E-01
    2.986863E-01    2.989406E-01    2.997979E-01    3.013547E-01    3.014398E-01
    3.015665E-01    3.017420E-01    3.025165E-01    3.025355E-01    3.025686E-01
    3.026262E-01    3.032771E-01    3.036433E-01    3.036673E-01    3.036996E-01
    3.037196E-01    3.041292E-01    3.046134E-01    3.046301E-01    3.048276E-01
    3.048611E-01    3.049614E-01    3.051740E-01    3.052844E-01    3.060373E-01
    3.062721E-01    3.065126E-01    3.067251E-01    3.072820E-01    3.083217E-01
    3.083847E-01    3.085481E-01    3.086063E-01    3.093086E-01    3.093690E-01
    3.093750E-01    3.093804E-01    3.094500E-01    3.095030E-01    3.095365E-01
    3.096086E-01    3.096683E-01    3.098305E-01    3.098337E-01    3.100372E-01
    3.110986E-01    3.111053E-01    3.111248E-01    3.111449E-01    3.124031E-01
    3.124222E-01    3.126400E-01    3.132139E-01    3.132929E-01    3.134326E-01
    3.163175E-01    3.165548E-01    3.167011E-01    3.167161E-01    3.173537E-01
    3.174815E-01    3.194473E-01    3.198310E-01    3.206567E-01    3.235572E-01
    3.235827E-01    3.236877E-01    3.236885E-01    3.238034E-01    3.239013E-01
    3.239634E-01    3.240075E-01    3.245628E-01    3.245933E-01    3.263728E-01
    3.264517E-01    3.271738E-01    3.284075E-01    3.287843E-01    3.314323E-01
    3.314556E-01    3.324856E-01    3.325179E-01    3.327131E-01    3.333147E-01
           0           4           0           1
  -28.010499495533246               13
3.48144995E+01  1.959E-01  6.467E-02  2.110E-01  1.817E-02  8.873E-02  1.132E-01
                1.337E-02  1.254E-04  1.131E-03  8.240E-04  2.610E-04  5.124E-02
                7.328E-05
4.84224995E+01  8.105E-02  2.745E-02  8.436E-02  7.101E-03  3.514E-02  6.587E-02
                7.984E-03  5.466E-05  7.041E-04  5.445E-04  6.846E-05  2.891E-02
                5.099E-05  1.960E-03  2.667E-04  2.467E-05  1.306E-04  1.451E-04
                9.635E-04  3.917E-03  4.200E-04  3.340E-04  1.348E-04  1.344E-05
                3.252E-05  1.092E-04  1.515E-04  1.490E-05  6.419E-05  1.452E-04
                2.306E-04  3.917E-04  3.592E-04  9.174E-04
6.20304995E+01  3.946E-02  1.268E-02  4.139E-02  3.521E-03  1.725E-02  4.237E-02
                4.966E-03  1.869E-05  4.109E-04  2.289E-04  2.733E-05  1.998E-02
                2.689E-05  9.413E-04  1.366E-04  9.134E-06  1.452E-05  1.343E-05
                1.008E-05  1.605E-05  9.780E-06  5.585E-07  1.483E-05  2.086E-06
                4.942E-06  6.019E-06  4.726E-06  9.860E-06  2.685E-05  2.783E-05
                1.062E-05  1.875E-06  9.494E-05  2.633E-05  2.686E-06  1.860E-05
                7.561E-09  1.698E-06  1.053E-05  3.010E-05  8.763E-05  4.967E-06
                3.601E-05  5.485E-07  1.111E-06  2.026E-06  4.860E-06  8.230E-06
                1.131E-04  6.354E-07  6.498E-06  3.685E-06  1.268E-06  7.222E-07
                1.889E-05  6.198E-06  2.838E-06  5.259E-05  3.510E-05  1.866E-05
                1.173E-05  2.868E-08  1.995E-08  2.800E-09  2.871E-06  2.517E-05
                7.566E-07  9.171E-08  5.298E-06  1.729E-05  3.398E-05  1.725E-05
                7.246E-06  3.320E-06  1.250E-06  2.710E-06  7.368E-06  3.293E-06
                1.986E-06  3.014E-07  6.948E-06  1.929E-05  9.282E-06  1.827E-06
                2.023E-05  8.975E-05  1.278E-09  5.101E-09  1.219E-08  1.382E-08
                4.114E-09  6.829E-07  3.991E-06  7.765E-06  1.097E-06  3.743E-07
                2.929E-06  7.998E-06  7.008E-06  3.968E-05  1.092E-07  6.729E-07
                1.301E-06  2.530E-06  2.303E-06  5.729E-07  7.039E-07  1.821E-06
                3.304E-07  4.033E-06  2.518E-05  6.480E-06  1.091E-05  1.323E-07
                1.276E-04  4.019E-06  2.797E-06  1.861E-06  1.117E-07  8.431E-07
                2.051E-06  2.028E-06  5.291E-05  2.392E-06  2.566E-06  1.596E-05
                2.555E-06  9.566E-07  1.111E-05  6.789E-05  4.524E-06  1.240E-05
                1.058E-05  6.807E-07  1.706E-06  3.257E-06  4.887E-06  3.960E-07
                1.424E-06  3.703E-06  8.790E-06  1.361E-06  4.012E-07  1.696E-06
                6.433E-06  2.354E-05  1.160E-06  3.606E-06  1.414E-05  7.428E-06
                1.537E-06  2.605E-05  1.157E-05  1.512E-06  2.842E-06  7.768E-07
                1.412E-05  4.960E-06  1.244E-06  7.929E-06  3.182E-06  7.890E-07
                3.413E-06  4.462E-06  1.030E-05  4.445E-05  3.033E-06  2.125E-06
                1.029E-06  3.542E-07  1.140E-06  7.457E-07  1.375E-06  4.358E-06
                2.383E-06  1.280E-06  3.359E-06  8.193E-06  2.141E-05  1.169E-06
                1.505E-06  3.165E-06  3.071E-06  4.171E-06  6.970E-06  1.546E-06
                3.035E-07  1.641E-06  1.369E-05  2.397E-06  3.729E-06  4.247E-05
                4.685E-07  3.168E-07  5.956E-06  1.257E-05  2.342E-05  5.436E-06
                6.744E-06  6.826E-06  5.808E-07  1.112E-06  1.155E-06  6.890E-07
                4.866E-06  1.568E-06  2.480E-06  3.521E-06  1.482E-05  2.453E-07
                4.830E-07  9.497E-07  2.229E-07  1.129E-05  1.491E-06
7.56384995E+01  2.188E-02  7.008E-03  2.288E-02  1.942E-03  9.524E-03  2.908E-02
                3.406E-03  1.015E-05  2.789E-04  1.393E-04  1.378E-05  1.413E-02
                1.488E-05  5.489E-04  7.959E-05  4.967E-06  8.073E-06  7.766E-06
                5.927E-06  1.008E-05  6.978E-06  3.921E-07  7.116E-06  1.292E-06
                2.942E-06  3.482E-06  2.382E-06  5.652E-06  1.459E-05  1.565E-05
                5.680E-06  1.340E-06  4.159E-05  1.344E-05  1.576E-06  9.951E-06
                5.474E-09  8.694E-07  5.155E-06  1.463E-05  4.270E-05  2.335E-06
                1.750E-05  2.649E-07  5.006E-07  8.543E-07  2.006E-06  4.808E-06
                6.509E-05  2.854E-07  2.796E-06  2.002E-06  5.257E-07  3.317E-07
                9.359E-06  3.052E-06  1.418E-06  2.410E-05  1.636E-05  9.149E-06
                5.640E-06  9.318E-09  1.595E-08  1.637E-09  1.085E-06  8.999E-06
                4.700E-07  1.499E-07  2.976E-06  9.909E-06  1.890E-05  1.280E-05
                4.867E-06  2.103E-06  5.421E-07  1.322E-06  3.057E-06  1.313E-06
                1.309E-06  1.820E-07  4.786E-06  1.331E-05  3.951E-06  9.160E-07
                1.250E-05  5.590E-05  4.968E-10  2.862E-09  6.683E-09  7.601E-09
                2.054E-09  4.475E-07  2.650E-06  5.399E-06  6.294E-07  1.715E-07
                1.993E-06  5.742E-06  4.412E-06  2.498E-05  6.507E-08  3.357E-07
                7.871E-07  1.652E-06  4.167E-07  1.469E-07  4.105E-07  1.055E-06
                1.654E-07  2.170E-06  1.421E-05  3.679E-06  6.347E-06  9.919E-08
                7.601E-05  2.316E-06  1.793E-06  1.165E-06  6.784E-08  5.366E-07
                1.293E-06  1.200E-06  3.240E-05  1.374E-06  1.462E-06  1.113E-05
                1.653E-06  5.479E-07  6.803E-06  4.138E-05  2.846E-06  7.379E-06
                7.192E-06  3.248E-07  7.985E-07  1.514E-06  2.175E-06  1.912E-07
                6.943E-07  1.797E-06  4.270E-06  8.329E-07  1.970E-07  9.512E-07
                3.796E-06  1.462E-05  5.888E-07  1.308E-06  5.246E-06  5.057E-06
                9.824E-07  1.625E-05  7.150E-06  8.869E-07  1.582E-06  4.015E-07
                8.938E-06  2.369E-06  5.902E-07  4.227E-06  1.464E-06  4.090E-07
                1.679E-06  2.805E-06  6.330E-06  2.535E-05  1.355E-06  1.029E-06
                4.963E-07  1.764E-07  6.660E-07  3.750E-07  6.716E-07  2.647E-06
                1.220E-06  6.375E-07  1.815E-06  4.690E-06  1.242E-05  6.975E-07
                8.470E-07  1.479E-06  1.439E-06  1.814E-06  2.885E-06  8.814E-07
                1.333E-07  9.064E-07  9.187E-06  1.274E-06  2.484E-06  3.054E-05
                2.725E-07  1.419E-07  2.481E-06  5.516E-06  1.075E-05  2.192E-06
                2.884E-06  3.020E-06  1.757E-07  2.753E-07  6.170E-07  3.094E-07
                3.868E-06  1.242E-06  2.122E-06  1.898E-06  8.858E-06  1.303E-07
                2.365E-07  6.983E-07  1.761E-07  7.928E-06  8.441E-07
8.92464995E+01  1.315E-02  4.211E-03  1.375E-02  1.166E-03  5.719E-03  2.073E-02
                2.427E-03  6.254E-06  1.975E-04  9.134E-05  7.684E-06  1.028E-02
                8.832E-06  3.367E-04  4.877E-05  2.802E-06  4.634E-06  4.666E-06
                3.501E-06  6.336E-06  4.698E-06  2.669E-07  4.214E-06  9.425E-07
                2.053E-06  2.404E-06  1.555E-06  3.447E-06  8.699E-06  9.482E-06
                3.484E-06  8.952E-07  2.109E-05  7.647E-06  9.687E-07  5.794E-06
                3.633E-09  4.816E-07  2.791E-06  7.996E-06  2.324E-05  1.271E-06
                9.738E-06  1.600E-07  2.693E-07  4.258E-07  9.751E-07  3.777E-06
                3.982E-05  1.554E-07  1.608E-06  1.453E-06  2.802E-07  1.785E-07
                5.124E-06  1.679E-06  8.544E-07  1.464E-05  9.147E-06  5.141E-06
                3.128E-06  6.181E-09  1.148E-08  1.153E-09  5.291E-07  4.106E-06
                3.014E-07  1.585E-07  1.821E-06  6.107E-06  1.133E-05  9.671E-06
                3.672E-06  1.568E-06  2.939E-07  7.614E-07  1.573E-06  6.039E-07
                9.047E-07  1.206E-07  3.357E-06  9.306E-06  2.055E-06  5.302E-07
                8.051E-06  3.599E-05  3.156E-10  1.897E-09  4.400E-09  4.824E-09
                1.144E-09  3.151E-07  1.877E-06  3.851E-06  4.462E-07  1.077E-07
                1.504E-06  4.435E-06  2.859E-06  1.617E-05  4.682E-08  2.225E-07
                5.799E-07  1.222E-06  1.331E-07  7.425E-08  2.967E-07  7.577E-07
                1.063E-07  1.546E-06  1.018E-05  2.640E-06  4.130E-06  6.783E-08
                4.967E-05  1.684E-06  1.261E-06  8.358E-07  5.267E-08  4.022E-07
                9.558E-07  9.293E-07  2.097E-05  1.032E-06  1.096E-06  7.304E-06
                1.065E-06  3.825E-07  4.566E-06  2.760E-05  2.055E-06  5.354E-06
                4.940E-06  1.755E-07  4.281E-07  8.063E-07  1.113E-06  1.031E-07
                3.619E-07  9.291E-07  2.206E-06  5.487E-07  1.127E-07  5.875E-07
                2.444E-06  9.733E-06  3.398E-07  5.513E-07  2.218E-06  3.329E-06
                6.385E-07  1.074E-05  4.720E-06  5.700E-07  9.497E-07  2.310E-07
                6.194E-06  1.303E-06  3.183E-07  2.507E-06  8.091E-07  2.840E-07
                1.037E-06  1.934E-06  4.314E-06  1.604E-05  7.202E-07  5.823E-07
                2.799E-07  9.999E-08  4.537E-07  2.248E-07  3.936E-07  1.836E-06
                7.524E-07  3.737E-07  1.144E-06  3.091E-06  8.243E-06  4.564E-07
                5.955E-07  8.115E-07  7.856E-07  9.585E-07  1.485E-06  5.301E-07
                8.359E-08  5.480E-07  6.447E-06  8.202E-07  1.738E-06  2.217E-05
                2.043E-07  9.262E-08  1.182E-06  2.837E-06  5.815E-06  9.997E-07
                1.377E-06  1.533E-06  6.521E-08  9.009E-08  3.547E-07  1.699E-07
                2.949E-06  9.392E-07  1.590E-06  1.194E-06  6.091E-06  7.809E-08
                1.417E-07  5.147E-07  1.179E-07  5.747E-06  5.595E-07
1.02854499E+02  8.365E-03  2.675E-03  8.746E-03  7.398E-04  3.633E-03  1.545E-02
                1.809E-03  3.736E-06  1.464E-04  6.262E-05  4.521E-06  7.827E-03
                5.513E-06  2.252E-04  3.264E-05  1.691E-06  2.828E-06  2.979E-06
                2.133E-06  4.068E-06  3.041E-06  1.787E-07  2.652E-06  8.318E-07
                1.689E-06  1.938E-06  1.243E-06  2.124E-06  5.339E-06  5.857E-06
                2.414E-06  5.768E-07  1.162E-05  4.685E-06  6.083E-07  3.541E-06
                2.406E-09  2.823E-07  1.600E-06  4.687E-06  1.345E-05  7.390E-07
                5.794E-06  1.219E-07  1.799E-07  2.536E-07  5.346E-07  3.107E-06
                2.567E-05  8.819E-08  1.057E-06  1.137E-06  1.597E-07  1.017E-07
                2.985E-06  9.771E-07  5.706E-07  1.008E-05  5.589E-06  3.091E-06
                1.871E-06  4.218E-09  8.523E-09  8.082E-10  3.027E-07  2.164E-06
                1.990E-07  1.402E-07  1.172E-06  3.924E-06  7.070E-06  7.141E-06
                2.736E-06  1.167E-06  1.696E-07  4.546E-07  8.998E-07  3.185E-07
                6.115E-07  8.126E-08  2.272E-06  6.282E-06  1.183E-06  3.256E-07
                5.376E-06  2.403E-05  2.157E-10  1.325E-09  3.029E-09  3.198E-09
                7.141E-10  2.119E-07  1.273E-06  2.633E-06  3.369E-07  7.672E-08
                1.169E-06  3.481E-06  1.912E-06  1.084E-05  3.484E-08  1.629E-07
                4.320E-07  9.099E-07  8.587E-08  4.958E-08  2.107E-07  5.446E-07
                7.563E-08  1.123E-06  7.148E-06  1.859E-06  2.888E-06  4.504E-08
                3.477E-05  1.232E-06  9.047E-07  6.151E-07  4.027E-08  2.957E-07
                7.028E-07  7.039E-07  1.397E-05  7.697E-07  8.188E-07  4.975E-06
                7.176E-07  2.771E-07  3.273E-06  1.973E-05  1.452E-06  3.794E-06
                3.332E-06  1.078E-07  2.607E-07  4.874E-07  6.478E-07  6.408E-08
                2.155E-07  5.469E-07  1.297E-06  3.738E-07  7.131E-08  3.968E-07
                1.702E-06  6.938E-06  2.072E-07  2.854E-07  1.138E-06  2.275E-06
                4.333E-07  7.588E-06  3.327E-06  3.954E-07  6.161E-07  1.418E-07
                4.467E-06  7.799E-07  1.867E-07  1.557E-06  4.946E-07  2.058E-07
                7.311E-07  1.313E-06  2.989E-06  1.120E-05  4.309E-07  3.688E-07
                1.777E-07  6.344E-08  3.096E-07  1.515E-07  2.608E-07  1.279E-06
                5.127E-07  2.428E-07  7.859E-07  2.186E-06  5.850E-06  3.254E-07
                4.599E-07  4.972E-07  4.746E-07  5.776E-07  8.776E-07  3.328E-07
                6.472E-08  3.479E-07  4.792E-06  5.558E-07  1.285E-06  1.677E-05
                1.599E-07  6.586E-08  6.375E-07  1.645E-06  3.531E-06  5.174E-07
                7.405E-07  8.747E-07  2.967E-08  4.344E-08  2.200E-07  1.045E-07
                2.245E-06  7.093E-07  1.195E-06  8.256E-07  4.470E-06  4.836E-08
                8.886E-08  3.807E-07  7.872E-08  4.310E-06  4.057E-07
1.16462499E+02  5.647E-03  1.811E-03  5.915E-03  5.017E-04  2.463E-03  1.173E-02
                1.373E-03  2.666E-06  1.106E-04  4.539E-05  2.809E-06  5.974E-03
                3.601E-06  1.533E-04  2.219E-05  9.736E-07  1.660E-06  1.904E-06
                1.256E-06  2.658E-06  2.031E-06  1.236E-07  1.843E-06  6.253E-07
                1.245E-06  1.428E-06  9.357E-07  1.350E-06  3.450E-06  3.771E-06
                1.647E-06  3.849E-07  7.487E-06  3.053E-06  3.997E-07  2.345E-06
                1.530E-09  1.747E-07  9.750E-07  3.084E-06  8.757E-06  4.836E-07
                3.834E-06  1.099E-07  1.458E-07  1.827E-07  3.335E-07  2.658E-06
                1.770E-05  5.436E-08  7.607E-07  9.416E-07  9.608E-08  6.987E-08
                1.936E-06  6.258E-07  4.134E-07  7.527E-06  3.634E-06  1.937E-06
                1.186E-06  2.886E-09  6.580E-09  5.507E-10  2.032E-07  1.317E-06
                1.364E-07  1.109E-07  7.839E-07  2.631E-06  4.669E-06  5.377E-06
                2.004E-06  8.329E-07  1.105E-07  3.052E-07  5.886E-07  1.921E-07
                4.341E-07  5.796E-08  1.603E-06  4.429E-06  7.579E-07  2.172E-07
                3.836E-06  1.719E-05  1.577E-10  9.772E-10  2.204E-09  2.251E-09
                4.586E-10  1.484E-07  9.149E-07  1.877E-06  2.679E-07  6.175E-08
                9.311E-07  2.784E-06  1.383E-06  7.800E-06  2.668E-08  1.236E-07
                3.263E-07  6.917E-07  7.044E-08  3.881E-08  1.528E-07  3.961E-07
                5.282E-08  8.243E-07  4.967E-06  1.298E-06  2.138E-06  3.307E-08
                2.569E-05  9.169E-07  6.686E-07  4.653E-07  3.005E-08  2.161E-07
                5.197E-07  5.317E-07  1.000E-05  5.693E-07  6.076E-07  3.454E-06
                5.020E-07  2.031E-07  2.451E-06  1.479E-05  1.033E-06  2.710E-06
                2.399E-06  6.818E-08  1.646E-07  3.073E-07  3.940E-07  4.181E-08
                1.348E-07  3.380E-07  8.003E-07  2.608E-07  4.863E-08  2.863E-07
                1.261E-06  5.236E-06  1.415E-07  1.563E-07  6.108E-07  1.589E-06
                3.061E-07  5.725E-06  2.504E-06  2.942E-07  4.382E-07  9.296E-08
                3.409E-06  5.172E-07  1.178E-07  9.923E-07  3.184E-07  1.556E-07
                5.552E-07  9.253E-07  2.150E-06  8.220E-06  2.712E-07  2.463E-07
                1.183E-07  4.201E-08  2.225E-07  1.103E-07  1.881E-07  9.417E-07
                3.782E-07  1.638E-07  5.661E-07  1.631E-06  4.404E-06  2.401E-07
                3.594E-07  3.169E-07  3.029E-07  3.699E-07  5.535E-07  2.149E-07
                5.333E-08  2.311E-07  3.611E-06  4.039E-07  9.639E-07  1.274E-05
                1.268E-07  4.915E-08  3.714E-07  1.032E-06  2.310E-06  2.883E-07
                4.293E-07  5.389E-07  1.651E-08  3.464E-08  1.392E-07  6.695E-08
                1.786E-06  5.606E-07  9.347E-07  6.092E-07  3.447E-06  3.159E-08
                5.788E-08  2.941E-07  5.438E-08  3.384E-06  3.131E-07
1.30070499E+02  3.876E-03  1.242E-03  4.061E-03  3.436E-04  1.689E-03  9.216E-03
                1.078E-03  1.665E-06  8.685E-05  3.354E-05  1.823E-06  4.794E-03
                2.437E-06  1.107E-04  1.605E-05  6.407E-07  1.103E-06  1.365E-06
                8.167E-07  1.856E-06  1.346E-06  8.669E-08  1.327E-06  5.696E-07
                1.088E-06  1.234E-06  8.317E-07  8.637E-07  2.258E-06  2.478E-06
                1.270E-06  2.528E-07  4.794E-06  2.095E-06  2.612E-07  1.548E-06
                1.057E-09  1.120E-07  6.142E-07  2.027E-06  5.663E-06  3.115E-07
                2.509E-06  9.058E-08  1.137E-07  1.320E-07  2.132E-07  2.193E-06
                1.221E-05  3.339E-08  5.624E-07  7.636E-07  5.880E-08  4.602E-08
                1.243E-06  3.985E-07  3.013E-07  5.718E-06  2.473E-06  1.283E-06
                7.743E-07  2.265E-09  5.353E-09  3.938E-10  1.405E-07  8.154E-07
                9.646E-08  8.403E-08  5.496E-07  1.839E-06  3.196E-06  4.053E-06
                1.583E-06  6.806E-07  7.229E-08  2.043E-07  3.876E-07  1.176E-07
                3.054E-07  4.188E-08  1.123E-06  3.094E-06  4.979E-07  1.479E-07
                2.674E-06  1.197E-05  1.167E-10  7.311E-10  1.628E-09  1.618E-09
                3.305E-10  1.027E-07  6.329E-07  1.311E-06  2.117E-07  4.766E-08
                7.438E-07  2.231E-06  9.593E-07  5.427E-06  2.014E-08  9.445E-08
                2.463E-07  5.211E-07  6.146E-08  3.011E-08  1.138E-07  2.965E-07
                3.954E-08  6.235E-07  3.814E-06  1.002E-06  1.583E-06  2.448E-08
                1.900E-05  6.748E-07  5.014E-07  3.556E-07  2.307E-08  1.611E-07
                3.876E-07  3.995E-07  6.876E-06  4.442E-07  4.758E-07  2.460E-06
                3.532E-07  1.501E-07  1.842E-06  1.112E-05  7.815E-07  2.059E-06
                1.659E-06  5.101E-08  1.217E-07  2.243E-07  2.775E-07  3.105E-08
                9.950E-08  2.493E-07  5.928E-07  1.830E-07  3.414E-08  2.103E-07
                9.441E-07  3.977E-06  9.581E-08  1.219E-07  4.733E-07  1.136E-06
                2.168E-07  4.332E-06  1.889E-06  2.209E-07  3.160E-07  6.268E-08
                2.553E-06  3.495E-07  7.632E-08  6.809E-07  2.248E-07  1.199E-07
                4.294E-07  6.780E-07  1.596E-06  6.240E-06  1.888E-07  1.804E-07
                8.806E-08  3.116E-08  1.699E-07  8.161E-08  1.387E-07  7.418E-07
                2.815E-07  1.247E-07  4.328E-07  1.242E-06  3.332E-06  1.832E-07
                2.806E-07  2.363E-07  2.067E-07  2.727E-07  4.006E-07  1.465E-07
                4.768E-08  1.607E-07  2.804E-06  3.106E-07  7.419E-07  9.899E-06
                9.746E-08  3.627E-08  2.612E-07  7.202E-07  1.619E-06  2.088E-07
                3.075E-07  3.788E-07  1.220E-08  2.620E-08  9.291E-08  4.665E-08
                1.398E-06  4.357E-07  7.138E-07  4.576E-07  2.662E-06  2.198E-08
                4.141E-08  2.273E-07  3.951E-08  2.642E-06  2.448E-07
1.43678499E+02  2.840E-03  9.123E-04  2.979E-03  2.529E-04  1.243E-03  7.225E-03
                8.452E-04  1.378E-06  6.786E-05  2.579E-05  1.224E-06  3.749E-03
                1.681E-06  7.894E-05  1.143E-05  4.038E-07  7.080E-07  9.914E-07
                5.078E-07  1.326E-06  9.311E-07  6.396E-08  9.637E-07  4.226E-07
                8.001E-07  9.078E-07  6.336E-07  5.617E-07  1.519E-06  1.641E-06
                9.048E-07  1.749E-07  3.614E-06  1.483E-06  1.782E-07  1.103E-06
                6.656E-10  7.344E-08  3.992E-07  1.509E-06  4.182E-06  2.302E-07
                1.859E-06  8.964E-08  1.085E-07  1.185E-07  1.630E-07  1.905E-06
                9.171E-06  2.329E-08  4.447E-07  6.557E-07  4.045E-08  3.751E-08
                9.052E-07  2.826E-07  2.393E-07  4.588E-06  1.745E-06  8.567E-07
                5.332E-07  1.565E-09  4.271E-09  2.700E-10  1.101E-07  5.721E-07
                6.954E-08  6.525E-08  3.909E-07  1.309E-06  2.247E-06  3.127E-06
                1.138E-06  4.642E-07  5.224E-08  1.465E-07  2.802E-07  8.070E-08
                2.149E-07  2.977E-08  7.808E-07  2.152E-06  3.502E-07  1.062E-07
                2.051E-06  9.172E-06  8.971E-11  5.627E-10  1.238E-09  1.193E-09
                2.215E-10  7.112E-08  4.526E-07  9.337E-07  1.759E-07  4.210E-08
                6.052E-07  1.807E-06  7.444E-07  4.198E-06  1.531E-08  7.253E-08
                1.846E-07  3.935E-07  5.877E-08  2.432E-08  8.044E-08  2.124E-07
                2.854E-08  4.564E-07  2.487E-06  6.575E-07  1.266E-06  1.845E-08
                1.522E-05  5.229E-07  3.786E-07  2.716E-07  1.703E-08  1.156E-07
                2.860E-07  2.949E-07  5.196E-06  3.096E-07  3.352E-07  1.823E-06
                2.650E-07  1.074E-07  1.477E-06  9.010E-06  5.267E-07  1.387E-06
                1.203E-06  3.366E-08  8.059E-08  1.491E-07  1.784E-07  2.159E-08
                6.649E-08  1.646E-07  3.905E-07  1.369E-07  2.516E-08  1.615E-07
                7.363E-07  3.134E-06  7.130E-08  8.039E-08  3.018E-07  8.488E-07
                1.645E-07  3.416E-06  1.487E-06  1.727E-07  2.423E-07  4.434E-08
                2.033E-06  2.555E-07  5.277E-08  4.539E-07  1.558E-07  9.157E-08
                3.435E-07  4.570E-07  1.155E-06  4.967E-06  1.232E-07  1.256E-07
                6.055E-08  2.111E-08  1.174E-07  6.317E-08  1.071E-07  5.225E-07
                2.206E-07  8.681E-08  3.237E-07  9.652E-07  2.621E-06  1.454E-07
                2.272E-07  1.580E-07  1.414E-07  1.861E-07  2.733E-07  9.868E-08
                4.050E-08  1.117E-07  2.231E-06  2.240E-07  5.896E-07  7.868E-06
                7.590E-08  2.711E-08  1.663E-07  4.911E-07  1.146E-06  1.277E-07
                1.937E-07  2.526E-07  9.611E-09  3.010E-08  6.395E-08  3.394E-08
                1.129E-06  3.496E-07  5.675E-07  3.488E-07  2.100E-06  1.546E-08
                2.907E-08  1.807E-07  2.863E-08  2.111E-06  1.923E-07
1.57286499E+02  2.047E-03  6.590E-04  2.153E-03  1.831E-04  9.007E-04  6.023E-03
                7.045E-04  8.029E-07  5.653E-05  2.018E-05  8.303E-07  3.189E-03
                1.217E-06  6.248E-05  9.064E-06  2.976E-07  5.223E-07  7.949E-07
                3.570E-07  1.000E-06  6.184E-07  4.683E-08  7.097E-07  4.123E-07
                7.530E-07  8.428E-07  5.985E-07  3.632E-07  1.018E-06  1.109E-06
                7.707E-07  1.147E-07  2.441E-06  1.102E-06  1.168E-07  7.438E-07
                4.711E-10  5.001E-08  2.669E-07  1.054E-06  2.885E-06  1.557E-07
                1.267E-06  7.392E-08  8.743E-08  9.165E-08  1.136E-07  1.594E-06
                6.533E-06  1.530E-08  3.502E-07  5.453E-07  2.731E-08  2.560E-08
                6.109E-07  1.883E-07  1.809E-07  3.661E-06  1.246E-06  5.880E-07
                3.583E-07  1.312E-09  3.571E-09  2.012E-10  8.302E-08  3.853E-07
                4.942E-08  4.744E-08  2.787E-07  9.271E-07  1.563E-06  2.407E-06
                9.266E-07  3.978E-07  3.610E-08  1.001E-07  1.941E-07  5.318E-08
                1.519E-07  2.213E-08  5.481E-07  1.504E-06  2.409E-07  7.404E-08
                1.446E-06  6.442E-06  6.909E-11  4.340E-10  9.388E-10  8.789E-10
                1.721E-10  4.898E-08  3.088E-07  6.511E-07  1.382E-07  3.089E-08
                4.896E-07  1.474E-06  5.179E-07  2.946E-06  1.154E-08  5.600E-08
                1.388E-07  2.935E-07  5.499E-08  2.036E-08  6.069E-08  1.599E-07
                2.159E-08  3.468E-07  1.998E-06  5.322E-07  9.802E-07  1.424E-08
                1.181E-05  3.822E-07  2.943E-07  2.106E-07  1.314E-08  8.704E-08
                2.153E-07  2.203E-07  3.573E-06  2.468E-07  2.700E-07  1.339E-06
                1.900E-07  8.075E-08  1.158E-06  7.087E-06  4.155E-07  1.097E-06
                8.239E-07  2.735E-08  6.471E-08  1.182E-07  1.379E-07  1.700E-08
                5.360E-08  1.340E-07  3.200E-07  9.656E-08  1.905E-08  1.245E-07
                5.716E-07  2.452E-06  5.269E-08  6.803E-08  2.599E-07  6.268E-07
                1.192E-07  2.650E-06  1.150E-06  1.334E-07  1.879E-07  3.196E-08
                1.551E-06  1.866E-07  3.609E-08  3.262E-07  1.135E-07  7.019E-08
                2.718E-07  3.379E-07  8.802E-07  3.970E-06  9.200E-08  9.747E-08
                4.787E-08  1.669E-08  9.369E-08  4.874E-08  8.247E-08  4.319E-07
                1.693E-07  6.959E-08  2.565E-07  7.562E-07  2.035E-06  1.164E-07
                1.774E-07  1.243E-07  1.013E-07  1.424E-07  2.050E-07  7.133E-08
                3.647E-08  8.273E-08  1.818E-06  1.792E-07  4.740E-07  6.390E-06
                5.718E-08  2.011E-08  1.312E-07  3.683E-07  8.513E-07  1.065E-07
                1.573E-07  1.938E-07  7.129E-09  1.955E-08  4.449E-08  2.562E-08
                9.058E-07  2.789E-07  4.459E-07  2.718E-07  1.674E-06  1.141E-08
                2.163E-08  1.446E-07  2.222E-08  1.696E-06  1.535E-07
1.70894499E+02  1.558E-03  4.989E-04  1.630E-03  1.381E-04  6.792E-04  4.679E-03
                5.474E-04  7.612E-07  4.408E-05  1.584E-05  5.919E-07  2.489E-03
                8.517E-07  4.292E-05  6.212E-06  2.013E-07  3.621E-07  6.423E-07
                2.348E-07  7.883E-07  4.603E-07  3.783E-08  5.598E-07  2.313E-07
                4.353E-07  4.999E-07  3.812E-07  2.438E-07  7.178E-07  7.634E-07
                4.743E-07  8.527E-08  2.066E-06  7.857E-07  8.256E-08  5.668E-07
                3.131E-10  3.387E-08  1.851E-07  8.282E-07  2.264E-06  1.228E-07
                1.002E-06  7.102E-08  8.314E-08  8.552E-08  9.606E-08  1.417E-06
                5.166E-06  1.251E-08  2.928E-07  4.829E-07  2.157E-08  2.372E-08
                4.730E-07  1.424E-07  1.534E-07  3.079E-06  9.429E-07  4.181E-07
                2.645E-07  9.326E-10  2.969E-09  1.422E-10  6.741E-08  2.789E-07
                3.807E-08  3.667E-08  2.109E-07  7.058E-07  1.184E-06  1.855E-06
                6.690E-07  2.697E-07  2.929E-08  7.713E-08  1.476E-07  3.700E-08
                1.130E-07  1.613E-08  4.037E-07  1.112E-06  1.780E-07  5.647E-08
                1.174E-06  5.232E-06  5.345E-11  3.376E-10  7.305E-10  6.749E-10
                1.094E-10  3.617E-08  2.374E-07  4.915E-07  1.199E-07  3.137E-08
                3.959E-07  1.167E-06  4.264E-07  2.403E-06  9.134E-09  4.553E-08
                1.079E-07  2.305E-07  5.607E-08  1.817E-08  4.552E-08  1.216E-07
                1.639E-08  2.707E-07  1.329E-06  3.557E-07  7.750E-07  1.076E-08
                9.317E-06  3.153E-07  2.208E-07  1.641E-07  9.961E-09  6.416E-08
                1.632E-07  1.674E-07  2.893E-06  1.741E-07  1.930E-07  1.027E-06
                1.500E-07  5.640E-08  9.156E-07  5.656E-06  2.837E-07  7.493E-07
                6.445E-07  1.735E-08  4.147E-08  7.654E-08  8.614E-08  1.146E-08
                3.463E-08  8.525E-08  2.030E-07  7.858E-08  1.407E-08  9.658E-08
                4.501E-07  1.946E-06  3.762E-08  5.219E-08  1.890E-07  4.822E-07
                9.409E-08  2.110E-06  9.156E-07  1.055E-07  1.446E-07  2.318E-08
                1.256E-06  1.369E-07  2.607E-08  2.267E-07  8.536E-08  5.673E-08
                2.295E-07  2.440E-07  6.639E-07  3.178E-06  5.874E-08  6.758E-08
                3.238E-08  1.094E-08  6.756E-08  3.809E-08  6.462E-08  3.152E-07
                1.352E-07  4.820E-08  1.926E-07  5.915E-07  1.619E-06  9.123E-08
                1.433E-07  8.718E-08  7.272E-08  1.045E-07  1.534E-07  4.866E-08
                3.066E-08  5.785E-08  1.409E-06  1.374E-07  3.711E-07  4.919E-06
                4.526E-08  1.545E-08  8.695E-08  2.631E-07  6.279E-07  6.850E-08
                1.023E-07  1.340E-07  7.493E-09  2.756E-08  3.204E-08  1.939E-08
                7.245E-07  2.216E-07  3.488E-07  2.062E-07  1.308E-06  8.594E-09
                1.695E-08  1.146E-07  1.649E-08  1.337E-06  1.204E-07
1.84502499E+02  1.233E-03  4.000E-04  1.302E-03  1.119E-04  5.496E-04  4.170E-03
                4.876E-04  5.080E-07  3.880E-05  1.326E-05  4.113E-07  2.197E-03
                6.669E-07  3.824E-05  5.541E-06  1.746E-07  3.069E-07  5.522E-07
                1.840E-07  6.234E-07  2.982E-07  2.815E-08  3.735E-07  3.426E-07
                6.014E-07  6.600E-07  4.802E-07  1.548E-07  4.744E-07  5.087E-07
                5.539E-07  5.454E-08  1.398E-06  6.720E-07  5.419E-08  3.778E-07
                1.965E-10  2.443E-08  1.241E-07  6.371E-07  1.714E-06  8.915E-08
                7.180E-07  5.942E-08  6.859E-08  6.886E-08  7.226E-08  1.202E-06
                3.805E-06  8.690E-09  2.414E-07  4.083E-07  1.644E-08  1.655E-08
                3.429E-07  1.006E-07  1.181E-07  2.552E-06  6.932E-07  2.840E-07
                1.823E-07  7.602E-10  2.435E-09  1.046E-10  5.611E-08  2.221E-07
                2.645E-08  2.697E-08  1.486E-07  4.896E-07  8.100E-07  1.515E-06
                5.437E-07  2.257E-07  2.022E-08  5.397E-08  1.115E-07  2.896E-08
                7.179E-08  1.159E-08  2.507E-07  6.827E-07  1.302E-07  4.022E-08
                8.324E-07  3.660E-06  4.340E-11  2.701E-10  5.627E-10  4.907E-10
                9.525E-11  2.187E-08  1.413E-07  3.126E-07  9.329E-08  2.047E-08
                3.338E-07  1.007E-06  2.954E-07  1.702E-06  6.598E-09  3.389E-08
                7.811E-08  1.648E-07  4.830E-08  1.422E-08  3.141E-08  8.457E-08
                1.217E-08  1.918E-07  9.673E-07  2.628E-07  6.711E-07  9.035E-09
                8.148E-06  2.311E-07  1.826E-07  1.289E-07  7.427E-09  4.688E-08
                1.220E-07  1.198E-07  1.902E-06  1.283E-07  1.455E-07  7.848E-07
                1.094E-07  4.302E-08  7.994E-07  4.985E-06  2.094E-07  5.497E-07
                3.874E-07  1.499E-08  3.544E-08  6.471E-08  7.178E-08  9.503E-09
                2.982E-08  7.454E-08  1.785E-07  5.568E-08  1.181E-08  7.903E-08
                3.656E-07  1.582E-06  3.456E-08  3.769E-08  1.422E-07  3.742E-07
                7.045E-08  1.689E-06  7.315E-07  8.427E-08  1.254E-07  1.879E-08
                9.843E-07  1.182E-07  1.947E-08  1.680E-07  6.054E-08  4.148E-08
                1.815E-07  1.544E-07  4.971E-07  2.773E-06  4.666E-08  5.469E-08
                2.658E-08  9.087E-09  4.826E-08  3.084E-08  5.228E-08  2.337E-07
                1.076E-07  3.958E-08  1.573E-07  4.790E-07  1.296E-06  8.042E-08
                1.167E-07  6.625E-08  5.285E-08  7.502E-08  1.069E-07  3.790E-08
                2.604E-08  4.649E-08  1.262E-06  9.809E-08  3.262E-07  4.411E-06
                3.332E-08  1.117E-08  6.797E-08  1.992E-07  4.787E-07  5.418E-08
                8.209E-08  1.040E-07  4.537E-09  1.584E-08  2.361E-08  1.577E-08
                6.025E-07  1.836E-07  2.881E-07  1.662E-07  1.081E-06  6.637E-09
                1.257E-08  9.504E-08  1.344E-08  1.117E-06  9.762E-08
1.98110499E+02  8.524E-04  2.751E-04  8.963E-04  7.632E-05  3.761E-04  3.339E-03
                3.905E-04  2.762E-07  3.161E-05  1.041E-05  2.953E-07  1.843E-03
                4.714E-07  2.675E-05  3.886E-06  1.110E-07  2.060E-07  4.694E-07
                1.202E-07  5.306E-07  2.364E-07  2.482E-08  3.418E-07  1.300E-07
                2.438E-07  2.848E-07  2.378E-07  1.075E-07  3.490E-07  3.802E-07
                2.586E-07  4.262E-08  1.100E-06  4.294E-07  3.610E-08  2.807E-07
                1.682E-10  1.728E-08  9.877E-08  4.267E-07  1.155E-06  6.095E-08
                5.022E-07  5.681E-08  6.471E-08  6.283E-08  5.834E-08  1.109E-06
                2.737E-06  6.984E-09  2.101E-07  3.755E-07  1.314E-08  1.324E-08
                2.325E-07  6.910E-08  1.051E-07  2.241E-06  5.404E-07  2.074E-07
                1.318E-07  6.324E-10  2.174E-09  8.165E-11  4.115E-08  1.311E-07
                2.040E-08  1.913E-08  1.131E-07  3.745E-07  6.119E-07  1.115E-06
                4.278E-07  1.810E-07  1.773E-08  3.897E-08  7.712E-08  1.576E-08
                6.412E-08  9.555E-09  2.282E-07  6.270E-07  8.843E-08  2.917E-08
                6.269E-07  2.791E-06  3.204E-11  2.030E-10  4.317E-10  3.847E-10
                5.729E-11  1.984E-08  1.301E-07  2.709E-07  7.895E-08  2.121E-08
                2.569E-07  7.512E-07  2.262E-07  1.276E-06  5.474E-09  2.947E-08
                6.316E-08  1.332E-07  5.425E-08  1.531E-08  2.762E-08  7.282E-08
                1.017E-08  1.651E-07  8.534E-07  2.309E-07  4.648E-07  6.328E-09
                5.595E-06  1.926E-07  1.338E-07  1.017E-07  6.056E-09  3.756E-08
                9.591E-08  9.645E-08  1.551E-06  1.117E-07  1.285E-07  5.630E-07
                8.113E-08  3.195E-08  5.603E-07  3.478E-06  1.793E-07  4.770E-07
                3.629E-07  9.778E-09  2.325E-08  4.275E-08  4.614E-08  6.364E-09
                1.959E-08  4.856E-08  1.165E-07  4.651E-08  8.277E-09  5.853E-08
                2.743E-07  1.195E-06  2.139E-08  3.526E-08  1.275E-07  2.663E-07
                5.124E-08  1.273E-06  5.503E-07  6.300E-08  9.504E-08  1.348E-08
                7.616E-07  7.820E-08  1.330E-08  1.220E-07  4.837E-08  3.510E-08
                1.546E-07  1.443E-07  4.017E-07  2.034E-06  3.021E-08  3.829E-08
                1.844E-08  6.077E-09  4.513E-08  2.313E-08  3.892E-08  2.204E-07
                8.067E-08  2.786E-08  1.155E-07  3.581E-07  9.784E-07  5.745E-08
                8.865E-08  5.204E-08  3.909E-08  6.069E-08  8.918E-08  2.643E-08
                2.336E-08  3.305E-08  8.987E-07  9.463E-08  2.345E-07  3.095E-06
                2.660E-08  9.110E-09  5.068E-08  1.465E-07  3.498E-07  4.265E-08
                6.153E-08  7.620E-08  4.696E-09  1.650E-08  1.584E-08  1.138E-08
                4.698E-07  1.417E-07  2.174E-07  1.239E-07  8.266E-07  4.896E-09
                9.717E-09  7.462E-08  1.027E-08  8.561E-07  7.570E-08
