          16           7
         215          13           1           1
           0          -4           0          -4           0          -6           0          -2           0          -4           0           6           0           4           0           2           0           4           0           6           0           2           0           4           0           2           0          -4           0          -2           0           2           0           4           0           6           0           2           0           4           0           6           0           4           0          -2           0          -2           0          -4           0          -6           0          -8           0          -2           0          -4           0          -6           0          -4           0           2           0          -4           0          -6           0          -2           0          -4           0          -6           0          -6           0          -8           0          -4           0          -6           0          -2           0          -4           0           4           0           6           0           8           0          10           0           4           0          -4           0           2           0           6           0           4           0           8           0           2           0          -4           0          -2           0           6           0           6           0           4           0           2           0           8           0           4           0           6           0           8           0           4           0           6           0           8           0          10           0           4           0           6           0           8           0           6           0           4           0           2           0           6           0           2           0           4           0           2           0          -4           0          -2           0          -6           0          -8           0           6           0           4           0          -4           0          -6           0          -2           0          -4           0          -6           0          -8           0         -10           0          -2           0          -4           0          -6           0          -4           0          -2           0          -6           0          -8           0          -2           0          -4           0           2           0           4           0           6           0           8           0           4           0           4           0           6           0           8           0           2           0          10           0           8           0           6           0           4           0           2           0           6           0           6           0           4           0           4           0           2           0           4           0           6           0           8           0          -4           0           2           0           4           0          -6           0          -4           0           2           0           4           0           6           0           4           0           6           0          -2           0          -4           0          -6           0          -8           0         -10           0          -6           0          -8           0         -10           0         -12           0           2           0          -2           0          -4           0          -6           0          -8           0          -2           0          -8           0         -10           0          -4           0          -2           0          -6           0          -4           0          -2           0          -4           0          -2           0          -4           0          -6           0          -4           0          -8           0          -6           0           2           0           4           0           2           0           4           0           6           0         -10           0          -8           0          -6           0          -4           0           6           0          -2           0          -4           0           8           0          -6           0          -2           0          -4           0          -6           0          -8           0           4           0           6           0          -4           0          -6           0          -6           0          -8           0          -2           0           2           0          -4           0           4           0           6           0           4           0           4           0           2           0           2           0          -4           0          -6           0          -8           0          -2           0          -4           0          -6           0          -8           0         -10           0          -8           0          -6           0          -4           0          -2           0          -2           0          -4           0          -6           0          -6           0          -8           0          -4           0          -2           0          -6           0          -4
    0.000000E+00    9.645106E-03    9.843162E-03    1.435602E-02    1.458263E-02
    4.247197E-02    4.320385E-02    4.360158E-02    5.944295E-02    5.948713E-02
    6.922989E-02    7.316769E-02    7.411300E-02    1.134727E-01    1.147319E-01
    2.354040E-01    2.358931E-01    2.366026E-01    2.382857E-01    2.391328E-01
    2.438023E-01    2.438287E-01    2.461520E-01    2.471700E-01    2.474363E-01
    2.479076E-01    2.485433E-01    2.486026E-01    2.487216E-01    2.491410E-01
    2.502551E-01    2.507374E-01    2.510783E-01    2.511300E-01    2.524691E-01
    2.524772E-01    2.554279E-01    2.561102E-01    2.563381E-01    2.591442E-01
    2.591854E-01    2.609226E-01    2.615363E-01    2.619649E-01    2.622131E-01
    2.625883E-01    2.631076E-01    2.632646E-01    2.633261E-01    2.634365E-01
    2.637297E-01    2.638533E-01    2.640096E-01    2.643758E-01    2.644930E-01
    2.645338E-01    2.648466E-01    2.652759E-01    2.655531E-01    2.656939E-01
    2.657640E-01    2.676748E-01    2.677713E-01    2.679166E-01    2.688115E-01
    2.690337E-01    2.711118E-01    2.712141E-01    2.720014E-01    2.721113E-01
    2.724223E-01    2.724984E-01    2.725578E-01    2.726085E-01    2.727219E-01
    2.737570E-01    2.740430E-01    2.746587E-01    2.763855E-01    2.763956E-01
    2.763957E-01    2.764682E-01    2.789238E-01    2.791446E-01    2.808157E-01
    2.808428E-01    2.816082E-01    2.816156E-01    2.816277E-01    2.816445E-01
    2.816660E-01    2.832213E-01    2.832636E-01    2.833497E-01    2.872720E-01
    2.872722E-01    2.872783E-01    2.873017E-01    2.873787E-01    2.874354E-01
    2.875828E-01    2.876419E-01    2.877951E-01    2.879672E-01    2.884374E-01
    2.885530E-01    2.886000E-01    2.886971E-01    2.887362E-01    2.888178E-01
    2.901974E-01    2.902310E-01    2.934227E-01    2.936053E-01    2.936679E-01
    2.948139E-01    2.948751E-01    2.949134E-01    2.954910E-01    2.955387E-01
    2.955818E-01    2.956302E-01    2.974080E-01    2.974265E-01    2.978254E-01
    2.979930E-01    2.980044E-01    2.981863E-01    2.981951E-01    2.982014E-01
    2.986863E-01    2.989406E-01    2.997979E-01    3.013547E-01    3.014398E-01
    3.015665E-01    3.017420E-01    3.025165E-01    3.025355E-01    3.025686E-01
    3.026262E-01    3.032771E-01    3.036433E-01    3.036673E-01    3.036996E-01
    3.037196E-01    3.041292E-01    3.046134E-01    3.046301E-01    3.048276E-01
    3.048611E-01    3.049614E-01    3.051740E-01    3.052844E-01    3.060373E-01
    3.062721E-01    3.065126E-01    3.067251E-01    3.072820E-01    3.083217E-01
    3.083847E-01    3.085481E-01    3.086063E-01    3.093086E-01    3.093690E-01
    3.093750E-01    3.093804E-01    3.094500E-01    3.095030E-01    3.095365E-01
    3.096086E-01    3.096683E-01    3.098305E-01    3.098337E-01    3.100372E-01
    3.110986E-01    3.111053E-01    3.111248E-01    3.111449E-01    3.124031E-01
    3.124222E-01    3.126400E-01    3.132139E-01    3.132929E-01    3.134326E-01
    3.163175E-01    3.165548E-01    3.167011E-01    3.167161E-01    3.173537E-01
    3.174815E-01    3.194473E-01    3.198310E-01    3.206567E-01    3.235572E-01
    3.235827E-01    3.236877E-01    3.236885E-01    3.238034E-01    3.239013E-01
    3.239634E-01    3.240075E-01    3.245628E-01    3.245933E-01    3.263728E-01
    3.264517E-01    3.271738E-01    3.284075E-01    3.287843E-01    3.314323E-01
    3.314556E-01    3.324856E-01    3.325179E-01    3.327131E-01    3.333147E-01
           0           4           0           1
  -28.010499495533246               13
3.68556995E+01  1.714E-01  5.504E-02  1.825E-01  1.602E-02  7.566E-02  1.040E-01
                1.221E-02  7.521E-05  1.001E-03  8.040E-04  1.250E-04  4.258E-02
                1.112E-04
5.04636995E+01  7.063E-02  2.296E-02  7.471E-02  6.281E-03  3.022E-02  5.757E-02
                6.892E-03  2.786E-05  5.678E-04  4.474E-04  7.556E-05  2.883E-02
                5.211E-05  1.493E-03  2.169E-04  2.843E-05  8.049E-05  4.275E-05
                4.236E-05  1.612E-04  6.213E-05  4.953E-05  4.523E-05  4.463E-06
                1.735E-05  3.122E-05  2.473E-05  1.390E-05  6.920E-05  7.909E-05
                2.983E-05  1.556E-05  1.959E-04  1.353E-04  1.016E-05  7.776E-05
                1.466E-06  5.404E-05  1.421E-04  6.360E-05  2.019E-04  1.304E-05
                1.246E-04  1.970E-06  9.897E-06  2.162E-05  1.373E-05  5.671E-05
                3.156E-04  1.273E-05  1.740E-05  5.144E-05  1.646E-05  2.888E-05
                6.956E-05  9.525E-06  1.572E-05  1.113E-04  8.904E-05  3.909E-05
                6.162E-05  3.080E-06  1.136E-06  1.312E-06  1.388E-05  1.229E-04
                2.402E-06  1.475E-06  2.986E-05  5.794E-05  7.461E-05  4.538E-04
                8.167E-05  2.280E-05  6.493E-06  7.228E-06  3.378E-05  9.245E-06
                7.669E-05  7.488E-05  7.536E-05  3.390E-04
6.40716995E+01  3.589E-02  1.152E-02  3.761E-02  3.199E-03  1.567E-02  3.989E-02
                4.676E-03  1.738E-05  3.877E-04  2.133E-04  2.489E-05  1.889E-02
                2.483E-05  8.614E-04  1.249E-04  8.484E-06  1.358E-05  1.274E-05
                9.269E-06  1.515E-05  9.747E-06  5.531E-07  1.328E-05  2.064E-06
                4.785E-06  5.744E-06  4.404E-06  9.156E-06  2.479E-05  2.576E-05
                9.658E-06  1.827E-06  8.345E-05  2.370E-05  2.565E-06  1.728E-05
                3.434E-09  1.654E-06  9.854E-06  2.630E-05  7.679E-05  4.191E-06
                3.101E-05  4.851E-07  9.745E-07  1.747E-06  4.278E-06  7.185E-06
                1.024E-04  5.338E-07  5.343E-06  3.219E-06  9.973E-07  6.975E-07
                1.689E-05  5.511E-06  2.446E-06  4.460E-05  2.933E-05  1.565E-05
                1.022E-05  1.456E-08  2.861E-08  6.972E-09  2.469E-06  2.080E-05
                7.056E-07  1.363E-07  4.435E-06  1.470E-05  3.010E-05  1.536E-05
                6.276E-06  2.846E-06  1.055E-06  2.329E-06  6.267E-06  3.062E-06
                2.069E-06  4.397E-07  6.712E-06  1.797E-05  8.096E-06  1.658E-06
                2.025E-05  8.940E-05  3.175E-09  7.054E-09  1.001E-08  7.679E-09
                5.373E-09  6.504E-07  3.507E-06  6.743E-06  9.429E-07  3.208E-07
                2.610E-06  7.130E-06  6.566E-06  3.745E-05  1.609E-07  7.913E-07
                1.136E-06  1.470E-06  1.455E-06  4.089E-07  6.032E-07  1.424E-06
                3.413E-07  2.814E-06  1.853E-05  4.907E-06  9.543E-06  9.091E-07
                1.027E-04  3.586E-06  2.392E-06  1.897E-06  9.947E-08  6.705E-07
                1.708E-06  1.683E-06  4.652E-05  2.030E-06  1.958E-06  2.027E-05
                3.425E-06  9.511E-07  9.993E-06  6.003E-05  4.277E-06  1.128E-05
                1.034E-05  3.884E-07  1.126E-06  2.219E-06  3.244E-06  4.134E-07
                1.423E-06  3.621E-06  8.728E-06  1.261E-06  3.879E-07  1.569E-06
                5.731E-06  2.212E-05  1.093E-06  3.053E-06  1.336E-05  7.954E-06
                1.559E-06  2.826E-05  1.241E-05  1.676E-06  2.355E-06  7.542E-07
                1.272E-05  4.251E-06  9.887E-07  7.288E-06  2.683E-06  7.339E-07
                2.565E-06  4.218E-06  9.333E-06  3.382E-05  3.273E-06  2.427E-06
                1.371E-06  4.703E-07  1.161E-06  7.013E-07  1.282E-06  4.413E-06
                1.879E-06  1.094E-06  2.835E-06  7.421E-06  1.796E-05  2.963E-06
                3.156E-06  2.899E-06  2.378E-06  3.700E-06  5.659E-06  1.429E-06
                6.460E-07  1.384E-06  1.635E-05  1.620E-06  5.212E-06  4.241E-05
                5.373E-07  5.553E-07  5.175E-06  1.117E-05  2.035E-05  4.655E-06
                5.722E-06  5.943E-06  5.120E-07  9.866E-07  1.285E-06  7.685E-07
                6.095E-06  1.580E-06  2.584E-06  2.730E-06  1.233E-05  2.569E-07
                5.329E-07  8.928E-07  1.490E-07  1.052E-05  1.234E-06
7.76796995E+01  2.017E-02  6.456E-03  2.109E-02  1.789E-03  8.772E-03  2.759E-02
                3.231E-03  9.278E-06  2.642E-04  1.299E-04  1.254E-05  1.347E-02
                1.369E-05  5.090E-04  7.381E-05  4.578E-06  7.457E-06  7.208E-06
                5.501E-06  9.407E-06  6.564E-06  3.698E-07  6.446E-06  1.240E-06
                2.787E-06  3.282E-06  2.209E-06  5.219E-06  1.339E-05  1.440E-05
                5.260E-06  1.259E-06  3.698E-05  1.225E-05  1.456E-06  9.092E-06
                5.177E-09  7.893E-07  4.663E-06  1.321E-05  3.853E-05  2.108E-06
                1.588E-05  2.446E-07  4.539E-07  7.657E-07  1.790E-06  4.577E-06
                6.025E-05  2.581E-07  2.528E-06  1.883E-06  4.757E-07  2.978E-07
                8.469E-06  2.763E-06  1.301E-06  2.194E-05  1.479E-05  8.304E-06
                5.122E-06  8.668E-09  1.502E-08  1.553E-09  9.534E-07  7.821E-06
                4.372E-07  1.561E-07  2.750E-06  9.171E-06  1.738E-05  1.231E-05
                4.650E-06  1.999E-06  4.873E-07  1.191E-06  2.703E-06  1.143E-06
                1.222E-06  1.683E-07  4.483E-06  1.246E-05  3.520E-06  8.345E-07
                1.166E-05  5.209E-05  4.568E-10  2.659E-09  6.215E-09  7.037E-09
                1.863E-09  4.198E-07  2.486E-06  5.090E-06  5.897E-07  1.569E-07
                1.889E-06  5.465E-06  4.112E-06  2.331E-05  6.101E-08  3.084E-07
                7.421E-07  1.557E-06  3.311E-07  1.254E-07  3.851E-07  9.894E-07
                1.540E-07  2.033E-06  1.333E-05  3.453E-06  5.938E-06  9.274E-08
                7.123E-05  2.223E-06  1.695E-06  1.101E-06  6.496E-08  5.101E-07
                1.227E-06  1.144E-06  3.017E-05  1.298E-06  1.380E-06  1.045E-05
                1.545E-06  5.142E-07  6.401E-06  3.893E-05  2.676E-06  6.936E-06
                6.727E-06  2.927E-07  7.186E-07  1.361E-06  1.944E-06  1.725E-07
                6.229E-07  1.610E-06  3.826E-06  7.866E-07  1.797E-07  8.741E-07
                3.503E-06  1.355E-05  5.382E-07  1.136E-06  4.559E-06  4.743E-06
                9.191E-07  1.502E-05  6.611E-06  8.156E-07  1.454E-06  3.674E-07
                8.391E-06  2.149E-06  5.338E-07  3.874E-06  1.319E-06  3.791E-07
                1.539E-06  2.604E-06  5.905E-06  2.358E-05  1.216E-06  9.303E-07
                4.481E-07  1.597E-07  6.164E-07  3.417E-07  6.088E-07  2.450E-06
                1.116E-06  5.769E-07  1.663E-06  4.334E-06  1.150E-05  6.528E-07
                8.012E-07  1.325E-06  1.297E-06  1.611E-06  2.557E-06  8.119E-07
                1.208E-07  8.340E-07  8.704E-06  1.169E-06  2.357E-06  2.911E-05
                2.588E-07  1.312E-07  2.186E-06  4.917E-06  9.670E-06  1.915E-06
                2.539E-06  2.686E-06  1.481E-07  2.279E-07  5.692E-07  2.838E-07
                3.702E-06  1.186E-06  2.025E-06  1.752E-06  8.304E-06  1.202E-07
                2.174E-07  6.661E-07  1.652E-07  7.511E-06  7.818E-07
9.12876995E+01  1.226E-02  3.927E-03  1.282E-02  1.087E-03  5.335E-03  1.981E-02
                2.320E-03  5.779E-06  1.885E-04  8.610E-05  7.040E-06  9.843E-03
                8.197E-06  3.165E-04  4.584E-05  2.563E-06  4.249E-06  4.314E-06
                3.214E-06  5.883E-06  4.391E-06  2.507E-07  3.898E-06  8.980E-07
                1.944E-06  2.273E-06  1.464E-06  3.197E-06  8.056E-06  8.787E-06
                3.248E-06  8.372E-07  1.926E-05  7.061E-06  9.015E-07  5.369E-06
                3.391E-09  4.423E-07  2.555E-06  7.374E-06  2.141E-05  1.172E-06
                9.002E-06  1.551E-07  2.541E-07  3.932E-07  8.874E-07  3.678E-06
                3.725E-05  1.426E-07  1.501E-06  1.401E-06  2.568E-07  1.644E-07
                4.723E-06  1.546E-06  8.003E-07  1.377E-05  8.426E-06  4.719E-06
                2.870E-06  5.727E-09  1.086E-08  1.091E-09  4.839E-07  3.716E-06
                2.799E-07  1.567E-07  1.682E-06  5.641E-06  1.043E-05  9.216E-06
                3.470E-06  1.471E-06  2.699E-07  7.004E-07  1.438E-06  5.468E-07
                8.541E-07  1.135E-07  3.170E-06  8.786E-06  1.877E-06  4.878E-07
                7.590E-06  3.394E-05  2.979E-10  1.795E-09  4.148E-09  4.513E-09
                1.050E-09  2.971E-07  1.778E-06  3.647E-06  4.278E-07  1.022E-07
                1.451E-06  4.288E-06  2.701E-06  1.527E-05  4.483E-08  2.120E-07
                5.549E-07  1.170E-06  1.225E-07  7.010E-08  2.813E-07  7.188E-07
                9.963E-08  1.468E-06  9.550E-06  2.478E-06  3.914E-06  6.343E-08
                4.708E-05  1.601E-06  1.198E-06  7.961E-07  5.035E-08  3.833E-07
                9.120E-07  8.928E-07  1.983E-05  9.827E-07  1.044E-06  6.878E-06
                1.003E-06  3.633E-07  4.342E-06  2.624E-05  1.942E-06  5.061E-06
                4.680E-06  1.597E-07  3.897E-07  7.345E-07  1.009E-06  9.417E-08
                3.281E-07  8.406E-07  1.995E-06  5.149E-07  1.051E-07  5.542E-07
                2.317E-06  9.267E-06  3.141E-07  4.798E-07  1.929E-06  3.137E-06
                6.023E-07  1.020E-05  4.483E-06  5.393E-07  8.878E-07  2.138E-07
                5.921E-06  1.199E-06  2.930E-07  2.311E-06  7.409E-07  2.691E-07
                9.784E-07  1.819E-06  4.072E-06  1.515E-05  6.584E-07  5.373E-07
                2.576E-07  9.204E-08  4.267E-07  2.117E-07  3.693E-07  1.732E-06
                7.100E-07  3.446E-07  1.074E-06  2.932E-06  7.842E-06  4.319E-07
                5.706E-07  7.381E-07  7.234E-07  8.707E-07  1.347E-06  4.918E-07
                7.881E-08  5.097E-07  6.160E-06  7.692E-07  1.659E-06  2.127E-05
                1.982E-07  8.823E-08  1.058E-06  2.584E-06  5.357E-06  8.836E-07
                1.229E-06  1.390E-06  5.609E-08  7.889E-08  3.281E-07  1.559E-07
                2.840E-06  9.036E-07  1.533E-06  1.127E-06  5.817E-06  7.203E-08
                1.303E-07  4.923E-07  1.109E-07  5.510E-06  5.312E-07
1.04895699E+02  7.847E-03  2.509E-03  8.204E-03  6.936E-04  3.407E-03  1.478E-02
                1.730E-03  3.553E-06  1.400E-04  5.951E-05  4.227E-06  7.502E-03
                5.157E-06  2.111E-04  3.060E-05  1.558E-06  2.614E-06  2.785E-06
                1.978E-06  3.822E-06  2.875E-06  1.693E-07  2.533E-06  7.934E-07
                1.609E-06  1.850E-06  1.190E-06  1.988E-06  5.009E-06  5.499E-06
                2.272E-06  5.446E-07  1.080E-05  4.380E-06  5.713E-07  3.321E-06
                2.266E-09  2.624E-07  1.484E-06  4.369E-06  1.252E-05  6.879E-07
                5.404E-06  1.166E-07  1.697E-07  2.360E-07  4.917E-07  3.016E-06
                2.411E-05  8.182E-08  1.001E-06  1.098E-06  1.472E-07  9.519E-08
                2.776E-06  9.087E-07  5.415E-07  9.611E-06  5.256E-06  2.901E-06
                1.751E-06  4.058E-09  8.254E-09  7.649E-10  2.828E-07  1.997E-06
                1.895E-07  1.347E-07  1.111E-06  3.722E-06  6.693E-06  6.838E-06
                2.644E-06  1.132E-06  1.591E-07  4.320E-07  8.448E-07  2.938E-07
                5.853E-07  7.779E-08  2.174E-06  6.011E-06  1.108E-06  3.077E-07
                5.076E-06  2.270E-05  2.049E-10  1.263E-09  2.884E-09  3.034E-09
                6.693E-10  2.026E-07  1.219E-06  2.517E-06  3.250E-07  7.393E-08
                1.129E-06  3.365E-06  1.808E-06  1.024E-05  3.362E-08  1.570E-07
                4.165E-07  8.781E-07  8.229E-08  4.811E-08  2.034E-07  5.251E-07
                7.194E-08  1.083E-06  6.913E-06  1.798E-06  2.731E-06  4.334E-08
                3.283E-05  1.178E-06  8.635E-07  5.915E-07  3.883E-08  2.842E-07
                6.747E-07  6.791E-07  1.321E-05  7.467E-07  7.938E-07  4.692E-06
                6.765E-07  2.647E-07  3.101E-06  1.867E-05  1.401E-06  3.666E-06
                3.183E-06  1.015E-07  2.452E-07  4.578E-07  6.048E-07  6.020E-08
                2.020E-07  5.123E-07  1.216E-06  3.536E-07  6.688E-08  3.759E-07
                1.621E-06  6.629E-06  1.944E-07  2.647E-07  1.054E-06  2.147E-06
                4.087E-07  7.255E-06  3.179E-06  3.775E-07  5.819E-07  1.326E-07
                4.264E-06  7.294E-07  1.731E-07  1.465E-06  4.658E-07  1.994E-07
                7.021E-07  1.269E-06  2.868E-06  1.061E-05  4.040E-07  3.487E-07
                1.683E-07  6.007E-08  2.999E-07  1.438E-07  2.474E-07  1.245E-06
                4.879E-07  2.314E-07  7.512E-07  2.091E-06  5.590E-06  3.082E-07
                4.401E-07  4.712E-07  4.439E-07  5.466E-07  8.267E-07  3.124E-07
                6.320E-08  3.277E-07  4.553E-06  5.380E-07  1.221E-06  1.595E-05
                1.545E-07  6.307E-08  5.934E-07  1.539E-06  3.311E-06  4.815E-07
                6.907E-07  8.181E-07  2.744E-08  4.077E-08  2.043E-07  9.694E-08
                2.167E-06  6.842E-07  1.148E-06  7.873E-07  4.291E-06  4.560E-08
                8.419E-08  3.656E-07  7.469E-08  4.152E-06  3.907E-07
1.18503699E+02  5.337E-03  1.713E-03  5.593E-03  4.747E-04  2.330E-03  1.133E-02
                1.326E-03  2.475E-06  1.068E-04  4.335E-05  2.614E-06  5.781E-03
                3.392E-06  1.468E-04  2.126E-05  9.174E-07  1.564E-06  1.809E-06
                1.176E-06  2.508E-06  1.897E-06  1.167E-07  1.725E-06  6.332E-07
                1.245E-06  1.419E-06  9.317E-07  1.257E-06  3.220E-06  3.518E-06
                1.598E-06  3.594E-07  6.968E-06  2.882E-06  3.740E-07  2.196E-06
                1.428E-09  1.629E-07  9.058E-07  2.895E-06  8.199E-06  4.527E-07
                3.598E-06  1.089E-07  1.427E-07  1.758E-07  3.129E-07  2.596E-06
                1.673E-05  5.040E-08  7.283E-07  9.163E-07  8.963E-08  6.519E-08
                1.813E-06  5.845E-07  3.953E-07  7.236E-06  3.421E-06  1.813E-06
                1.113E-06  2.726E-09  6.315E-09  5.217E-10  1.925E-07  1.227E-06
                1.292E-07  1.075E-07  7.420E-07  2.487E-06  4.395E-06  5.154E-06
                1.909E-06  7.904E-07  1.030E-07  2.850E-07  5.513E-07  1.787E-07
                4.063E-07  5.449E-08  1.498E-06  4.137E-06  7.102E-07  2.046E-07
                3.635E-06  1.628E-05  1.505E-10  9.329E-10  2.097E-09  2.129E-09
                4.359E-10  1.385E-07  8.552E-07  1.758E-06  2.575E-07  5.891E-08
                8.980E-07  2.688E-06  1.311E-06  7.399E-06  2.538E-08  1.178E-07
                3.105E-07  6.582E-07  6.850E-08  3.650E-08  1.436E-07  3.737E-07
                5.043E-08  7.803E-07  4.641E-06  1.214E-06  2.062E-06  3.118E-08
                2.479E-05  8.730E-07  6.387E-07  4.441E-07  2.873E-08  2.051E-07
                4.946E-07  5.061E-07  9.453E-06  5.375E-07  5.747E-07  3.282E-06
                4.765E-07  1.936E-07  2.369E-06  1.431E-05  9.676E-07  2.537E-06
                2.249E-06  6.457E-08  1.557E-07  2.902E-07  3.701E-07  3.984E-08
                1.276E-07  3.195E-07  7.565E-07  2.468E-07  4.607E-08  2.727E-07
                1.204E-06  5.008E-06  1.339E-07  1.468E-07  5.725E-07  1.511E-06
                2.911E-07  5.471E-06  2.392E-06  2.807E-07  4.170E-07  8.745E-08
                3.261E-06  4.879E-07  1.102E-07  9.288E-07  2.989E-07  1.479E-07
                5.319E-07  8.583E-07  2.027E-06  7.929E-06  2.546E-07  2.330E-07
                1.120E-07  3.976E-08  2.071E-07  1.052E-07  1.791E-07  8.784E-07
                3.606E-07  1.552E-07  5.397E-07  1.559E-06  4.209E-06  2.322E-07
                3.486E-07  2.978E-07  2.841E-07  3.474E-07  5.190E-07  2.016E-07
                5.176E-08  2.176E-07  3.502E-06  3.775E-07  9.333E-07  1.236E-05
                1.214E-07  4.659E-08  3.452E-07  9.661E-07  2.173E-06  2.668E-07
                3.988E-07  5.035E-07  1.528E-08  3.318E-08  1.311E-07  6.360E-08
                1.720E-06  5.393E-07  8.992E-07  5.826E-07  3.314E-06  2.962E-08
                5.419E-08  2.825E-07  5.138E-08  3.261E-06  3.009E-07
1.32111699E+02  3.675E-03  1.177E-03  3.850E-03  3.255E-04  1.600E-03  8.853E-03
                1.036E-03  1.613E-06  8.347E-05  3.216E-05  1.726E-06  4.614E-03
                2.300E-06  1.044E-04  1.513E-05  5.898E-07  1.021E-06  1.291E-06
                7.573E-07  1.762E-06  1.282E-06  8.306E-08  1.286E-06  5.266E-07
                1.011E-06  1.151E-06  7.817E-07  8.123E-07  2.136E-06  2.343E-06
                1.185E-06  2.406E-07  4.580E-06  1.975E-06  2.468E-07  1.472E-06
                9.999E-10  1.051E-07  5.768E-07  1.922E-06  5.361E-06  2.952E-07
                2.381E-06  8.927E-08  1.113E-07  1.279E-07  2.022E-07  2.141E-06
                1.164E-05  3.153E-08  5.406E-07  7.441E-07  5.502E-08  4.450E-08
                1.175E-06  3.762E-07  2.904E-07  5.516E-06  2.348E-06  1.212E-06
                7.315E-07  2.181E-09  5.210E-09  3.729E-10  1.342E-07  7.652E-07
                9.225E-08  8.020E-08  5.236E-07  1.755E-06  3.046E-06  3.893E-06
                1.526E-06  6.562E-07  6.930E-08  1.960E-07  3.688E-07  1.100E-07
                2.942E-07  4.030E-08  1.081E-06  2.978E-06  4.721E-07  1.410E-07
                2.559E-06  1.146E-05  1.117E-10  7.011E-10  1.562E-09  1.550E-09
                3.099E-10  9.872E-08  6.109E-07  1.261E-06  2.055E-07  4.683E-08
                7.189E-07  2.154E-06  9.204E-07  5.197E-06  1.949E-08  9.136E-08
                2.374E-07  5.027E-07  6.065E-08  2.964E-08  1.100E-07  2.863E-07
                3.775E-08  6.025E-07  3.681E-06  9.675E-07  1.510E-06  2.367E-08
                1.811E-05  6.517E-07  4.807E-07  3.432E-07  2.217E-08  1.545E-07
                3.721E-07  3.843E-07  6.595E-06  4.298E-07  4.602E-07  2.339E-06
                3.365E-07  1.431E-07  1.758E-06  1.062E-05  7.541E-07  1.989E-06
                1.601E-06  4.813E-08  1.148E-07  2.116E-07  2.606E-07  2.934E-08
                9.382E-08  2.350E-07  5.588E-07  1.754E-07  3.242E-08  2.012E-07
                9.060E-07  3.824E-06  9.080E-08  1.153E-07  4.462E-07  1.080E-06
                2.065E-07  4.168E-06  1.816E-06  2.123E-07  3.025E-07  5.931E-08
                2.458E-06  3.317E-07  7.184E-08  6.433E-07  2.135E-07  1.163E-07
                4.163E-07  6.583E-07  1.539E-06  5.970E-06  1.778E-07  1.713E-07
                8.364E-08  2.956E-08  1.657E-07  7.821E-08  1.328E-07  7.268E-07
                2.703E-07  1.188E-07  4.147E-07  1.194E-06  3.204E-06  1.748E-07
                2.696E-07  2.246E-07  1.953E-07  2.597E-07  3.808E-07  1.383E-07
                4.698E-08  1.523E-07  2.676E-06  3.040E-07  7.085E-07  9.443E-06
                9.435E-08  3.499E-08  2.467E-07  6.821E-07  1.536E-06  1.973E-07
                2.907E-07  3.587E-07  1.180E-08  2.640E-08  8.726E-08  4.401E-08
                1.352E-06  4.210E-07  6.871E-07  4.390E-07  2.563E-06  2.091E-08
                3.952E-08  2.194E-07  3.774E-08  2.550E-06  2.363E-07
1.45719699E+02  2.717E-03  8.738E-04  2.852E-03  2.425E-04  1.191E-03  7.037E-03
                8.233E-04  1.295E-06  6.598E-05  2.487E-05  1.148E-06  3.649E-03
                1.598E-06  7.657E-05  1.108E-05  3.891E-07  6.807E-07  9.603E-07
                4.821E-07  1.267E-06  8.708E-07  6.076E-08  9.039E-07  4.382E-07
                8.195E-07  9.235E-07  6.440E-07  5.243E-07  1.423E-06  1.536E-06
                9.011E-07  1.635E-07  3.408E-06  1.425E-06  1.673E-07  1.039E-06
                6.178E-10  6.914E-08  3.736E-07  1.440E-06  3.980E-06  2.185E-07
                1.765E-06  8.851E-08  1.067E-07  1.156E-07  1.560E-07  1.860E-06
                8.742E-06  2.190E-08  4.302E-07  6.394E-07  3.840E-08  3.562E-08
                8.592E-07  2.671E-07  2.301E-07  4.445E-06  1.658E-06  8.070E-07
                5.039E-07  1.490E-09  4.120E-09  2.563E-10  1.064E-07  5.459E-07
                6.604E-08  6.282E-08  3.717E-07  1.242E-06  2.126E-06  3.017E-06
                1.088E-06  4.422E-07  4.910E-08  1.381E-07  2.664E-07  7.678E-08
                2.002E-07  2.800E-08  7.255E-07  1.998E-06  3.325E-07  1.009E-07
                1.952E-06  8.720E-06  8.649E-11  5.419E-10  1.186E-09  1.134E-09
                2.138E-10  6.597E-08  4.202E-07  8.710E-07  1.698E-07  4.010E-08
                5.875E-07  1.757E-06  7.072E-07  3.998E-06  1.455E-08  6.916E-08
                1.755E-07  3.739E-07  5.779E-08  2.312E-08  7.547E-08  2.000E-07
                2.723E-08  4.316E-07  2.320E-06  6.144E-07  1.236E-06  1.762E-08
                1.488E-05  4.980E-07  3.645E-07  2.602E-07  1.625E-08  1.096E-07
                2.724E-07  2.799E-07  4.909E-06  2.914E-07  3.165E-07  1.745E-06
                2.528E-07  1.024E-07  1.444E-06  8.826E-06  4.933E-07  1.297E-06
                1.120E-06  3.238E-08  7.743E-08  1.430E-07  1.704E-07  2.082E-08
                6.405E-08  1.586E-07  3.763E-07  1.298E-07  2.419E-08  1.555E-07
                7.096E-07  3.023E-06  6.882E-08  7.693E-08  2.890E-07  8.136E-07
                1.574E-07  3.291E-06  1.433E-06  1.662E-07  2.336E-07  4.227E-08
                1.955E-06  2.450E-07  5.000E-08  4.293E-07  1.476E-07  8.710E-08
                3.307E-07  4.217E-07  1.094E-06  4.849E-06  1.172E-07  1.202E-07
                5.800E-08  2.022E-08  1.092E-07  6.083E-08  1.031E-07  4.879E-07
                2.124E-07  8.327E-08  3.116E-07  9.304E-07  2.525E-06  1.422E-07
                2.208E-07  1.501E-07  1.340E-07  1.764E-07  2.588E-07  9.366E-08
                3.934E-08  1.064E-07  2.187E-06  2.094E-07  5.765E-07  7.713E-06
                7.244E-08  2.569E-08  1.575E-07  4.664E-07  1.092E-06  1.209E-07
                1.837E-07  2.397E-07  9.142E-09  2.905E-08  6.086E-08  3.270E-08
                1.092E-06  3.380E-07  5.486E-07  3.357E-07  2.029E-06  1.472E-08
                2.763E-08  1.746E-07  2.739E-08  2.044E-06  1.856E-07
1.59327699E+02  1.944E-03  6.254E-04  2.044E-03  1.736E-04  8.542E-04  5.811E-03
                6.797E-04  7.591E-07  5.462E-05  1.941E-05  7.905E-07  3.090E-03
                1.153E-06  5.919E-05  8.588E-06  2.767E-07  4.886E-07  7.647E-07
                3.336E-07  9.626E-07  5.922E-07  4.531E-08  6.949E-07  3.733E-07
                6.860E-07  7.722E-07  5.541E-07  3.428E-07  9.679E-07  1.056E-06
                7.102E-07  1.096E-07  2.348E-06  1.040E-06  1.103E-07  7.101E-07
                4.534E-10  4.724E-08  2.537E-07  1.001E-06  2.737E-06  1.477E-07
                1.205E-06  7.296E-08  8.605E-08  8.968E-08  1.090E-07  1.560E-06
                6.238E-06  1.463E-08  3.392E-07  5.331E-07  2.595E-08  2.475E-08
                5.787E-07  1.783E-07  1.759E-07  3.552E-06  1.193E-06  5.601E-07
                3.405E-07  1.277E-09  3.493E-09  1.926E-10  7.958E-08  3.609E-07
                4.747E-08  4.518E-08  2.670E-07  8.891E-07  1.498E-06  2.307E-06
                8.969E-07  3.868E-07  3.503E-08  9.603E-08  1.846E-07  4.952E-08
                1.478E-07  2.144E-08  5.336E-07  1.465E-06  2.287E-07  7.074E-08
                1.386E-06  6.181E-06  6.612E-11  4.164E-10  9.019E-10  8.449E-10
                1.613E-10  4.759E-08  3.008E-07  6.317E-07  1.342E-07  3.047E-08
                4.722E-07  1.418E-06  4.972E-07  2.823E-06  1.120E-08  5.452E-08
                1.343E-07  2.839E-07  5.497E-08  2.028E-08  5.931E-08  1.559E-07
                2.078E-08  3.383E-07  1.957E-06  5.213E-07  9.326E-07  1.370E-08
                1.122E-05  3.695E-07  2.822E-07  2.036E-07  1.272E-08  8.404E-08
                2.076E-07  2.129E-07  3.440E-06  2.412E-07  2.638E-07  1.277E-06
                1.816E-07  7.719E-08  1.103E-06  6.746E-06  4.056E-07  1.073E-06
                8.034E-07  2.592E-08  6.131E-08  1.120E-07  1.302E-07  1.610E-08
                5.077E-08  1.269E-07  3.032E-07  9.289E-08  1.813E-08  1.193E-07
                5.490E-07  2.358E-06  4.964E-08  6.581E-08  2.507E-07  5.977E-07
                1.137E-07  2.548E-06  1.106E-06  1.281E-07  1.803E-07  3.037E-08
                1.493E-06  1.768E-07  3.410E-08  3.101E-07  1.087E-07  6.847E-08
                2.647E-07  3.330E-07  8.546E-07  3.802E-06  8.692E-08  9.287E-08
                4.561E-08  1.586E-08  9.269E-08  4.678E-08  7.911E-08  4.287E-07
                1.626E-07  6.652E-08  2.462E-07  7.267E-07  1.957E-06  1.110E-07
                1.700E-07  1.192E-07  9.633E-08  1.368E-07  1.969E-07  6.765E-08
                3.603E-08  7.873E-08  1.733E-06  1.778E-07  4.521E-07  6.082E-06
                5.537E-08  1.950E-08  1.256E-07  3.517E-07  8.127E-07  1.025E-07
                1.509E-07  1.853E-07  7.022E-09  1.940E-08  4.194E-08  2.436E-08
                8.752E-07  2.691E-07  4.287E-07  2.609E-07  1.612E-06  1.091E-08
                2.079E-08  1.397E-07  2.136E-08  1.636E-06  1.482E-07
1.72935699E+02  1.517E-03  4.863E-04  1.588E-03  1.347E-04  6.625E-04  4.544E-03
                5.316E-04  7.609E-07  4.272E-05  1.536E-05  5.590E-07  2.407E-03
                8.114E-07  4.139E-05  5.988E-06  1.974E-07  3.535E-07  6.288E-07
                2.252E-07  7.610E-07  4.329E-07  3.626E-08  5.246E-07  2.390E-07
                4.448E-07  5.068E-07  3.846E-07  2.281E-07  6.752E-07  7.144E-07
                4.743E-07  8.020E-08  1.997E-06  7.631E-07  7.828E-08  5.404E-07
                2.857E-10  3.199E-08  1.734E-07  8.104E-07  2.214E-06  1.196E-07
                9.730E-07  7.045E-08  8.241E-08  8.460E-08  9.405E-08  1.387E-06
                5.006E-06  1.211E-08  2.854E-07  4.723E-07  2.101E-08  2.326E-08
                4.601E-07  1.375E-07  1.491E-07  3.000E-06  9.048E-07  3.964E-07
                2.535E-07  8.767E-10  2.865E-09  1.344E-10  6.614E-08  2.732E-07
                3.649E-08  3.544E-08  2.022E-07  6.760E-07  1.132E-06  1.796E-06
                6.340E-07  2.520E-07  2.793E-08  7.407E-08  1.431E-07  3.614E-08
                1.045E-07  1.505E-08  3.717E-07  1.023E-06  1.717E-07  5.439E-08
                1.134E-06  5.044E-06  5.181E-11  3.265E-10  7.030E-10  6.441E-10
                1.050E-10  3.330E-08  2.195E-07  4.575E-07  1.168E-07  3.055E-08
                3.861E-07  1.138E-06  4.113E-07  2.324E-06  8.700E-09  4.364E-08
                1.029E-07  2.199E-07  5.530E-08  1.738E-08  4.253E-08  1.144E-07
                1.560E-08  2.563E-07  1.212E-06  3.249E-07  7.643E-07  1.039E-08
                9.203E-06  3.034E-07  2.131E-07  1.577E-07  9.474E-09  6.069E-08
                1.557E-07  1.588E-07  2.758E-06  1.612E-07  1.795E-07  9.936E-07
                1.449E-07  5.343E-08  9.029E-07  5.594E-06  2.612E-07  6.881E-07
                5.985E-07  1.646E-08  3.939E-08  7.274E-08  8.143E-08  1.097E-08
                3.298E-08  8.107E-08  1.929E-07  7.543E-08  1.364E-08  9.365E-08
                4.366E-07  1.888E-06  3.699E-08  4.960E-08  1.788E-07  4.677E-07
                9.122E-08  2.046E-06  8.878E-07  1.023E-07  1.408E-07  2.239E-08
                1.217E-06  1.337E-07  2.510E-08  2.155E-07  8.152E-08  5.423E-08
                2.230E-07  2.228E-07  6.294E-07  3.129E-06  5.550E-08  6.448E-08
                3.079E-08  1.038E-08  6.187E-08  3.690E-08  6.267E-08  2.892E-07
                1.312E-07  4.596E-08  1.856E-07  5.729E-07  1.570E-06  8.977E-08
                1.401E-07  8.249E-08  6.931E-08  9.918E-08  1.458E-07  4.639E-08
                2.945E-08  5.537E-08  1.384E-06  1.270E-07  3.644E-07  4.834E-06
                4.336E-08  1.466E-08  8.172E-08  2.507E-07  6.023E-07  6.375E-08
                9.580E-08  1.270E-07  7.433E-09  2.829E-08  3.103E-08  1.893E-08
                7.030E-07  2.150E-07  3.384E-07  1.988E-07  1.266E-06  8.320E-09
                1.653E-08  1.110E-07  1.583E-08  1.297E-06  1.163E-07
1.86543699E+02  1.169E-03  3.797E-04  1.236E-03  1.063E-04  5.223E-04  4.101E-03
                4.796E-04  4.459E-07  3.822E-05  1.291E-05  3.921E-07  2.176E-03
                6.456E-07  3.740E-05  5.423E-06  1.662E-07  2.930E-07  5.374E-07
                1.753E-07  6.042E-07  2.828E-07  2.721E-08  3.638E-07  3.289E-07
                5.775E-07  6.348E-07  4.636E-07  1.456E-07  4.499E-07  4.861E-07
                5.316E-07  5.153E-08  1.311E-06  6.416E-07  5.056E-08  3.554E-07
                1.926E-10  2.335E-08  1.191E-07  5.989E-07  1.611E-06  8.339E-08
                6.724E-07  5.780E-08  6.653E-08  6.635E-08  6.843E-08  1.174E-06
                3.594E-06  8.164E-09  2.345E-07  3.989E-07  1.562E-08  1.533E-08
                3.208E-07  9.420E-08  1.140E-07  2.482E-06  6.628E-07  2.695E-07
                1.714E-07  7.604E-10  2.393E-09  1.016E-10  5.372E-08  2.073E-07
                2.505E-08  2.549E-08  1.410E-07  4.637E-07  7.646E-07  1.456E-06
                5.362E-07  2.271E-07  1.935E-08  5.067E-08  1.050E-07  2.689E-08
                7.011E-08  1.140E-08  2.452E-07  6.674E-07  1.225E-07  3.787E-08
                7.838E-07  3.447E-06  4.163E-11  2.592E-10  5.394E-10  4.697E-10
                9.164E-11  2.128E-08  1.366E-07  3.026E-07  8.952E-08  1.929E-08
                3.225E-07  9.748E-07  2.775E-07  1.601E-06  6.367E-09  3.281E-08
                7.513E-08  1.580E-07  4.807E-08  1.419E-08  3.074E-08  8.222E-08
                1.180E-08  1.859E-07  9.803E-07  2.664E-07  6.389E-07  8.764E-09
                7.753E-06  2.214E-07  1.765E-07  1.247E-07  7.216E-09  4.548E-08
                1.176E-07  1.155E-07  1.795E-06  1.283E-07  1.456E-07  7.462E-07
                1.034E-07  4.180E-08  7.629E-07  4.751E-06  2.102E-07  5.534E-07
                3.745E-07  1.466E-08  3.458E-08  6.302E-08  6.987E-08  9.195E-09
                2.909E-08  7.292E-08  1.749E-07  5.309E-08  1.137E-08  7.604E-08
                3.516E-07  1.522E-06  3.330E-08  3.708E-08  1.409E-07  3.559E-07
                6.662E-08  1.621E-06  7.015E-07  8.080E-08  1.221E-07  1.806E-08
                9.430E-07  1.137E-07  1.839E-08  1.608E-07  5.781E-08  4.005E-08
                1.754E-07  1.531E-07  4.830E-07  2.660E-06  4.510E-08  5.299E-08
                2.588E-08  8.851E-09  4.882E-08  2.969E-08  5.022E-08  2.379E-07
                1.030E-07  3.851E-08  1.520E-07  4.609E-07  1.245E-06  7.717E-08
                1.117E-07  6.500E-08  5.039E-08  7.278E-08  1.029E-07  3.639E-08
                2.600E-08  4.489E-08  1.217E-06  9.869E-08  3.137E-07  4.246E-06
                3.196E-08  1.079E-08  6.698E-08  1.921E-07  4.589E-07  5.435E-08
                8.155E-08  1.012E-07  4.159E-09  1.356E-08  2.216E-08  1.515E-08
                5.853E-07  1.781E-07  2.787E-07  1.605E-07  1.049E-06  6.324E-09
                1.188E-08  9.246E-08  1.307E-08  1.085E-06  9.476E-08
2.00151699E+02  8.221E-04  2.646E-04  8.613E-04  7.309E-05  3.603E-04  3.173E-03
                3.712E-04  2.885E-07  3.011E-05  9.984E-06  2.780E-07  1.755E-03
                4.420E-07  2.463E-05  3.576E-06  1.065E-07  1.985E-07  4.633E-07
                1.141E-07  5.214E-07  2.286E-07  2.444E-08  3.309E-07  1.083E-07
                2.068E-07  2.452E-07  2.128E-07  1.017E-07  3.331E-07  3.592E-07
                2.271E-07  4.124E-08  1.102E-06  4.058E-07  3.459E-08  2.735E-07
                1.572E-10  1.629E-08  9.431E-08  4.147E-07  1.122E-06  5.953E-08
                4.915E-07  5.501E-08  6.251E-08  6.084E-08  5.667E-08  1.101E-06
                2.668E-06  7.001E-09  2.068E-07  3.728E-07  1.285E-08  1.360E-08
                2.260E-07  6.700E-08  1.025E-07  2.209E-06  5.234E-07  1.974E-07
                1.264E-07  5.875E-10  2.125E-09  7.727E-11  3.960E-08  1.245E-07
                1.978E-08  1.827E-08  1.092E-07  3.627E-07  5.927E-07  1.060E-06
                3.981E-07  1.644E-07  1.736E-08  3.786E-08  7.454E-08  1.479E-08
                6.116E-08  8.992E-09  2.172E-07  5.978E-07  8.468E-08  2.822E-08
                6.177E-07  2.749E-06  3.082E-11  1.955E-10  4.170E-10  3.723E-10
                5.210E-11  1.896E-08  1.258E-07  2.596E-07  7.902E-08  2.257E-08
                2.483E-07  7.177E-07  2.235E-07  1.257E-06  5.311E-09  2.900E-08
                6.119E-08  1.296E-07  5.594E-08  1.537E-08  2.643E-08  7.015E-08
                9.828E-09  1.601E-07  7.754E-07  2.098E-07  4.464E-07  5.916E-09
                5.365E-06  1.896E-07  1.262E-07  9.758E-08  5.787E-09  3.573E-08
                9.193E-08  9.276E-08  1.534E-06  1.033E-07  1.197E-07  5.426E-07
                7.944E-08  2.973E-08  5.380E-07  3.346E-06  1.639E-07  4.356E-07
                3.526E-07  8.863E-09  2.117E-08  3.909E-08  4.179E-08  5.895E-09
                1.788E-08  4.405E-08  1.055E-07  4.603E-08  7.836E-09  5.620E-08
                2.643E-07  1.153E-06  1.944E-08  3.610E-08  1.282E-07  2.565E-07
                4.997E-08  1.231E-06  5.325E-07  6.092E-08  8.994E-08  1.271E-08
                7.414E-07  7.300E-08  1.271E-08  1.161E-07  4.779E-08  3.418E-08
                1.526E-07  1.354E-07  3.817E-07  1.964E-06  2.760E-08  3.583E-08
                1.710E-08  5.563E-09  4.162E-08  2.223E-08  3.751E-08  2.028E-07
                7.831E-08  2.595E-08  1.100E-07  3.446E-07  9.467E-07  5.506E-08
                8.620E-08  5.003E-08  3.768E-08  5.963E-08  8.890E-08  2.463E-08
                2.222E-08  3.079E-08  8.557E-07  8.899E-08  2.248E-07  2.944E-06
                2.571E-08  8.705E-09  4.746E-08  1.402E-07  3.365E-07  3.976E-08
                5.703E-08  7.185E-08  5.262E-09  1.968E-08  1.553E-08  1.107E-08
                4.510E-07  1.359E-07  2.076E-07  1.183E-07  7.909E-07  4.791E-09
                9.822E-09  7.152E-08  9.737E-09  8.192E-07  7.274E-08
