          16           7
         215          13           1           1
           0          -4           0          -4           0          -6           0          -2           0          -4           0           6           0           4           0           2           0           4           0           6           0           2           0           4           0           2           0          -4           0          -2           0           2           0           4           0           6           0           2           0           4           0           6           0           4           0          -2           0          -2           0          -4           0          -6           0          -8           0          -2           0          -4           0          -6           0          -4           0           2           0          -4           0          -6           0          -2           0          -4           0          -6           0          -6           0          -8           0          -4           0          -6           0          -2           0          -4           0           4           0           6           0           8           0          10           0           4           0          -4           0           2           0           6           0           4           0           8           0           2           0          -4           0          -2           0           6           0           6           0           4           0           2           0           8           0           4           0           6           0           8           0           4           0           6           0           8           0          10           0           4           0           6           0           8           0           6           0           4           0           2           0           6           0           2           0           4           0           2           0          -4           0          -2           0          -6           0          -8           0           6           0           4           0          -4           0          -6           0          -2           0          -4           0          -6           0          -8           0         -10           0          -2           0          -4           0          -6           0          -4           0          -2           0          -6           0          -8           0          -2           0          -4           0           2           0           4           0           6           0           8           0           4           0           4           0           6           0           8           0           2           0          10           0           8           0           6           0           4           0           2           0           6           0           6           0           4           0           4           0           2           0           4           0           6           0           8           0          -4           0           2           0           4           0          -6           0          -4           0           2           0           4           0           6           0           4           0           6           0          -2           0          -4           0          -6           0          -8           0         -10           0          -6           0          -8           0         -10           0         -12           0           2           0          -2           0          -4           0          -6           0          -8           0          -2           0          -8           0         -10           0          -4           0          -2           0          -6           0          -4           0          -2           0          -4           0          -2           0          -4           0          -6           0          -4           0          -8           0          -6           0           2           0           4           0           2           0           4           0           6           0         -10           0          -8           0          -6           0          -4           0           6           0          -2           0          -4           0           8           0          -6           0          -2           0          -4           0          -6           0          -8           0           4           0           6           0          -4           0          -6           0          -6           0          -8           0          -2           0           2           0          -4           0           4           0           6           0           4           0           4           0           2           0           2           0          -4           0          -6           0          -8           0          -2           0          -4           0          -6           0          -8           0         -10           0          -8           0          -6           0          -4           0          -2           0          -2           0          -4           0          -6           0          -6           0          -8           0          -4           0          -2           0          -6           0          -4
    0.000000E+00    9.645106E-03    9.843162E-03    1.435602E-02    1.458263E-02
    4.247197E-02    4.320385E-02    4.360158E-02    5.944295E-02    5.948713E-02
    6.922989E-02    7.316769E-02    7.411300E-02    1.134727E-01    1.147319E-01
    2.354040E-01    2.358931E-01    2.366026E-01    2.382857E-01    2.391328E-01
    2.438023E-01    2.438287E-01    2.461520E-01    2.471700E-01    2.474363E-01
    2.479076E-01    2.485433E-01    2.486026E-01    2.487216E-01    2.491410E-01
    2.502551E-01    2.507374E-01    2.510783E-01    2.511300E-01    2.524691E-01
    2.524772E-01    2.554279E-01    2.561102E-01    2.563381E-01    2.591442E-01
    2.591854E-01    2.609226E-01    2.615363E-01    2.619649E-01    2.622131E-01
    2.625883E-01    2.631076E-01    2.632646E-01    2.633261E-01    2.634365E-01
    2.637297E-01    2.638533E-01    2.640096E-01    2.643758E-01    2.644930E-01
    2.645338E-01    2.648466E-01    2.652759E-01    2.655531E-01    2.656939E-01
    2.657640E-01    2.676748E-01    2.677713E-01    2.679166E-01    2.688115E-01
    2.690337E-01    2.711118E-01    2.712141E-01    2.720014E-01    2.721113E-01
    2.724223E-01    2.724984E-01    2.725578E-01    2.726085E-01    2.727219E-01
    2.737570E-01    2.740430E-01    2.746587E-01    2.763855E-01    2.763956E-01
    2.763957E-01    2.764682E-01    2.789238E-01    2.791446E-01    2.808157E-01
    2.808428E-01    2.816082E-01    2.816156E-01    2.816277E-01    2.816445E-01
    2.816660E-01    2.832213E-01    2.832636E-01    2.833497E-01    2.872720E-01
    2.872722E-01    2.872783E-01    2.873017E-01    2.873787E-01    2.874354E-01
    2.875828E-01    2.876419E-01    2.877951E-01    2.879672E-01    2.884374E-01
    2.885530E-01    2.886000E-01    2.886971E-01    2.887362E-01    2.888178E-01
    2.901974E-01    2.902310E-01    2.934227E-01    2.936053E-01    2.936679E-01
    2.948139E-01    2.948751E-01    2.949134E-01    2.954910E-01    2.955387E-01
    2.955818E-01    2.956302E-01    2.974080E-01    2.974265E-01    2.978254E-01
    2.979930E-01    2.980044E-01    2.981863E-01    2.981951E-01    2.982014E-01
    2.986863E-01    2.989406E-01    2.997979E-01    3.013547E-01    3.014398E-01
    3.015665E-01    3.017420E-01    3.025165E-01    3.025355E-01    3.025686E-01
    3.026262E-01    3.032771E-01    3.036433E-01    3.036673E-01    3.036996E-01
    3.037196E-01    3.041292E-01    3.046134E-01    3.046301E-01    3.048276E-01
    3.048611E-01    3.049614E-01    3.051740E-01    3.052844E-01    3.060373E-01
    3.062721E-01    3.065126E-01    3.067251E-01    3.072820E-01    3.083217E-01
    3.083847E-01    3.085481E-01    3.086063E-01    3.093086E-01    3.093690E-01
    3.093750E-01    3.093804E-01    3.094500E-01    3.095030E-01    3.095365E-01
    3.096086E-01    3.096683E-01    3.098305E-01    3.098337E-01    3.100372E-01
    3.110986E-01    3.111053E-01    3.111248E-01    3.111449E-01    3.124031E-01
    3.124222E-01    3.126400E-01    3.132139E-01    3.132929E-01    3.134326E-01
    3.163175E-01    3.165548E-01    3.167011E-01    3.167161E-01    3.173537E-01
    3.174815E-01    3.194473E-01    3.198310E-01    3.206567E-01    3.235572E-01
    3.235827E-01    3.236877E-01    3.236885E-01    3.238034E-01    3.239013E-01
    3.239634E-01    3.240075E-01    3.245628E-01    3.245933E-01    3.263728E-01
    3.264517E-01    3.271738E-01    3.284075E-01    3.287843E-01    3.314323E-01
    3.314556E-01    3.324856E-01    3.325179E-01    3.327131E-01    3.333147E-01
           0           4           0           1
  -28.010499495533246               13
3.85566995E+01  1.269E-01  5.049E-02  1.642E-01  1.415E-02  7.272E-02  9.511E-02
                1.089E-02  6.116E-05  9.690E-04  7.855E-04  1.181E-04  4.034E-02
                8.475E-05  2.822E-03  4.106E-04
5.21646995E+01  6.494E-02  2.100E-02  6.829E-02  5.844E-03  2.848E-02  5.726E-02
                6.539E-03  2.241E-05  5.564E-04  3.834E-04  4.385E-05  2.647E-02
                3.804E-05  1.463E-03  2.112E-04  1.483E-05  2.351E-05  2.112E-05
                1.495E-05  2.380E-05  9.228E-06  6.366E-07  3.072E-05  3.656E-06
                9.226E-06  1.198E-05  1.170E-05  1.527E-05  4.711E-05  5.024E-05
                1.834E-05  1.638E-06  1.964E-04  9.512E-05  5.386E-06  3.248E-05
                1.171E-07  3.684E-06  2.018E-05  5.374E-05  1.557E-04  1.095E-05
                6.607E-05  1.208E-06  2.194E-06  5.312E-06  1.717E-05  1.755E-05
                1.720E-04  2.232E-06  1.672E-05  1.665E-05  2.839E-06  7.150E-06
                2.759E-05  1.030E-05  1.081E-05  1.366E-04  1.277E-04  4.331E-05
                2.359E-05  1.312E-07  2.630E-07  8.883E-08  2.526E-05  5.995E-05
                2.025E-06  1.253E-06  8.651E-06  3.287E-05  6.019E-05  2.223E-05
                1.338E-05  4.312E-06  4.771E-06  1.862E-05  5.161E-05  1.296E-05
                1.098E-05  1.653E-06  2.079E-05  2.437E-05  2.924E-05  6.575E-06
                3.277E-05  1.214E-04  9.001E-07  4.008E-06  6.411E-06  1.008E-05
                9.453E-08  5.322E-07  9.708E-06  1.566E-05  7.365E-06  5.182E-06
                9.567E-06  1.272E-05  1.059E-05  2.412E-04  1.541E-05  1.529E-05
                3.687E-06  8.569E-06  1.314E-05  5.168E-06  2.979E-06  5.646E-06
                2.919E-06  1.468E-05  4.920E-05  2.038E-05  4.140E-05  1.685E-05
                1.294E-04  2.265E-05  3.851E-05  2.224E-05  4.763E-06  4.431E-06
                5.563E-06  6.752E-06  7.257E-05  3.979E-06  3.749E-05  2.470E-05
                5.163E-06  2.905E-06  3.983E-05
6.57726995E+01  3.323E-02  1.067E-02  3.482E-02  2.961E-03  1.450E-02  3.794E-02
                4.446E-03  1.600E-05  3.670E-04  1.986E-04  2.259E-05  1.805E-02
                2.280E-05  8.008E-04  1.161E-04  7.732E-06  1.240E-05  1.155E-05
                8.815E-06  1.426E-05  8.984E-06  5.056E-07  1.198E-05  1.921E-06
                4.364E-06  5.246E-06  4.034E-06  8.384E-06  2.260E-05  2.360E-05
                8.809E-06  1.735E-06  7.422E-05  2.164E-05  2.358E-06  1.581E-05
                8.706E-09  1.447E-06  8.592E-06  2.437E-05  7.072E-05  3.850E-06
                2.873E-05  4.394E-07  8.952E-07  1.622E-06  3.831E-06  6.752E-06
                9.775E-05  4.849E-07  5.000E-06  3.010E-06  9.999E-07  5.752E-07
                1.555E-05  5.040E-06  2.241E-06  4.060E-05  2.720E-05  1.457E-05
                9.277E-06  3.706E-08  3.469E-08  4.450E-09  2.169E-06  1.855E-05
                6.732E-07  9.677E-08  4.531E-06  1.448E-05  2.834E-05  1.569E-05
                6.236E-06  2.831E-06  9.113E-07  2.160E-06  5.708E-06  2.644E-06
                1.783E-06  2.698E-07  6.309E-06  1.735E-05  7.046E-06  1.382E-06
                1.807E-05  7.939E-05  1.056E-09  6.059E-09  1.750E-08  4.219E-08
                4.385E-09  5.865E-07  3.409E-06  6.923E-06  8.835E-07  2.815E-07
                2.575E-06  7.238E-06  6.290E-06  3.599E-05  8.904E-08  5.799E-07
                1.147E-06  2.389E-06  1.306E-06  3.531E-07  5.754E-07  1.532E-06
                2.484E-07  3.210E-06  1.965E-05  5.061E-06  9.150E-06  1.079E-07
                1.088E-04  2.975E-06  2.423E-06  1.516E-06  7.248E-08  6.370E-07
                1.617E-06  1.476E-06  4.607E-05  1.805E-06  1.863E-06  1.505E-05
                2.389E-06  7.636E-07  9.534E-06  5.824E-05  3.905E-06  1.008E-05
                9.467E-06  5.844E-07  1.420E-06  2.710E-06  3.625E-06  3.385E-07
                1.220E-06  3.210E-06  7.429E-06  1.100E-06  2.675E-07  1.508E-06
                5.830E-06  2.021E-05  9.184E-07  2.870E-06  1.177E-05  7.094E-06
                1.371E-06  2.606E-05  1.091E-05  1.433E-06  2.327E-06  5.853E-07
                1.213E-05  4.191E-06  1.055E-06  6.515E-06  2.451E-06  4.677E-07
                2.730E-06  3.691E-06  8.517E-06  3.699E-05  2.310E-06  1.555E-06
                7.269E-07  2.376E-07  8.923E-07  5.231E-07  1.057E-06  3.862E-06
                1.926E-06  1.085E-06  2.798E-06  6.755E-06  1.729E-05  1.210E-06
                1.553E-06  2.649E-06  2.649E-06  3.230E-06  5.506E-06  1.280E-06
                2.820E-07  1.421E-06  1.166E-05  2.197E-06  3.235E-06  3.885E-05
                5.734E-07  2.730E-07  4.528E-06  9.444E-06  1.882E-05  3.938E-06
                5.069E-06  5.602E-06  4.357E-07  1.139E-06  1.288E-06  5.902E-07
                4.768E-06  1.554E-06  2.459E-06  3.451E-06  1.264E-05  1.483E-07
                2.336E-07  1.427E-06  2.842E-07  9.378E-06  1.026E-06
7.93806995E+01  1.887E-02  6.037E-03  1.972E-02  1.672E-03  8.200E-03  2.642E-02
                3.094E-03  8.663E-06  2.527E-04  1.228E-04  1.165E-05  1.294E-02
                1.278E-05  4.778E-04  6.927E-05  4.274E-06  6.976E-06  6.774E-06
                5.167E-06  8.884E-06  6.243E-06  3.524E-07  5.988E-06  1.210E-06
                2.690E-06  3.157E-06  2.102E-06  4.897E-06  1.251E-05  1.349E-05
                4.959E-06  1.195E-06  3.365E-05  1.138E-05  1.366E-06  8.454E-06
                4.949E-09  7.306E-07  4.302E-06  1.216E-05  3.545E-05  1.940E-06
                1.467E-05  2.264E-07  4.158E-07  6.972E-07  1.628E-06  4.377E-06
                5.655E-05  2.375E-07  2.332E-06  1.784E-06  4.374E-07  2.734E-07
                7.803E-06  2.549E-06  1.208E-06  2.035E-05  1.364E-05  7.674E-06
                4.718E-06  8.230E-09  1.437E-08  1.491E-09  8.617E-07  7.015E-06
                4.094E-07  1.603E-07  2.563E-06  8.549E-06  1.612E-05  1.188E-05
                4.486E-06  1.927E-06  4.453E-07  1.094E-06  2.453E-06  1.027E-06
                1.160E-06  1.585E-07  4.269E-06  1.186E-05  3.204E-06  7.699E-07
                1.101E-05  4.913E-05  4.306E-10  2.525E-09  5.892E-09  6.631E-09
                1.731E-09  4.002E-07  2.367E-06  4.867E-06  5.650E-07  1.474E-07
                1.829E-06  5.306E-06  3.878E-06  2.201E-05  5.806E-08  2.892E-07
                7.098E-07  1.488E-06  2.749E-07  1.109E-07  3.675E-07  9.450E-07
                1.455E-07  1.941E-06  1.275E-05  3.304E-06  5.613E-06  8.764E-08
                6.744E-05  2.138E-06  1.619E-06  1.052E-06  6.293E-08  4.910E-07
                1.178E-06  1.102E-06  2.840E-05  1.247E-06  1.326E-06  9.944E-06
                1.463E-06  4.892E-07  6.084E-06  3.698E-05  2.560E-06  6.637E-06
                6.375E-06  2.708E-07  6.638E-07  1.256E-06  1.783E-06  1.596E-07
                5.738E-07  1.482E-06  3.520E-06  7.480E-07  1.669E-07  8.197E-07
                3.304E-06  1.283E-05  4.977E-07  1.023E-06  4.107E-06  4.514E-06
                8.713E-07  1.421E-05  6.252E-06  7.680E-07  1.353E-06  3.413E-07
                7.995E-06  1.979E-06  4.926E-07  3.617E-06  1.219E-06  3.583E-07
                1.429E-06  2.466E-06  5.600E-06  2.221E-05  1.117E-06  8.621E-07
                4.152E-07  1.480E-07  5.827E-07  3.185E-07  5.656E-07  2.320E-06
                1.044E-06  5.370E-07  1.563E-06  4.096E-06  1.088E-05  6.191E-07
                7.663E-07  1.225E-06  1.198E-06  1.480E-06  2.342E-06  7.593E-07
                1.132E-07  7.792E-07  8.346E-06  1.095E-06  2.259E-06  2.806E-05
                2.485E-07  1.235E-07  1.983E-06  4.499E-06  8.905E-06  1.728E-06
                2.304E-06  2.454E-06  1.303E-07  1.970E-07  5.337E-07  2.649E-07
                3.556E-06  1.137E-06  1.941E-06  1.639E-06  7.865E-06  1.124E-07
                2.035E-07  6.392E-07  1.570E-07  7.161E-06  7.343E-07
9.29886995E+01  1.157E-02  3.706E-03  1.210E-02  1.027E-03  5.036E-03  1.910E-02
                2.236E-03  5.399E-06  1.815E-04  8.204E-05  6.560E-06  9.508E-03
                7.714E-06  3.015E-04  4.367E-05  2.396E-06  3.976E-06  4.061E-06
                3.006E-06  5.545E-06  4.150E-06  2.380E-07  3.646E-06  8.748E-07
                1.878E-06  2.188E-06  1.405E-06  3.001E-06  7.554E-06  8.241E-06
                3.081E-06  7.914E-07  1.785E-05  6.616E-06  8.490E-07  5.039E-06
                3.200E-09  4.122E-07  2.374E-06  6.892E-06  1.999E-05  1.095E-06
                8.433E-06  1.519E-07  2.434E-07  3.696E-07  8.229E-07  3.606E-06
                3.523E-05  1.329E-07  1.424E-06  1.363E-06  2.398E-07  1.527E-07
                4.415E-06  1.444E-06  7.625E-07  1.315E-05  7.912E-06  4.420E-06
                2.690E-06  5.383E-09  1.038E-08  1.042E-09  4.504E-07  3.426E-06
                2.652E-07  1.552E-07  1.588E-06  5.325E-06  9.810E-06  8.847E-06
                3.310E-06  1.395E-06  2.519E-07  6.545E-07  1.339E-06  5.041E-07
                8.108E-07  1.075E-07  3.009E-06  8.339E-06  1.747E-06  4.576E-07
                7.223E-06  3.231E-05  2.832E-10  1.709E-09  3.940E-09  4.265E-09
                9.815E-10  2.817E-07  1.692E-06  3.471E-06  4.117E-07  9.745E-08
                1.403E-06  4.152E-06  2.574E-06  1.455E-05  4.314E-08  2.035E-07
                5.337E-07  1.126E-06  1.157E-07  6.646E-08  2.679E-07  6.856E-07
                9.488E-08  1.402E-06  9.010E-06  2.339E-06  3.748E-06  5.978E-08
                4.508E-05  1.535E-06  1.145E-06  7.632E-07  4.854E-08  3.675E-07
                8.755E-07  8.618E-07  1.890E-05  9.384E-07  9.978E-07  6.548E-06
                9.549E-07  3.477E-07  4.168E-06  2.519E-05  1.840E-06  4.797E-06
                4.460E-06  1.482E-07  3.616E-07  6.814E-07  9.324E-07  8.775E-08
                3.035E-07  7.761E-07  1.841E-06  4.895E-07  9.928E-08  5.271E-07
                2.211E-06  8.867E-06  2.949E-07  4.296E-07  1.726E-06  2.989E-06
                5.740E-07  9.747E-06  4.281E-06  5.136E-07  8.406E-07  2.007E-07
                5.685E-06  1.122E-06  2.732E-07  2.161E-06  6.890E-07  2.569E-07
                9.354E-07  1.716E-06  3.865E-06  1.447E-05  6.122E-07  5.029E-07
                2.407E-07  8.604E-08  4.021E-07  2.012E-07  3.501E-07  1.634E-06
                6.751E-07  3.222E-07  1.017E-06  2.799E-06  7.501E-06  4.135E-07
                5.520E-07  6.823E-07  6.751E-07  8.038E-07  1.242E-06  4.622E-07
                7.516E-08  4.798E-07  5.935E-06  7.254E-07  1.597E-06  2.055E-05
                1.924E-07  8.447E-08  9.649E-07  2.392E-06  5.004E-06  7.978E-07
                1.119E-06  1.282E-06  4.952E-08  7.123E-08  3.085E-07  1.463E-07
                2.751E-06  8.747E-07  1.486E-06  1.075E-06  5.605E-06  6.745E-08
                1.217E-07  4.741E-07  1.050E-07  5.326E-06  5.094E-07
1.06596699E+02  7.452E-03  2.383E-03  7.791E-03  6.586E-04  3.235E-03  1.424E-02
                1.667E-03  3.430E-06  1.349E-04  5.713E-05  3.998E-06  7.239E-03
                4.886E-06  2.001E-04  2.900E-05  1.450E-06  2.440E-06  2.627E-06
                1.851E-06  3.626E-06  2.746E-06  1.621E-07  2.440E-06  7.554E-07
                1.534E-06  1.766E-06  1.140E-06  1.882E-06  4.753E-06  5.221E-06
                2.153E-06  5.199E-07  1.021E-05  4.143E-06  5.428E-07  3.156E-06
                2.150E-09  2.471E-07  1.395E-06  4.133E-06  1.182E-05  6.505E-07
                5.116E-06  1.134E-07  1.629E-07  2.236E-07  4.602E-07  2.955E-06
                2.295E-05  7.706E-08  9.593E-07  1.071E-06  1.377E-07  9.080E-08
                2.621E-06  8.577E-07  5.197E-07  9.259E-06  4.988E-06  2.745E-06
                1.657E-06  3.912E-09  8.034E-09  7.288E-10  2.679E-07  1.870E-06
                1.818E-07  1.303E-07  1.061E-06  3.560E-06  6.394E-06  6.608E-06
                2.566E-06  1.100E-06  1.514E-07  4.146E-07  8.031E-07  2.748E-07
                5.645E-07  7.503E-08  2.097E-06  5.795E-06  1.051E-06  2.939E-07
                4.854E-06  2.172E-05  1.965E-10  1.214E-09  2.771E-09  2.907E-09
                6.325E-10  1.952E-07  1.177E-06  2.425E-06  3.153E-07  7.188E-08
                1.095E-06  3.265E-06  1.732E-06  9.795E-06  3.266E-08  1.522E-07
                4.036E-07  8.516E-07  7.953E-08  4.709E-08  1.973E-07  5.085E-07
                6.889E-08  1.048E-06  6.700E-06  1.744E-06  2.612E-06  4.212E-08
                3.138E-05  1.139E-06  8.320E-07  5.732E-07  3.757E-08  2.746E-07
                6.517E-07  6.583E-07  1.266E-05  7.266E-07  7.720E-07  4.466E-06
                6.446E-07  2.551E-07  2.971E-06  1.787E-05  1.358E-06  3.558E-06
                3.069E-06  9.609E-08  2.320E-07  4.328E-07  5.693E-07  5.699E-08
                1.907E-07  4.831E-07  1.147E-06  3.385E-07  6.347E-08  3.595E-07
                1.556E-06  6.381E-06  1.852E-07  2.465E-07  9.799E-07  2.044E-06
                3.895E-07  6.989E-06  3.061E-06  3.630E-07  5.569E-07  1.256E-07
                4.108E-06  6.926E-07  1.629E-07  1.389E-06  4.421E-07  1.939E-07
                6.794E-07  1.232E-06  2.770E-06  1.015E-05  3.821E-07  3.321E-07
                1.604E-07  5.725E-08  2.920E-07  1.377E-07  2.367E-07  1.217E-06
                4.682E-07  2.213E-07  7.217E-07  2.013E-06  5.382E-06  2.948E-07
                4.247E-07  4.485E-07  4.193E-07  5.201E-07  7.837E-07  2.962E-07
                6.189E-08  3.117E-07  4.365E-06  5.235E-07  1.170E-06  1.531E-05
                1.503E-07  6.091E-08  5.573E-07  1.453E-06  3.136E-06  4.514E-07
                6.494E-07  7.722E-07  2.560E-08  3.901E-08  1.920E-07  9.098E-08
                2.106E-06  6.643E-07  1.111E-06  7.572E-07  4.147E-06  4.338E-08
                8.026E-08  3.537E-07  7.139E-08  4.025E-06  3.787E-07
1.20204699E+02  5.091E-03  1.634E-03  5.336E-03  4.530E-04  2.224E-03  1.102E-02
                1.289E-03  2.317E-06  1.037E-04  4.173E-05  2.466E-06  5.632E-03
                3.232E-06  1.416E-04  2.052E-05  8.767E-07  1.494E-06  1.739E-06
                1.117E-06  2.395E-06  1.794E-06  1.113E-07  1.637E-06  6.429E-07
                1.250E-06  1.419E-06  9.337E-07  1.186E-06  3.042E-06  3.324E-06
                1.565E-06  3.396E-07  6.550E-06  2.751E-06  3.538E-07  2.077E-06
                1.354E-09  1.539E-07  8.528E-07  2.742E-06  7.746E-06  4.275E-07
                3.407E-06  1.070E-07  1.390E-07  1.692E-07  2.959E-07  2.542E-06
                1.596E-05  4.725E-08  7.017E-07  8.945E-07  8.443E-08  6.143E-08
                1.713E-06  5.514E-07  3.799E-07  6.996E-06  3.253E-06  1.717E-06
                1.054E-06  2.621E-09  6.125E-09  4.996E-10  1.835E-07  1.155E-06
                1.235E-07  1.046E-07  7.089E-07  2.374E-06  4.180E-06  4.980E-06
                1.844E-06  7.643E-07  9.706E-08  2.690E-07  5.213E-07  1.679E-07
                3.849E-07  5.186E-08  1.417E-06  3.912E-06  6.722E-07  1.946E-07
                3.471E-06  1.554E-05  1.448E-10  8.983E-10  2.015E-09  2.036E-09
                4.196E-10  1.309E-07  8.082E-07  1.666E-06  2.491E-07  5.657E-08
                8.716E-07  2.611E-06  1.250E-06  7.064E-06  2.436E-08  1.132E-07
                2.982E-07  6.319E-07  6.693E-08  3.477E-08  1.368E-07  3.571E-07
                4.866E-08  7.474E-07  4.425E-06  1.158E-06  1.996E-06  2.979E-08
                2.402E-05  8.387E-07  6.158E-07  4.280E-07  2.771E-08  1.967E-07
                4.751E-07  4.860E-07  8.999E-06  5.155E-07  5.518E-07  3.145E-06
                4.560E-07  1.863E-07  2.299E-06  1.389E-05  9.227E-07  2.418E-06
                2.128E-06  6.216E-08  1.496E-07  2.784E-07  3.534E-07  3.844E-08
                1.228E-07  3.070E-07  7.271E-07  2.359E-07  4.403E-08  2.619E-07
                1.158E-06  4.827E-06  1.278E-07  1.415E-07  5.511E-07  1.449E-06
                2.789E-07  5.268E-06  2.303E-06  2.700E-07  4.000E-07  8.317E-08
                3.139E-06  4.646E-07  1.043E-07  8.823E-07  2.848E-07  1.420E-07
                5.130E-07  8.108E-07  1.937E-06  7.688E-06  2.426E-07  2.233E-07
                1.076E-07  3.818E-08  1.965E-07  1.011E-07  1.719E-07  8.359E-07
                3.466E-07  1.494E-07  5.200E-07  1.503E-06  4.054E-06  2.258E-07
                3.395E-07  2.852E-07  2.700E-07  3.321E-07  4.952E-07  1.916E-07
                5.077E-08  2.073E-07  3.414E-06  3.590E-07  9.083E-07  1.205E-05
                1.170E-07  4.457E-08  3.276E-07  9.185E-07  2.070E-06  2.533E-07
                3.788E-07  4.785E-07  1.447E-08  3.165E-08  1.247E-07  6.092E-08
                1.664E-06  5.214E-07  8.686E-07  5.610E-07  3.203E-06  2.815E-08
                5.153E-08  2.730E-07  4.911E-08  3.156E-06  2.911E-07
1.33812699E+02  3.523E-03  1.128E-03  3.689E-03  3.119E-04  1.533E-03  8.560E-03
                1.002E-03  1.584E-06  8.074E-05  3.109E-05  1.648E-06  4.465E-03
                2.193E-06  9.934E-05  1.440E-05  5.499E-07  9.559E-07  1.232E-06
                7.100E-07  1.688E-06  1.232E-06  8.022E-08  1.249E-06  4.918E-07
                9.478E-07  1.083E-06  7.407E-07  7.717E-07  2.039E-06  2.233E-06
                1.117E-06  2.311E-07  4.428E-06  1.883E-06  2.356E-07  1.414E-06
                9.510E-10  9.969E-08  5.476E-07  1.846E-06  5.140E-06  2.835E-07
                2.288E-06  8.883E-08  1.101E-07  1.255E-07  1.945E-07  2.104E-06
                1.121E-05  3.015E-08  5.239E-07  7.300E-07  5.223E-08  4.354E-08
                1.125E-06  3.596E-07  2.821E-07  5.360E-06  2.247E-06  1.154E-06
                6.977E-07  2.098E-09  5.086E-09  3.557E-10  1.296E-07  7.272E-07
                8.873E-08  7.738E-08  5.021E-07  1.684E-06  2.923E-06  3.767E-06
                1.473E-06  6.314E-07  6.698E-08  1.890E-07  3.541E-07  1.042E-07
                2.845E-07  3.893E-08  1.044E-06  2.878E-06  4.515E-07  1.355E-07
                2.476E-06  1.110E-05  1.078E-10  6.777E-10  1.510E-09  1.495E-09
                2.930E-10  9.532E-08  5.925E-07  1.220E-06  2.008E-07  4.636E-08
                6.991E-07  2.092E-06  8.927E-07  5.032E-06  1.894E-08  8.876E-08
                2.299E-07  4.873E-07  6.021E-08  2.919E-08  1.065E-07  2.769E-07
                3.629E-08  5.837E-07  3.542E-06  9.317E-07  1.458E-06  2.298E-08
                1.747E-05  6.342E-07  4.641E-07  3.329E-07  2.140E-08  1.489E-07
                3.592E-07  3.715E-07  6.389E-06  4.155E-07  4.451E-07  2.246E-06
                3.242E-07  1.374E-07  1.698E-06  1.026E-05  7.270E-07  1.919E-06
                1.554E-06  4.561E-08  1.088E-07  2.007E-07  2.461E-07  2.791E-08
                8.892E-08  2.224E-07  5.290E-07  1.696E-07  3.108E-08  1.942E-07
                8.765E-07  3.705E-06  8.705E-08  1.093E-07  4.212E-07  1.038E-06
                1.990E-07  4.040E-06  1.761E-06  2.056E-07  2.921E-07  5.669E-08
                2.386E-06  3.180E-07  6.846E-08  6.120E-07  2.041E-07  1.131E-07
                4.054E-07  6.379E-07  1.489E-06  5.765E-06  1.685E-07  1.636E-07
                7.980E-08  2.816E-08  1.611E-07  7.556E-08  1.283E-07  7.089E-07
                2.617E-07  1.136E-07  3.996E-07  1.155E-06  3.105E-06  1.684E-07
                2.615E-07  2.141E-07  1.861E-07  2.483E-07  3.637E-07  1.316E-07
                4.632E-08  1.454E-07  2.581E-06  2.968E-07  6.835E-07  9.102E-06
                9.181E-08  3.394E-08  2.338E-07  6.505E-07  1.470E-06  1.865E-07
                2.754E-07  3.415E-07  1.146E-08  2.689E-08  8.289E-08  4.197E-08
                1.315E-06  4.091E-07  6.660E-07  4.239E-07  2.484E-06  2.002E-08
                3.787E-08  2.129E-07  3.626E-08  2.475E-06  2.292E-07
1.47420699E+02  2.614E-03  8.415E-04  2.746E-03  2.338E-04  1.148E-03  6.894E-03
                8.065E-04  1.217E-06  6.457E-05  2.414E-05  1.090E-06  3.577E-03
                1.535E-06  7.479E-05  1.083E-05  3.781E-07  6.602E-07  9.363E-07
                4.630E-07  1.221E-06  8.233E-07  5.822E-08  8.589E-07  4.530E-07
                8.389E-07  9.407E-07  6.555E-07  4.950E-07  1.349E-06  1.456E-06
                9.012E-07  1.544E-07  3.233E-06  1.379E-06  1.585E-07  9.860E-07
                5.840E-10  6.584E-08  3.539E-07  1.379E-06  3.806E-06  2.084E-07
                1.684E-06  8.682E-08  1.043E-07  1.124E-07  1.495E-07  1.821E-06
                8.382E-06  2.074E-08  4.180E-07  6.255E-07  3.667E-08  3.393E-08
                8.194E-07  2.540E-07  2.221E-07  4.325E-06  1.587E-06  7.677E-07
                4.797E-07  1.443E-09  4.010E-09  2.460E-10  1.031E-07  5.231E-07
                6.318E-08  6.067E-08  3.561E-07  1.188E-06  2.028E-06  2.928E-06
                1.055E-06  4.292E-07  4.658E-08  1.313E-07  2.549E-07  7.339E-08
                1.892E-07  2.670E-08  6.839E-07  1.882E-06  3.178E-07  9.648E-08
                1.868E-06  8.336E-06  8.390E-11  5.252E-10  1.146E-09  1.089E-09
                2.085E-10  6.206E-08  3.950E-07  8.227E-07  1.645E-07  3.831E-08
                5.730E-07  1.716E-06  6.753E-07  3.825E-06  1.395E-08  6.652E-08
                1.684E-07  3.585E-07  5.697E-08  2.226E-08  7.186E-08  1.909E-07
                2.623E-08  4.130E-07  2.214E-06  5.871E-07  1.207E-06  1.700E-08
                1.456E-05  4.776E-07  3.537E-07  2.513E-07  1.566E-08  1.051E-07
                2.619E-07  2.683E-07  4.670E-06  2.792E-07  3.040E-07  1.680E-06
                2.426E-07  9.855E-08  1.413E-06  8.650E-06  4.712E-07  1.238E-06
                1.055E-06  3.158E-08  7.540E-08  1.390E-07  1.650E-07  2.028E-08
                6.246E-08  1.548E-07  3.675E-07  1.240E-07  2.341E-08  1.507E-07
                6.881E-07  2.933E-06  6.673E-08  7.478E-08  2.816E-07  7.845E-07
                1.514E-07  3.189E-06  1.388E-06  1.610E-07  2.266E-07  4.061E-08
                1.891E-06  2.365E-07  4.776E-08  4.110E-07  1.413E-07  8.362E-08
                3.201E-07  3.971E-07  1.049E-06  4.746E-06  1.129E-07  1.163E-07
                5.626E-08  1.962E-08  1.038E-07  5.891E-08  9.985E-08  4.656E-07
                2.055E-07  8.086E-08  3.025E-07  9.027E-07  2.447E-06  1.395E-07
                2.151E-07  1.447E-07  1.284E-07  1.695E-07  2.481E-07  8.987E-08
                3.857E-08  1.025E-07  2.150E-06  1.995E-07  5.654E-07  7.582E-06
                6.965E-08  2.459E-08  1.518E-07  4.482E-07  1.050E-06  1.169E-07
                1.775E-07  2.308E-07  8.730E-09  2.762E-08  5.833E-08  3.166E-08
                1.062E-06  3.285E-07  5.329E-07  3.254E-07  1.973E-06  1.414E-08
                2.652E-08  1.696E-07  2.646E-08  1.989E-06  1.802E-07
1.61028699E+02  1.866E-03  5.996E-04  1.960E-03  1.663E-04  8.184E-04  5.630E-03
                6.585E-04  7.371E-07  5.297E-05  1.880E-05  7.596E-07  3.002E-03
                1.101E-06  5.638E-05  8.179E-06  2.598E-07  4.615E-07  7.407E-07
                3.147E-07  9.334E-07  5.730E-07  4.420E-08  6.825E-07  3.393E-07
                6.280E-07  7.108E-07  5.156E-07  3.268E-07  9.289E-07  1.013E-06
                6.585E-07  1.060E-07  2.288E-06  9.899E-07  1.054E-07  6.853E-07
                4.373E-10  4.503E-08  2.433E-07  9.609E-07  2.628E-06  1.420E-07
                1.161E-06  7.257E-08  8.543E-08  8.866E-08  1.060E-07  1.536E-06
                6.021E-06  1.418E-08  3.310E-07  5.247E-07  2.500E-08  2.432E-08
                5.553E-07  1.709E-07  1.724E-07  3.471E-06  1.151E-06  5.377E-07
                3.271E-07  1.239E-09  3.426E-09  1.853E-10  7.703E-08  3.425E-07
                4.597E-08  4.352E-08  2.578E-07  8.597E-07  1.448E-06  2.229E-06
                8.684E-07  3.743E-07  3.429E-08  9.299E-08  1.776E-07  4.673E-08
                1.443E-07  2.083E-08  5.211E-07  1.431E-06  2.194E-07  6.824E-08
                1.344E-06  5.999E-06  6.379E-11  4.025E-10  8.733E-10  8.185E-10
                1.520E-10  4.645E-08  2.948E-07  6.161E-07  1.313E-07  3.042E-08
                4.582E-07  1.373E-06  4.833E-07  2.737E-06  1.093E-08  5.332E-08
                1.307E-07  2.763E-07  5.508E-08  2.019E-08  5.798E-08  1.522E-07
                2.013E-08  3.308E-07  1.904E-06  5.073E-07  8.968E-07  1.324E-08
                1.078E-05  3.606E-07  2.721E-07  1.977E-07  1.235E-08  8.143E-08
                2.011E-07  2.067E-07  3.350E-06  2.350E-07  2.571E-07  1.230E-06
                1.754E-07  7.411E-08  1.061E-06  6.491E-06  3.943E-07  1.044E-06
                7.881E-07  2.458E-08  5.819E-08  1.064E-07  1.232E-07  1.532E-08
                4.818E-08  1.203E-07  2.875E-07  9.037E-08  1.739E-08  1.152E-07
                5.311E-07  2.284E-06  4.718E-08  6.369E-08  2.415E-07  5.752E-07
                1.097E-07  2.468E-06  1.071E-06  1.239E-07  1.741E-07  2.910E-08
                1.449E-06  1.690E-07  3.258E-08  2.967E-07  1.048E-07  6.705E-08
                2.592E-07  3.271E-07  8.319E-07  3.672E-06  8.244E-08  8.884E-08
                4.357E-08  1.511E-08  9.113E-08  4.521E-08  7.646E-08  4.224E-07
                1.574E-07  6.373E-08  2.374E-07  7.029E-07  1.896E-06  1.068E-07
                1.645E-07  1.145E-07  9.236E-08  1.319E-07  1.901E-07  6.456E-08
                3.556E-08  7.535E-08  1.666E-06  1.756E-07  4.351E-07  5.838E-06
                5.394E-08  1.900E-08  1.202E-07  3.375E-07  7.810E-07  9.814E-08
                1.444E-07  1.777E-07  6.985E-09  1.979E-08  3.995E-08  2.335E-08
                8.500E-07  2.611E-07  4.146E-07  2.518E-07  1.561E-06  1.051E-08
                2.008E-08  1.356E-07  2.062E-08  1.585E-06  1.437E-07
1.74636699E+02  1.483E-03  4.763E-04  1.554E-03  1.321E-04  6.494E-04  4.454E-03
                5.210E-04  7.501E-07  4.178E-05  1.499E-05  5.328E-07  2.350E-03
                7.814E-07  4.049E-05  5.856E-06  1.950E-07  3.477E-07  6.181E-07
                2.184E-07  7.386E-07  4.100E-07  3.492E-08  4.952E-07  2.533E-07
                4.656E-07  5.261E-07  3.961E-07  2.155E-07  6.405E-07  6.758E-07
                4.840E-07  7.592E-08  1.924E-06  7.484E-07  7.467E-08  5.168E-07
                2.646E-10  3.057E-08  1.641E-07  7.933E-07  2.165E-06  1.164E-07
                9.444E-07  6.974E-08  8.150E-08  8.347E-08  9.198E-08  1.360E-06
                4.858E-06  1.170E-08  2.791E-07  4.629E-07  2.050E-08  2.266E-08
                4.476E-07  1.331E-07  1.452E-07  2.934E-06  8.732E-07  3.786E-07
                2.441E-07  8.380E-10  2.781E-09  1.284E-10  6.506E-08  2.687E-07
                3.512E-08  3.436E-08  1.948E-07  6.503E-07  1.087E-06  1.753E-06
                6.096E-07  2.405E-07  2.676E-08  7.145E-08  1.393E-07  3.548E-08
                9.750E-08  1.421E-08  3.456E-07  9.506E-07  1.665E-07  5.259E-08
                1.096E-06  4.864E-06  5.054E-11  3.177E-10  6.807E-10  6.185E-10
                1.026E-10  3.093E-08  2.043E-07  4.292E-07  1.138E-07  2.943E-08
                3.784E-07  1.117E-06  3.966E-07  2.247E-06  8.337E-09  4.201E-08
                9.867E-08  2.109E-07  5.429E-08  1.670E-08  4.017E-08  1.085E-07
                1.497E-08  2.445E-07  1.129E-06  3.034E-07  7.568E-07  1.013E-08
                9.126E-06  2.927E-07  2.076E-07  1.527E-07  9.088E-09  5.800E-08
                1.498E-07  1.518E-07  2.633E-06  1.518E-07  1.697E-07  9.654E-07
                1.403E-07  5.124E-08  8.942E-07  5.553E-06  2.452E-07  6.446E-07
                5.587E-07  1.593E-08  3.812E-08  7.037E-08  7.850E-08  1.064E-08
                3.197E-08  7.861E-08  1.871E-07  7.253E-08  1.334E-08  9.138E-08
                4.258E-07  1.841E-06  3.670E-08  4.727E-08  1.703E-07  4.554E-07
                8.863E-08  1.993E-06  8.649E-07  9.964E-08  1.381E-07  2.183E-08
                1.184E-06  1.317E-07  2.433E-08  2.071E-07  7.824E-08  5.212E-08
                2.172E-07  2.064E-07  6.031E-07  3.094E-06  5.336E-08  6.232E-08
                2.972E-08  1.002E-08  5.770E-08  3.596E-08  6.110E-08  2.704E-07
                1.279E-07  4.444E-08  1.804E-07  5.581E-07  1.529E-06  8.880E-08
                1.373E-07  7.888E-08  6.659E-08  9.471E-08  1.392E-07  4.482E-08
                2.853E-08  5.366E-08  1.369E-06  1.191E-07  3.598E-07  4.781E-06
                4.177E-08  1.403E-08  7.803E-08  2.411E-07  5.818E-07  6.046E-08
                9.137E-08  1.219E-07  7.232E-09  2.807E-08  3.017E-08  1.853E-08
                6.859E-07  2.097E-07  3.302E-07  1.932E-07  1.234E-06  8.100E-09
                1.614E-08  1.082E-07  1.536E-08  1.266E-06  1.131E-07
1.88244699E+02  1.116E-03  3.623E-04  1.180E-03  1.015E-04  4.988E-04  4.028E-03
                4.710E-04  3.992E-07  3.761E-05  1.259E-05  3.771E-07  2.151E-03
                6.252E-07  3.639E-05  5.281E-06  1.580E-07  2.798E-07  5.249E-07
                1.673E-07  5.896E-07  2.723E-07  2.658E-08  3.590E-07  3.064E-07
                5.396E-07  5.950E-07  4.376E-07  1.388E-07  4.317E-07  4.694E-07
                5.000E-07  4.947E-08  1.251E-06  6.111E-07  4.778E-08  3.393E-07
                1.906E-10  2.245E-08  1.157E-07  5.675E-07  1.528E-06  7.892E-08
                6.374E-07  5.719E-08  6.570E-08  6.511E-08  6.591E-08  1.155E-06
                3.428E-06  7.802E-09  2.294E-07  3.923E-07  1.504E-08  1.449E-08
                3.037E-07  8.930E-08  1.116E-07  2.431E-06  6.403E-07  2.590E-07
                1.636E-07  7.581E-10  2.362E-09  9.924E-11  5.168E-08  1.944E-07
                2.408E-08  2.434E-08  1.357E-07  4.458E-07  7.331E-07  1.405E-06
                5.284E-07  2.269E-07  1.884E-08  4.825E-08  9.986E-08  2.505E-08
                6.929E-08  1.124E-08  2.431E-07  6.616E-07  1.164E-07  3.615E-08
                7.478E-07  3.292E-06  4.008E-11  2.498E-10  5.204E-10  4.536E-10
                8.763E-11  2.102E-08  1.345E-07  2.969E-07  8.668E-08  1.865E-08
                3.124E-07  9.443E-07  2.647E-07  1.526E-06  6.205E-09  3.209E-08
                7.298E-08  1.531E-07  4.821E-08  1.427E-08  3.037E-08  8.079E-08
                1.154E-08  1.822E-07  9.917E-07  2.694E-07  6.099E-07  8.494E-09
                7.397E-06  2.145E-07  1.710E-07  1.214E-07  7.060E-09  4.444E-08
                1.143E-07  1.124E-07  1.723E-06  1.284E-07  1.459E-07  7.147E-07
                9.874E-08  4.075E-08  7.299E-07  4.540E-06  2.110E-07  5.568E-07
                3.689E-07  1.422E-08  3.351E-08  6.102E-08  6.758E-08  8.871E-09
                2.818E-08  7.075E-08  1.698E-07  5.131E-08  1.095E-08  7.337E-08
                3.392E-07  1.470E-06  3.198E-08  3.662E-08  1.395E-07  3.407E-07
                6.359E-08  1.563E-06  6.758E-07  7.783E-08  1.190E-07  1.743E-08
                9.094E-07  1.093E-07  1.752E-08  1.549E-07  5.578E-08  3.909E-08
                1.709E-07  1.536E-07  4.724E-07  2.558E-06  4.347E-08  5.128E-08
                2.512E-08  8.579E-09  4.946E-08  2.868E-08  4.842E-08  2.418E-07
                9.914E-08  3.738E-08  1.471E-07  4.450E-07  1.201E-06  7.415E-08
                1.075E-07  6.378E-08  4.843E-08  7.102E-08  1.001E-07  3.506E-08
                2.596E-08  4.343E-08  1.172E-06  9.972E-08  3.019E-07  4.084E-06
                3.097E-08  1.052E-08  6.580E-08  1.860E-07  4.420E-07  5.412E-08
                8.052E-08  9.859E-08  3.963E-09  1.228E-08  2.100E-08  1.461E-08
                5.699E-07  1.732E-07  2.703E-07  1.555E-07  1.020E-06  6.073E-09
                1.138E-08  9.013E-08  1.274E-08  1.056E-06  9.223E-08
2.01852699E+02  8.059E-04  2.586E-04  8.415E-04  7.122E-05  3.511E-04  3.042E-03
                3.558E-04  3.088E-07  2.890E-05  9.660E-06  2.637E-07  1.682E-03
                4.199E-07  2.303E-05  3.341E-06  1.047E-07  1.949E-07  4.589E-07
                1.106E-07  5.132E-07  2.209E-07  2.401E-08  3.189E-07  9.584E-08
                1.851E-07  2.216E-07  1.977E-07  9.677E-08  3.196E-07  3.409E-07
                2.085E-07  3.988E-08  1.106E-06  3.905E-07  3.348E-08  2.679E-07
                1.465E-10  1.550E-08  9.019E-08  4.101E-07  1.109E-06  5.898E-08
                4.867E-07  5.327E-08  6.043E-08  5.899E-08  5.529E-08  1.091E-06
                2.628E-06  7.027E-09  2.037E-07  3.693E-07  1.262E-08  1.394E-08
                2.231E-07  6.585E-08  1.001E-07  2.178E-06  5.101E-07  1.897E-07
                1.225E-07  5.497E-10  2.079E-09  7.368E-11  3.856E-08  1.212E-07
                1.931E-08  1.761E-08  1.063E-07  3.538E-07  5.783E-07  1.018E-06
                3.738E-07  1.507E-07  1.701E-08  3.716E-08  7.301E-08  1.431E-08
                5.802E-08  8.472E-09  2.053E-07  5.657E-07  8.230E-08  2.757E-08
                6.119E-07  2.720E-06  2.988E-11  1.895E-10  4.046E-10  3.612E-10
                4.847E-11  1.799E-08  1.206E-07  2.479E-07  7.894E-08  2.352E-08
                2.419E-07  6.926E-07  2.216E-07  1.244E-06  5.167E-09  2.855E-08
                5.951E-08  1.266E-07  5.700E-08  1.530E-08  2.532E-08  6.769E-08
                9.512E-09  1.555E-07  7.067E-07  1.912E-07  4.347E-07  5.633E-09
                5.220E-06  1.868E-07  1.203E-07  9.422E-08  5.555E-09  3.417E-08
                8.865E-08  8.956E-08  1.513E-06  9.581E-08  1.117E-07  5.290E-07
                7.835E-08  2.795E-08  5.235E-07  3.264E-06  1.504E-07  3.990E-07
                3.393E-07  8.183E-09  1.963E-08  3.637E-08  3.854E-08  5.545E-09
                1.661E-08  4.072E-08  9.745E-08  4.550E-08  7.524E-09  5.445E-08
                2.568E-07  1.121E-06  1.816E-08  3.675E-08  1.288E-07  2.500E-07
                4.914E-08  1.200E-06  5.190E-07  5.936E-08  8.619E-08  1.217E-08
                7.250E-07  6.975E-08  1.232E-08  1.115E-07  4.736E-08  3.337E-08
                1.512E-07  1.268E-07  3.648E-07  1.919E-06  2.565E-08  3.399E-08
                1.609E-08  5.178E-09  3.833E-08  2.153E-08  3.646E-08  1.863E-07
                7.658E-08  2.452E-08  1.058E-07  3.345E-07  9.228E-07  5.345E-08
                8.446E-08  4.857E-08  3.659E-08  5.892E-08  8.876E-08  2.325E-08
                2.118E-08  2.905E-08  8.256E-07  8.338E-08  2.181E-07  2.839E-06
                2.496E-08  8.349E-09  4.511E-08  1.358E-07  3.273E-07  3.762E-08
                5.365E-08  6.865E-08  5.785E-09  2.258E-08  1.554E-08  1.097E-08
                4.364E-07  1.314E-07  2.000E-07  1.140E-07  7.633E-07  4.754E-09
                1.007E-08  6.904E-08  9.309E-09  7.911E-07  7.050E-08
