          16           7
         215          13           1           1
           0          -4           0          -4           0          -6           0          -2           0          -4           0           6           0           4           0           2           0           4           0           6           0           2           0           4           0           2           0          -4           0          -2           0           2           0           4           0           6           0           2           0           4           0           6           0           4           0          -2           0          -2           0          -4           0          -6           0          -8           0          -2           0          -4           0          -6           0          -4           0           2           0          -4           0          -6           0          -2           0          -4           0          -6           0          -6           0          -8           0          -4           0          -6           0          -2           0          -4           0           4           0           6           0           8           0          10           0           4           0          -4           0           2           0           6           0           4           0           8           0           2           0          -4           0          -2           0           6           0           6           0           4           0           2           0           8           0           4           0           6           0           8           0           4           0           6           0           8           0          10           0           4           0           6           0           8           0           6           0           4           0           2           0           6           0           2           0           4           0           2           0          -4           0          -2           0          -6           0          -8           0           6           0           4           0          -4           0          -6           0          -2           0          -4           0          -6           0          -8           0         -10           0          -2           0          -4           0          -6           0          -4           0          -2           0          -6           0          -8           0          -2           0          -4           0           2           0           4           0           6           0           8           0           4           0           4           0           6           0           8           0           2           0          10           0           8           0           6           0           4           0           2           0           6           0           6           0           4           0           4           0           2           0           4           0           6           0           8           0          -4           0           2           0           4           0          -6           0          -4           0           2           0           4           0           6           0           4           0           6           0          -2           0          -4           0          -6           0          -8           0         -10           0          -6           0          -8           0         -10           0         -12           0           2           0          -2           0          -4           0          -6           0          -8           0          -2           0          -8           0         -10           0          -4           0          -2           0          -6           0          -4           0          -2           0          -4           0          -2           0          -4           0          -6           0          -4           0          -8           0          -6           0           2           0           4           0           2           0           4           0           6           0         -10           0          -8           0          -6           0          -4           0           6           0          -2           0          -4           0           8           0          -6           0          -2           0          -4           0          -6           0          -8           0           4           0           6           0          -4           0          -6           0          -6           0          -8           0          -2           0           2           0          -4           0           4           0           6           0           4           0           4           0           2           0           2           0          -4           0          -6           0          -8           0          -2           0          -4           0          -6           0          -8           0         -10           0          -8           0          -6           0          -4           0          -2           0          -2           0          -4           0          -6           0          -6           0          -8           0          -4           0          -2           0          -6           0          -4
    0.000000E+00    9.645106E-03    9.843162E-03    1.435602E-02    1.458263E-02
    4.247197E-02    4.320385E-02    4.360158E-02    5.944295E-02    5.948713E-02
    6.922989E-02    7.316769E-02    7.411300E-02    1.134727E-01    1.147319E-01
    2.354040E-01    2.358931E-01    2.366026E-01    2.382857E-01    2.391328E-01
    2.438023E-01    2.438287E-01    2.461520E-01    2.471700E-01    2.474363E-01
    2.479076E-01    2.485433E-01    2.486026E-01    2.487216E-01    2.491410E-01
    2.502551E-01    2.507374E-01    2.510783E-01    2.511300E-01    2.524691E-01
    2.524772E-01    2.554279E-01    2.561102E-01    2.563381E-01    2.591442E-01
    2.591854E-01    2.609226E-01    2.615363E-01    2.619649E-01    2.622131E-01
    2.625883E-01    2.631076E-01    2.632646E-01    2.633261E-01    2.634365E-01
    2.637297E-01    2.638533E-01    2.640096E-01    2.643758E-01    2.644930E-01
    2.645338E-01    2.648466E-01    2.652759E-01    2.655531E-01    2.656939E-01
    2.657640E-01    2.676748E-01    2.677713E-01    2.679166E-01    2.688115E-01
    2.690337E-01    2.711118E-01    2.712141E-01    2.720014E-01    2.721113E-01
    2.724223E-01    2.724984E-01    2.725578E-01    2.726085E-01    2.727219E-01
    2.737570E-01    2.740430E-01    2.746587E-01    2.763855E-01    2.763956E-01
    2.763957E-01    2.764682E-01    2.789238E-01    2.791446E-01    2.808157E-01
    2.808428E-01    2.816082E-01    2.816156E-01    2.816277E-01    2.816445E-01
    2.816660E-01    2.832213E-01    2.832636E-01    2.833497E-01    2.872720E-01
    2.872722E-01    2.872783E-01    2.873017E-01    2.873787E-01    2.874354E-01
    2.875828E-01    2.876419E-01    2.877951E-01    2.879672E-01    2.884374E-01
    2.885530E-01    2.886000E-01    2.886971E-01    2.887362E-01    2.888178E-01
    2.901974E-01    2.902310E-01    2.934227E-01    2.936053E-01    2.936679E-01
    2.948139E-01    2.948751E-01    2.949134E-01    2.954910E-01    2.955387E-01
    2.955818E-01    2.956302E-01    2.974080E-01    2.974265E-01    2.978254E-01
    2.979930E-01    2.980044E-01    2.981863E-01    2.981951E-01    2.982014E-01
    2.986863E-01    2.989406E-01    2.997979E-01    3.013547E-01    3.014398E-01
    3.015665E-01    3.017420E-01    3.025165E-01    3.025355E-01    3.025686E-01
    3.026262E-01    3.032771E-01    3.036433E-01    3.036673E-01    3.036996E-01
    3.037196E-01    3.041292E-01    3.046134E-01    3.046301E-01    3.048276E-01
    3.048611E-01    3.049614E-01    3.051740E-01    3.052844E-01    3.060373E-01
    3.062721E-01    3.065126E-01    3.067251E-01    3.072820E-01    3.083217E-01
    3.083847E-01    3.085481E-01    3.086063E-01    3.093086E-01    3.093690E-01
    3.093750E-01    3.093804E-01    3.094500E-01    3.095030E-01    3.095365E-01
    3.096086E-01    3.096683E-01    3.098305E-01    3.098337E-01    3.100372E-01
    3.110986E-01    3.111053E-01    3.111248E-01    3.111449E-01    3.124031E-01
    3.124222E-01    3.126400E-01    3.132139E-01    3.132929E-01    3.134326E-01
    3.163175E-01    3.165548E-01    3.167011E-01    3.167161E-01    3.173537E-01
    3.174815E-01    3.194473E-01    3.198310E-01    3.206567E-01    3.235572E-01
    3.235827E-01    3.236877E-01    3.236885E-01    3.238034E-01    3.239013E-01
    3.239634E-01    3.240075E-01    3.245628E-01    3.245933E-01    3.263728E-01
    3.264517E-01    3.271738E-01    3.284075E-01    3.287843E-01    3.314323E-01
    3.314556E-01    3.324856E-01    3.325179E-01    3.327131E-01    3.333147E-01
           0           4           0           1
  -28.010499495533246               13
3.14124995E+01  2.521E-01  8.651E-02  2.838E-01  2.380E-02  1.194E-01
4.50204995E+01  9.892E-02  2.715E-02  1.052E-01  9.287E-03  4.401E-02  7.930E-02
                9.244E-03  4.853E-05  5.946E-04  9.112E-04  8.919E-05  3.190E-02
                7.690E-05  2.065E-03  3.189E-04
5.86284995E+01  4.651E-02  1.497E-02  4.887E-02  4.161E-03  2.037E-02  4.698E-02
                5.508E-03  2.203E-05  4.572E-04  2.629E-04  3.271E-05  2.192E-02
                3.163E-05  1.097E-03  1.592E-04  1.090E-05  1.720E-05  1.567E-05
                1.180E-05  1.834E-05  1.035E-05  5.924E-07  1.921E-05  2.677E-06
                6.321E-06  7.748E-06  6.397E-06  1.181E-05  3.299E-05  3.406E-05
                1.302E-05  1.996E-06  1.227E-04  3.288E-05  3.277E-06  2.330E-05
                8.494E-09  2.198E-06  1.351E-05  3.739E-05  1.088E-04  5.972E-06
                4.314E-05  6.654E-07  1.404E-06  2.591E-06  6.132E-06  1.168E-05
                1.330E-04  8.325E-07  8.564E-06  5.099E-06  1.569E-06  1.033E-06
                2.365E-05  7.719E-06  3.464E-06  7.083E-05  4.291E-05  2.159E-05
                1.364E-05  1.874E-08  2.952E-08  2.720E-09  4.000E-06  3.545E-05
                8.660E-07  7.197E-08  5.928E-06  1.902E-05  3.892E-05  1.895E-05
                8.560E-06  4.059E-06  1.464E-06  3.478E-06  1.033E-05  4.950E-06
                2.307E-06  3.746E-07  7.966E-06  2.223E-05  1.243E-05  2.270E-06
                2.306E-05  1.041E-04  1.171E-09  5.946E-09  1.356E-08  1.591E-08
                5.160E-09  7.289E-07  4.352E-06  8.238E-06  1.222E-06  4.628E-07
                3.088E-06  8.121E-06  8.199E-06  4.582E-05  1.629E-07  1.028E-06
                1.585E-06  3.144E-06  3.615E-06  8.474E-07  7.706E-07  2.106E-06
                4.097E-07  4.700E-06  2.696E-05  6.945E-06  1.240E-05  1.705E-07
                1.454E-04  4.166E-06  3.246E-06  2.282E-06  1.142E-07  9.173E-07
                2.259E-06  2.053E-06  6.012E-05  2.670E-06  2.857E-06  1.796E-05
                2.907E-06  1.233E-06  1.286E-05  7.673E-05  5.157E-06  1.348E-05
                1.170E-05  8.219E-07  2.055E-06  3.978E-06  6.109E-06  4.761E-07
                1.770E-06  4.582E-06  1.081E-05  1.604E-06  4.870E-07  2.161E-06
                8.241E-06  2.992E-05  1.356E-06  4.917E-06  1.915E-05  8.044E-06
                1.670E-06  3.377E-05  1.484E-05  1.970E-06  3.459E-06  9.365E-07
                1.632E-05  6.111E-06  1.567E-06  9.218E-06  3.983E-06  9.606E-07
                4.624E-06  5.535E-06  1.225E-05  5.300E-05  3.906E-06  2.697E-06
                1.296E-06  4.426E-07  1.334E-06  9.849E-07  1.811E-06  5.367E-06
                3.000E-06  1.560E-06  3.983E-06  9.566E-06  2.508E-05  1.364E-06
                1.818E-06  4.112E-06  3.867E-06  5.509E-06  8.998E-06  1.823E-06
                4.233E-07  1.920E-06  1.544E-05  2.977E-06  4.113E-06  4.753E-05
                5.722E-07  3.783E-07  7.516E-06  1.577E-05  2.933E-05  6.901E-06
                8.524E-06  8.597E-06  8.121E-07  1.686E-06  1.355E-06  8.054E-07
                4.399E-06  1.457E-06  2.437E-06  4.139E-06  1.724E-05  2.937E-07
                6.218E-07  1.043E-06  2.635E-07  1.256E-05  1.790E-06
7.22364995E+01  2.514E-02  8.062E-03  2.632E-02  2.236E-03  1.096E-02  3.178E-02
                3.723E-03  1.185E-05  3.056E-04  1.569E-04  1.619E-05  1.532E-02
                1.714E-05  6.206E-04  8.995E-05  5.711E-06  9.248E-06  8.816E-06
                6.750E-06  1.134E-05  7.671E-06  4.288E-07  8.510E-06  1.463E-06
                3.360E-06  4.000E-06  2.815E-06  6.487E-06  1.696E-05  1.809E-05
                6.577E-06  1.473E-06  5.059E-05  1.581E-05  1.807E-06  1.161E-05
                6.086E-09  1.028E-06  6.132E-06  1.736E-05  5.064E-05  2.770E-06
                2.060E-05  2.977E-07  5.861E-07  1.029E-06  2.443E-06  5.174E-06
                7.441E-05  3.395E-07  3.300E-06  2.210E-06  6.251E-07  4.038E-07
                1.106E-05  3.609E-06  1.618E-06  2.804E-05  1.916E-05  1.062E-05
                6.563E-06  1.069E-08  1.782E-08  1.801E-09  1.351E-06  1.135E-05
                5.235E-07  1.384E-07  3.363E-06  1.115E-05  2.149E-05  1.386E-05
                5.363E-06  2.355E-06  6.388E-07  1.555E-06  3.734E-06  1.653E-06
                1.464E-06  2.078E-07  5.326E-06  1.482E-05  4.775E-06  1.068E-06
                1.405E-05  6.285E-05  5.787E-10  3.281E-09  7.649E-09  8.752E-09
                2.461E-09  4.975E-07  2.932E-06  5.945E-06  7.062E-07  2.022E-07
                2.178E-06  6.220E-06  4.952E-06  2.802E-05  7.314E-08  3.883E-07
                8.737E-07  1.827E-06  5.842E-07  1.866E-07  4.579E-07  1.183E-06
                1.899E-07  2.448E-06  1.607E-05  4.158E-06  7.150E-06  1.116E-07
                8.549E-05  2.506E-06  1.994E-06  1.295E-06  7.365E-08  5.879E-07
                1.418E-06  1.301E-06  3.630E-05  1.533E-06  1.630E-06  1.240E-05
                1.853E-06  6.201E-07  7.615E-06  4.628E-05  3.184E-06  8.259E-06
                7.970E-06  3.935E-07  9.679E-07  1.837E-06  2.659E-06  2.310E-07
                8.453E-07  2.191E-06  5.208E-06  9.230E-07  2.299E-07  1.093E-06
                4.333E-06  1.654E-05  6.869E-07  1.714E-06  6.846E-06  5.627E-06
                1.098E-06  1.852E-05  8.148E-06  1.021E-06  1.811E-06  4.664E-07
                9.936E-06  2.801E-06  7.020E-07  4.908E-06  1.764E-06  4.674E-07
                1.955E-06  3.180E-06  7.146E-06  2.885E-05  1.647E-06  1.232E-06
                5.970E-07  2.110E-07  7.602E-07  4.390E-07  7.921E-07  3.022E-06
                1.420E-06  7.623E-07  2.107E-06  5.329E-06  1.404E-05  7.912E-07
                9.534E-07  1.810E-06  1.722E-06  2.248E-06  3.589E-06  1.007E-06
                1.609E-07  1.039E-06  1.013E-05  1.481E-06  2.729E-06  3.328E-05
                2.970E-07  1.621E-07  3.104E-06  6.737E-06  1.290E-05  2.790E-06
                3.613E-06  3.704E-06  2.393E-07  3.893E-07  7.133E-07  3.675E-07
                4.092E-06  1.319E-06  2.241E-06  2.176E-06  9.882E-06  1.515E-07
                2.790E-07  7.581E-07  1.941E-07  8.645E-06  9.628E-07
8.58444995E+01  1.482E-02  4.742E-03  1.549E-02  1.312E-03  6.437E-03  2.245E-02
                2.629E-03  7.050E-06  2.144E-04  1.010E-04  8.921E-06  1.110E-02
                1.001E-05  3.774E-04  5.468E-05  3.272E-06  5.387E-06  5.346E-06
                4.042E-06  7.165E-06  5.223E-06  2.955E-07  4.751E-06  1.042E-06
                2.278E-06  2.667E-06  1.737E-06  3.893E-06  9.854E-06  1.071E-05
                3.946E-06  9.953E-07  2.457E-05  8.746E-06  1.090E-06  6.572E-06
                4.059E-09  5.548E-07  3.231E-06  9.169E-06  2.667E-05  1.459E-06
                1.113E-05  1.740E-07  3.052E-07  4.960E-07  1.154E-06  3.944E-06
                4.461E-05  1.792E-07  1.824E-06  1.547E-06  3.261E-07  2.027E-07
                5.878E-06  1.927E-06  9.630E-07  1.637E-05  1.059E-05  5.983E-06
                3.638E-06  6.934E-09  1.248E-08  1.265E-09  6.212E-07  4.914E-06
                3.405E-07  1.613E-07  2.083E-06  6.972E-06  1.298E-05  1.036E-05
                3.962E-06  1.702E-06  3.386E-07  8.691E-07  1.831E-06  7.220E-07
                9.869E-07  1.323E-07  3.656E-06  1.014E-05  2.400E-06  6.071E-07
                8.911E-06  3.980E-05  3.482E-10  2.081E-09  4.842E-09  5.366E-09
                1.325E-09  3.438E-07  2.034E-06  4.182E-06  4.813E-07  1.182E-07
                1.607E-06  4.716E-06  3.152E-06  1.786E-05  5.009E-08  2.419E-07
                6.214E-07  1.308E-06  1.644E-07  8.223E-08  3.198E-07  8.192E-07
                1.188E-07  1.675E-06  1.105E-05  2.863E-06  4.544E-06  7.384E-08
                5.463E-05  1.819E-06  1.363E-06  8.985E-07  5.659E-08  4.321E-07
                1.028E-06  9.882E-07  2.308E-05  1.100E-06  1.168E-06  8.147E-06
                1.186E-06  4.132E-07  4.992E-06  3.023E-05  2.214E-06  5.756E-06
                5.382E-06  2.053E-07  5.010E-07  9.439E-07  1.315E-06  1.204E-07
                4.269E-07  1.099E-06  2.611E-06  6.090E-07  1.282E-07  6.543E-07
                2.693E-06  1.064E-05  3.852E-07  6.922E-07  2.785E-06  3.713E-06
                7.096E-07  1.176E-05  5.170E-06  6.284E-07  1.062E-06  2.624E-07
                6.698E-06  1.493E-06  3.664E-07  2.859E-06  9.349E-07  3.078E-07
                1.146E-06  2.102E-06  4.705E-06  1.780E-05  8.373E-07  6.666E-07
                3.213E-07  1.147E-07  4.925E-07  2.515E-07  4.429E-07  1.980E-06
                8.360E-07  4.262E-07  1.277E-06  3.398E-06  9.026E-06  5.038E-07
                6.431E-07  9.432E-07  9.057E-07  1.119E-06  1.741E-06  6.010E-07
                9.264E-08  6.185E-07  7.002E-06  9.016E-07  1.891E-06  2.391E-05
                2.153E-07  1.009E-07  1.417E-06  3.319E-06  6.701E-06  1.216E-06
                1.653E-06  1.803E-06  8.341E-08  1.165E-07  4.096E-07  1.996E-07
                3.149E-06  1.004E-06  1.701E-06  1.322E-06  6.622E-06  8.900E-08
                1.622E-07  5.534E-07  1.302E-07  6.192E-06  6.117E-07
9.94524995E+01  9.335E-03  2.987E-03  9.762E-03  8.267E-04  4.059E-03  1.664E-02
                1.948E-03  4.170E-06  1.577E-04  6.852E-05  5.093E-06  8.382E-03
                6.183E-06  2.502E-04  3.626E-05  1.916E-06  3.192E-06  3.316E-06
                2.404E-06  4.514E-06  3.365E-06  1.966E-07  2.902E-06  8.635E-07
                1.773E-06  2.037E-06  1.302E-06  2.380E-06  5.974E-06  6.539E-06
                2.633E-06  6.400E-07  1.333E-05  5.250E-06  6.792E-07  3.975E-06
                2.638E-09  3.201E-07  1.823E-06  5.322E-06  1.533E-05  8.417E-07
                6.570E-06  1.335E-07  2.012E-07  2.895E-07  6.192E-07  3.300E-06
                2.860E-05  1.011E-07  1.168E-06  1.218E-06  1.841E-07  1.155E-07
                3.404E-06  1.112E-06  6.306E-07  1.102E-05  6.251E-06  3.466E-06
                2.113E-06  4.501E-09  9.025E-09  8.805E-10  3.434E-07  2.504E-06
                2.187E-07  1.479E-07  1.296E-06  4.339E-06  7.869E-06  7.695E-06
                2.896E-06  1.222E-06  1.927E-07  5.065E-07  1.018E-06  3.684E-07
                6.639E-07  8.810E-08  2.464E-06  6.819E-06  1.340E-06  3.637E-07
                5.948E-06  2.659E-05  2.351E-10  1.435E-09  3.289E-09  3.503E-09
                7.914E-10  2.302E-07  1.384E-06  2.860E-06  3.571E-07  8.210E-08
                1.233E-06  3.665E-06  2.117E-06  1.200E-05  3.721E-08  1.740E-07
                4.603E-07  9.695E-07  9.302E-08  5.336E-08  2.249E-07  5.807E-07
                8.184E-08  1.196E-06  7.565E-06  1.966E-06  3.175E-06  4.891E-08
                3.825E-05  1.333E-06  9.794E-07  6.592E-07  4.270E-08  3.161E-07
                7.535E-07  7.492E-07  1.549E-05  8.103E-07  8.626E-07  5.459E-06
                7.916E-07  2.991E-07  3.578E-06  2.160E-05  1.546E-06  4.031E-06
                3.646E-06  1.184E-07  2.873E-07  5.389E-07  7.238E-07  7.069E-08
                2.389E-07  6.071E-07  1.439E-06  4.117E-07  7.956E-08  4.342E-07
                1.846E-06  7.476E-06  2.340E-07  3.190E-07  1.275E-06  2.492E-06
                4.772E-07  8.180E-06  3.590E-06  4.276E-07  6.849E-07  1.595E-07
                4.832E-06  8.824E-07  2.123E-07  1.723E-06  5.457E-07  2.184E-07
                7.904E-07  1.402E-06  3.218E-06  1.226E-05  4.799E-07  4.044E-07
                1.940E-07  6.939E-08  3.293E-07  1.655E-07  2.853E-07  1.349E-06
                5.575E-07  2.622E-07  8.454E-07  2.352E-06  6.306E-06  3.548E-07
                4.930E-07  5.411E-07  5.300E-07  6.314E-07  9.666E-07  3.698E-07
                6.701E-08  3.855E-07  5.185E-06  5.936E-07  1.393E-06  1.808E-05
                1.699E-07  7.109E-08  7.189E-07  1.841E-06  3.933E-06  5.828E-07
                8.321E-07  9.793E-07  3.387E-08  4.973E-08  2.473E-07  1.176E-07
                2.396E-06  7.583E-07  1.285E-06  8.989E-07  4.809E-06  5.363E-08
                9.742E-08  4.090E-07  8.598E-08  4.616E-06  4.349E-07
1.13060499E+02  6.202E-03  1.986E-03  6.489E-03  5.495E-04  2.698E-03  1.247E-02
                1.459E-03  2.968E-06  1.179E-04  4.908E-05  3.180E-06  6.347E-03
                3.996E-06  1.659E-04  2.402E-05  1.097E-06  1.867E-06  2.103E-06
                1.424E-06  2.950E-06  2.272E-06  1.362E-07  2.058E-06  6.373E-07
                1.291E-06  1.490E-06  9.725E-07  1.520E-06  3.869E-06  4.238E-06
                1.768E-06  4.303E-07  8.368E-06  3.377E-06  4.456E-07  2.608E-06
                1.728E-09  1.969E-07  1.105E-06  3.410E-06  9.709E-06  5.359E-07
                4.236E-06  1.099E-07  1.493E-07  1.933E-07  3.697E-07  2.761E-06
                1.937E-05  6.142E-08  8.194E-07  9.846E-07  1.080E-07  7.747E-08
                2.148E-06  6.981E-07  4.452E-07  8.054E-06  4.032E-06  2.173E-06
                1.324E-06  3.227E-09  7.092E-09  6.048E-10  2.220E-07  1.476E-06
                1.504E-07  1.166E-07  8.660E-07  2.910E-06  5.197E-06  5.787E-06
                2.200E-06  9.271E-07  1.240E-07  3.419E-07  6.557E-07  2.159E-07
                4.818E-07  6.408E-08  1.784E-06  4.929E-06  8.465E-07  2.410E-07
                4.169E-06  1.868E-05  1.702E-10  1.055E-09  2.393E-09  2.470E-09
                5.069E-10  1.654E-07  1.013E-06  2.077E-06  2.843E-07  6.581E-08
                9.849E-07  2.942E-06  1.501E-06  8.455E-06  2.889E-08  1.336E-07
                3.533E-07  7.483E-07  7.309E-08  4.252E-08  1.693E-07  4.366E-07
                5.767E-08  9.037E-07  5.615E-06  1.466E-06  2.271E-06  3.654E-08
                2.727E-05  9.962E-07  7.233E-07  5.034E-07  3.248E-08  2.362E-07
                5.645E-07  5.755E-07  1.090E-05  6.291E-07  6.696E-07  3.758E-06
                5.461E-07  2.205E-07  2.596E-06  1.563E-05  1.156E-06  3.036E-06
                2.643E-06  7.618E-08  1.840E-07  3.436E-07  4.445E-07  4.600E-08
                1.505E-07  3.789E-07  8.980E-07  2.865E-07  5.309E-08  3.092E-07
                1.355E-06  5.609E-06  1.552E-07  1.805E-07  7.098E-07  1.724E-06
                3.315E-07  6.142E-06  2.687E-06  3.168E-07  4.758E-07  1.031E-07
                3.644E-06  5.716E-07  1.317E-07  1.116E-06  3.568E-07  1.694E-07
                5.955E-07  1.047E-06  2.373E-06  8.757E-06  3.045E-07  2.725E-07
                1.311E-07  4.665E-08  2.508E-07  1.188E-07  2.032E-07  1.058E-06
                4.071E-07  1.816E-07  6.152E-07  1.754E-06  4.723E-06  2.549E-07
                3.786E-07  3.577E-07  3.384E-07  4.169E-07  6.243E-07  2.400E-07
                5.649E-08  2.563E-07  3.817E-06  4.517E-07  1.021E-06  1.344E-05
                1.355E-07  5.340E-08  4.272E-07  1.161E-06  2.564E-06  3.370E-07
                4.956E-07  6.102E-07  1.916E-08  3.593E-08  1.542E-07  7.327E-08
                1.891E-06  5.946E-07  9.904E-07  6.554E-07  3.665E-06  3.531E-08
                6.504E-08  3.134E-07  5.983E-08  3.586E-06  3.343E-07
1.26668499E+02  4.252E-03  1.364E-03  4.458E-03  3.777E-04  1.856E-03  9.835E-03
                1.151E-03  1.815E-06  9.262E-05  3.610E-05  2.005E-06  5.090E-03
                2.689E-06  1.216E-04  1.763E-05  7.266E-07  1.242E-06  1.493E-06
                9.186E-07  2.024E-06  1.470E-06  9.373E-08  1.403E-06  6.283E-07
                1.196E-06  1.350E-06  9.004E-07  9.586E-07  2.485E-06  2.724E-06
                1.403E-06  2.768E-07  5.253E-06  2.308E-06  2.883E-07  1.698E-06
                1.149E-09  1.247E-07  6.843E-07  2.235E-06  6.261E-06  3.444E-07
                2.766E-06  9.505E-08  1.206E-07  1.423E-07  2.368E-07  2.303E-06
                1.334E-05  3.717E-08  6.046E-07  8.045E-07  6.632E-08  4.980E-08
                1.378E-06  4.426E-07  3.236E-07  6.108E-06  2.699E-06  1.409E-06
                8.549E-07  2.377E-09  5.589E-09  4.286E-10  1.529E-07  9.124E-07
                1.042E-07  9.127E-08  5.962E-07  1.992E-06  3.470E-06  4.351E-06
                1.669E-06  7.098E-07  7.858E-08  2.204E-07  4.240E-07  1.321E-07
                3.258E-07  4.460E-08  1.198E-06  3.301E-06  5.468E-07  1.610E-07
                2.907E-06  1.300E-05  1.258E-10  7.847E-10  1.749E-09  1.744E-09
                3.633E-10  1.099E-07  6.757E-07  1.403E-06  2.230E-07  4.979E-08
                7.860E-07  2.360E-06  1.042E-06  5.903E-06  2.133E-08  9.979E-08
                2.615E-07  5.531E-07  6.305E-08  3.097E-08  1.198E-07  3.130E-07
                4.260E-08  6.577E-07  3.981E-06  1.045E-06  1.722E-06  2.590E-08
                2.071E-05  7.222E-07  5.384E-07  3.775E-07  2.452E-08  1.718E-07
                4.141E-07  4.250E-07  7.467E-06  4.642E-07  4.977E-07  2.681E-06
                3.850E-07  1.619E-07  2.000E-06  1.208E-05  8.201E-07  2.155E-06
                1.774E-06  5.515E-08  1.318E-07  2.435E-07  3.037E-07  3.373E-08
                1.080E-07  2.704E-07  6.422E-07  1.987E-07  3.724E-08  2.265E-07
                1.012E-06  4.247E-06  1.056E-07  1.303E-07  5.070E-07  1.237E-06
                2.363E-07  4.624E-06  2.018E-06  2.363E-07  3.413E-07  6.895E-08
                2.734E-06  3.839E-07  8.486E-08  7.440E-07  2.436E-07  1.258E-07
                4.529E-07  7.069E-07  1.690E-06  6.732E-06  2.064E-07  1.947E-07
                9.474E-08  3.358E-08  1.755E-07  8.767E-08  1.490E-07  7.592E-07
                3.017E-07  1.333E-07  4.615E-07  1.326E-06  3.558E-06  1.985E-07
                3.012E-07  2.530E-07  2.266E-07  2.922E-07  4.313E-07  1.607E-07
                4.868E-08  1.752E-07  3.031E-06  3.203E-07  8.024E-07  1.071E-05
                1.031E-07  3.858E-08  2.827E-07  7.828E-07  1.760E-06  2.239E-07
                3.310E-07  4.104E-07  1.281E-08  2.688E-08  1.031E-07  5.135E-08
                1.478E-06  4.616E-07  7.616E-07  4.898E-07  2.831E-06  2.380E-08
                4.440E-08  2.413E-07  4.244E-08  2.801E-06  2.590E-07
1.40276499E+02  3.052E-03  9.782E-04  3.196E-03  2.707E-04  1.330E-03  7.600E-03
                8.892E-04  1.482E-06  7.159E-05  2.746E-05  1.362E-06  3.955E-03
                1.839E-06  8.408E-05  1.217E-05  4.371E-07  7.677E-07  1.055E-06
                5.617E-07  1.436E-06  1.037E-06  6.955E-08  1.070E-06  4.152E-07
                7.997E-07  9.156E-07  6.383E-07  6.292E-07  1.690E-06  1.833E-06
                9.363E-07  1.947E-07  3.922E-06  1.597E-06  1.971E-07  1.211E-06
                7.587E-10  8.148E-08  4.463E-07  1.618E-06  4.493E-06  2.481E-07
                2.005E-06  8.975E-08  1.094E-07  1.212E-07  1.733E-07  1.977E-06
                9.864E-06  2.558E-08  4.695E-07  6.819E-07  4.393E-08  4.014E-08
                9.771E-07  3.078E-07  2.537E-07  4.835E-06  1.899E-06  9.472E-07
                5.838E-07  1.731E-09  4.553E-09  2.963E-10  1.160E-07  6.160E-07
                7.565E-08  6.906E-08  4.250E-07  1.426E-06  2.461E-06  3.329E-06
                1.245E-06  5.160E-07  5.756E-08  1.608E-07  3.035E-07  8.735E-08
                2.408E-07  3.302E-08  8.787E-07  2.423E-06  3.813E-07  1.155E-07
                2.205E-06  9.876E-06  9.541E-11  5.996E-10  1.328E-09  1.296E-09
                2.393E-10  8.014E-08  5.073E-07  1.041E-06  1.852E-07  4.453E-08
                6.354E-07  1.896E-06  8.005E-07  4.504E-06  1.664E-08  7.832E-08
                2.004E-07  4.269E-07  5.978E-08  2.640E-08  8.972E-08  2.351E-07
                3.100E-08  5.013E-07  2.841E-06  7.498E-07  1.316E-06  2.000E-08
                1.579E-05  5.644E-07  4.053E-07  2.924E-07  1.845E-08  1.267E-07
                3.104E-07  3.213E-07  5.647E-06  3.461E-07  3.728E-07  1.957E-06
                2.849E-07  1.168E-07  1.534E-06  9.321E-06  5.951E-07  1.571E-06
                1.340E-06  3.677E-08  8.805E-08  1.629E-07  1.966E-07  2.326E-08
                7.230E-08  1.795E-07  4.260E-07  1.487E-07  2.692E-08  1.718E-07
                7.817E-07  3.322E-06  7.575E-08  8.825E-08  3.333E-07  9.079E-07
                1.759E-07  3.625E-06  1.579E-06  1.836E-07  2.577E-07  4.810E-08
                2.157E-06  2.741E-07  5.765E-08  5.017E-07  1.710E-07  9.933E-08
                3.647E-07  5.241E-07  1.271E-06  5.178E-06  1.361E-07  1.367E-07
                6.603E-08  2.309E-08  1.336E-07  6.714E-08  1.139E-07  5.928E-07
                2.343E-07  9.449E-08  3.468E-07  1.026E-06  2.782E-06  1.512E-07
                2.377E-07  1.745E-07  1.552E-07  2.052E-07  3.013E-07  1.085E-07
                4.273E-08  1.218E-07  2.318E-06  2.521E-07  6.140E-07  8.174E-06
                8.166E-08  2.957E-08  1.857E-07  5.396E-07  1.247E-06  1.442E-07
                2.169E-07  2.790E-07  1.027E-08  3.000E-08  6.947E-08  3.614E-08
                1.190E-06  3.691E-07  5.988E-07  3.723E-07  2.221E-06  1.686E-08
                3.176E-08  1.911E-07  3.099E-08  2.226E-06  2.042E-07
1.53884499E+02  2.233E-03  7.195E-04  2.349E-03  2.001E-04  9.837E-04  6.352E-03
                7.430E-04  9.169E-07  5.951E-05  2.152E-05  9.060E-07  3.334E-03
                1.325E-06  6.746E-05  9.781E-06  3.305E-07  5.765E-07  8.458E-07
                3.952E-07  1.069E-06  6.738E-07  4.999E-08  7.416E-07  4.596E-07
                8.358E-07  9.308E-07  6.530E-07  4.017E-07  1.113E-06  1.208E-06
                8.520E-07  1.255E-07  2.651E-06  1.205E-06  1.292E-07  8.121E-07
                5.003E-10  5.497E-08  2.919E-07  1.156E-06  3.168E-06  1.715E-07
                1.392E-06  7.731E-08  9.188E-08  9.729E-08  1.240E-07  1.666E-06
                7.102E-06  1.678E-08  3.716E-07  5.706E-07  3.013E-08  2.782E-08
                6.741E-07  2.079E-07  1.922E-07  3.871E-06  1.347E-06  6.398E-07
                3.937E-07  1.351E-09  3.701E-09  2.151E-10  8.955E-08  4.307E-07
                5.331E-08  5.179E-08  3.013E-07  1.002E-06  1.694E-06  2.586E-06
                9.684E-07  4.083E-07  3.868E-08  1.085E-07  2.125E-07  5.989E-08
                1.603E-07  2.332E-08  5.776E-07  1.585E-06  2.642E-07  8.062E-08
                1.570E-06  6.990E-06  7.424E-11  4.649E-10  1.005E-09  9.421E-10
                1.877E-10  5.186E-08  3.272E-07  6.911E-07  1.462E-07  3.252E-08
                5.189E-07  1.563E-06  5.626E-07  3.204E-06  1.218E-08  5.880E-08
                1.471E-07  3.116E-07  5.522E-08  2.056E-08  6.313E-08  1.672E-07
                2.303E-08  3.626E-07  2.037E-06  5.423E-07  1.066E-06  1.511E-08
                1.286E-05  4.092E-07  3.148E-07  2.231E-07  1.387E-08  9.217E-08
                2.291E-07  2.337E-07  3.870E-06  2.541E-07  2.780E-07  1.450E-06
                2.063E-07  8.649E-08  1.256E-06  7.692E-06  4.277E-07  1.126E-06
                8.730E-07  2.920E-08  6.921E-08  1.267E-07  1.487E-07  1.830E-08
                5.738E-08  1.431E-07  3.413E-07  1.044E-07  2.058E-08  1.334E-07
                6.109E-07  2.614E-06  5.782E-08  7.057E-08  2.693E-07  6.788E-07
                1.294E-07  2.829E-06  1.229E-06  1.426E-07  2.008E-07  3.476E-08
                1.659E-06  2.035E-07  3.979E-08  3.531E-07  1.219E-07  7.356E-08
                2.854E-07  3.464E-07  9.251E-07  4.262E-06  9.955E-08  1.043E-07
                5.103E-08  1.782E-08  9.472E-08  5.213E-08  8.827E-08  4.330E-07
                1.813E-07  7.383E-08  2.727E-07  8.059E-07  2.171E-06  1.256E-07
                1.907E-07  1.311E-07  1.098E-07  1.507E-07  2.180E-07  7.744E-08
                3.701E-08  8.930E-08  1.956E-06  1.813E-07  5.106E-07  6.892E-06
                6.068E-08  2.129E-08  1.384E-07  3.944E-07  9.159E-07  1.104E-07
                1.647E-07  2.062E-07  7.460E-09  2.125E-08  4.904E-08  2.772E-08
                9.571E-07  2.952E-07  4.752E-07  2.898E-07  1.774E-06  1.226E-08
                2.308E-08  1.528E-07  2.359E-08  1.795E-06  1.622E-07
1.67492499E+02  1.637E-03  5.244E-04  1.714E-03  1.450E-04  7.139E-04  4.965E-03
                5.808E-04  7.431E-07  4.683E-05  1.675E-05  6.488E-07  2.653E-03
                9.276E-07  4.658E-05  6.750E-06  2.128E-07  3.837E-07  6.684E-07
                2.555E-07  8.353E-07  5.031E-07  4.025E-08  6.134E-07  2.433E-07
                4.607E-07  5.309E-07  4.020E-07  2.712E-07  7.897E-07  8.488E-07
                5.055E-07  9.311E-08  2.145E-06  8.376E-07  8.976E-08  6.070E-07
                3.603E-10  3.738E-08  2.051E-07  8.589E-07  2.348E-06  1.276E-07
                1.046E-06  7.170E-08  8.404E-08  8.660E-08  9.893E-08  1.462E-06
                5.415E-06  1.306E-08  3.051E-07  4.985E-07  2.250E-08  2.398E-08
                4.938E-07  1.503E-07  1.601E-07  3.209E-06  1.009E-06  4.565E-07
                2.836E-07  1.041E-09  3.140E-09  1.564E-10  6.987E-08  2.925E-07
                4.069E-08  3.870E-08  2.258E-07  7.558E-07  1.270E-06  1.969E-06
                7.375E-07  3.062E-07  3.134E-08  8.232E-08  1.560E-07  3.908E-08
                1.262E-07  1.795E-08  4.538E-07  1.249E-06  1.898E-07  6.008E-08
                1.230E-06  5.494E-06  5.649E-11  3.576E-10  7.774E-10  7.253E-10
                1.204E-10  4.057E-08  2.634E-07  5.434E-07  1.238E-07  3.154E-08
                4.140E-07  1.225E-06  4.463E-07  2.512E-06  9.819E-09  4.847E-08
                1.162E-07  2.472E-07  5.622E-08  1.923E-08  5.052E-08  1.336E-07
                1.770E-08  2.942E-07  1.550E-06  4.140E-07  8.014E-07  1.151E-08
                9.621E-06  3.324E-07  2.364E-07  1.755E-07  1.080E-08  7.027E-08
                1.762E-07  1.815E-07  3.075E-06  1.976E-07  2.177E-07  1.085E-06
                1.579E-07  6.211E-08  9.475E-07  5.825E-06  3.258E-07  8.631E-07
                7.101E-07  1.942E-08  4.627E-08  8.512E-08  9.680E-08  1.255E-08
                3.846E-08  9.515E-08  2.269E-07  8.296E-08  1.497E-08  1.020E-07
                4.744E-07  2.048E-06  3.971E-08  5.601E-08  2.059E-07  5.081E-07
                9.864E-08  2.220E-06  9.630E-07  1.111E-07  1.530E-07  2.484E-08
                1.318E-06  1.448E-07  2.791E-08  2.482E-07  9.164E-08  6.072E-08
                2.397E-07  2.798E-07  7.256E-07  3.295E-06  6.571E-08  7.394E-08
                3.574E-08  1.218E-08  7.758E-08  4.022E-08  6.813E-08  3.612E-07
                1.418E-07  5.288E-08  2.061E-07  6.251E-07  1.703E-06  9.484E-08
                1.491E-07  9.583E-08  7.883E-08  1.135E-07  1.655E-07  5.338E-08
                3.269E-08  6.305E-08  1.470E-06  1.546E-07  3.864E-07  5.134E-06
                4.839E-08  1.678E-08  9.739E-08  2.861E-07  6.743E-07  7.806E-08
                1.156E-07  1.476E-07  7.302E-09  2.473E-08  3.403E-08  2.034E-08
                7.633E-07  2.337E-07  3.682E-07  2.200E-07  1.385E-06  9.131E-09
                1.775E-08  1.212E-07  1.779E-08  1.412E-06  1.276E-07
1.81100499E+02  1.332E-03  4.310E-04  1.403E-03  1.203E-04  5.907E-04  4.253E-03
                4.974E-04  6.146E-07  3.958E-05  1.382E-05  4.473E-07  2.227E-03
                6.990E-07  3.901E-05  5.645E-06  1.847E-07  3.249E-07  5.762E-07
                1.965E-07  6.595E-07  3.306E-07  3.015E-08  4.019E-07  3.312E-07
                5.854E-07  6.447E-07  4.706E-07  1.728E-07  5.229E-07  5.546E-07
                5.513E-07  6.081E-08  1.573E-06  7.064E-07  6.087E-08  4.220E-07
                2.092E-10  2.627E-08  1.349E-07  6.992E-07  1.889E-06  9.934E-08
                8.002E-07  6.353E-08  7.371E-08  7.461E-08  7.979E-08  1.254E-06
                4.180E-06  9.733E-09  2.542E-07  4.263E-07  1.796E-08  1.885E-08
                3.819E-07  1.122E-07  1.273E-07  2.680E-06  7.516E-07  3.132E-07
                2.036E-07  7.640E-10  2.523E-09  1.107E-10  5.981E-08  2.434E-07
                2.931E-08  2.961E-08  1.639E-07  5.425E-07  9.018E-07  1.604E-06
                5.564E-07  2.236E-07  2.222E-08  6.014E-08  1.222E-07  3.193E-08
                7.712E-08  1.207E-08  2.697E-07  7.372E-07  1.437E-07  4.462E-08
                9.231E-07  4.066E-06  4.604E-11  2.870E-10  6.020E-10  5.300E-10
                9.855E-11  2.380E-08  1.556E-07  3.399E-07  1.002E-07  2.329E-08
                3.504E-07  1.050E-06  3.297E-07  1.892E-06  7.091E-09  3.621E-08
                8.413E-08  1.786E-07  4.964E-08  1.463E-08  3.335E-08  9.049E-08
                1.292E-08  2.058E-07  9.686E-07  2.625E-07  7.142E-07  9.402E-09
                8.663E-06  2.504E-07  1.913E-07  1.362E-07  7.872E-09  4.982E-08
                1.302E-07  1.287E-07  2.128E-06  1.308E-07  1.480E-07  8.493E-07
                1.201E-07  4.520E-08  8.474E-07  5.288E-06  2.121E-07  5.551E-07
                4.274E-07  1.521E-08  3.614E-08  6.627E-08  7.353E-08  9.872E-09
                3.040E-08  7.550E-08  1.803E-07  6.094E-08  1.240E-08  8.348E-08
                3.871E-07  1.674E-06  3.588E-08  3.956E-08  1.463E-07  4.040E-07
                7.704E-08  1.796E-06  7.789E-07  8.971E-08  1.301E-07  1.991E-08
                1.053E-06  1.241E-07  2.126E-08  1.804E-07  6.595E-08  4.458E-08
                1.933E-07  1.632E-07  5.258E-07  2.926E-06  4.859E-08  5.695E-08
                2.742E-08  9.336E-09  4.876E-08  3.262E-08  5.543E-08  2.331E-07
                1.149E-07  4.093E-08  1.649E-07  5.067E-07  1.378E-06  8.456E-08
                1.247E-07  6.888E-08  5.722E-08  7.994E-08  1.157E-07  4.023E-08
                2.633E-08  4.887E-08  1.315E-06  1.002E-07  3.419E-07  4.601E-06
                3.598E-08  1.198E-08  6.967E-08  2.113E-07  5.117E-07  5.419E-08
                8.288E-08  1.084E-07  5.476E-09  2.085E-08  2.610E-08  1.678E-08
                6.295E-07  1.921E-07  3.024E-07  1.750E-07  1.130E-06  7.173E-09
                1.391E-08  9.917E-08  1.401E-08  1.166E-06  1.024E-07
1.94708499E+02  9.263E-04  3.000E-04  9.780E-04  8.372E-05  4.122E-04  3.612E-03
                4.225E-04  2.863E-07  3.405E-05  1.118E-05  3.237E-07  1.978E-03
                5.258E-07  3.047E-05  4.428E-06  1.239E-07  2.265E-07  4.836E-07
                1.343E-07  5.468E-07  2.470E-07  2.527E-08  3.517E-07  1.826E-07
                3.322E-07  3.780E-07  2.970E-07  1.174E-07  3.751E-07  4.123E-07
                3.321E-07  4.454E-08  1.116E-06  4.825E-07  3.926E-08  2.954E-07
                1.809E-10  1.900E-08  1.050E-07  4.626E-07  1.253E-06  6.530E-08
                5.341E-07  5.809E-08  6.639E-08  6.453E-08  6.068E-08  1.117E-06
                2.913E-06  7.056E-09  2.154E-07  3.786E-07  1.363E-08  1.300E-08
                2.506E-07  7.435E-08  1.080E-07  2.292E-06  5.711E-07  2.248E-07
                1.415E-07  6.980E-10  2.246E-09  8.869E-11  4.433E-08  1.482E-07
                2.151E-08  2.070E-08  1.202E-07  3.963E-07  6.477E-07  1.211E-06
                4.732E-07  2.055E-07  1.812E-08  4.146E-08  8.324E-08  1.831E-08
                6.712E-08  1.033E-08  2.386E-07  6.531E-07  9.658E-08  3.115E-08
                6.523E-07  2.895E-06  3.442E-11  2.169E-10  4.578E-10  4.049E-10
                6.755E-11  2.062E-08  1.331E-07  2.832E-07  7.966E-08  1.919E-08
                2.736E-07  8.144E-07  2.335E-07  1.329E-06  5.724E-09  3.023E-08
                6.636E-08  1.391E-07  5.133E-08  1.497E-08  2.907E-08  7.637E-08
                1.067E-08  1.719E-07  9.527E-07  2.580E-07  5.057E-07  7.116E-09
                6.103E-06  1.978E-07  1.472E-07  1.087E-07  6.459E-09  4.034E-08
                1.024E-07  1.022E-07  1.578E-06  1.223E-07  1.395E-07  6.066E-07
                8.529E-08  3.552E-08  6.090E-07  3.775E-06  1.994E-07  5.302E-07
                3.684E-07  1.145E-08  2.707E-08  4.948E-08  5.411E-08  7.241E-09
                2.276E-08  5.687E-08  1.366E-07  4.738E-08  9.147E-09  6.309E-08
                2.937E-07  1.277E-06  2.520E-08  3.480E-08  1.294E-07  2.877E-07
                5.431E-08  1.356E-06  5.859E-07  6.724E-08  1.040E-07  1.486E-08
                8.014E-07  8.889E-08  1.454E-08  1.328E-07  4.998E-08  3.648E-08
                1.586E-07  1.535E-07  4.311E-07  2.185E-06  3.501E-08  4.285E-08
                2.089E-08  7.011E-09  4.908E-08  2.484E-08  4.174E-08  2.404E-07
                8.571E-08  3.135E-08  1.260E-07  3.844E-07  1.043E-06  6.245E-08
                9.382E-08  5.625E-08  4.183E-08  6.363E-08  9.125E-08  2.953E-08
                2.484E-08  3.690E-08  9.847E-07  1.004E-07  2.549E-07  3.403E-06
                2.803E-08  9.678E-09  5.674E-08  1.594E-07  3.776E-07  4.786E-08
                6.961E-08  8.441E-08  4.068E-09  1.279E-08  1.712E-08  1.233E-08
                5.038E-07  1.523E-07  2.352E-07  1.344E-07  8.921E-07  5.211E-09
                1.000E-08  8.004E-08  1.118E-08  9.244E-07  8.130E-08
