          16           7
         215          13           1           1
           0          -4           0          -4           0          -6           0          -2           0          -4           0           6           0           4           0           2           0           4           0           6           0           2           0           4           0           2           0          -4           0          -2           0           2           0           4           0           6           0           2           0           4           0           6           0           4           0          -2           0          -2           0          -4           0          -6           0          -8           0          -2           0          -4           0          -6           0          -4           0           2           0          -4           0          -6           0          -2           0          -4           0          -6           0          -6           0          -8           0          -4           0          -6           0          -2           0          -4           0           4           0           6           0           8           0          10           0           4           0          -4           0           2           0           6           0           4           0           8           0           2           0          -4           0          -2           0           6           0           6           0           4           0           2           0           8           0           4           0           6           0           8           0           4           0           6           0           8           0          10           0           4           0           6           0           8           0           6           0           4           0           2           0           6           0           2           0           4           0           2           0          -4           0          -2           0          -6           0          -8           0           6           0           4           0          -4           0          -6           0          -2           0          -4           0          -6           0          -8           0         -10           0          -2           0          -4           0          -6           0          -4           0          -2           0          -6           0          -8           0          -2           0          -4           0           2           0           4           0           6           0           8           0           4           0           4           0           6           0           8           0           2           0          10           0           8           0           6           0           4           0           2           0           6           0           6           0           4           0           4           0           2           0           4           0           6           0           8           0          -4           0           2           0           4           0          -6           0          -4           0           2           0           4           0           6           0           4           0           6           0          -2           0          -4           0          -6           0          -8           0         -10           0          -6           0          -8           0         -10           0         -12           0           2           0          -2           0          -4           0          -6           0          -8           0          -2           0          -8           0         -10           0          -4           0          -2           0          -6           0          -4           0          -2           0          -4           0          -2           0          -4           0          -6           0          -4           0          -8           0          -6           0           2           0           4           0           2           0           4           0           6           0         -10           0          -8           0          -6           0          -4           0           6           0          -2           0          -4           0           8           0          -6           0          -2           0          -4           0          -6           0          -8           0           4           0           6           0          -4           0          -6           0          -6           0          -8           0          -2           0           2           0          -4           0           4           0           6           0           4           0           4           0           2           0           2           0          -4           0          -6           0          -8           0          -2           0          -4           0          -6           0          -8           0         -10           0          -8           0          -6           0          -4           0          -2           0          -2           0          -4           0          -6           0          -6           0          -8           0          -4           0          -2           0          -6           0          -4
    0.000000E+00    9.645106E-03    9.843162E-03    1.435602E-02    1.458263E-02
    4.247197E-02    4.320385E-02    4.360158E-02    5.944295E-02    5.948713E-02
    6.922989E-02    7.316769E-02    7.411300E-02    1.134727E-01    1.147319E-01
    2.354040E-01    2.358931E-01    2.366026E-01    2.382857E-01    2.391328E-01
    2.438023E-01    2.438287E-01    2.461520E-01    2.471700E-01    2.474363E-01
    2.479076E-01    2.485433E-01    2.486026E-01    2.487216E-01    2.491410E-01
    2.502551E-01    2.507374E-01    2.510783E-01    2.511300E-01    2.524691E-01
    2.524772E-01    2.554279E-01    2.561102E-01    2.563381E-01    2.591442E-01
    2.591854E-01    2.609226E-01    2.615363E-01    2.619649E-01    2.622131E-01
    2.625883E-01    2.631076E-01    2.632646E-01    2.633261E-01    2.634365E-01
    2.637297E-01    2.638533E-01    2.640096E-01    2.643758E-01    2.644930E-01
    2.645338E-01    2.648466E-01    2.652759E-01    2.655531E-01    2.656939E-01
    2.657640E-01    2.676748E-01    2.677713E-01    2.679166E-01    2.688115E-01
    2.690337E-01    2.711118E-01    2.712141E-01    2.720014E-01    2.721113E-01
    2.724223E-01    2.724984E-01    2.725578E-01    2.726085E-01    2.727219E-01
    2.737570E-01    2.740430E-01    2.746587E-01    2.763855E-01    2.763956E-01
    2.763957E-01    2.764682E-01    2.789238E-01    2.791446E-01    2.808157E-01
    2.808428E-01    2.816082E-01    2.816156E-01    2.816277E-01    2.816445E-01
    2.816660E-01    2.832213E-01    2.832636E-01    2.833497E-01    2.872720E-01
    2.872722E-01    2.872783E-01    2.873017E-01    2.873787E-01    2.874354E-01
    2.875828E-01    2.876419E-01    2.877951E-01    2.879672E-01    2.884374E-01
    2.885530E-01    2.886000E-01    2.886971E-01    2.887362E-01    2.888178E-01
    2.901974E-01    2.902310E-01    2.934227E-01    2.936053E-01    2.936679E-01
    2.948139E-01    2.948751E-01    2.949134E-01    2.954910E-01    2.955387E-01
    2.955818E-01    2.956302E-01    2.974080E-01    2.974265E-01    2.978254E-01
    2.979930E-01    2.980044E-01    2.981863E-01    2.981951E-01    2.982014E-01
    2.986863E-01    2.989406E-01    2.997979E-01    3.013547E-01    3.014398E-01
    3.015665E-01    3.017420E-01    3.025165E-01    3.025355E-01    3.025686E-01
    3.026262E-01    3.032771E-01    3.036433E-01    3.036673E-01    3.036996E-01
    3.037196E-01    3.041292E-01    3.046134E-01    3.046301E-01    3.048276E-01
    3.048611E-01    3.049614E-01    3.051740E-01    3.052844E-01    3.060373E-01
    3.062721E-01    3.065126E-01    3.067251E-01    3.072820E-01    3.083217E-01
    3.083847E-01    3.085481E-01    3.086063E-01    3.093086E-01    3.093690E-01
    3.093750E-01    3.093804E-01    3.094500E-01    3.095030E-01    3.095365E-01
    3.096086E-01    3.096683E-01    3.098305E-01    3.098337E-01    3.100372E-01
    3.110986E-01    3.111053E-01    3.111248E-01    3.111449E-01    3.124031E-01
    3.124222E-01    3.126400E-01    3.132139E-01    3.132929E-01    3.134326E-01
    3.163175E-01    3.165548E-01    3.167011E-01    3.167161E-01    3.173537E-01
    3.174815E-01    3.194473E-01    3.198310E-01    3.206567E-01    3.235572E-01
    3.235827E-01    3.236877E-01    3.236885E-01    3.238034E-01    3.239013E-01
    3.239634E-01    3.240075E-01    3.245628E-01    3.245933E-01    3.263728E-01
    3.264517E-01    3.271738E-01    3.284075E-01    3.287843E-01    3.314323E-01
    3.314556E-01    3.324856E-01    3.325179E-01    3.327131E-01    3.333147E-01
           0           4           0           1
  -28.010499495533246               13
3.31134995E+01  2.218E-01  7.194E-02  2.329E-01  2.005E-02  9.805E-02  1.163E-01
                1.370E-02  1.112E-04  1.217E-03  1.029E-03
4.67214995E+01  9.047E-02  2.879E-02  9.792E-02  8.178E-03  3.917E-02  6.856E-02
                8.046E-03  8.432E-05  6.725E-04  4.905E-04  1.462E-04  2.920E-02
                1.162E-04  2.485E-03  3.191E-04
6.03294995E+01  4.284E-02  1.376E-02  4.493E-02  3.827E-03  1.874E-02  4.458E-02
                5.233E-03  2.018E-05  4.332E-04  2.450E-04  2.992E-05  2.094E-02
                2.926E-05  1.016E-03  1.475E-04  8.298E-06  1.309E-05  1.289E-05
                1.120E-05  2.111E-05  9.830E-06  7.365E-07  1.208E-05  2.538E-06
                6.465E-06  8.566E-06  1.308E-05  1.252E-05  3.047E-05  3.092E-05
                1.247E-05  2.418E-06  7.514E-05  3.450E-05  3.326E-06  2.065E-05
                7.862E-07  3.468E-06  1.479E-05  3.537E-05  9.880E-05  5.051E-06
                3.146E-05  6.510E-07  1.446E-06  2.738E-06  5.613E-06  1.060E-05
                1.192E-04  6.500E-07  9.046E-06  5.858E-06  4.993E-06  9.316E-07
                1.583E-05  4.982E-06  2.924E-06  6.449E-05  3.664E-05  1.755E-05
                1.095E-05  9.478E-08  5.181E-07  6.202E-07  2.187E-06  2.243E-05
                8.910E-07  4.981E-07  5.956E-06  1.606E-05  3.543E-05  2.098E-05
                9.040E-06  4.212E-06  1.575E-06  4.372E-06  1.219E-05  4.904E-06
                1.825E-06  2.983E-07  8.161E-06  2.157E-05  5.162E-06  1.593E-06
                2.254E-05  1.061E-04  2.904E-09  1.302E-08  3.442E-08  6.846E-08
                4.380E-08  8.511E-07  3.873E-06  8.970E-06  1.001E-06  3.654E-07
                2.822E-06  6.854E-06  7.742E-06  4.160E-05  1.426E-07  1.625E-06
                2.126E-06  4.769E-06  7.489E-06  1.494E-06  1.185E-06  3.210E-06
                2.887E-07  7.390E-06  2.174E-05  5.300E-06  1.205E-05  2.367E-07
                1.321E-04  5.158E-06  3.487E-06  2.617E-06  1.797E-07  1.171E-06
                2.328E-06  2.549E-06  5.676E-05  2.537E-06  3.485E-06  1.677E-05
                2.316E-06  9.612E-07  1.345E-05  8.673E-05  5.849E-06  1.613E-05
                1.129E-05  7.825E-07  1.956E-06  3.667E-06  5.599E-06  4.970E-07
                1.806E-06  4.550E-06  1.099E-05  1.168E-06  4.317E-07  1.945E-06
                7.518E-06  2.817E-05  1.426E-06  4.712E-06  1.753E-05  7.445E-06
                1.598E-06  3.186E-05  1.393E-05  1.717E-06  4.156E-06  9.780E-07
                1.430E-05  2.417E-06  1.052E-06  8.758E-06  3.519E-06  1.064E-06
                3.520E-06  4.870E-06  1.101E-05  4.272E-05  4.106E-06  2.687E-06
                1.364E-06  4.886E-07  1.311E-06  9.066E-07  1.706E-06  5.255E-06
                2.896E-06  1.373E-06  3.568E-06  8.605E-06  2.351E-05  1.294E-06
                2.486E-06  3.537E-06  3.520E-06  4.551E-06  8.368E-06  1.790E-06
                4.653E-07  1.866E-06  1.361E-05  2.989E-06  3.841E-06  4.182E-05
                4.767E-07  3.454E-07  6.406E-06  1.340E-05  2.485E-05  6.074E-06
                7.602E-06  7.457E-06  6.759E-07  1.456E-06  1.241E-06  7.118E-07
                4.454E-06  1.401E-06  2.664E-06  3.796E-06  1.486E-05  2.884E-07
                6.353E-07  1.091E-06  2.770E-07  1.182E-05  1.622E-06
7.39374995E+01  2.344E-02  7.512E-03  2.452E-02  2.083E-03  1.021E-02  3.040E-02
                3.561E-03  1.097E-05  2.919E-04  1.478E-04  1.493E-05  1.471E-02
                1.596E-05  5.839E-04  8.464E-05  5.315E-06  8.625E-06  8.264E-06
                6.313E-06  1.068E-05  7.326E-06  4.106E-07  7.778E-06  1.365E-06
                3.127E-06  3.714E-06  2.577E-06  6.053E-06  1.573E-05  1.682E-05
                6.097E-06  1.407E-06  4.589E-05  1.457E-05  1.687E-06  1.074E-05
                5.764E-09  9.447E-07  5.618E-06  1.594E-05  4.652E-05  2.543E-06
                1.898E-05  2.805E-07  5.408E-07  9.353E-07  2.210E-06  4.979E-06
                6.956E-05  3.107E-07  3.035E-06  2.099E-06  5.715E-07  3.655E-07
                1.017E-05  3.318E-06  1.513E-06  2.599E-05  1.771E-05  9.861E-06
                6.075E-06  9.965E-09  1.684E-08  1.716E-09  1.211E-06  1.012E-05
                4.947E-07  1.445E-07  3.154E-06  1.048E-05  2.010E-05  1.328E-05
                5.092E-06  2.216E-06  5.886E-07  1.434E-06  3.379E-06  1.476E-06
                1.386E-06  1.947E-07  5.058E-06  1.407E-05  4.339E-06  9.860E-07
                1.326E-05  5.927E-05  5.369E-10  3.066E-09  7.149E-09  8.149E-09
                2.244E-09  4.726E-07  2.793E-06  5.675E-06  6.683E-07  1.861E-07
                2.092E-06  6.006E-06  4.674E-06  2.645E-05  6.887E-08  3.606E-07
                8.286E-07  1.737E-06  4.949E-07  1.659E-07  4.340E-07  1.117E-06
                1.766E-07  2.303E-06  1.511E-05  3.911E-06  6.724E-06  1.052E-07
                8.047E-05  2.403E-06  1.888E-06  1.227E-06  7.058E-08  5.616E-07
                1.353E-06  1.250E-06  3.431E-05  1.452E-06  1.545E-06  1.176E-05
                1.750E-06  5.814E-07  7.184E-06  4.368E-05  3.014E-06  7.817E-06
                7.587E-06  3.569E-07  8.778E-07  1.665E-06  2.400E-06  2.098E-07
                7.650E-07  1.982E-06  4.709E-06  8.752E-07  2.127E-07  1.021E-06
                4.064E-06  1.559E-05  6.343E-07  1.493E-06  5.974E-06  5.339E-06
                1.039E-06  1.740E-05  7.652E-06  9.535E-07  1.692E-06  4.326E-07
                9.436E-06  2.571E-06  6.436E-07  4.553E-06  1.606E-06  4.369E-07
                1.806E-06  2.991E-06  6.729E-06  2.699E-05  1.491E-06  1.125E-06
                5.436E-07  1.926E-07  7.130E-07  4.060E-07  7.301E-07  2.836E-06
                1.318E-06  6.972E-07  1.958E-06  5.012E-06  1.324E-05  7.412E-07
                8.946E-07  1.635E-06  1.575E-06  2.019E-06  3.218E-06  9.424E-07
                1.462E-07  9.704E-07  9.647E-06  1.374E-06  2.604E-06  3.190E-05
                2.847E-07  1.516E-07  2.773E-06  6.093E-06  1.177E-05  2.472E-06
                3.226E-06  3.343E-06  2.049E-07  3.261E-07  6.621E-07  3.351E-07
                3.981E-06  1.281E-06  2.186E-06  2.028E-06  9.337E-06  1.400E-07
                2.556E-07  7.265E-07  1.855E-07  8.263E-06  8.995E-07
8.75454995E+01  1.396E-02  4.467E-03  1.459E-02  1.236E-03  6.065E-03  2.156E-02
                2.524E-03  6.656E-06  2.057E-04  9.603E-05  8.281E-06  1.068E-02
                9.403E-06  3.559E-04  5.156E-05  3.029E-06  4.999E-06  4.996E-06
                3.765E-06  6.744E-06  4.961E-06  2.811E-07  4.481E-06  9.896E-07
                2.161E-06  2.531E-06  1.642E-06  3.665E-06  9.263E-06  1.009E-05
                3.706E-06  9.451E-07  2.275E-05  8.176E-06  1.028E-06  6.171E-06
                3.841E-09  5.170E-07  3.003E-06  8.559E-06  2.489E-05  1.361E-06
                1.040E-05  1.659E-07  2.854E-07  4.581E-07  1.059E-06  3.863E-06
                4.211E-05  1.669E-07  1.712E-06  1.500E-06  3.022E-07  1.902E-07
                5.486E-06  1.798E-06  9.071E-07  1.548E-05  9.844E-06  5.550E-06
                3.377E-06  6.566E-09  1.199E-08  1.208E-09  5.724E-07  4.484E-06
                3.214E-07  1.599E-07  1.953E-06  6.545E-06  1.217E-05  1.003E-05
                3.828E-06  1.641E-06  3.159E-07  8.157E-07  1.698E-06  6.590E-07
                9.459E-07  1.264E-07  3.507E-06  9.727E-06  2.223E-06  5.689E-07
                8.463E-06  3.782E-05  3.309E-10  1.984E-09  4.614E-09  5.089E-09
                1.231E-09  3.296E-07  1.956E-06  4.016E-06  4.624E-07  1.126E-07
                1.551E-06  4.563E-06  2.999E-06  1.698E-05  4.844E-08  2.319E-07
                6.006E-07  1.265E-06  1.463E-07  7.793E-08  3.085E-07  7.887E-07
                1.125E-07  1.610E-06  1.063E-05  2.757E-06  4.327E-06  7.108E-08
                5.203E-05  1.753E-06  1.312E-06  8.674E-07  5.466E-08  4.174E-07
                9.919E-07  9.592E-07  2.199E-05  1.067E-06  1.133E-06  7.702E-06
                1.123E-06  3.979E-07  4.769E-06  2.885E-05  2.138E-06  5.563E-06
                5.159E-06  1.899E-07  4.633E-07  8.726E-07  1.210E-06  1.114E-07
                3.932E-07  1.011E-06  2.402E-06  5.784E-07  1.199E-07  6.185E-07
                2.559E-06  1.015E-05  3.624E-07  6.187E-07  2.490E-06  3.510E-06
                6.721E-07  1.122E-05  4.930E-06  5.974E-07  1.005E-06  2.462E-07
                6.430E-06  1.396E-06  3.412E-07  2.679E-06  8.702E-07  2.961E-07
                1.090E-06  2.021E-06  4.509E-06  1.688E-05  7.767E-07  6.229E-07
                3.000E-07  1.072E-07  4.736E-07  2.372E-07  4.164E-07  1.910E-06
                7.912E-07  3.995E-07  1.208E-06  3.235E-06  8.606E-06  4.789E-07
                6.182E-07  8.761E-07  8.426E-07  1.037E-06  1.609E-06  5.645E-07
                8.790E-08  5.822E-07  6.707E-06  8.610E-07  1.810E-06  2.298E-05
                2.094E-07  9.647E-08  1.296E-06  3.067E-06  6.235E-06  1.105E-06
                1.511E-06  1.663E-06  7.383E-08  1.019E-07  3.804E-07  1.838E-07
                3.048E-06  9.712E-07  1.644E-06  1.255E-06  6.346E-06  8.349E-08
                1.519E-07  5.339E-07  1.239E-07  5.966E-06  5.851E-07
1.01153499E+02  8.833E-03  2.826E-03  9.237E-03  7.817E-04  3.839E-03  1.604E-02
                1.877E-03  3.931E-06  1.520E-04  6.545E-05  4.791E-06  8.103E-03
                5.836E-06  2.375E-04  3.442E-05  1.803E-06  3.008E-06  3.145E-06
                2.267E-06  4.285E-06  3.195E-06  1.873E-07  2.767E-06  8.532E-07
                1.739E-06  1.995E-06  1.277E-06  2.247E-06  5.642E-06  6.182E-06
                2.526E-06  6.068E-07  1.241E-05  4.958E-06  6.422E-07  3.746E-06
                2.521E-09  3.005E-07  1.707E-06  4.987E-06  1.434E-05  7.874E-07
                6.162E-06  1.274E-07  1.900E-07  2.707E-07  5.748E-07  3.200E-06
                2.709E-05  9.426E-08  1.109E-06  1.176E-06  1.713E-07  1.081E-07
                3.184E-06  1.041E-06  5.986E-07  1.052E-05  5.898E-06  3.266E-06
                1.984E-06  4.353E-09  8.763E-09  8.441E-10  3.217E-07  2.322E-06
                2.081E-07  1.444E-07  1.230E-06  4.116E-06  7.438E-06  7.414E-06
                2.814E-06  1.194E-06  1.802E-07  4.777E-07  9.539E-07  3.418E-07
                6.358E-07  8.445E-08  2.361E-06  6.531E-06  1.255E-06  3.432E-07
                5.652E-06  2.526E-05  2.252E-10  1.379E-09  3.155E-09  3.345E-09
                7.521E-10  2.204E-07  1.324E-06  2.739E-06  3.468E-07  7.928E-08
                1.201E-06  3.573E-06  2.010E-06  1.140E-05  3.596E-08  1.681E-07
                4.455E-07  9.381E-07  8.913E-08  5.120E-08  2.173E-07  5.617E-07
                7.873E-08  1.158E-06  7.346E-06  1.910E-06  3.029E-06  4.680E-08
                3.649E-05  1.281E-06  9.414E-07  6.364E-07  4.145E-08  3.055E-07
                7.273E-07  7.254E-07  1.470E-05  7.891E-07  8.398E-07  5.214E-06
                7.538E-07  2.879E-07  3.424E-06  2.066E-05  1.496E-06  3.906E-06
                3.476E-06  1.129E-07  2.737E-07  5.125E-07  6.845E-07  6.733E-08
                2.269E-07  5.762E-07  1.366E-06  3.924E-07  7.528E-08  4.149E-07
                1.772E-06  7.200E-06  2.198E-07  3.020E-07  1.206E-06  2.382E-06
                4.548E-07  7.874E-06  3.454E-06  4.109E-07  6.488E-07  1.503E-07
                4.645E-06  8.284E-07  1.991E-07  1.637E-06  5.193E-07  2.116E-07
                7.586E-07  1.353E-06  3.097E-06  1.172E-05  4.545E-07  3.859E-07
                1.856E-07  6.630E-08  3.185E-07  1.582E-07  2.725E-07  1.310E-06
                5.343E-07  2.522E-07  8.146E-07  2.266E-06  6.071E-06  3.401E-07
                4.767E-07  5.184E-07  5.014E-07  6.034E-07  9.205E-07  3.506E-07
                6.589E-08  3.659E-07  4.992E-06  5.728E-07  1.340E-06  1.744E-05
                1.647E-07  6.836E-08  6.762E-07  1.739E-06  3.725E-06  5.484E-07
                7.839E-07  9.245E-07  3.162E-08  4.621E-08  2.335E-07  1.110E-07
                2.316E-06  7.322E-07  1.237E-06  8.604E-07  4.631E-06  5.085E-08
                9.292E-08  3.943E-07  8.221E-08  4.454E-06  4.193E-07
1.14761499E+02  5.918E-03  1.897E-03  6.195E-03  5.251E-04  2.578E-03  1.208E-02
                1.414E-03  2.821E-06  1.141E-04  4.719E-05  2.988E-06  6.152E-03
                3.791E-06  1.592E-04  2.305E-05  1.030E-06  1.755E-06  1.996E-06
                1.334E-06  2.797E-06  2.149E-06  1.297E-07  1.949E-06  6.265E-07
                1.260E-06  1.450E-06  9.488E-07  1.433E-06  3.654E-06  3.998E-06
                1.700E-06  4.072E-07  7.926E-06  3.208E-06  4.222E-07  2.475E-06
                1.626E-09  1.854E-07  1.038E-06  3.245E-06  9.228E-06  5.095E-07
                4.033E-06  1.100E-07  1.477E-07  1.880E-07  3.511E-07  2.709E-06
                1.852E-05  5.781E-08  7.889E-07  9.628E-07  1.018E-07  7.375E-08
                2.041E-06  6.614E-07  4.288E-07  7.781E-06  3.824E-06  2.049E-06
                1.251E-06  3.046E-09  6.828E-09  5.768E-10  2.124E-07  1.394E-06
                1.430E-07  1.137E-07  8.224E-07  2.762E-06  4.919E-06  5.577E-06
                2.098E-06  8.773E-07  1.171E-07  3.231E-07  6.212E-07  2.036E-07
                4.581E-07  6.101E-08  1.694E-06  4.680E-06  8.004E-07  2.286E-07
                4.003E-06  1.794E-05  1.639E-10  1.016E-09  2.298E-09  2.359E-09
                4.809E-10  1.570E-07  9.649E-07  1.978E-06  2.764E-07  6.392E-08
                9.584E-07  2.864E-06  1.443E-06  8.130E-06  2.779E-08  1.286E-07
                3.398E-07  7.201E-07  7.187E-08  4.074E-08  1.610E-07  4.161E-07
                5.510E-08  8.635E-07  5.282E-06  1.380E-06  2.203E-06  3.478E-08
                2.645E-05  9.560E-07  6.954E-07  4.841E-07  3.123E-08  2.260E-07
                5.418E-07  5.535E-07  1.045E-05  5.987E-07  6.382E-07  3.603E-06
                5.238E-07  2.116E-07  2.521E-06  1.519E-05  1.093E-06  2.870E-06
                2.523E-06  7.187E-08  1.736E-07  3.242E-07  4.176E-07  4.374E-08
                1.420E-07  3.568E-07  8.452E-07  2.733E-07  5.083E-08  2.978E-07
                1.308E-06  5.425E-06  1.481E-07  1.671E-07  6.549E-07  1.655E-06
                3.187E-07  5.936E-06  2.597E-06  3.056E-07  4.566E-07  9.789E-08
                3.529E-06  5.434E-07  1.246E-07  1.052E-06  3.368E-07  1.625E-07
                5.750E-07  9.859E-07  2.261E-06  8.477E-06  2.870E-07  2.588E-07
                1.243E-07  4.420E-08  2.367E-07  1.146E-07  1.956E-07  1.000E-06
                3.928E-07  1.722E-07  5.900E-07  1.693E-06  4.565E-06  2.471E-07
                3.688E-07  3.361E-07  3.201E-07  3.921E-07  5.870E-07  2.270E-07
                5.487E-08  2.433E-07  3.710E-06  4.278E-07  9.912E-07  1.307E-05
                1.313E-07  5.131E-08  3.976E-07  1.094E-06  2.434E-06  3.108E-07
                4.602E-07  5.728E-07  1.775E-08  3.544E-08  1.464E-07  6.995E-08
                1.839E-06  5.777E-07  9.629E-07  6.320E-07  3.556E-06  3.339E-08
                6.132E-08  3.038E-07  5.705E-08  3.485E-06  3.236E-07
1.28369499E+02  4.058E-03  1.301E-03  4.253E-03  3.601E-04  1.770E-03  9.524E-03
                1.114E-03  1.729E-06  8.972E-05  3.478E-05  1.910E-06  4.943E-03
                2.560E-06  1.161E-04  1.684E-05  6.839E-07  1.173E-06  1.428E-06
                8.674E-07  1.938E-06  1.404E-06  9.002E-08  1.363E-06  6.023E-07
                1.147E-06  1.297E-06  8.696E-07  9.094E-07  2.367E-06  2.597E-06
                1.340E-06  2.641E-07  5.006E-06  2.199E-06  2.742E-07  1.619E-06
                1.103E-09  1.181E-07  6.478E-07  2.126E-06  5.947E-06  3.270E-07
                2.630E-06  9.246E-08  1.167E-07  1.366E-07  2.242E-07  2.244E-06
                1.275E-05  3.515E-08  5.826E-07  7.827E-07  6.236E-08  4.769E-08
                1.307E-06  4.194E-07  3.117E-07  5.904E-06  2.582E-06  1.344E-06
                8.127E-07  2.324E-09  5.471E-09  4.112E-10  1.464E-07  8.615E-07
                1.001E-07  8.755E-08  5.720E-07  1.912E-06  3.326E-06  4.198E-06
                1.627E-06  6.967E-07  7.517E-08  2.118E-07  4.047E-07  1.245E-07
                3.151E-07  4.320E-08  1.159E-06  3.193E-06  5.211E-07  1.541E-07
                2.783E-06  1.245E-05  1.212E-10  7.574E-10  1.687E-09  1.679E-09
                3.472E-10  1.061E-07  6.529E-07  1.355E-06  2.172E-07  4.861E-08
                7.650E-07  2.296E-06  9.977E-07  5.650E-06  2.071E-08  9.706E-08
                2.538E-07  5.368E-07  6.226E-08  3.050E-08  1.168E-07  3.047E-07
                4.106E-08  6.403E-07  3.903E-06  1.025E-06  1.650E-06  2.516E-08
                1.983E-05  6.969E-07  5.195E-07  3.663E-07  2.379E-08  1.664E-07
                4.006E-07  4.121E-07  7.151E-06  4.545E-07  4.871E-07  2.568E-06
                3.685E-07  1.560E-07  1.919E-06  1.159E-05  8.013E-07  2.108E-06
                1.712E-06  5.319E-08  1.270E-07  2.342E-07  2.910E-07  3.242E-08
                1.039E-07  2.603E-07  6.187E-07  1.904E-07  3.566E-08  2.183E-07
                9.775E-07  4.110E-06  1.005E-07  1.266E-07  4.922E-07  1.186E-06
                2.262E-07  4.476E-06  1.952E-06  2.285E-07  3.281E-07  6.571E-08
                2.641E-06  3.659E-07  8.042E-08  7.123E-07  2.342E-07  1.228E-07
                4.408E-07  6.922E-07  1.642E-06  6.481E-06  1.977E-07  1.876E-07
                9.150E-08  3.241E-08  1.727E-07  8.459E-08  1.437E-07  7.508E-07
                2.914E-07  1.292E-07  4.474E-07  1.284E-06  3.444E-06  1.907E-07
                2.907E-07  2.451E-07  2.165E-07  2.828E-07  4.163E-07  1.535E-07
                4.820E-08  1.678E-07  2.917E-06  3.153E-07  7.718E-07  1.030E-05
                1.002E-07  3.738E-08  2.724E-07  7.516E-07  1.689E-06  2.169E-07
                3.198E-07  3.948E-07  1.252E-08  2.638E-08  9.791E-08  4.897E-08
                1.437E-06  4.484E-07  7.372E-07  4.735E-07  2.745E-06  2.287E-08
                4.291E-08  2.342E-07  4.097E-08  2.720E-06  2.519E-07
1.41977499E+02  2.945E-03  9.448E-04  3.086E-03  2.617E-04  1.286E-03  7.401E-03
                8.659E-04  1.436E-06  6.962E-05  2.660E-05  1.291E-06  3.846E-03
                1.757E-06  8.129E-05  1.177E-05  4.186E-07  7.350E-07  1.021E-06
                5.328E-07  1.379E-06  9.834E-07  6.673E-08  1.017E-06  4.151E-07
                7.936E-07  9.051E-07  6.317E-07  5.948E-07  1.603E-06  1.735E-06
                9.155E-07  1.848E-07  3.774E-06  1.537E-06  1.875E-07  1.157E-06
                7.104E-10  7.732E-08  4.221E-07  1.565E-06  4.341E-06  2.394E-07
                1.934E-06  8.990E-08  1.092E-07  1.201E-07  1.683E-07  1.941E-06
                9.522E-06  2.444E-08  4.570E-07  6.689E-07  4.216E-08  3.892E-08
                9.417E-07  2.953E-07  2.465E-07  4.710E-06  1.820E-06  9.005E-07
                5.580E-07  1.642E-09  4.409E-09  2.827E-10  1.130E-07  5.936E-07
                7.253E-08  6.717E-08  4.074E-07  1.366E-06  2.351E-06  3.225E-06
                1.188E-06  4.880E-07  5.490E-08  1.535E-07  2.917E-07  8.395E-08
                2.278E-07  3.137E-08  8.296E-07  2.287E-06  3.654E-07  1.108E-07
                2.130E-06  9.534E-06  9.251E-11  5.809E-10  1.283E-09  1.244E-09
                2.295E-10  7.563E-08  4.803E-07  9.877E-07  1.808E-07  4.348E-08
                6.202E-07  1.851E-06  7.735E-07  4.356E-06  1.598E-08  7.542E-08
                1.924E-07  4.102E-07  5.940E-08  2.537E-08  8.498E-08  2.235E-07
                2.973E-08  4.785E-07  2.654E-06  7.011E-07  1.290E-06  1.920E-08
                1.549E-05  5.439E-07  3.915E-07  2.818E-07  1.773E-08  1.210E-07
                2.980E-07  3.080E-07  5.427E-06  3.271E-07  3.533E-07  1.890E-06
                2.750E-07  1.120E-07  1.505E-06  9.160E-06  5.594E-07  1.475E-06
                1.273E-06  3.505E-08  8.396E-08  1.553E-07  1.867E-07  2.235E-08
                6.910E-08  1.713E-07  4.063E-07  1.428E-07  2.602E-08  1.666E-07
                7.589E-07  3.228E-06  7.344E-08  8.400E-08  3.160E-07  8.782E-07
                1.703E-07  3.521E-06  1.533E-06  1.782E-07  2.499E-07  4.616E-08
                2.096E-06  2.645E-07  5.516E-08  4.767E-07  1.632E-07  9.543E-08
                3.542E-07  4.898E-07  1.212E-06  5.067E-06  1.292E-07  1.308E-07
                6.309E-08  2.202E-08  1.252E-07  6.515E-08  1.105E-07  5.565E-07
                2.275E-07  9.037E-08  3.348E-07  9.953E-07  2.702E-06  1.481E-07
                2.324E-07  1.657E-07  1.481E-07  1.952E-07  2.868E-07  1.033E-07
                4.159E-08  1.165E-07  2.272E-06  2.378E-07  6.011E-07  8.010E-06
                7.880E-08  2.834E-08  1.753E-07  5.143E-07  1.195E-06  1.351E-07
                2.043E-07  2.650E-07  9.960E-09  3.032E-08  6.663E-08  3.500E-08
                1.159E-06  3.594E-07  5.831E-07  3.603E-07  2.160E-06  1.614E-08
                3.036E-08  1.859E-07  2.977E-08  2.168E-06  1.982E-07
1.55585499E+02  2.138E-03  6.887E-04  2.249E-03  1.915E-04  9.415E-04  6.192E-03
                7.243E-04  8.539E-07  5.806E-05  2.084E-05  8.665E-07  3.265E-03
                1.271E-06  6.507E-05  9.437E-06  3.146E-07  5.501E-07  8.205E-07
                3.763E-07  1.034E-06  6.441E-07  4.830E-08  7.239E-07  4.397E-07
                8.006E-07  8.931E-07  6.299E-07  3.817E-07  1.063E-06  1.157E-06
                8.156E-07  1.197E-07  2.537E-06  1.154E-06  1.227E-07  7.759E-07
                4.854E-10  5.243E-08  2.788E-07  1.103E-06  3.021E-06  1.632E-07
                1.327E-06  7.533E-08  8.930E-08  9.409E-08  1.184E-07  1.628E-06
                6.806E-06  1.598E-08  3.605E-07  5.573E-07  2.864E-08  2.658E-08
                6.411E-07  1.976E-07  1.861E-07  3.762E-06  1.294E-06  6.128E-07
                3.750E-07  1.334E-09  3.635E-09  2.081E-10  8.617E-08  4.074E-07
                5.124E-08  4.954E-08  2.895E-07  9.622E-07  1.624E-06  2.495E-06
                9.484E-07  4.040E-07  3.725E-08  1.040E-07  2.029E-07  5.646E-08
                1.557E-07  2.271E-08  5.615E-07  1.541E-06  2.520E-07  7.714E-08
                1.504E-06  6.699E-06  7.166E-11  4.493E-10  9.713E-10  9.094E-10
                1.803E-10  5.028E-08  3.169E-07  6.694E-07  1.421E-07  3.156E-08
                5.043E-07  1.519E-06  5.387E-07  3.067E-06  1.184E-08  5.733E-08
                1.428E-07  3.022E-07  5.507E-08  2.043E-08  6.183E-08  1.634E-07
                2.230E-08  3.542E-07  2.020E-06  5.378E-07  1.023E-06  1.468E-08
                1.233E-05  3.948E-07  3.046E-07  2.167E-07  1.350E-08  8.954E-08
                2.220E-07  2.268E-07  3.709E-06  2.505E-07  2.741E-07  1.394E-06
                1.979E-07  8.363E-08  1.207E-06  7.388E-06  4.218E-07  1.112E-06
                8.453E-07  2.836E-08  6.715E-08  1.228E-07  1.437E-07  1.768E-08
                5.565E-08  1.390E-07  3.317E-07  1.002E-07  1.982E-08  1.289E-07
                5.911E-07  2.533E-06  5.527E-08  6.948E-08  2.656E-07  6.524E-07
                1.241E-07  2.739E-06  1.189E-06  1.379E-07  1.943E-07  3.334E-08
                1.604E-06  1.949E-07  3.789E-08  3.396E-07  1.176E-07  7.176E-08
                2.782E-07  3.416E-07  9.018E-07  4.116E-06  9.592E-08  1.010E-07
                4.954E-08  1.729E-08  9.417E-08  5.042E-08  8.535E-08  4.325E-07
                1.752E-07  7.184E-08  2.648E-07  7.810E-07  2.102E-06  1.211E-07
                1.839E-07  1.279E-07  1.055E-07  1.466E-07  2.115E-07  7.438E-08
                3.675E-08  8.603E-08  1.889E-06  1.801E-07  4.926E-07  6.648E-06
                5.883E-08  2.067E-08  1.351E-07  3.816E-07  8.836E-07  1.088E-07
                1.615E-07  2.003E-07  7.268E-09  2.018E-08  4.673E-08  2.667E-08
                9.314E-07  2.870E-07  4.605E-07  2.809E-07  1.724E-06  1.183E-08
                2.234E-08  1.487E-07  2.291E-08  1.746E-06  1.579E-07
1.69193499E+02  1.595E-03  5.108E-04  1.669E-03  1.413E-04  6.952E-04  4.813E-03
                5.631E-04  7.538E-07  4.539E-05  1.628E-05  6.201E-07  2.567E-03
                8.884E-07  4.458E-05  6.456E-06  2.061E-07  3.714E-07  6.546E-07
                2.443E-07  8.116E-07  4.823E-07  3.907E-08  5.878E-07  2.334E-07
                4.416E-07  5.088E-07  3.876E-07  2.573E-07  7.537E-07  8.057E-07
                4.850E-07  8.930E-08  2.110E-06  8.093E-07  8.612E-08  5.874E-07
                3.368E-10  3.557E-08  1.950E-07  8.427E-07  2.304E-06  1.252E-07
                1.024E-06  7.138E-08  8.361E-08  8.610E-08  9.752E-08  1.441E-06
                5.291E-06  1.280E-08  2.989E-07  4.911E-07  2.202E-08  2.391E-08
                4.831E-07  1.463E-07  1.568E-07  3.144E-06  9.754E-07  4.369E-07
                2.738E-07  9.852E-10  3.056E-09  1.492E-10  6.856E-08  2.848E-07
                3.937E-08  3.767E-08  2.182E-07  7.305E-07  1.226E-06  1.909E-06
                7.021E-07  2.872E-07  3.035E-08  7.969E-08  1.516E-07  3.791E-08
                1.198E-07  1.705E-08  4.297E-07  1.183E-06  1.836E-07  5.823E-08
                1.203E-06  5.369E-06  5.491E-11  3.474E-10  7.538E-10  7.004E-10
                1.143E-10  3.846E-08  2.512E-07  5.185E-07  1.220E-07  3.162E-08
                4.047E-07  1.195E-06  4.370E-07  2.460E-06  9.484E-09  4.704E-08
                1.121E-07  2.390E-07  5.631E-08  1.875E-08  4.805E-08  1.277E-07
                1.705E-08  2.826E-07  1.437E-06  3.843E-07  7.865E-07  1.111E-08
                9.447E-06  3.243E-07  2.282E-07  1.698E-07  1.038E-08  6.719E-08
                1.697E-07  1.745E-07  2.991E-06  1.858E-07  2.052E-07  1.055E-06
                1.540E-07  5.916E-08  9.295E-07  5.727E-06  3.044E-07  8.053E-07
                6.794E-07  1.830E-08  4.368E-08  8.049E-08  9.105E-08  1.196E-08
                3.638E-08  8.977E-08  2.139E-07  8.090E-08  1.449E-08  9.920E-08
                4.619E-07  1.996E-06  3.849E-08  5.415E-08  1.974E-07  4.947E-07
                9.636E-08  2.164E-06  9.390E-07  1.083E-07  1.485E-07  2.395E-08
                1.287E-06  1.404E-07  2.695E-08  2.370E-07  8.849E-08  5.877E-08
                2.346E-07  2.621E-07  6.945E-07  3.230E-06  6.200E-08  7.059E-08
                3.396E-08  1.152E-08  7.260E-08  3.912E-08  6.633E-08  3.383E-07
                1.384E-07  5.040E-08  1.991E-07  6.078E-07  1.660E-06  9.282E-08
                1.461E-07  9.137E-08  7.570E-08  1.090E-07  1.595E-07  5.088E-08
                3.170E-08  6.029E-08  1.436E-06  1.462E-07  3.780E-07  5.014E-06
                4.684E-08  1.612E-08  9.192E-08  2.742E-07  6.504E-07  7.305E-08
                1.086E-07  1.405E-07  7.427E-09  2.631E-08  3.296E-08  1.983E-08
                7.434E-07  2.275E-07  3.582E-07  2.129E-07  1.345E-06  8.847E-09
                1.731E-08  1.178E-07  1.711E-08  1.373E-06  1.239E-07
1.82801499E+02  1.284E-03  4.161E-04  1.354E-03  1.162E-04  5.709E-04  4.215E-03
                4.929E-04  5.620E-07  3.920E-05  1.354E-05  4.286E-07  2.212E-03
                6.830E-07  3.870E-05  5.604E-06  1.802E-07  3.167E-07  5.644E-07
                1.905E-07  6.409E-07  3.134E-07  2.909E-08  3.857E-07  3.419E-07
                6.016E-07  6.607E-07  4.808E-07  1.634E-07  4.974E-07  5.302E-07
                5.584E-07  5.749E-08  1.481E-06  6.915E-07  5.744E-08  3.989E-07
                2.017E-10  2.534E-08  1.291E-07  6.686E-07  1.802E-06  9.420E-08
                7.585E-07  6.135E-08  7.100E-08  7.159E-08  7.593E-08  1.227E-06
                3.990E-06  9.192E-09  2.477E-07  4.170E-07  1.719E-08  1.768E-08
                3.622E-07  1.063E-07  1.224E-07  2.614E-06  7.213E-07  2.979E-07
                1.926E-07  7.605E-10  2.475E-09  1.074E-10  5.802E-08  2.334E-07
                2.781E-08  2.827E-08  1.559E-07  5.148E-07  8.539E-07  1.561E-06
                5.496E-07  2.243E-07  2.115E-08  5.699E-08  1.169E-07  3.053E-08
                7.400E-08  1.179E-08  2.584E-07  7.049E-07  1.369E-07  4.237E-08
                8.766E-07  3.856E-06  4.477E-11  2.788E-10  5.823E-10  5.097E-10
                9.727E-11  2.268E-08  1.474E-07  3.245E-07  9.667E-08  2.176E-08
                3.424E-07  1.030E-06  3.120E-07  1.795E-06  6.828E-09  3.496E-08
                8.095E-08  1.713E-07  4.882E-08  1.437E-08  3.224E-08  8.719E-08
                1.252E-08  1.981E-07  9.628E-07  2.613E-07  6.946E-07  9.228E-09
                8.431E-06  2.403E-07  1.871E-07  1.324E-07  7.633E-09  4.825E-08
                1.259E-07  1.239E-07  2.008E-06  1.290E-07  1.462E-07  8.171E-07
                1.147E-07  4.406E-08  8.257E-07  5.152E-06  2.099E-07  5.498E-07
                4.044E-07  1.513E-08  3.587E-08  6.562E-08  7.280E-08  9.704E-09
                3.018E-08  7.520E-08  1.798E-07  5.818E-08  1.212E-08  8.133E-08
                3.767E-07  1.629E-06  3.534E-08  3.843E-08  1.437E-07  3.893E-07
                7.374E-08  1.744E-06  7.557E-07  8.703E-08  1.279E-07  1.936E-08
                1.019E-06  1.214E-07  2.038E-08  1.741E-07  6.311E-08  4.293E-08
                1.872E-07  1.577E-07  5.106E-07  2.856E-06  4.769E-08  5.587E-08
                2.703E-08  9.225E-09  4.822E-08  3.175E-08  5.389E-08  2.321E-07
                1.113E-07  4.029E-08  1.612E-07  4.932E-07  1.338E-06  8.271E-08
                1.208E-07  6.740E-08  5.499E-08  7.723E-08  1.109E-07  3.909E-08
                2.613E-08  4.771E-08  1.292E-06  9.855E-08  3.348E-07  4.519E-06
                3.460E-08  1.155E-08  6.872E-08  2.051E-07  4.950E-07  5.403E-08
                8.237E-08  1.061E-07  4.967E-09  1.822E-08  2.485E-08  1.627E-08
                6.161E-07  1.879E-07  2.954E-07  1.706E-07  1.106E-06  6.905E-09
                1.322E-08  9.710E-08  1.373E-08  1.142E-06  9.997E-08
1.96409499E+02  8.860E-04  2.865E-04  9.339E-04  7.975E-05  3.929E-04  3.477E-03
                4.067E-04  2.765E-07  3.285E-05  1.079E-05  3.096E-07  1.913E-03
                4.980E-07  2.861E-05  4.157E-06  1.166E-07  2.151E-07  4.758E-07
                1.267E-07  5.384E-07  2.419E-07  2.506E-08  3.479E-07  1.538E-07
                2.840E-07  3.272E-07  2.646E-07  1.125E-07  3.620E-07  3.967E-07
                2.923E-07  4.361E-08  1.104E-06  4.538E-07  3.758E-08  2.875E-07
                1.755E-10  1.813E-08  1.021E-07  4.424E-07  1.198E-06  6.283E-08
                5.160E-07  5.776E-08  6.590E-08  6.397E-08  5.959E-08  1.113E-06
                2.816E-06  6.999E-09  2.127E-07  3.770E-07  1.338E-08  1.305E-08
                2.404E-07  7.146E-08  1.068E-07  2.266E-06  5.554E-07  2.160E-07
                1.366E-07  6.673E-10  2.212E-09  8.525E-11  4.265E-08  1.388E-07
                2.094E-08  1.989E-08  1.166E-07  3.851E-07  6.293E-07  1.162E-06
                4.515E-07  1.941E-07  1.796E-08  4.012E-08  7.990E-08  1.690E-08
                6.590E-08  9.968E-09  2.346E-07  6.433E-07  9.225E-08  3.011E-08
                6.378E-07  2.836E-06  3.317E-11  2.096E-10  4.444E-10  3.947E-10
                6.222E-11  2.032E-08  1.322E-07  2.780E-07  7.909E-08  2.010E-08
                2.648E-07  7.818E-07  2.293E-07  1.299E-06  5.602E-09  2.985E-08
                6.477E-08  1.361E-07  5.274E-08  1.516E-08  2.843E-08  7.475E-08
                1.043E-08  1.687E-07  9.093E-07  2.461E-07  4.837E-07  6.713E-09
                5.830E-06  1.951E-07  1.405E-07  1.052E-07  6.266E-09  3.901E-08
                9.919E-08  9.940E-08  1.563E-06  1.176E-07  1.347E-07  5.833E-07
                8.297E-08  3.378E-08  5.830E-07  3.615E-06  1.904E-07  5.068E-07
                3.671E-07  1.060E-08  2.513E-08  4.606E-08  5.006E-08  6.791E-09
                2.114E-08  5.264E-08  1.264E-07  4.690E-08  8.693E-09  6.071E-08
                2.835E-07  1.234E-06  2.324E-08  3.483E-08  1.278E-07  2.763E-07
                5.262E-08  1.312E-06  5.670E-07  6.499E-08  9.954E-08  1.416E-08
                7.802E-07  8.333E-08  1.389E-08  1.273E-07  4.905E-08  3.582E-08
                1.564E-07  1.499E-07  4.172E-07  2.104E-06  3.257E-08  4.051E-08
                1.964E-08  6.538E-09  4.745E-08  2.395E-08  4.025E-08  2.321E-07
                8.299E-08  2.957E-08  1.206E-07  3.706E-07  1.008E-06  5.980E-08
                9.105E-08  5.403E-08  4.039E-08  6.197E-08  8.991E-08  2.798E-08
                2.417E-08  3.498E-08  9.396E-07  9.812E-08  2.441E-07  3.241E-06
                2.733E-08  9.413E-09  5.366E-08  1.526E-07  3.628E-07  4.525E-08
                6.556E-08  8.020E-08  4.327E-09  1.435E-08  1.637E-08  1.180E-08
                4.864E-07  1.468E-07  2.261E-07  1.290E-07  8.585E-07  5.034E-09
                9.797E-09  7.730E-08  1.073E-08  8.894E-07  7.841E-08
