          16           7
         215          13           1           1
           0          -4           0          -4           0          -6           0          -2           0          -4           0           6           0           4           0           2           0           4           0           6           0           2           0           4           0           2           0          -4           0          -2           0           2           0           4           0           6           0           2           0           4           0           6           0           4           0          -2           0          -2           0          -4           0          -6           0          -8           0          -2           0          -4           0          -6           0          -4           0           2           0          -4           0          -6           0          -2           0          -4           0          -6           0          -6           0          -8           0          -4           0          -6           0          -2           0          -4           0           4           0           6           0           8           0          10           0           4           0          -4           0           2           0           6           0           4           0           8           0           2           0          -4           0          -2           0           6           0           6           0           4           0           2           0           8           0           4           0           6           0           8           0           4           0           6           0           8           0          10           0           4           0           6           0           8           0           6           0           4           0           2           0           6           0           2           0           4           0           2           0          -4           0          -2           0          -6           0          -8           0           6           0           4           0          -4           0          -6           0          -2           0          -4           0          -6           0          -8           0         -10           0          -2           0          -4           0          -6           0          -4           0          -2           0          -6           0          -8           0          -2           0          -4           0           2           0           4           0           6           0           8           0           4           0           4           0           6           0           8           0           2           0          10           0           8           0           6           0           4           0           2           0           6           0           6           0           4           0           4           0           2           0           4           0           6           0           8           0          -4           0           2           0           4           0          -6           0          -4           0           2           0           4           0           6           0           4           0           6           0          -2           0          -4           0          -6           0          -8           0         -10           0          -6           0          -8           0         -10           0         -12           0           2           0          -2           0          -4           0          -6           0          -8           0          -2           0          -8           0         -10           0          -4           0          -2           0          -6           0          -4           0          -2           0          -4           0          -2           0          -4           0          -6           0          -4           0          -8           0          -6           0           2           0           4           0           2           0           4           0           6           0         -10           0          -8           0          -6           0          -4           0           6           0          -2           0          -4           0           8           0          -6           0          -2           0          -4           0          -6           0          -8           0           4           0           6           0          -4           0          -6           0          -6           0          -8           0          -2           0           2           0          -4           0           4           0           6           0           4           0           4           0           2           0           2           0          -4           0          -6           0          -8           0          -2           0          -4           0          -6           0          -8           0         -10           0          -8           0          -6           0          -4           0          -2           0          -2           0          -4           0          -6           0          -6           0          -8           0          -4           0          -2           0          -6           0          -4
    0.000000E+00    9.645106E-03    9.843162E-03    1.435602E-02    1.458263E-02
    4.247197E-02    4.320385E-02    4.360158E-02    5.944295E-02    5.948713E-02
    6.922989E-02    7.316769E-02    7.411300E-02    1.134727E-01    1.147319E-01
    2.354040E-01    2.358931E-01    2.366026E-01    2.382857E-01    2.391328E-01
    2.438023E-01    2.438287E-01    2.461520E-01    2.471700E-01    2.474363E-01
    2.479076E-01    2.485433E-01    2.486026E-01    2.487216E-01    2.491410E-01
    2.502551E-01    2.507374E-01    2.510783E-01    2.511300E-01    2.524691E-01
    2.524772E-01    2.554279E-01    2.561102E-01    2.563381E-01    2.591442E-01
    2.591854E-01    2.609226E-01    2.615363E-01    2.619649E-01    2.622131E-01
    2.625883E-01    2.631076E-01    2.632646E-01    2.633261E-01    2.634365E-01
    2.637297E-01    2.638533E-01    2.640096E-01    2.643758E-01    2.644930E-01
    2.645338E-01    2.648466E-01    2.652759E-01    2.655531E-01    2.656939E-01
    2.657640E-01    2.676748E-01    2.677713E-01    2.679166E-01    2.688115E-01
    2.690337E-01    2.711118E-01    2.712141E-01    2.720014E-01    2.721113E-01
    2.724223E-01    2.724984E-01    2.725578E-01    2.726085E-01    2.727219E-01
    2.737570E-01    2.740430E-01    2.746587E-01    2.763855E-01    2.763956E-01
    2.763957E-01    2.764682E-01    2.789238E-01    2.791446E-01    2.808157E-01
    2.808428E-01    2.816082E-01    2.816156E-01    2.816277E-01    2.816445E-01
    2.816660E-01    2.832213E-01    2.832636E-01    2.833497E-01    2.872720E-01
    2.872722E-01    2.872783E-01    2.873017E-01    2.873787E-01    2.874354E-01
    2.875828E-01    2.876419E-01    2.877951E-01    2.879672E-01    2.884374E-01
    2.885530E-01    2.886000E-01    2.886971E-01    2.887362E-01    2.888178E-01
    2.901974E-01    2.902310E-01    2.934227E-01    2.936053E-01    2.936679E-01
    2.948139E-01    2.948751E-01    2.949134E-01    2.954910E-01    2.955387E-01
    2.955818E-01    2.956302E-01    2.974080E-01    2.974265E-01    2.978254E-01
    2.979930E-01    2.980044E-01    2.981863E-01    2.981951E-01    2.982014E-01
    2.986863E-01    2.989406E-01    2.997979E-01    3.013547E-01    3.014398E-01
    3.015665E-01    3.017420E-01    3.025165E-01    3.025355E-01    3.025686E-01
    3.026262E-01    3.032771E-01    3.036433E-01    3.036673E-01    3.036996E-01
    3.037196E-01    3.041292E-01    3.046134E-01    3.046301E-01    3.048276E-01
    3.048611E-01    3.049614E-01    3.051740E-01    3.052844E-01    3.060373E-01
    3.062721E-01    3.065126E-01    3.067251E-01    3.072820E-01    3.083217E-01
    3.083847E-01    3.085481E-01    3.086063E-01    3.093086E-01    3.093690E-01
    3.093750E-01    3.093804E-01    3.094500E-01    3.095030E-01    3.095365E-01
    3.096086E-01    3.096683E-01    3.098305E-01    3.098337E-01    3.100372E-01
    3.110986E-01    3.111053E-01    3.111248E-01    3.111449E-01    3.124031E-01
    3.124222E-01    3.126400E-01    3.132139E-01    3.132929E-01    3.134326E-01
    3.163175E-01    3.165548E-01    3.167011E-01    3.167161E-01    3.173537E-01
    3.174815E-01    3.194473E-01    3.198310E-01    3.206567E-01    3.235572E-01
    3.235827E-01    3.236877E-01    3.236885E-01    3.238034E-01    3.239013E-01
    3.239634E-01    3.240075E-01    3.245628E-01    3.245933E-01    3.263728E-01
    3.264517E-01    3.271738E-01    3.284075E-01    3.287843E-01    3.314323E-01
    3.314556E-01    3.324856E-01    3.325179E-01    3.327131E-01    3.333147E-01
           0           4           0           1
  -28.010499495533246               13
3.10722995E+01  2.737E-01  7.794E-02  2.831E-01  2.535E-02  1.153E-01
4.46802995E+01  1.019E-01  3.292E-02  1.071E-01  9.234E-03  4.442E-02  7.620E-02
                8.956E-03  4.844E-05  7.687E-04  5.203E-04  8.593E-05  3.313E-02
                1.230E-04  2.258E-03  3.151E-04
5.82882995E+01  4.730E-02  1.523E-02  4.971E-02  4.232E-03  2.072E-02  4.747E-02
                5.566E-03  2.244E-05  4.623E-04  2.667E-04  3.336E-05  2.212E-02
                3.217E-05  1.113E-03  1.616E-04  1.120E-05  1.756E-05  1.665E-05
                1.171E-05  1.740E-05  9.471E-06  5.658E-07  1.960E-05  2.738E-06
                6.454E-06  7.936E-06  6.735E-06  1.205E-05  3.399E-05  3.551E-05
                1.328E-05  2.157E-06  1.243E-04  3.456E-05  3.296E-06  2.351E-05
                6.083E-09  2.256E-06  1.394E-05  3.825E-05  1.121E-04  6.056E-06
                4.369E-05  6.727E-07  1.412E-06  2.569E-06  5.959E-06  1.208E-05
                1.337E-04  8.560E-07  8.831E-06  5.254E-06  1.613E-06  1.020E-06
                2.413E-05  7.863E-06  3.493E-06  7.250E-05  4.388E-05  2.206E-05
                1.349E-05  1.754E-08  2.885E-08  3.568E-09  4.134E-06  3.678E-05
                8.727E-07  6.932E-08  6.009E-06  1.924E-05  3.915E-05  1.974E-05
                8.759E-06  4.116E-06  1.467E-06  3.552E-06  1.063E-05  5.081E-06
                2.299E-06  3.823E-07  7.610E-06  2.041E-05  1.279E-05  2.324E-06
                2.333E-05  1.037E-04  1.241E-09  6.174E-09  1.399E-08  1.634E-08
                5.546E-09  7.574E-07  4.496E-06  8.591E-06  1.239E-06  4.759E-07
                3.071E-06  7.938E-06  8.503E-06  4.723E-05  1.674E-07  1.048E-06
                1.628E-06  3.250E-06  3.667E-06  8.587E-07  7.867E-07  2.184E-06
                4.205E-07  4.923E-06  2.799E-05  7.099E-06  1.264E-05  1.693E-07
                1.482E-04  4.210E-06  3.242E-06  2.349E-06  1.169E-07  9.462E-07
                2.330E-06  2.144E-06  6.200E-05  2.755E-06  2.963E-06  1.831E-05
                2.971E-06  1.279E-06  1.306E-05  7.705E-05  5.247E-06  1.356E-05
                1.162E-05  8.387E-07  2.100E-06  4.071E-06  6.274E-06  4.881E-07
                1.820E-06  4.726E-06  1.119E-05  1.574E-06  4.984E-07  2.205E-06
                8.389E-06  3.039E-05  1.384E-06  5.103E-06  1.999E-05  8.004E-06
                1.658E-06  3.436E-05  1.511E-05  2.012E-06  3.594E-06  9.752E-07
                1.661E-05  6.268E-06  1.613E-06  9.390E-06  4.095E-06  9.884E-07
                4.743E-06  5.638E-06  1.248E-05  5.430E-05  4.000E-06  2.744E-06
                1.314E-06  4.463E-07  1.357E-06  1.006E-06  1.850E-06  5.446E-06
                3.049E-06  1.580E-06  4.032E-06  9.696E-06  2.544E-05  1.374E-06
                1.812E-06  4.178E-06  3.926E-06  5.555E-06  9.197E-06  1.852E-06
                4.348E-07  1.945E-06  1.572E-05  3.088E-06  4.203E-06  4.826E-05
                5.952E-07  3.898E-07  7.696E-06  1.618E-05  3.003E-05  7.060E-06
                8.712E-06  8.807E-06  8.387E-07  1.755E-06  1.381E-06  8.250E-07
                4.399E-06  1.457E-06  2.421E-06  4.242E-06  1.783E-05  3.003E-07
                6.389E-07  1.054E-06  2.645E-07  1.278E-05  1.834E-06
7.18962995E+01  2.550E-02  8.178E-03  2.669E-02  2.269E-03  1.112E-02  3.207E-02
                3.757E-03  1.204E-05  3.084E-04  1.588E-04  1.646E-05  1.545E-02
                1.739E-05  6.283E-04  9.106E-05  5.799E-06  9.386E-06  8.936E-06
                6.846E-06  1.148E-05  7.741E-06  4.326E-07  8.663E-06  1.485E-06
                3.411E-06  4.061E-06  2.866E-06  6.577E-06  1.721E-05  1.836E-05
                6.680E-06  1.486E-06  5.159E-05  1.607E-05  1.833E-06  1.179E-05
                6.151E-09  1.046E-06  6.241E-06  1.765E-05  5.150E-05  2.819E-06
                2.095E-05  3.017E-07  5.963E-07  1.050E-06  2.494E-06  5.222E-06
                7.542E-05  3.458E-07  3.360E-06  2.237E-06  6.371E-07  4.118E-07
                1.125E-05  3.670E-06  1.643E-06  2.850E-05  1.948E-05  1.079E-05
                6.674E-06  1.084E-08  1.802E-08  1.819E-09  1.382E-06  1.162E-05
                5.305E-07  1.370E-07  3.412E-06  1.131E-05  2.182E-05  1.397E-05
                5.419E-06  2.385E-06  6.498E-07  1.582E-06  3.811E-06  1.691E-06
                1.480E-06  2.105E-07  5.379E-06  1.497E-05  4.872E-06  1.087E-06
                1.422E-05  6.359E-05  5.869E-10  3.323E-09  7.750E-09  8.878E-09
                2.507E-09  5.024E-07  2.959E-06  5.997E-06  7.135E-07  2.055E-07
                2.192E-06  6.254E-06  5.010E-06  2.834E-05  7.406E-08  3.945E-07
                8.832E-07  1.846E-06  6.054E-07  1.913E-07  4.626E-07  1.196E-06
                1.928E-07  2.477E-06  1.626E-05  4.206E-06  7.241E-06  1.129E-07
                8.656E-05  2.527E-06  2.015E-06  1.310E-06  7.430E-08  5.932E-07
                1.431E-06  1.312E-06  3.671E-05  1.549E-06  1.646E-06  1.253E-05
                1.874E-06  6.282E-07  7.706E-06  4.683E-05  3.217E-06  8.342E-06
                8.045E-06  4.013E-07  9.872E-07  1.873E-06  2.715E-06  2.355E-07
                8.625E-07  2.236E-06  5.314E-06  9.333E-07  2.337E-07  1.108E-06
                4.387E-06  1.673E-05  6.984E-07  1.763E-06  7.036E-06  5.687E-06
                1.110E-06  1.875E-05  8.247E-06  1.035E-06  1.836E-06  4.735E-07
                1.004E-05  2.851E-06  7.143E-07  4.983E-06  1.797E-06  4.738E-07
                1.989E-06  3.218E-06  7.230E-06  2.925E-05  1.681E-06  1.256E-06
                6.085E-07  2.150E-07  7.694E-07  4.460E-07  8.053E-07  3.057E-06
                1.441E-06  7.760E-07  2.138E-06  5.394E-06  1.420E-05  8.017E-07
                9.662E-07  1.847E-06  1.752E-06  2.295E-06  3.667E-06  1.021E-06
                1.641E-07  1.053E-06  1.023E-05  1.503E-06  2.754E-06  3.355E-05
                2.996E-07  1.643E-07  3.175E-06  6.874E-06  1.314E-05  2.858E-06
                3.695E-06  3.782E-06  2.468E-07  4.036E-07  7.245E-07  3.749E-07
                4.117E-06  1.327E-06  2.252E-06  2.209E-06  1.000E-05  1.540E-07
                2.842E-07  7.646E-07  1.957E-07  8.731E-06  9.767E-07
8.55042995E+01  1.500E-02  4.800E-03  1.568E-02  1.328E-03  6.515E-03  2.264E-02
                2.651E-03  7.126E-06  2.162E-04  1.020E-04  9.053E-06  1.119E-02
                1.013E-05  3.819E-04  5.535E-05  3.321E-06  5.467E-06  5.418E-06
                4.098E-06  7.251E-06  5.276E-06  2.984E-07  4.806E-06  1.052E-06
                2.301E-06  2.694E-06  1.756E-06  3.940E-06  9.975E-06  1.084E-05
                3.996E-06  1.005E-06  2.496E-05  8.866E-06  1.103E-06  6.655E-06
                4.103E-09  5.626E-07  3.278E-06  9.298E-06  2.705E-05  1.480E-06
                1.128E-05  1.759E-07  3.096E-07  5.043E-07  1.174E-06  3.959E-06
                4.514E-05  1.817E-07  1.847E-06  1.556E-06  3.311E-07  2.054E-07
                5.961E-06  1.954E-06  9.742E-07  1.655E-05  1.074E-05  6.069E-06
                3.690E-06  7.004E-09  1.257E-08  1.277E-09  6.316E-07  5.006E-06
                3.440E-07  1.615E-07  2.108E-06  7.051E-06  1.313E-05  1.043E-05
                3.987E-06  1.713E-06  3.432E-07  8.794E-07  1.859E-06  7.355E-07
                9.951E-07  1.335E-07  3.686E-06  1.023E-05  2.436E-06  6.145E-07
                9.006E-06  4.022E-05  3.520E-10  2.101E-09  4.890E-09  5.423E-09
                1.345E-09  3.466E-07  2.050E-06  4.215E-06  4.855E-07  1.195E-07
                1.619E-06  4.750E-06  3.184E-06  1.805E-05  5.042E-08  2.440E-07
                6.256E-07  1.316E-06  1.685E-07  8.319E-08  3.220E-07  8.253E-07
                1.200E-07  1.688E-06  1.113E-05  2.883E-06  4.590E-06  7.436E-08
                5.519E-05  1.832E-06  1.374E-06  9.049E-07  5.696E-08  4.350E-07
                1.035E-06  9.938E-07  2.331E-05  1.106E-06  1.175E-06  8.241E-06
                1.200E-06  4.164E-07  5.040E-06  3.052E-05  2.229E-06  5.794E-06
                5.427E-06  2.084E-07  5.088E-07  9.587E-07  1.337E-06  1.223E-07
                4.339E-07  1.117E-06  2.654E-06  6.154E-07  1.299E-07  6.621E-07
                2.722E-06  1.075E-05  3.898E-07  7.076E-07  2.847E-06  3.756E-06
                7.175E-07  1.188E-05  5.222E-06  6.350E-07  1.074E-06  2.658E-07
                6.757E-06  1.513E-06  3.718E-07  2.895E-06  9.482E-07  3.101E-07
                1.158E-06  2.118E-06  4.745E-06  1.800E-05  8.499E-07  6.757E-07
                3.257E-07  1.163E-07  4.964E-07  2.546E-07  4.486E-07  1.994E-06
                8.457E-07  4.317E-07  1.291E-06  3.433E-06  9.117E-06  5.091E-07
                6.484E-07  9.570E-07  9.192E-07  1.136E-06  1.769E-06  6.085E-07
                9.364E-08  6.259E-07  7.066E-06  9.099E-07  1.908E-06  2.411E-05
                2.167E-07  1.018E-07  1.443E-06  3.372E-06  6.800E-06  1.240E-06
                1.683E-06  1.833E-06  8.545E-08  1.198E-07  4.158E-07  2.029E-07
                3.169E-06  1.011E-06  1.713E-06  1.336E-06  6.679E-06  9.010E-08
                1.642E-07  5.573E-07  1.316E-07  6.237E-06  6.170E-07
9.91122995E+01  9.440E-03  3.021E-03  9.872E-03  8.361E-04  4.105E-03  1.676E-02
                1.962E-03  4.224E-06  1.589E-04  6.916E-05  5.158E-06  8.438E-03
                6.255E-06  2.528E-04  3.664E-05  1.939E-06  3.229E-06  3.351E-06
                2.432E-06  4.562E-06  3.401E-06  1.985E-07  2.931E-06  8.644E-07
                1.778E-06  2.043E-06  1.306E-06  2.408E-06  6.045E-06  6.614E-06
                2.653E-06  6.470E-07  1.353E-05  5.312E-06  6.870E-07  4.023E-06
                2.662E-09  3.242E-07  1.848E-06  5.394E-06  1.554E-05  8.533E-07
                6.656E-06  1.348E-07  2.036E-07  2.935E-07  6.286E-07  3.320E-06
                2.891E-05  1.026E-07  1.180E-06  1.226E-06  1.868E-07  1.171E-07
                3.451E-06  1.128E-06  6.374E-07  1.113E-05  6.328E-06  3.509E-06
                2.141E-06  4.533E-09  9.080E-09  8.879E-10  3.481E-07  2.544E-06
                2.210E-07  1.485E-07  1.310E-06  4.387E-06  7.962E-06  7.752E-06
                2.912E-06  1.228E-06  1.954E-07  5.130E-07  1.032E-06  3.742E-07
                6.701E-07  8.890E-08  2.487E-06  6.883E-06  1.358E-06  3.681E-07
                6.010E-06  2.687E-05  2.372E-10  1.446E-09  3.317E-09  3.536E-09
                7.995E-10  2.323E-07  1.398E-06  2.886E-06  3.593E-07  8.271E-08
                1.240E-06  3.685E-06  2.139E-06  1.212E-05  3.748E-08  1.753E-07
                4.635E-07  9.764E-07  9.392E-08  5.387E-08  2.266E-07  5.849E-07
                8.246E-08  1.204E-06  7.613E-06  1.979E-06  3.205E-06  4.937E-08
                3.860E-05  1.344E-06  9.871E-07  6.639E-07  4.296E-08  3.183E-07
                7.590E-07  7.543E-07  1.566E-05  8.149E-07  8.675E-07  5.510E-06
                7.994E-07  3.013E-07  3.608E-06  2.179E-05  1.556E-06  4.059E-06
                3.683E-06  1.195E-07  2.902E-07  5.445E-07  7.321E-07  7.139E-08
                2.415E-07  6.137E-07  1.455E-06  4.156E-07  8.047E-08  4.382E-07
                1.861E-06  7.534E-06  2.369E-07  3.226E-07  1.290E-06  2.515E-06
                4.818E-07  8.245E-06  3.619E-06  4.311E-07  6.925E-07  1.614E-07
                4.871E-06  8.937E-07  2.151E-07  1.741E-06  5.514E-07  2.199E-07
                7.973E-07  1.413E-06  3.244E-06  1.237E-05  4.854E-07  4.083E-07
                1.958E-07  7.004E-08  3.318E-07  1.670E-07  2.880E-07  1.358E-06
                5.624E-07  2.644E-07  8.521E-07  2.370E-06  6.357E-06  3.577E-07
                4.961E-07  5.460E-07  5.360E-07  6.375E-07  9.765E-07  3.738E-07
                6.725E-08  3.896E-07  5.222E-06  5.983E-07  1.403E-06  1.820E-05
                1.709E-07  7.167E-08  7.282E-07  1.863E-06  3.978E-06  5.904E-07
                8.426E-07  9.911E-07  3.437E-08  5.054E-08  2.502E-07  1.190E-07
                2.414E-06  7.640E-07  1.295E-06  9.071E-07  4.847E-06  5.422E-08
                9.840E-08  4.122E-07  8.678E-08  4.651E-06  4.383E-07
1.12720299E+02  6.260E-03  2.005E-03  6.549E-03  5.545E-04  2.723E-03  1.255E-02
                1.468E-03  2.996E-06  1.187E-04  4.947E-05  3.220E-06  6.388E-03
                4.038E-06  1.674E-04  2.424E-05  1.112E-06  1.892E-06  2.126E-06
                1.443E-06  2.982E-06  2.297E-06  1.375E-07  2.079E-06  6.407E-07
                1.299E-06  1.500E-06  9.786E-07  1.537E-06  3.913E-06  4.287E-06
                1.784E-06  4.350E-07  8.457E-06  3.412E-06  4.504E-07  2.635E-06
                1.749E-09  1.993E-07  1.118E-06  3.443E-06  9.807E-06  5.413E-07
                4.278E-06  1.098E-07  1.497E-07  1.944E-07  3.735E-07  2.771E-06
                1.954E-05  6.217E-08  8.258E-07  9.890E-07  1.093E-07  7.819E-08
                2.170E-06  7.056E-07  4.487E-07  8.111E-06  4.077E-06  2.200E-06
                1.339E-06  3.264E-09  7.145E-09  6.106E-10  2.240E-07  1.493E-06
                1.519E-07  1.172E-07  8.753E-07  2.942E-06  5.257E-06  5.830E-06
                2.221E-06  9.374E-07  1.254E-07  3.458E-07  6.629E-07  2.184E-07
                4.865E-07  6.469E-08  1.802E-06  4.978E-06  8.562E-07  2.436E-07
                4.202E-06  1.883E-05  1.714E-10  1.062E-09  2.412E-09  2.493E-09
                5.125E-10  1.671E-07  1.023E-06  2.096E-06  2.859E-07  6.615E-08
                9.902E-07  2.957E-06  1.512E-06  8.520E-06  2.910E-08  1.346E-07
                3.560E-07  7.538E-07  7.332E-08  4.284E-08  1.710E-07  4.406E-07
                5.821E-08  9.117E-07  5.682E-06  1.483E-06  2.286E-06  3.689E-08
                2.744E-05  1.004E-06  7.290E-07  5.072E-07  3.274E-08  2.382E-07
                5.690E-07  5.800E-07  1.099E-05  6.351E-07  6.758E-07  3.789E-06
                5.507E-07  2.223E-07  2.612E-06  1.572E-05  1.168E-06  3.068E-06
                2.666E-06  7.711E-08  1.862E-07  3.477E-07  4.502E-07  4.648E-08
                1.523E-07  3.837E-07  9.094E-07  2.892E-07  5.355E-08  3.115E-07
                1.364E-06  5.645E-06  1.567E-07  1.835E-07  7.220E-07  1.738E-06
                3.341E-07  6.183E-06  2.705E-06  3.190E-07  4.797E-07  1.042E-07
                3.666E-06  5.775E-07  1.332E-07  1.129E-06  3.610E-07  1.708E-07
                5.997E-07  1.058E-06  2.396E-06  8.817E-06  3.082E-07  2.754E-07
                1.325E-07  4.717E-08  2.536E-07  1.197E-07  2.047E-07  1.070E-06
                4.100E-07  1.836E-07  6.204E-07  1.766E-06  4.754E-06  2.566E-07
                3.806E-07  3.623E-07  3.422E-07  4.221E-07  6.321E-07  2.427E-07
                5.681E-08  2.590E-07  3.840E-06  4.564E-07  1.028E-06  1.352E-05
                1.363E-07  5.380E-08  4.335E-07  1.175E-06  2.591E-06  3.426E-07
                5.031E-07  6.180E-07  1.946E-08  3.602E-08  1.558E-07  7.398E-08
                1.901E-06  5.980E-07  9.959E-07  6.602E-07  3.687E-06  3.571E-08
                6.581E-08  3.154E-07  6.040E-08  3.606E-06  3.365E-07
1.26328299E+02  4.293E-03  1.377E-03  4.500E-03  3.814E-04  1.874E-03  9.897E-03
                1.158E-03  1.835E-06  9.320E-05  3.637E-05  2.026E-06  5.119E-03
                2.716E-06  1.227E-04  1.779E-05  7.350E-07  1.256E-06  1.506E-06
                9.288E-07  2.042E-06  1.484E-06  9.451E-08  1.412E-06  6.325E-07
                1.204E-06  1.359E-06  9.055E-07  9.689E-07  2.510E-06  2.751E-06
                1.415E-06  2.796E-07  5.307E-06  2.330E-06  2.912E-07  1.715E-06
                1.158E-09  1.261E-07  6.920E-07  2.258E-06  6.327E-06  3.481E-07
                2.795E-06  9.565E-08  1.215E-07  1.436E-07  2.395E-07  2.315E-06
                1.347E-05  3.760E-08  6.093E-07  8.091E-07  6.716E-08  5.027E-08
                1.394E-06  4.475E-07  3.261E-07  6.151E-06  2.724E-06  1.422E-06
                8.639E-07  2.388E-09  5.613E-09  4.321E-10  1.543E-07  9.232E-07
                1.050E-07  9.202E-08  6.013E-07  2.009E-06  3.501E-06  4.383E-06
                1.677E-06  7.122E-07  7.934E-08  2.224E-07  4.282E-07  1.337E-07
                3.281E-07  4.489E-08  1.206E-06  3.324E-06  5.523E-07  1.625E-07
                2.933E-06  1.312E-05  1.268E-10  7.902E-10  1.761E-09  1.757E-09
                3.664E-10  1.107E-07  6.808E-07  1.414E-06  2.242E-07  5.005E-08
                7.902E-07  2.372E-06  1.051E-06  5.957E-06  2.146E-08  1.004E-07
                2.631E-07  5.565E-07  6.321E-08  3.108E-08  1.204E-07  3.148E-07
                4.291E-08  6.613E-07  3.997E-06  1.049E-06  1.737E-06  2.606E-08
                2.089E-05  7.276E-07  5.422E-07  3.799E-07  2.467E-08  1.729E-07
                4.169E-07  4.277E-07  7.535E-06  4.662E-07  4.998E-07  2.704E-06
                3.885E-07  1.631E-07  2.016E-06  1.218E-05  8.239E-07  2.164E-06
                1.788E-06  5.552E-08  1.327E-07  2.453E-07  3.062E-07  3.399E-08
                1.088E-07  2.723E-07  6.466E-07  2.004E-07  3.756E-08  2.282E-07
                1.019E-06  4.274E-06  1.067E-07  1.309E-07  5.095E-07  1.248E-06
                2.384E-07  4.655E-06  2.032E-06  2.379E-07  3.440E-07  6.962E-08
                2.753E-06  3.877E-07  8.578E-08  7.504E-07  2.455E-07  1.265E-07
                4.555E-07  7.102E-07  1.700E-06  6.783E-06  2.082E-07  1.961E-07
                9.537E-08  3.380E-08  1.761E-07  8.830E-08  1.500E-07  7.611E-07
                3.038E-07  1.341E-07  4.643E-07  1.334E-06  3.582E-06  2.000E-07
                3.033E-07  2.545E-07  2.286E-07  2.940E-07  4.343E-07  1.621E-07
                4.877E-08  1.767E-07  3.054E-06  3.214E-07  8.085E-07  1.079E-05
                1.037E-07  3.883E-08  2.848E-07  7.890E-07  1.775E-06  2.252E-07
                3.331E-07  4.135E-07  1.286E-08  2.702E-08  1.042E-07  5.183E-08
                1.487E-06  4.643E-07  7.667E-07  4.932E-07  2.848E-06  2.399E-08
                4.470E-08  2.428E-07  4.274E-08  2.817E-06  2.605E-07
1.39936299E+02  3.074E-03  9.850E-04  3.219E-03  2.725E-04  1.339E-03  7.643E-03
                8.942E-04  1.490E-06  7.201E-05  2.763E-05  1.377E-06  3.978E-03
                1.856E-06  8.470E-05  1.226E-05  4.413E-07  7.750E-07  1.062E-06
                5.680E-07  1.448E-06  1.047E-06  7.012E-08  1.081E-06  4.162E-07
                8.026E-07  9.195E-07  6.407E-07  6.363E-07  1.708E-06  1.853E-06
                9.418E-07  1.967E-07  3.950E-06  1.609E-06  1.990E-07  1.221E-06
                7.686E-10  8.235E-08  4.513E-07  1.629E-06  4.523E-06  2.498E-07
                2.019E-06  8.968E-08  1.094E-07  1.213E-07  1.743E-07  1.984E-06
                9.931E-06  2.581E-08  4.721E-07  6.845E-07  4.430E-08  4.036E-08
                9.841E-07  3.103E-07  2.551E-07  4.861E-06  1.916E-06  9.569E-07
                5.891E-07  1.750E-09  4.583E-09  2.991E-10  1.166E-07  6.207E-07
                7.630E-08  6.944E-08  4.286E-07  1.439E-06  2.484E-06  3.350E-06
                1.257E-06  5.220E-07  5.809E-08  1.623E-07  3.059E-07  8.806E-08
                2.434E-07  3.336E-08  8.884E-07  2.449E-06  3.846E-07  1.164E-07
                2.219E-06  9.942E-06  9.600E-11  6.035E-10  1.338E-09  1.306E-09
                2.415E-10  8.103E-08  5.125E-07  1.052E-06  1.861E-07  4.470E-08
                6.384E-07  1.905E-06  8.056E-07  4.532E-06  1.677E-08  7.889E-08
                2.020E-07  4.302E-07  5.983E-08  2.659E-08  9.067E-08  2.374E-07
                3.127E-08  5.058E-07  2.880E-06  7.599E-07  1.322E-06  2.016E-08
                1.586E-05  5.685E-07  4.082E-07  2.946E-07  1.860E-08  1.278E-07
                3.129E-07  3.240E-07  5.690E-06  3.499E-07  3.769E-07  1.971E-06
                2.869E-07  1.178E-07  1.541E-06  9.356E-06  6.025E-07  1.590E-06
                1.353E-06  3.716E-08  8.896E-08  1.645E-07  1.988E-07  2.345E-08
                7.301E-08  1.813E-07  4.304E-07  1.499E-07  2.711E-08  1.729E-07
                7.863E-07  3.341E-06  7.624E-08  8.917E-08  3.371E-07  9.139E-07
                1.770E-07  3.646E-06  1.588E-06  1.847E-07  2.594E-07  4.850E-08
                2.168E-06  2.761E-07  5.817E-08  5.069E-07  1.726E-07  1.001E-07
                3.669E-07  5.310E-07  1.283E-06  5.201E-06  1.375E-07  1.379E-07
                6.666E-08  2.332E-08  1.353E-07  6.755E-08  1.146E-07  6.001E-07
                2.357E-07  9.538E-08  3.493E-07  1.032E-06  2.798E-06  1.518E-07
                2.388E-07  1.764E-07  1.566E-07  2.073E-07  3.043E-07  1.095E-07
                4.296E-08  1.229E-07  2.329E-06  2.549E-07  6.168E-07  8.210E-06
                8.223E-08  2.982E-08  1.880E-07  5.449E-07  1.257E-06  1.461E-07
                2.196E-07  2.820E-07  1.033E-08  2.988E-08  7.007E-08  3.638E-08
                1.196E-06  3.710E-07  6.019E-07  3.747E-07  2.234E-06  1.701E-08
                3.206E-08  1.922E-07  3.125E-08  2.238E-06  2.054E-07
1.53544299E+02  2.252E-03  7.258E-04  2.370E-03  2.019E-04  9.923E-04  6.383E-03
                7.466E-04  9.307E-07  5.979E-05  2.165E-05  9.144E-07  3.348E-03
                1.336E-06  6.791E-05  9.846E-06  3.336E-07  5.815E-07  8.508E-07
                3.988E-07  1.077E-06  6.802E-07  5.036E-08  7.457E-07  4.624E-07
                8.411E-07  9.365E-07  6.565E-07  4.059E-07  1.123E-06  1.219E-06
                8.581E-07  1.267E-07  2.676E-06  1.214E-06  1.305E-07  8.198E-07
                5.034E-10  5.549E-08  2.947E-07  1.167E-06  3.198E-06  1.732E-07
                1.406E-06  7.777E-08  9.248E-08  9.802E-08  1.252E-07  1.674E-06
                7.163E-06  1.696E-08  3.739E-07  5.734E-07  3.045E-08  2.809E-08
                6.810E-07  2.101E-07  1.936E-07  3.893E-06  1.358E-06  6.455E-07
                3.977E-07  1.355E-09  3.714E-09  2.165E-10  9.025E-08  4.355E-07
                5.376E-08  5.226E-08  3.039E-07  1.010E-06  1.709E-06  2.604E-06
                9.722E-07  4.090E-07  3.900E-08  1.095E-07  2.146E-07  6.059E-08
                1.613E-07  2.345E-08  5.813E-07  1.596E-06  2.668E-07  8.136E-08
                1.583E-06  7.052E-06  7.476E-11  4.681E-10  1.012E-09  9.489E-10
                1.891E-10  5.222E-08  3.296E-07  6.959E-07  1.471E-07  3.274E-08
                5.218E-07  1.571E-06  5.678E-07  3.233E-06  1.225E-08  5.911E-08
                1.480E-07  3.136E-07  5.525E-08  2.060E-08  6.342E-08  1.681E-07
                2.318E-08  3.645E-07  2.041E-06  5.432E-07  1.074E-06  1.520E-08
                1.296E-05  4.123E-07  3.169E-07  2.244E-07  1.395E-08  9.272E-08
                2.306E-07  2.352E-07  3.905E-06  2.548E-07  2.788E-07  1.462E-06
                2.081E-07  8.707E-08  1.265E-06  7.752E-06  4.289E-07  1.129E-06
                8.795E-07  2.935E-08  6.959E-08  1.274E-07  1.496E-07  1.842E-08
                5.769E-08  1.439E-07  3.429E-07  1.053E-07  2.073E-08  1.343E-07
                6.148E-07  2.631E-06  5.833E-08  7.076E-08  2.699E-07  6.841E-07
                1.305E-07  2.847E-06  1.237E-06  1.435E-07  2.021E-07  3.506E-08
                1.671E-06  2.052E-07  4.018E-08  3.559E-07  1.228E-07  7.396E-08
                2.869E-07  3.477E-07  9.301E-07  4.290E-06  1.003E-07  1.049E-07
                5.131E-08  1.792E-08  9.487E-08  5.247E-08  8.886E-08  4.333E-07
                1.825E-07  7.421E-08  2.743E-07  8.108E-07  2.185E-06  1.265E-07
                1.920E-07  1.317E-07  1.107E-07  1.516E-07  2.193E-07  7.805E-08
                3.706E-08  8.996E-08  1.969E-06  1.816E-07  5.141E-07  6.939E-06
                6.107E-08  2.143E-08  1.390E-07  3.970E-07  9.224E-07  1.106E-07
                1.653E-07  2.073E-07  7.505E-09  2.151E-08  4.951E-08  2.793E-08
                9.623E-07  2.969E-07  4.781E-07  2.916E-07  1.784E-06  1.235E-08
                2.323E-08  1.536E-07  2.373E-08  1.804E-06  1.631E-07
1.67152299E+02  1.646E-03  5.275E-04  1.724E-03  1.459E-04  7.181E-04  4.997E-03
                5.845E-04  7.408E-07  4.713E-05  1.684E-05  6.545E-07  2.670E-03
                9.358E-07  4.702E-05  6.814E-06  2.144E-07  3.865E-07  6.714E-07
                2.579E-07  8.401E-07  5.071E-07  4.047E-08  6.182E-07  2.462E-07
                4.659E-07  5.368E-07  4.058E-07  2.740E-07  7.969E-07  8.575E-07
                5.108E-07  9.384E-08  2.152E-06  8.439E-07  9.050E-08  6.109E-07
                3.649E-10  3.775E-08  2.072E-07  8.626E-07  2.357E-06  1.282E-07
                1.050E-06  7.176E-08  8.412E-08  8.670E-08  9.922E-08  1.466E-06
                5.441E-06  1.311E-08  3.063E-07  4.999E-07  2.261E-08  2.398E-08
                4.961E-07  1.512E-07  1.608E-07  3.222E-06  1.016E-06  4.605E-07
                2.856E-07  1.053E-09  3.157E-09  1.579E-10  7.016E-08  2.943E-07
                4.095E-08  3.892E-08  2.274E-07  7.609E-07  1.279E-06  1.981E-06
                7.448E-07  3.101E-07  3.152E-08  8.286E-08  1.569E-07  3.936E-08
                1.274E-07  1.812E-08  4.583E-07  1.262E-06  1.911E-07  6.046E-08
                1.235E-06  5.518E-06  5.682E-11  3.598E-10  7.822E-10  7.302E-10
                1.218E-10  4.096E-08  2.656E-07  5.481E-07  1.241E-07  3.149E-08
                4.160E-07  1.232E-06  4.481E-07  2.523E-06  9.884E-09  4.875E-08
                1.170E-07  2.488E-07  5.617E-08  1.932E-08  5.100E-08  1.347E-07
                1.783E-08  2.964E-07  1.573E-06  4.199E-07  8.048E-07  1.159E-08
                9.662E-06  3.339E-07  2.381E-07  1.767E-07  1.089E-08  7.089E-08
                1.776E-07  1.829E-07  3.091E-06  2.000E-07  2.201E-07  1.091E-06
                1.587E-07  6.273E-08  9.517E-07  5.848E-06  3.301E-07  8.745E-07
                7.156E-07  1.966E-08  4.683E-08  8.612E-08  9.804E-08  1.267E-08
                3.891E-08  9.632E-08  2.297E-07  8.335E-08  1.508E-08  1.026E-07
                4.770E-07  2.058E-06  3.999E-08  5.637E-08  2.076E-07  5.109E-07
                9.911E-08  2.231E-06  9.679E-07  1.117E-07  1.539E-07  2.503E-08
                1.324E-06  1.457E-07  2.812E-08  2.506E-07  9.227E-08  6.110E-08
                2.407E-07  2.831E-07  7.318E-07  3.309E-06  6.651E-08  7.465E-08
                3.611E-08  1.232E-08  7.854E-08  4.044E-08  6.850E-08  3.656E-07
                1.425E-07  5.341E-08  2.076E-07  6.287E-07  1.712E-06  9.529E-08
                1.498E-07  9.676E-08  7.948E-08  1.144E-07  1.667E-07  5.392E-08
                3.288E-08  6.364E-08  1.478E-06  1.562E-07  3.883E-07  5.161E-06
                4.870E-08  1.691E-08  9.854E-08  2.886E-07  6.792E-07  7.910E-08
                1.171E-07  1.491E-07  7.274E-09  2.440E-08  3.427E-08  2.045E-08
                7.674E-07  2.350E-07  3.703E-07  2.215E-07  1.393E-06  9.192E-09
                1.784E-08  1.219E-07  1.793E-08  1.420E-06  1.284E-07
1.80760299E+02  1.341E-03  4.339E-04  1.413E-03  1.210E-04  5.944E-04  4.261E-03
                4.983E-04  6.247E-07  3.966E-05  1.387E-05  4.512E-07  2.231E-03
                7.024E-07  3.906E-05  5.652E-06  1.854E-07  3.264E-07  5.785E-07
                1.977E-07  6.634E-07  3.343E-07  3.037E-08  4.056E-07  3.280E-07
                5.806E-07  6.398E-07  4.675E-07  1.748E-07  5.283E-07  5.599E-07
                5.488E-07  6.152E-08  1.592E-06  7.090E-07  6.157E-08  4.268E-07
                2.111E-10  2.646E-08  1.361E-07  7.052E-07  1.906E-06  1.004E-07
                8.086E-07  6.397E-08  7.426E-08  7.522E-08  8.056E-08  1.259E-06
                4.218E-06  9.844E-09  2.555E-07  4.282E-07  1.812E-08  1.909E-08
                3.859E-07  1.134E-07  1.283E-07  2.693E-06  7.578E-07  3.164E-07
                2.058E-07  7.652E-10  2.533E-09  1.114E-10  6.015E-08  2.453E-07
                2.962E-08  2.987E-08  1.655E-07  5.483E-07  9.117E-07  1.612E-06
                5.580E-07  2.236E-07  2.245E-08  6.077E-08  1.233E-07  3.218E-08
                7.786E-08  1.213E-08  2.725E-07  7.449E-07  1.450E-07  4.507E-08
                9.326E-07  4.109E-06  4.628E-11  2.887E-10  6.059E-10  5.342E-10
                9.874E-11  2.407E-08  1.575E-07  3.435E-07  1.010E-07  2.361E-08
                3.519E-07  1.053E-06  3.333E-07  1.911E-06  7.147E-09  3.647E-08
                8.480E-08  1.801E-07  4.984E-08  1.470E-08  3.360E-08  9.123E-08
                1.301E-08  2.075E-07  9.713E-07  2.631E-07  7.176E-07  9.436E-09
                8.702E-06  2.526E-07  1.922E-07  1.370E-07  7.924E-09  5.017E-08
                1.311E-07  1.297E-07  2.153E-06  1.314E-07  1.485E-07  8.557E-07
                1.212E-07  4.544E-08  8.512E-07  5.311E-06  2.128E-07  5.570E-07
                4.327E-07  1.522E-08  3.619E-08  6.639E-08  7.367E-08  9.904E-09
                3.044E-08  7.554E-08  1.804E-07  6.151E-08  1.245E-08  8.390E-08
                3.892E-07  1.682E-06  3.596E-08  3.984E-08  1.471E-07  4.069E-07
                7.770E-08  1.807E-06  7.835E-07  9.023E-08  1.305E-07  2.002E-08
                1.060E-06  1.246E-07  2.144E-08  1.817E-07  6.655E-08  4.494E-08
                1.946E-07  1.646E-07  5.291E-07  2.938E-06  4.877E-08  5.717E-08
                2.750E-08  9.357E-09  4.895E-08  3.280E-08  5.573E-08  2.337E-07
                1.156E-07  4.106E-08  1.656E-07  5.094E-07  1.386E-06  8.488E-08
                1.255E-07  6.923E-08  5.768E-08  8.055E-08  1.167E-07  4.045E-08
                2.639E-08  4.910E-08  1.319E-06  1.007E-07  3.431E-07  4.614E-06
                3.626E-08  1.207E-08  6.991E-08  2.127E-07  5.151E-07  5.428E-08
                8.303E-08  1.090E-07  5.583E-09  2.137E-08  2.634E-08  1.688E-08
                6.322E-07  1.930E-07  3.038E-07  1.758E-07  1.135E-06  7.226E-09
                1.405E-08  9.959E-08  1.407E-08  1.171E-06  1.029E-07
1.94368299E+02  9.350E-04  3.029E-04  9.874E-04  8.457E-05  4.164E-04  3.639E-03
                4.255E-04  2.893E-07  3.428E-05  1.126E-05  3.265E-07  1.990E-03
                5.315E-07  3.084E-05  4.481E-06  1.255E-07  2.290E-07  4.854E-07
                1.359E-07  5.486E-07  2.480E-07  2.531E-08  3.523E-07  1.888E-07
                3.427E-07  3.890E-07  3.040E-07  1.185E-07  3.778E-07  4.154E-07
                3.407E-07  4.473E-08  1.120E-06  4.887E-07  3.963E-08  2.971E-07
                1.818E-10  1.918E-08  1.056E-07  4.671E-07  1.265E-06  6.586E-08
                5.383E-07  5.809E-08  6.640E-08  6.458E-08  6.088E-08  1.118E-06
                2.935E-06  7.073E-09  2.159E-07  3.789E-07  1.369E-08  1.301E-08
                2.528E-07  7.498E-08  1.082E-07  2.297E-06  5.744E-07  2.266E-07
                1.425E-07  7.035E-10  2.252E-09  8.935E-11  4.468E-08  1.503E-07
                2.162E-08  2.087E-08  1.209E-07  3.986E-07  6.515E-07  1.221E-06
                4.772E-07  2.075E-07  1.814E-08  4.175E-08  8.396E-08  1.862E-08
                6.731E-08  1.039E-08  2.392E-07  6.544E-07  9.750E-08  3.138E-08
                6.557E-07  2.909E-06  3.468E-11  2.184E-10  4.606E-10  4.071E-10
                6.865E-11  2.066E-08  1.332E-07  2.841E-07  7.984E-08  1.904E-08
                2.754E-07  8.211E-07  2.345E-07  1.336E-06  5.748E-09  3.031E-08
                6.668E-08  1.397E-07  5.107E-08  1.492E-08  2.918E-08  7.666E-08
                1.071E-08  1.725E-07  9.597E-07  2.599E-07  5.104E-07  7.197E-09
                6.162E-06  1.984E-07  1.485E-07  1.094E-07  6.495E-09  4.059E-08
                1.030E-07  1.028E-07  1.582E-06  1.231E-07  1.403E-07  6.116E-07
                8.582E-08  3.585E-08  6.146E-07  3.810E-06  2.008E-07  5.340E-07
                3.684E-07  1.162E-08  2.746E-08  5.017E-08  5.492E-08  7.333E-09
                2.309E-08  5.772E-08  1.387E-07  4.749E-08  9.241E-09  6.360E-08
                2.959E-07  1.286E-06  2.559E-08  3.483E-08  1.299E-07  2.902E-07
                5.469E-08  1.366E-06  5.900E-07  6.772E-08  1.049E-07  1.500E-08
                8.060E-07  9.003E-08  1.468E-08  1.339E-07  5.020E-08  3.661E-08
                1.591E-07  1.540E-07  4.337E-07  2.203E-06  3.550E-08  4.333E-08
                2.114E-08  7.105E-09  4.931E-08  2.503E-08  4.205E-08  2.416E-07
                8.631E-08  3.170E-08  1.271E-07  3.873E-07  1.050E-06  6.301E-08
                9.442E-08  5.672E-08  4.213E-08  6.401E-08  9.158E-08  2.984E-08
                2.495E-08  3.728E-08  9.942E-07  1.007E-07  2.571E-07  3.437E-06
                2.817E-08  9.727E-09  5.735E-08  1.608E-07  3.808E-07  4.837E-08
                7.040E-08  8.525E-08  4.029E-09  1.255E-08  1.729E-08  1.244E-08
                5.074E-07  1.534E-07  2.371E-07  1.355E-07  8.989E-07  5.251E-09
                1.005E-08  8.060E-08  1.127E-08  9.316E-07  8.189E-08
