          16           7
         215          13           1           1
           0          -4           0          -4           0          -6           0          -2           0          -4           0           6           0           4           0           2           0           4           0           6           0           2           0           4           0           2           0          -4           0          -2           0           2           0           4           0           6           0           2           0           4           0           6           0           4           0          -2           0          -2           0          -4           0          -6           0          -8           0          -2           0          -4           0          -6           0          -4           0           2           0          -4           0          -6           0          -2           0          -4           0          -6           0          -6           0          -8           0          -4           0          -6           0          -2           0          -4           0           4           0           6           0           8           0          10           0           4           0          -4           0           2           0           6           0           4           0           8           0           2           0          -4           0          -2           0           6           0           6           0           4           0           2           0           8           0           4           0           6           0           8           0           4           0           6           0           8           0          10           0           4           0           6           0           8           0           6           0           4           0           2           0           6           0           2           0           4           0           2           0          -4           0          -2           0          -6           0          -8           0           6           0           4           0          -4           0          -6           0          -2           0          -4           0          -6           0          -8           0         -10           0          -2           0          -4           0          -6           0          -4           0          -2           0          -6           0          -8           0          -2           0          -4           0           2           0           4           0           6           0           8           0           4           0           4           0           6           0           8           0           2           0          10           0           8           0           6           0           4           0           2           0           6           0           6           0           4           0           4           0           2           0           4           0           6           0           8           0          -4           0           2           0           4           0          -6           0          -4           0           2           0           4           0           6           0           4           0           6           0          -2           0          -4           0          -6           0          -8           0         -10           0          -6           0          -8           0         -10           0         -12           0           2           0          -2           0          -4           0          -6           0          -8           0          -2           0          -8           0         -10           0          -4           0          -2           0          -6           0          -4           0          -2           0          -4           0          -2           0          -4           0          -6           0          -4           0          -8           0          -6           0           2           0           4           0           2           0           4           0           6           0         -10           0          -8           0          -6           0          -4           0           6           0          -2           0          -4           0           8           0          -6           0          -2           0          -4           0          -6           0          -8           0           4           0           6           0          -4           0          -6           0          -6           0          -8           0          -2           0           2           0          -4           0           4           0           6           0           4           0           4           0           2           0           2           0          -4           0          -6           0          -8           0          -2           0          -4           0          -6           0          -8           0         -10           0          -8           0          -6           0          -4           0          -2           0          -2           0          -4           0          -6           0          -6           0          -8           0          -4           0          -2           0          -6           0          -4
    0.000000E+00    9.645106E-03    9.843162E-03    1.435602E-02    1.458263E-02
    4.247197E-02    4.320385E-02    4.360158E-02    5.944295E-02    5.948713E-02
    6.922989E-02    7.316769E-02    7.411300E-02    1.134727E-01    1.147319E-01
    2.354040E-01    2.358931E-01    2.366026E-01    2.382857E-01    2.391328E-01
    2.438023E-01    2.438287E-01    2.461520E-01    2.471700E-01    2.474363E-01
    2.479076E-01    2.485433E-01    2.486026E-01    2.487216E-01    2.491410E-01
    2.502551E-01    2.507374E-01    2.510783E-01    2.511300E-01    2.524691E-01
    2.524772E-01    2.554279E-01    2.561102E-01    2.563381E-01    2.591442E-01
    2.591854E-01    2.609226E-01    2.615363E-01    2.619649E-01    2.622131E-01
    2.625883E-01    2.631076E-01    2.632646E-01    2.633261E-01    2.634365E-01
    2.637297E-01    2.638533E-01    2.640096E-01    2.643758E-01    2.644930E-01
    2.645338E-01    2.648466E-01    2.652759E-01    2.655531E-01    2.656939E-01
    2.657640E-01    2.676748E-01    2.677713E-01    2.679166E-01    2.688115E-01
    2.690337E-01    2.711118E-01    2.712141E-01    2.720014E-01    2.721113E-01
    2.724223E-01    2.724984E-01    2.725578E-01    2.726085E-01    2.727219E-01
    2.737570E-01    2.740430E-01    2.746587E-01    2.763855E-01    2.763956E-01
    2.763957E-01    2.764682E-01    2.789238E-01    2.791446E-01    2.808157E-01
    2.808428E-01    2.816082E-01    2.816156E-01    2.816277E-01    2.816445E-01
    2.816660E-01    2.832213E-01    2.832636E-01    2.833497E-01    2.872720E-01
    2.872722E-01    2.872783E-01    2.873017E-01    2.873787E-01    2.874354E-01
    2.875828E-01    2.876419E-01    2.877951E-01    2.879672E-01    2.884374E-01
    2.885530E-01    2.886000E-01    2.886971E-01    2.887362E-01    2.888178E-01
    2.901974E-01    2.902310E-01    2.934227E-01    2.936053E-01    2.936679E-01
    2.948139E-01    2.948751E-01    2.949134E-01    2.954910E-01    2.955387E-01
    2.955818E-01    2.956302E-01    2.974080E-01    2.974265E-01    2.978254E-01
    2.979930E-01    2.980044E-01    2.981863E-01    2.981951E-01    2.982014E-01
    2.986863E-01    2.989406E-01    2.997979E-01    3.013547E-01    3.014398E-01
    3.015665E-01    3.017420E-01    3.025165E-01    3.025355E-01    3.025686E-01
    3.026262E-01    3.032771E-01    3.036433E-01    3.036673E-01    3.036996E-01
    3.037196E-01    3.041292E-01    3.046134E-01    3.046301E-01    3.048276E-01
    3.048611E-01    3.049614E-01    3.051740E-01    3.052844E-01    3.060373E-01
    3.062721E-01    3.065126E-01    3.067251E-01    3.072820E-01    3.083217E-01
    3.083847E-01    3.085481E-01    3.086063E-01    3.093086E-01    3.093690E-01
    3.093750E-01    3.093804E-01    3.094500E-01    3.095030E-01    3.095365E-01
    3.096086E-01    3.096683E-01    3.098305E-01    3.098337E-01    3.100372E-01
    3.110986E-01    3.111053E-01    3.111248E-01    3.111449E-01    3.124031E-01
    3.124222E-01    3.126400E-01    3.132139E-01    3.132929E-01    3.134326E-01
    3.163175E-01    3.165548E-01    3.167011E-01    3.167161E-01    3.173537E-01
    3.174815E-01    3.194473E-01    3.198310E-01    3.206567E-01    3.235572E-01
    3.235827E-01    3.236877E-01    3.236885E-01    3.238034E-01    3.239013E-01
    3.239634E-01    3.240075E-01    3.245628E-01    3.245933E-01    3.263728E-01
    3.264517E-01    3.271738E-01    3.284075E-01    3.287843E-01    3.314323E-01
    3.314556E-01    3.324856E-01    3.325179E-01    3.327131E-01    3.333147E-01
           0           4           0           1
  -28.010499495533246               13
4.05978995E+01  1.312E-01  4.308E-02  1.402E-01  1.204E-02  5.967E-02  9.134E-02
                1.077E-02  5.996E-05  8.700E-04  6.611E-04  1.798E-04  3.762E-02
                7.813E-05  2.627E-03  3.783E-04
5.42058995E+01  5.769E-02  1.877E-02  6.129E-02  5.262E-03  2.564E-02  5.393E-02
                6.319E-03  2.788E-05  5.233E-04  3.250E-04  4.308E-05  2.513E-02
                5.692E-05  1.340E-03  1.970E-04  1.580E-05  2.490E-05  2.263E-05
                1.448E-05  2.307E-05  1.101E-05  5.974E-07  2.740E-05  3.020E-06
                7.613E-06  9.930E-06  9.186E-06  1.441E-05  4.121E-05  4.254E-05
                1.696E-05  2.107E-06  1.707E-04  4.534E-05  4.265E-06  3.052E-05
                1.203E-08  3.237E-06  1.681E-05  4.890E-05  1.448E-04  8.809E-06
                6.040E-05  1.505E-05  3.809E-06  1.137E-05  3.123E-05  2.748E-05
                1.588E-04  3.890E-06  1.674E-05  1.234E-05  4.819E-06  2.360E-06
                3.129E-05  9.597E-06  5.805E-06  1.166E-04  5.909E-05  2.645E-05
                3.318E-05  2.550E-08  3.853E-08  6.426E-09  6.865E-06  5.821E-05
                7.998E-06  4.422E-07  8.376E-06  4.977E-05  6.476E-05  2.040E-05
                9.439E-06  5.061E-06  6.509E-06  4.793E-06  3.551E-05  7.194E-06
                2.717E-06  4.880E-07  8.851E-06  2.479E-05  2.334E-05  5.543E-06
                2.690E-05  1.225E-04  1.843E-08  3.478E-08  3.146E-08  4.502E-08
                5.820E-09  7.890E-07  4.818E-06  9.002E-06  1.736E-06  6.933E-07
                5.558E-06  1.744E-05  9.913E-06  5.511E-05  2.279E-07  1.453E-06
                1.481E-06  2.644E-06  8.410E-06  1.685E-06  8.746E-07  2.381E-06
                6.785E-07  5.105E-06  3.917E-05  8.137E-06  1.525E-05  2.061E-07
                1.793E-04  1.228E-05  4.242E-06  4.198E-06  2.023E-07  1.349E-06
                3.372E-06  3.116E-06  1.359E-04  3.331E-06  3.774E-06  2.788E-05
                8.237E-06  2.627E-06  1.577E-05  9.279E-05  6.157E-06  1.373E-05
                1.694E-05  2.352E-06  3.856E-06  6.442E-06  1.246E-05  8.985E-07
                2.734E-06  7.915E-06  2.299E-05  2.010E-06  1.175E-06  3.371E-06
                1.419E-05  5.580E-05  1.750E-06  6.723E-06  2.896E-05  6.237E-06
                1.011E-06  4.918E-05  2.765E-05  4.503E-06  4.916E-06  8.401E-07
                2.113E-05  9.750E-06  3.540E-06  5.456E-06  4.869E-06  2.715E-06
                3.348E-05  3.655E-05  1.699E-05  7.205E-05  4.910E-06  5.583E-06
                3.767E-06  1.712E-06  9.340E-06  1.354E-06  1.961E-06  4.646E-05
                2.525E-06  3.648E-06  8.307E-06  1.439E-05  3.397E-05  7.487E-06
                4.407E-05  4.254E-06  4.392E-06  8.047E-06  1.422E-05  2.525E-06
                1.331E-06  3.681E-06  1.283E-04  1.865E-05  5.299E-05  7.138E-05
                1.041E-06  6.013E-07
6.78138995E+01  3.036E-02  9.746E-03  3.181E-02  2.704E-03  1.325E-02  3.580E-02
                4.195E-03  1.461E-05  3.456E-04  1.841E-04  2.025E-05  1.710E-02
                2.082E-05  7.341E-04  1.067E-04  7.061E-06  1.138E-05  1.067E-05
                8.177E-06  1.333E-05  8.665E-06  4.874E-07  1.073E-05  1.738E-06
                4.011E-06  4.783E-06  3.447E-06  7.822E-06  2.077E-05  2.208E-05
                8.071E-06  1.659E-06  6.573E-05  1.970E-05  2.167E-06  1.429E-05
                6.916E-09  1.317E-06  7.792E-06  2.181E-05  6.359E-05  3.494E-06
                2.567E-05  3.742E-07  7.643E-07  1.367E-06  3.218E-06  6.121E-06
                8.900E-05  4.397E-07  4.335E-06  2.689E-06  8.244E-07  5.066E-07
                1.382E-05  4.476E-06  2.076E-06  3.576E-05  2.429E-05  1.331E-05
                8.377E-06  1.273E-08  2.055E-08  2.065E-09  1.843E-06  1.585E-05
                6.387E-07  1.253E-07  4.086E-06  1.360E-05  2.642E-05  1.520E-05
                6.042E-06  2.698E-06  8.141E-07  1.955E-06  4.993E-06  2.281E-06
                1.666E-06  2.440E-07  6.002E-06  1.677E-05  6.179E-06  1.328E-06
                1.646E-05  7.370E-05  7.347E-10  3.991E-09  9.021E-09  1.027E-08
                2.861E-09  5.504E-07  3.326E-06  6.680E-06  8.305E-07  2.545E-07
                2.445E-06  6.817E-06  5.879E-06  3.291E-05  8.850E-08  4.981E-07
                1.020E-06  2.122E-06  1.035E-06  2.796E-07  5.028E-07  1.344E-06
                2.314E-07  2.854E-06  1.850E-05  4.678E-06  8.436E-06  1.187E-07
                1.007E-04  2.867E-06  2.247E-06  1.475E-06  1.226E-07  7.398E-07
                1.710E-06  1.562E-06  4.301E-05  1.700E-06  1.799E-06  1.453E-05
                2.111E-06  7.204E-07  8.846E-06  5.408E-05  3.646E-06  9.199E-06
                8.962E-06  5.345E-07  1.314E-06  2.475E-06  3.570E-06  2.556E-07
                9.551E-07  2.546E-06  6.206E-06  1.070E-06  2.873E-07  1.365E-06
                5.339E-06  2.001E-05  8.447E-07  2.274E-06  9.888E-06  6.451E-06
                1.259E-06  2.236E-05  9.771E-06  1.241E-06  2.198E-06  5.617E-07
                1.209E-05  3.571E-06  8.649E-07  6.200E-06  2.012E-06  5.622E-07
                2.534E-06  3.820E-06  8.493E-06  3.489E-05  2.127E-06  1.729E-06
                8.866E-07  3.327E-07  9.278E-07  5.604E-07  1.023E-06  3.623E-06
                1.962E-06  9.540E-07  2.539E-06  6.120E-06  1.552E-05  9.611E-07
                1.242E-06  2.185E-06  2.361E-06  2.939E-06  4.686E-06  1.215E-06
                2.027E-07  1.333E-06  1.147E-05  1.629E-06  3.078E-06  3.705E-05
                3.527E-07  2.165E-07  4.184E-06  8.830E-06  1.667E-05  3.746E-06
                4.767E-06  4.792E-06  4.143E-07  6.714E-07  7.932E-07  6.402E-07
                4.407E-06  1.548E-06  2.663E-06  2.748E-06  1.220E-05  2.014E-07
                4.665E-07  1.054E-06  3.286E-07  8.420E-06  9.012E-07
8.14218995E+01  1.744E-02  5.579E-03  1.823E-02  1.544E-03  7.575E-03  2.508E-02
                2.937E-03  8.070E-06  2.397E-04  1.152E-04  1.072E-05  1.233E-02
                1.180E-05  4.431E-04  6.422E-05  3.936E-06  6.443E-06  6.296E-06
                4.791E-06  8.306E-06  5.899E-06  3.333E-07  5.533E-06  1.169E-06
                2.575E-06  3.015E-06  1.988E-06  4.549E-06  1.158E-05  1.252E-05
                4.626E-06  1.127E-06  3.027E-05  1.045E-05  1.269E-06  7.777E-06
                4.670E-09  6.681E-07  3.920E-06  1.107E-05  3.222E-05  1.764E-06
                1.339E-05  2.060E-07  3.743E-07  6.230E-07  1.456E-06  4.181E-06
                5.240E-05  2.160E-07  2.142E-06  1.685E-06  3.969E-07  2.469E-07
                7.099E-06  2.323E-06  1.115E-06  1.883E-05  1.254E-05  7.069E-06
                4.318E-06  7.796E-09  1.370E-08  1.420E-09  7.722E-07  6.239E-06
                3.825E-07  1.630E-07  2.381E-06  7.940E-06  1.489E-05  1.135E-05
                4.300E-06  1.847E-06  4.038E-07  1.005E-06  2.216E-06  9.160E-07
                1.098E-06  1.490E-07  4.055E-06  1.126E-05  2.898E-06  7.060E-07
                1.028E-05  4.586E-05  4.031E-10  2.380E-09  5.540E-09  6.191E-09
                1.592E-09  3.806E-07  2.247E-06  4.634E-06  5.394E-07  1.374E-07
                1.767E-06  5.149E-06  3.621E-06  2.057E-05  5.507E-08  2.712E-07
                6.779E-07  1.421E-06  2.284E-07  9.841E-08  3.503E-07  9.011E-07
                1.362E-07  1.851E-06  1.216E-05  3.149E-06  5.237E-06  8.205E-08
                6.300E-05  2.027E-06  1.530E-06  9.959E-07  6.088E-08  4.709E-07
                1.126E-06  1.061E-06  2.648E-05  1.194E-06  1.270E-06  9.386E-06
                1.372E-06  4.613E-07  5.709E-06  3.467E-05  2.438E-06  6.325E-06
                6.014E-06  2.484E-07  6.078E-07  1.148E-06  1.619E-06  1.462E-07
                5.231E-07  1.349E-06  3.206E-06  7.007E-07  1.534E-07  7.638E-07
                3.102E-06  1.212E-05  4.543E-07  9.079E-07  3.649E-06  4.267E-06
                8.182E-07  1.340E-05  5.893E-06  7.209E-07  1.243E-06  3.128E-07
                7.560E-06  1.796E-06  4.478E-07  3.353E-06  1.119E-06  3.388E-07
                1.317E-06  2.331E-06  5.281E-06  2.066E-05  1.016E-06  7.932E-07
                3.822E-07  1.363E-07  5.495E-07  2.953E-07  5.229E-07  2.195E-06
                9.727E-07  4.987E-07  1.466E-06  3.866E-06  1.026E-05  5.801E-07
                7.241E-07  1.128E-06  1.097E-06  1.354E-06  2.131E-06  7.040E-07
                1.062E-07  7.221E-07  7.918E-06  1.022E-06  2.141E-06  2.678E-05
                2.369E-07  1.154E-07  1.779E-06  4.077E-06  8.121E-06  1.543E-06
                2.070E-06  2.220E-06  1.131E-07  1.668E-07  4.938E-07  2.436E-07
                3.406E-06  1.088E-06  1.855E-06  1.521E-06  7.410E-06  1.040E-07
                1.890E-07  6.087E-07  1.482E-07  6.798E-06  6.870E-07
9.50298995E+01  1.080E-02  3.460E-03  1.130E-02  9.583E-04  4.702E-03  1.829E-02
                2.141E-03  4.970E-06  1.736E-04  7.747E-05  6.042E-06  9.135E-03
                7.187E-06  2.847E-04  4.125E-05  2.226E-06  3.699E-06  3.799E-06
                2.792E-06  5.183E-06  3.880E-06  2.239E-07  3.370E-06  8.638E-07
                1.828E-06  2.120E-06  1.357E-06  2.784E-06  6.997E-06  7.640E-06
                2.916E-06  7.397E-07  1.627E-05  6.132E-06  7.903E-07  4.670E-06
                2.993E-09  3.796E-07  2.179E-06  6.351E-06  1.839E-05  1.008E-06
                7.796E-06  1.477E-07  2.311E-07  3.435E-07  7.527E-07  3.525E-06
                3.296E-05  1.220E-07  1.340E-06  1.321E-06  2.212E-07  1.394E-07
                4.069E-06  1.329E-06  7.211E-07  1.246E-05  7.351E-06  4.096E-06
                2.498E-06  5.033E-09  9.868E-09  9.861E-10  4.133E-07  3.104E-06
                2.499E-07  1.534E-07  1.491E-06  4.999E-06  9.165E-06  8.449E-06
                3.148E-06  1.321E-06  2.319E-07  6.036E-07  1.228E-06  4.564E-07
                7.593E-07  1.006E-07  2.817E-06  7.804E-06  1.607E-06  4.258E-07
                6.798E-06  3.041E-05  2.660E-10  1.610E-09  3.705E-09  3.990E-09
                9.109E-10  2.635E-07  1.587E-06  3.259E-06  3.920E-07  9.182E-08
                1.342E-06  3.978E-06  2.424E-06  1.371E-05  4.112E-08  1.934E-07
                5.083E-07  1.073E-06  1.078E-07  6.186E-08  2.521E-07  6.472E-07
                9.019E-08  1.326E-06  8.423E-06  2.187E-06  3.561E-06  5.582E-08
                4.284E-05  1.466E-06  1.087E-06  7.264E-07  4.651E-08  3.493E-07
                8.334E-07  8.241E-07  1.780E-05  8.883E-07  9.451E-07  6.173E-06
                8.998E-07  3.306E-07  3.974E-06  2.401E-05  1.726E-06  4.498E-06
                4.191E-06  1.365E-07  3.327E-07  6.267E-07  8.532E-07  8.125E-08
                2.785E-07  7.105E-07  1.684E-06  4.629E-07  9.256E-08  4.949E-07
                2.083E-06  8.378E-06  2.743E-07  3.821E-07  1.533E-06  2.819E-06
                5.415E-07  9.193E-06  4.037E-06  4.829E-07  7.885E-07  1.863E-07
                5.394E-06  1.039E-06  2.516E-07  1.999E-06  6.344E-07  2.428E-07
                8.875E-07  1.596E-06  3.627E-06  1.373E-05  5.631E-07  4.660E-07
                2.228E-07  7.972E-08  3.736E-07  1.888E-07  3.274E-07  1.520E-06
                6.337E-07  2.986E-07  9.529E-07  2.639E-06  7.083E-06  3.935E-07
                5.322E-07  6.250E-07  6.220E-07  7.345E-07  1.132E-06  4.293E-07
                7.152E-08  4.466E-07  5.682E-06  6.752E-07  1.529E-06  1.972E-05
                1.850E-07  7.985E-08  8.691E-07  2.185E-06  4.613E-06  7.110E-07
                1.006E-06  1.167E-06  4.300E-08  6.321E-08  2.872E-07  1.363E-07
                2.641E-06  8.384E-07  1.425E-06  1.016E-06  5.349E-06  6.250E-08
                1.127E-07  4.528E-07  9.825E-08  5.103E-06  4.843E-07
1.08637899E+02  7.020E-03  2.245E-03  7.338E-03  6.205E-04  3.047E-03  1.363E-02
                1.595E-03  3.295E-06  1.291E-04  5.444E-05  3.730E-06  6.935E-03
                4.585E-06  1.879E-04  2.722E-05  1.325E-06  2.240E-06  2.446E-06
                1.705E-06  3.401E-06  2.597E-06  1.538E-07  2.327E-06  7.092E-07
                1.443E-06  1.665E-06  1.079E-06  1.762E-06  4.463E-06  4.900E-06
                2.015E-06  4.915E-07  9.575E-06  3.879E-06  5.106E-07  2.973E-06
                2.012E-09  2.301E-07  1.297E-06  3.880E-06  1.108E-05  6.105E-07
                4.809E-06  1.111E-07  1.568E-07  2.115E-07  4.271E-07  2.892E-06
                2.171E-05  7.177E-08  9.115E-07  1.043E-06  1.273E-07  8.638E-08
                2.456E-06  8.026E-07  4.946E-07  8.857E-06  4.670E-06  2.556E-06
                1.546E-06  3.714E-09  7.759E-09  6.868E-10  2.515E-07  1.730E-06
                1.721E-07  1.254E-07  9.990E-07  3.356E-06  6.020E-06  6.347E-06
                2.463E-06  1.054E-06  1.427E-07  3.928E-07  7.548E-07  2.538E-07
                5.396E-07  7.170E-08  2.002E-06  5.535E-06  9.833E-07  2.772E-07
                4.617E-06  2.068E-05  1.873E-10  1.160E-09  2.645E-09  2.765E-09
                5.895E-10  1.862E-07  1.128E-06  2.317E-06  3.046E-07  6.982E-08
                1.057E-06  3.152E-06  1.652E-06  9.327E-06  3.153E-08  1.464E-07
                3.879E-07  8.194E-07  7.678E-08  4.592E-08  1.893E-07  4.873E-07
                6.524E-08  1.005E-06  6.409E-06  1.670E-06  2.487E-06  4.062E-08
                2.986E-05  1.096E-06  7.969E-07  5.518E-07  3.597E-08  2.628E-07
                6.242E-07  6.326E-07  1.206E-05  7.000E-07  7.437E-07  4.215E-06
                6.099E-07  2.440E-07  2.833E-06  1.704E-05  1.302E-06  3.417E-06
                2.937E-06  8.952E-08  2.160E-07  4.030E-07  5.274E-07  5.321E-08
                1.771E-07  4.482E-07  1.064E-06  3.217E-07  5.977E-08  3.416E-07
                1.484E-06  6.108E-06  1.752E-07  2.244E-07  8.895E-07  1.930E-06
                3.688E-07  6.694E-06  2.931E-06  3.470E-07  5.297E-07  1.180E-07
                3.943E-06  6.522E-07  1.520E-07  1.300E-06  4.141E-07  1.867E-07
                6.524E-07  1.183E-06  2.651E-06  9.650E-06  3.562E-07  3.124E-07
                1.509E-07  5.381E-08  2.814E-07  1.310E-07  2.248E-07  1.179E-06
                4.466E-07  2.087E-07  6.865E-07  1.924E-06  5.150E-06  2.802E-07
                4.082E-07  4.199E-07  3.916E-07  4.873E-07  7.319E-07  2.774E-07
                6.030E-08  2.932E-07  4.163E-06  5.045E-07  1.116E-06  1.462E-05
                1.456E-07  5.848E-08  5.146E-07  1.355E-06  2.939E-06  4.146E-07
                5.996E-07  7.186E-07  2.343E-08  3.747E-08  1.784E-07  8.443E-08
                2.034E-06  6.409E-07  1.069E-06  7.226E-07  3.980E-06  4.076E-08
                7.544E-08  3.402E-07  6.755E-08  3.876E-06  3.642E-07
1.22245899E+02  4.810E-03  1.544E-03  5.042E-03  4.279E-04  2.102E-03  1.064E-02
                1.245E-03  2.136E-06  1.002E-04  3.986E-05  2.303E-06  5.461E-03
                3.051E-06  1.355E-04  1.963E-05  8.305E-07  1.415E-06  1.660E-06
                1.053E-06  2.270E-06  1.680E-06  1.052E-07  1.546E-06  6.512E-07
                1.252E-06  1.416E-06  9.350E-07  1.106E-06  2.846E-06  3.112E-06
                1.525E-06  3.175E-07  6.083E-06  2.603E-06  3.310E-07  1.944E-06
                1.279E-09  1.439E-07  7.943E-07  2.567E-06  7.230E-06  3.987E-07
                3.186E-06  1.036E-07  1.334E-07  1.606E-07  2.759E-07  2.470E-06
                1.508E-05  4.369E-08  6.698E-07  8.668E-07  7.834E-08  5.723E-08
                1.598E-06  5.137E-07  3.611E-07  6.707E-06  3.061E-06  1.608E-06
                9.863E-07  2.525E-09  5.931E-09  4.755E-10  1.731E-07  1.071E-06
                1.168E-07  1.007E-07  6.705E-07  2.242E-06  3.933E-06  4.778E-06
                1.780E-06  7.422E-07  9.040E-08  2.511E-07  4.870E-07  1.554E-07
                3.623E-07  4.912E-08  1.333E-06  3.677E-06  6.285E-07  1.830E-07
                3.280E-06  1.468E-05  1.385E-10  8.599E-10  1.923E-09  1.934E-09
                4.018E-10  1.228E-07  7.577E-07  1.567E-06  2.399E-07  5.401E-08
                8.423E-07  2.526E-06  1.179E-06  6.673E-06  2.326E-08  1.083E-07
                2.849E-07  6.032E-07  6.536E-08  3.310E-08  1.301E-07  3.401E-07
                4.669E-08  7.134E-07  4.233E-06  1.109E-06  1.913E-06  2.834E-08
                2.303E-05  7.995E-07  5.902E-07  4.104E-07  2.659E-08  1.877E-07
                4.537E-07  4.641E-07  8.471E-06  4.946E-07  5.301E-07  2.990E-06
                4.323E-07  1.781E-07  2.210E-06  1.336E-05  8.805E-07  2.308E-06
                1.995E-06  5.977E-08  1.435E-07  2.664E-07  3.362E-07  3.692E-08
                1.178E-07  2.945E-07  6.980E-07  2.235E-07  4.172E-08  2.498E-07
                1.108E-06  4.626E-06  1.206E-07  1.373E-07  5.345E-07  1.378E-06
                2.648E-07  5.044E-06  2.204E-06  2.583E-07  3.803E-07  7.835E-08
                3.001E-06  4.376E-07  9.775E-08  8.333E-07  2.701E-07  1.358E-07
                4.915E-07  7.659E-07  1.843E-06  7.393E-06  2.300E-07  2.133E-07
                1.031E-07  3.657E-08  1.869E-07  9.643E-08  1.639E-07  7.989E-07
                3.309E-07  1.436E-07  4.994E-07  1.441E-06  3.882E-06  2.177E-07
                3.281E-07  2.731E-07  2.549E-07  3.173E-07  4.718E-07  1.809E-07
                4.993E-08  1.961E-07  3.304E-06  3.417E-07  8.774E-07  1.167E-05
                1.121E-07  4.238E-08  3.107E-07  8.696E-07  1.961E-06  2.416E-07
                3.604E-07  4.535E-07  1.375E-08  2.977E-08  1.175E-07  5.780E-08
                1.600E-06  5.007E-07  8.324E-07  5.366E-07  3.076E-06  2.658E-08
                4.884E-08  2.620E-07  4.670E-08  3.034E-06  2.799E-07
1.35853899E+02  3.358E-03  1.075E-03  3.516E-03  2.972E-04  1.461E-03  8.226E-03
                9.625E-04  1.557E-06  7.761E-05  2.987E-05  1.557E-06  4.292E-03
                2.074E-06  9.378E-05  1.359E-05  5.069E-07  8.855E-07  1.168E-06
                6.570E-07  1.603E-06  1.172E-06  7.688E-08  1.199E-06  4.559E-07
                8.820E-07  1.011E-06  6.969E-07  7.249E-07  1.926E-06  2.104E-06
                1.044E-06  2.200E-07  4.265E-06  1.781E-06  2.229E-07  1.349E-06
                8.906E-10  9.355E-08  5.142E-07  1.765E-06  4.910E-06  2.711E-07
                2.191E-06  8.885E-08  1.095E-07  1.236E-07  1.868E-07  2.064E-06
                1.076E-05  2.862E-08  5.053E-07  7.146E-07  4.925E-08  4.255E-08
                1.073E-06  3.418E-07  2.727E-07  5.185E-06  2.130E-06  1.084E-06
                6.590E-07  1.986E-09  4.927E-09  3.358E-10  1.246E-07  6.865E-07
                8.449E-08  7.442E-08  4.764E-07  1.599E-06  2.773E-06  3.622E-06
                1.403E-06  5.968E-07  6.416E-08  1.802E-07  3.372E-07  9.804E-08
                2.720E-07  3.719E-08  9.971E-07  2.748E-06  4.278E-07  1.289E-07
                2.388E-06  1.070E-05  1.036E-10  6.515E-10  1.451E-09  1.432E-09
                2.737E-10  9.095E-08  5.688E-07  1.168E-06  1.957E-07  4.594E-08
                6.772E-07  2.024E-06  8.632E-07  4.859E-06  1.826E-08  8.557E-08
                2.208E-07  4.687E-07  5.998E-08  2.852E-08  1.017E-07  2.646E-07
                3.457E-08  5.593E-07  3.342E-06  8.800E-07  1.404E-06  2.209E-08
                1.682E-05  6.135E-07  4.448E-07  3.203E-07  2.046E-08  1.420E-07
                3.437E-07  3.559E-07  6.161E-06  3.956E-07  4.242E-07  2.146E-06
                3.109E-07  1.307E-07  1.635E-06  9.889E-06  6.892E-07  1.821E-06
                1.493E-06  4.257E-08  1.017E-07  1.877E-07  2.291E-07  2.627E-08
                8.312E-08  2.075E-07  4.933E-07  1.631E-07  2.962E-08  1.865E-07
                8.441E-07  3.575E-06  8.300E-08  1.020E-07  3.909E-07  9.921E-07
                1.910E-07  3.901E-06  1.699E-06  1.981E-07  2.804E-07  5.375E-08
                2.309E-06  3.028E-07  6.476E-08  5.752E-07  1.931E-07  1.091E-07
                3.924E-07  6.076E-07  1.424E-06  5.546E-06  1.575E-07  1.545E-07
                7.518E-08  2.646E-08  1.540E-07  7.266E-08  1.234E-07  6.797E-07
                2.523E-07  1.073E-07  3.819E-07  1.111E-06  2.996E-06  1.619E-07
                2.529E-07  2.011E-07  1.757E-07  2.343E-07  3.431E-07  1.238E-07
                4.538E-08  1.374E-07  2.481E-06  2.855E-07  6.574E-07  8.747E-06
                8.873E-08  3.263E-08  2.180E-07  6.135E-07  1.394E-06  1.727E-07
                2.562E-07  3.208E-07  1.106E-08  2.782E-08  7.811E-08  3.980E-08
                1.273E-06  3.956E-07  6.427E-07  4.065E-07  2.394E-06  1.897E-08
                3.586E-08  2.056E-07  3.451E-08  2.390E-06  2.209E-07
1.49461899E+02  2.492E-03  8.027E-04  2.620E-03  2.232E-04  1.096E-03  6.729E-03
                7.871E-04  1.118E-06  6.298E-05  2.330E-05  1.026E-06  3.499E-03
                1.466E-06  7.269E-05  1.053E-05  3.649E-07  6.360E-07  9.084E-07
                4.416E-07  1.170E-06  7.704E-07  5.535E-08  8.124E-07  4.670E-07
                8.568E-07  9.564E-07  6.667E-07  4.625E-07  1.265E-06  1.368E-06
                8.982E-07  1.442E-07  3.029E-06  1.326E-06  1.485E-07  9.256E-07
                5.507E-10  6.216E-08  3.321E-07  1.307E-06  3.595E-06  1.961E-07
                1.587E-06  8.403E-08  1.006E-07  1.078E-07  1.413E-07  1.773E-06
                7.957E-06  1.938E-08  4.032E-07  6.082E-07  3.455E-08  3.187E-08
                7.714E-07  2.386E-07  2.121E-07  4.179E-06  1.506E-06  7.232E-07
                4.509E-07  1.403E-09  3.896E-09  2.350E-10  9.887E-08  4.944E-07
                5.982E-08  5.794E-08  3.377E-07  1.125E-06  1.913E-06  2.822E-06
                1.022E-06  4.192E-07  4.374E-08  1.234E-07  2.411E-07  6.917E-08
                1.777E-07  2.538E-08  6.413E-07  1.763E-06  3.001E-07  9.120E-08
                1.768E-06  7.882E-06  8.086E-11  5.059E-10  1.099E-09  1.038E-09
                2.026E-10  5.802E-08  3.684E-07  7.718E-07  1.584E-07  3.619E-08
                5.559E-07  1.669E-06  6.373E-07  3.618E-06  1.330E-08  6.367E-08
                1.607E-07  3.416E-07  5.614E-08  2.145E-08  6.828E-08  1.815E-07
                2.513E-08  3.935E-07  2.125E-06  5.644E-07  1.169E-06  1.634E-08
                1.410E-05  4.542E-07  3.412E-07  2.415E-07  1.501E-08  1.004E-07
                2.504E-07  2.557E-07  4.392E-06  2.680E-07  2.926E-07  1.605E-06
                2.306E-07  9.439E-08  1.371E-06  8.397E-06  4.514E-07  1.186E-06
                9.842E-07  3.082E-08  7.342E-08  1.351E-07  1.597E-07  1.967E-08
                6.088E-08  1.511E-07  3.592E-07  1.173E-07  2.251E-08  1.451E-07
                6.630E-07  2.829E-06  6.409E-08  7.298E-08  2.761E-07  7.502E-07
                1.443E-07  3.071E-06  1.336E-06  1.550E-07  2.182E-07  3.870E-08
                1.815E-06  2.261E-07  4.515E-08  3.910E-07  1.345E-07  7.986E-08
                3.080E-07  3.740E-07  1.002E-06  4.610E-06  1.084E-07  1.123E-07
                5.450E-08  1.902E-08  9.918E-08  5.670E-08  9.607E-08  4.473E-07
                1.976E-07  7.846E-08  2.926E-07  8.710E-07  2.356E-06  1.358E-07
                2.078E-07  1.395E-07  1.221E-07  1.625E-07  2.370E-07  8.570E-08
                3.788E-08  9.806E-08  2.100E-06  1.906E-07  5.507E-07  7.406E-06
                6.650E-08  2.338E-08  1.466E-07  4.293E-07  1.004E-06  1.138E-07
                1.723E-07  2.218E-07  8.250E-09  2.551E-08  5.534E-08  3.042E-08
                1.027E-06  3.175E-07  5.142E-07  3.136E-07  1.907E-06  1.350E-08
                2.530E-08  1.640E-07  2.546E-08  1.925E-06  1.741E-07
1.63069899E+02  1.781E-03  5.717E-04  1.869E-03  1.584E-04  7.796E-04  5.412E-03
                6.330E-04  7.265E-07  5.098E-05  1.810E-05  7.240E-07  2.891E-03
                1.042E-06  5.305E-05  7.694E-06  2.414E-07  4.318E-07  7.143E-07
                2.934E-07  9.005E-07  5.516E-07  4.298E-08  6.654E-07  3.012E-07
                5.624E-07  6.412E-07  4.718E-07  3.086E-07  8.841E-07  9.612E-07
                6.000E-07  1.020E-07  2.232E-06  9.345E-07  1.000E-07  6.587E-07
                4.157E-10  4.249E-08  2.312E-07  9.204E-07  2.516E-06  1.363E-07
                1.116E-06  7.232E-08  8.498E-08  8.787E-08  1.032E-07  1.511E-06
                5.796E-06  1.376E-08  3.221E-07  5.160E-07  2.405E-08  2.406E-08
                5.313E-07  1.633E-07  1.685E-07  3.383E-06  1.104E-06  5.112E-07
                3.122E-07  1.184E-09  3.342E-09  1.762E-10  7.435E-08  3.231E-07
                4.425E-08  4.178E-08  2.473E-07  8.256E-07  1.390E-06  2.141E-06
                8.301E-07  3.554E-07  3.345E-08  8.952E-08  1.699E-07  4.377E-08
                1.396E-07  2.002E-08  5.039E-07  1.385E-06  2.090E-07  6.546E-08
                1.302E-06  5.817E-06  6.122E-11  3.871E-10  8.412E-10  7.885E-10
                1.410E-10  4.493E-08  2.869E-07  5.963E-07  1.285E-07  3.066E-08
                4.427E-07  1.321E-06  4.697E-07  2.654E-06  1.060E-08  5.186E-08
                1.262E-07  2.673E-07  5.536E-08  2.002E-08  5.605E-08  1.472E-07
                1.936E-08  3.208E-07  1.815E-06  4.839E-07  8.596E-07  1.268E-08
                1.032E-05  3.513E-07  2.604E-07  1.908E-07  1.188E-08  7.811E-08
                1.934E-07  1.991E-07  3.260E-06  2.253E-07  2.468E-07  1.178E-06
                1.690E-07  7.032E-08  1.017E-06  6.227E-06  3.766E-07  9.984E-07
                7.686E-07  2.289E-08  5.428E-08  9.939E-08  1.145E-07  1.438E-08
                4.496E-08  1.120E-07  2.676E-07  8.783E-08  1.653E-08  1.106E-07
                5.112E-07  2.201E-06  4.442E-08  6.109E-08  2.298E-07  5.507E-07
                1.056E-07  2.381E-06  1.033E-06  1.194E-07  1.669E-07  2.764E-08
                1.403E-06  1.603E-07  3.092E-08  2.808E-07  1.004E-07  6.524E-08
                2.528E-07  3.166E-07  8.018E-07  3.531E-06  7.695E-08  8.393E-08
                4.102E-08  1.416E-08  8.814E-08  4.347E-08  7.353E-08  4.093E-07
                1.518E-07  6.022E-08  2.269E-07  6.761E-07  1.828E-06  1.023E-07
                1.588E-07  1.085E-07  8.780E-08  1.259E-07  1.819E-07  6.088E-08
                3.485E-08  7.130E-08  1.593E-06  1.712E-07  4.167E-07  5.574E-06
                5.224E-08  1.836E-08  1.131E-07  3.205E-07  7.445E-07  9.209E-08
                1.356E-07  1.680E-07  7.011E-09  2.085E-08  3.777E-08  2.222E-08
                8.207E-07  2.518E-07  3.986E-07  2.411E-07  1.501E-06  1.003E-08
                1.926E-08  1.308E-07  1.971E-08  1.526E-06  1.383E-07
1.76677899E+02  1.441E-03  4.637E-04  1.512E-03  1.288E-04  6.332E-04  4.371E-03
                5.112E-04  7.226E-07  4.087E-05  1.458E-05  5.033E-07  2.296E-03
                7.501E-07  3.978E-05  5.753E-06  1.924E-07  3.412E-07  6.053E-07
                2.112E-07  7.125E-07  3.831E-07  3.333E-08  4.615E-07  2.774E-07
                5.022E-07  5.617E-07  4.180E-07  2.010E-07  6.004E-07  6.328E-07
                5.041E-07  7.085E-08  1.821E-06  7.344E-07  7.028E-08  4.870E-07
                2.425E-10  2.904E-08  1.538E-07  7.686E-07  2.093E-06  1.118E-07
                9.040E-07  6.840E-08  7.981E-08  8.146E-08  8.885E-08  1.326E-06
                4.661E-06  1.114E-08  2.714E-07  4.513E-07  1.981E-08  2.168E-08
                4.297E-07  1.271E-07  1.400E-07  2.854E-06  8.348E-07  3.575E-07
                2.321E-07  8.022E-10  2.687E-09  1.219E-10  6.366E-08  2.627E-07
                3.336E-08  3.296E-08  1.854E-07  6.177E-07  1.031E-06  1.705E-06
                5.865E-07  2.308E-07  2.531E-08  6.811E-08  1.345E-07  3.461E-08
                8.978E-08  1.334E-08  3.167E-07  8.698E-07  1.599E-07  5.028E-08
                1.045E-06  4.626E-06  4.909E-11  3.078E-10  6.548E-10  5.888E-10
                1.008E-10  2.826E-08  1.867E-07  3.968E-07  1.097E-07  2.767E-08
                3.695E-07  1.095E-06  3.768E-07  2.143E-06  7.912E-09  4.007E-08
                9.376E-08  2.002E-07  5.279E-08  1.591E-08  3.760E-08  1.020E-07
                1.424E-08  2.310E-07  1.052E-06  2.834E-07  7.472E-07  9.867E-09
                9.029E-06  2.792E-07  2.019E-07  1.470E-07  8.656E-09  5.505E-08
                1.431E-07  1.438E-07  2.473E-06  1.426E-07  1.600E-07  9.303E-07
                1.342E-07  4.897E-08  8.835E-07  5.500E-06  2.300E-07  6.032E-07
                5.119E-07  1.552E-08  3.710E-08  6.841E-08  7.608E-08  1.033E-08
                3.117E-08  7.677E-08  1.828E-07  6.886E-08  1.302E-08  8.881E-08
                4.133E-07  1.787E-06  3.651E-08  4.445E-08  1.607E-07  4.401E-07
                8.524E-08  1.931E-06  8.376E-07  9.648E-08  1.354E-07  2.122E-08
                1.143E-06  1.295E-07  2.341E-08  1.979E-07  7.425E-08  4.961E-08
                2.099E-07  1.892E-07  5.750E-07  3.052E-06  5.138E-08  6.022E-08
                2.873E-08  9.709E-09  5.363E-08  3.487E-08  5.928E-08  2.525E-07
                1.238E-07  4.300E-08  1.749E-07  5.413E-07  1.481E-06  8.773E-08
                1.337E-07  7.500E-08  6.347E-08  8.949E-08  1.313E-07  4.321E-08
                2.758E-08  5.194E-08  1.353E-06  1.110E-07  3.548E-07  4.731E-06
                3.989E-08  1.332E-08  7.443E-08  2.306E-07  5.583E-07  5.739E-08
                8.729E-08  1.166E-07  6.808E-09  2.673E-08  2.904E-08  1.803E-08
                6.667E-07  2.038E-07  3.210E-07  1.869E-07  1.198E-06  7.828E-09
                1.556E-08  1.051E-07  1.486E-08  1.232E-06  1.094E-07
1.90285899E+02  1.052E-03  3.415E-04  1.113E-03  9.566E-05  4.704E-04  3.919E-03
                4.583E-04  3.516E-07  3.669E-05  1.217E-05  3.599E-07  2.111E-03
                5.968E-07  3.484E-05  5.059E-06  1.472E-07  2.627E-07  5.105E-07
                1.570E-07  5.739E-07  2.623E-07  2.601E-08  3.561E-07  2.700E-07
                4.786E-07  5.312E-07  3.960E-07  1.314E-07  4.121E-07  4.509E-07
                4.506E-07  4.749E-08  1.192E-06  5.704E-07  4.473E-08  3.226E-07
                1.885E-10  2.135E-08  1.121E-07  5.311E-07  1.433E-06  7.400E-08
                5.995E-07  5.724E-08  6.564E-08  6.455E-08  6.369E-08  1.138E-06
                3.244E-06  7.463E-09  2.241E-07  3.860E-07  1.447E-08  1.372E-08
                2.847E-07  8.394E-08  1.100E-07  2.377E-06  6.162E-07  2.477E-07
                1.557E-07  7.491E-10  2.326E-09  9.632E-11  4.925E-08  1.789E-07
                2.314E-08  2.307E-08  1.302E-07  4.280E-07  7.018E-07  1.343E-06
                5.158E-07  2.241E-07  1.847E-08  4.575E-08  9.403E-08  2.281E-08
                6.869E-08  1.102E-08  2.421E-07  6.596E-07  1.096E-07  3.435E-08
                7.105E-07  3.134E-06  3.819E-11  2.387E-10  4.987E-10  4.361E-10
                8.182E-11  2.088E-08  1.336E-07  2.922E-07  8.372E-08  1.829E-08
                2.998E-07  9.043E-07  2.519E-07  1.448E-06  6.038E-09  3.138E-08
                7.069E-08  1.481E-07  4.876E-08  1.444E-08  3.004E-08  7.944E-08
                1.125E-08  1.788E-07  9.980E-07  2.709E-07  5.748E-07  8.111E-09
                6.962E-06  2.078E-07  1.639E-07  1.174E-07  6.883E-09  4.324E-08
                1.105E-07  1.091E-07  1.657E-06  1.281E-07  1.456E-07  6.780E-07
                9.374E-08  3.935E-08  6.895E-07  4.282E-06  2.106E-07  5.574E-07
                3.668E-07  1.351E-08  3.181E-08  5.792E-08  6.400E-08  8.407E-09
                2.674E-08  6.715E-08  1.613E-07  4.960E-08  1.040E-08  7.005E-08
                3.242E-07  1.407E-06  3.008E-08  3.599E-08  1.368E-07  3.229E-07
                6.022E-08  1.493E-06  6.453E-07  7.426E-08  1.148E-07  1.665E-08
                8.712E-07  1.034E-07  1.651E-08  1.478E-07  5.362E-08  3.815E-08
                1.662E-07  1.548E-07  4.603E-07  2.434E-06  4.112E-08  4.887E-08
                2.397E-08  8.160E-09  5.008E-08  2.744E-08  4.622E-08  2.454E-07
                9.453E-08  3.573E-08  1.407E-07  4.253E-07  1.148E-06  7.035E-08
                1.027E-07  6.187E-08  4.618E-08  6.879E-08  9.690E-08  3.339E-08
                2.581E-08  4.153E-08  1.114E-06  1.009E-07  2.868E-07  3.871E-06
                2.993E-08  1.025E-08  6.370E-08  1.780E-07  4.213E-07  5.308E-08
                7.824E-08  9.475E-08  3.858E-09  1.153E-08  1.966E-08  1.392E-08
                5.499E-07  1.668E-07  2.596E-07  1.490E-07  9.813E-07  5.782E-09
                1.087E-08  8.712E-08  1.229E-08  1.017E-06  8.897E-08
2.03893899E+02  7.974E-04  2.548E-04  8.291E-04  7.002E-05  3.451E-04  2.898E-03
                3.391E-04  3.430E-07  2.755E-05  9.317E-06  2.472E-07  1.598E-03
                3.964E-07  2.139E-05  3.101E-06  1.043E-07  1.930E-07  4.535E-07
                1.077E-07  5.022E-07  2.101E-07  2.334E-08  3.014E-07  8.809E-08
                1.708E-07  2.052E-07  1.867E-07  9.086E-08  3.027E-07  3.183E-07
                1.958E-07  3.795E-08  1.109E-06  3.773E-07  3.224E-08  2.609E-07
                1.323E-10  1.460E-08  8.488E-08  4.104E-07  1.109E-06  5.891E-08
                4.845E-07  5.138E-08  5.820E-08  5.702E-08  5.387E-08  1.074E-06
                2.597E-06  7.043E-09  1.995E-07  3.633E-07  1.237E-08  1.430E-08
                2.221E-07  6.502E-08  9.734E-08  2.135E-06  4.947E-07  1.811E-07
                1.186E-07  5.062E-10  2.016E-09  6.957E-11  3.761E-08  1.198E-07
                1.878E-08  1.688E-08  1.032E-07  3.439E-07  5.628E-07  9.730E-07
                3.466E-07  1.356E-07  1.661E-08  3.656E-08  7.183E-08  1.410E-08
                5.356E-08  7.805E-09  1.883E-07  5.196E-07  8.030E-08  2.696E-08
                6.053E-07  2.681E-06  2.885E-11  1.826E-10  3.895E-10  3.465E-10
                4.505E-11  1.658E-08  1.124E-07  2.314E-07  7.830E-08  2.414E-08
                2.346E-07  6.664E-07  2.189E-07  1.229E-06  4.980E-09  2.790E-08
                5.741E-08  1.226E-07  5.750E-08  1.501E-08  2.389E-08  6.457E-08
                9.093E-09  1.498E-07  6.267E-07  1.696E-07  4.250E-07  5.381E-09
                5.100E-06  1.826E-07  1.142E-07  9.042E-08  5.275E-09  3.234E-08
                8.483E-08  8.562E-08  1.476E-06  8.679E-08  1.020E-07  5.160E-07
                7.721E-08  2.598E-08  5.112E-07  3.198E-06  1.347E-07  3.563E-07
                3.177E-07  7.488E-09  1.804E-08  3.356E-08  3.521E-08  5.178E-09
                1.531E-08  3.733E-08  8.922E-08  4.459E-08  7.219E-09  5.257E-08
                2.484E-07  1.085E-06  1.718E-08  3.697E-08  1.279E-07  2.440E-07
                4.833E-08  1.163E-06  5.035E-07  5.760E-08  8.262E-08  1.167E-08
                7.048E-07  6.743E-08  1.199E-08  1.066E-07  4.670E-08  3.236E-08
                1.494E-07  1.161E-07  3.456E-07  1.882E-06  2.364E-08  3.203E-08
                1.501E-08  4.778E-09  3.430E-08  2.076E-08  3.530E-08  1.661E-07
                7.465E-08  2.302E-08  1.013E-07  3.232E-07  8.957E-07  5.199E-08
                8.262E-08  4.683E-08  3.531E-08  5.784E-08  8.801E-08  2.183E-08
                1.989E-08  2.726E-08  7.966E-07  7.611E-08  2.117E-07  2.739E-06
                2.407E-08  7.929E-09  4.265E-08  1.312E-07  3.175E-07  3.527E-08
                5.005E-08  6.526E-08  6.370E-09  2.586E-08  1.577E-08  1.097E-08
                4.201E-07  1.264E-07  1.916E-07  1.093E-07  7.324E-07  4.754E-09
                1.049E-08  6.618E-08  8.835E-09  7.603E-07  6.801E-08
