          16           7
         215          13           1           1
           0          -4           0          -4           0          -6           0          -2           0          -4           0           6           0           4           0           2           0           4           0           6           0           2           0           4           0           2           0          -4           0          -2           0           2           0           4           0           6           0           2           0           4           0           6           0           4           0          -2           0          -2           0          -4           0          -6           0          -8           0          -2           0          -4           0          -6           0          -4           0           2           0          -4           0          -6           0          -2           0          -4           0          -6           0          -6           0          -8           0          -4           0          -6           0          -2           0          -4           0           4           0           6           0           8           0          10           0           4           0          -4           0           2           0           6           0           4           0           8           0           2           0          -4           0          -2           0           6           0           6           0           4           0           2           0           8           0           4           0           6           0           8           0           4           0           6           0           8           0          10           0           4           0           6           0           8           0           6           0           4           0           2           0           6           0           2           0           4           0           2           0          -4           0          -2           0          -6           0          -8           0           6           0           4           0          -4           0          -6           0          -2           0          -4           0          -6           0          -8           0         -10           0          -2           0          -4           0          -6           0          -4           0          -2           0          -6           0          -8           0          -2           0          -4           0           2           0           4           0           6           0           8           0           4           0           4           0           6           0           8           0           2           0          10           0           8           0           6           0           4           0           2           0           6           0           6           0           4           0           4           0           2           0           4           0           6           0           8           0          -4           0           2           0           4           0          -6           0          -4           0           2           0           4           0           6           0           4           0           6           0          -2           0          -4           0          -6           0          -8           0         -10           0          -6           0          -8           0         -10           0         -12           0           2           0          -2           0          -4           0          -6           0          -8           0          -2           0          -8           0         -10           0          -4           0          -2           0          -6           0          -4           0          -2           0          -4           0          -2           0          -4           0          -6           0          -4           0          -8           0          -6           0           2           0           4           0           2           0           4           0           6           0         -10           0          -8           0          -6           0          -4           0           6           0          -2           0          -4           0           8           0          -6           0          -2           0          -4           0          -6           0          -8           0           4           0           6           0          -4           0          -6           0          -6           0          -8           0          -2           0           2           0          -4           0           4           0           6           0           4           0           4           0           2           0           2           0          -4           0          -6           0          -8           0          -2           0          -4           0          -6           0          -8           0         -10           0          -8           0          -6           0          -4           0          -2           0          -2           0          -4           0          -6           0          -6           0          -8           0          -4           0          -2           0          -6           0          -4
    0.000000E+00    9.645106E-03    9.843162E-03    1.435602E-02    1.458263E-02
    4.247197E-02    4.320385E-02    4.360158E-02    5.944295E-02    5.948713E-02
    6.922989E-02    7.316769E-02    7.411300E-02    1.134727E-01    1.147319E-01
    2.354040E-01    2.358931E-01    2.366026E-01    2.382857E-01    2.391328E-01
    2.438023E-01    2.438287E-01    2.461520E-01    2.471700E-01    2.474363E-01
    2.479076E-01    2.485433E-01    2.486026E-01    2.487216E-01    2.491410E-01
    2.502551E-01    2.507374E-01    2.510783E-01    2.511300E-01    2.524691E-01
    2.524772E-01    2.554279E-01    2.561102E-01    2.563381E-01    2.591442E-01
    2.591854E-01    2.609226E-01    2.615363E-01    2.619649E-01    2.622131E-01
    2.625883E-01    2.631076E-01    2.632646E-01    2.633261E-01    2.634365E-01
    2.637297E-01    2.638533E-01    2.640096E-01    2.643758E-01    2.644930E-01
    2.645338E-01    2.648466E-01    2.652759E-01    2.655531E-01    2.656939E-01
    2.657640E-01    2.676748E-01    2.677713E-01    2.679166E-01    2.688115E-01
    2.690337E-01    2.711118E-01    2.712141E-01    2.720014E-01    2.721113E-01
    2.724223E-01    2.724984E-01    2.725578E-01    2.726085E-01    2.727219E-01
    2.737570E-01    2.740430E-01    2.746587E-01    2.763855E-01    2.763956E-01
    2.763957E-01    2.764682E-01    2.789238E-01    2.791446E-01    2.808157E-01
    2.808428E-01    2.816082E-01    2.816156E-01    2.816277E-01    2.816445E-01
    2.816660E-01    2.832213E-01    2.832636E-01    2.833497E-01    2.872720E-01
    2.872722E-01    2.872783E-01    2.873017E-01    2.873787E-01    2.874354E-01
    2.875828E-01    2.876419E-01    2.877951E-01    2.879672E-01    2.884374E-01
    2.885530E-01    2.886000E-01    2.886971E-01    2.887362E-01    2.888178E-01
    2.901974E-01    2.902310E-01    2.934227E-01    2.936053E-01    2.936679E-01
    2.948139E-01    2.948751E-01    2.949134E-01    2.954910E-01    2.955387E-01
    2.955818E-01    2.956302E-01    2.974080E-01    2.974265E-01    2.978254E-01
    2.979930E-01    2.980044E-01    2.981863E-01    2.981951E-01    2.982014E-01
    2.986863E-01    2.989406E-01    2.997979E-01    3.013547E-01    3.014398E-01
    3.015665E-01    3.017420E-01    3.025165E-01    3.025355E-01    3.025686E-01
    3.026262E-01    3.032771E-01    3.036433E-01    3.036673E-01    3.036996E-01
    3.037196E-01    3.041292E-01    3.046134E-01    3.046301E-01    3.048276E-01
    3.048611E-01    3.049614E-01    3.051740E-01    3.052844E-01    3.060373E-01
    3.062721E-01    3.065126E-01    3.067251E-01    3.072820E-01    3.083217E-01
    3.083847E-01    3.085481E-01    3.086063E-01    3.093086E-01    3.093690E-01
    3.093750E-01    3.093804E-01    3.094500E-01    3.095030E-01    3.095365E-01
    3.096086E-01    3.096683E-01    3.098305E-01    3.098337E-01    3.100372E-01
    3.110986E-01    3.111053E-01    3.111248E-01    3.111449E-01    3.124031E-01
    3.124222E-01    3.126400E-01    3.132139E-01    3.132929E-01    3.134326E-01
    3.163175E-01    3.165548E-01    3.167011E-01    3.167161E-01    3.173537E-01
    3.174815E-01    3.194473E-01    3.198310E-01    3.206567E-01    3.235572E-01
    3.235827E-01    3.236877E-01    3.236885E-01    3.238034E-01    3.239013E-01
    3.239634E-01    3.240075E-01    3.245628E-01    3.245933E-01    3.263728E-01
    3.264517E-01    3.271738E-01    3.284075E-01    3.287843E-01    3.314323E-01
    3.314556E-01    3.324856E-01    3.325179E-01    3.327131E-01    3.333147E-01
           0           4           0           1
  -28.010499495533246               13
3.78762995E+01  1.626E-01  5.255E-02  1.703E-01  1.421E-02  7.151E-02  9.972E-02
                1.173E-02  7.707E-05  1.023E-03  7.303E-04  1.325E-04  4.127E-02
                1.112E-04  2.987E-03  4.296E-04
5.14842995E+01  6.747E-02  2.178E-02  7.103E-02  6.071E-03  2.965E-02  5.948E-02
                7.015E-03  3.173E-05  5.979E-04  3.672E-04  4.879E-05  2.680E-02
                3.509E-05  1.513E-03  2.242E-04  1.457E-05  2.248E-05  2.025E-05
                1.416E-05  2.109E-05  1.057E-05  7.367E-07  3.295E-05  3.733E-06
                8.912E-06  1.141E-05  1.172E-05  1.531E-05  4.797E-05  4.670E-05
                1.834E-05  1.809E-06  2.112E-04  5.004E-05  4.564E-06  3.691E-05
                1.279E-08  4.540E-06  2.638E-05  5.960E-05  1.611E-04  9.978E-06
                6.608E-05  8.893E-07  2.158E-06  3.860E-06  1.198E-05  2.324E-05
                1.782E-04  1.848E-06  1.781E-05  1.180E-05  4.342E-06  2.419E-06
                3.180E-05  1.012E-05  5.679E-06  1.380E-04  7.974E-05  3.858E-05
                2.325E-05  4.674E-08  6.752E-08  3.416E-08  9.610E-06  7.477E-05
                2.022E-05  4.075E-05  9.579E-06  2.811E-05  5.191E-05  2.307E-05
                1.223E-05  5.956E-06  4.559E-06  7.575E-06  2.540E-05  1.319E-05
                3.067E-06  8.651E-07  1.128E-05  3.523E-05  5.629E-05  6.583E-06
                3.326E-05  1.456E-04  1.147E-08  3.920E-08  2.876E-08  2.460E-08
                1.086E-08  3.667E-06  1.725E-05  2.574E-05  1.647E-06  6.141E-07
                3.470E-06  7.795E-06  1.126E-05  7.102E-05  3.345E-07  1.942E-06
                2.283E-06  3.926E-06  1.296E-05  2.870E-06  2.824E-06  5.906E-06
                1.533E-06  1.276E-05
6.50922995E+01  3.426E-02  1.100E-02  3.591E-02  3.053E-03  1.496E-02  3.870E-02
                4.536E-03  1.658E-05  3.746E-04  2.042E-04  2.351E-05  1.838E-02
                2.342E-05  8.241E-04  1.195E-04  7.937E-06  1.267E-05  1.179E-05
                9.020E-06  1.456E-05  8.992E-06  5.041E-07  1.239E-05  2.002E-06
                4.626E-06  5.584E-06  4.218E-06  8.772E-06  2.339E-05  2.453E-05
                9.118E-06  1.706E-06  7.819E-05  2.251E-05  2.452E-06  1.634E-05
                6.759E-09  1.469E-06  8.918E-06  2.525E-05  7.326E-05  4.049E-06
                2.971E-05  4.339E-07  8.729E-07  1.547E-06  3.725E-06  6.914E-06
                9.993E-05  5.245E-07  5.112E-06  3.094E-06  1.019E-06  6.501E-07
                1.612E-05  5.269E-06  2.455E-06  4.233E-05  2.842E-05  1.517E-05
                9.826E-06  1.375E-08  2.214E-08  2.473E-09  2.254E-06  1.966E-05
                6.278E-07  2.153E-07  4.357E-06  1.409E-05  2.769E-05  1.636E-05
                6.377E-06  2.883E-06  8.854E-07  2.323E-06  6.244E-06  2.760E-06
                1.838E-06  2.839E-07  6.504E-06  1.806E-05  7.359E-06  1.485E-06
                1.849E-05  8.315E-05  1.151E-09  4.290E-09  9.280E-09  1.096E-08
                5.212E-09  6.297E-07  3.602E-06  7.265E-06  8.175E-07  2.801E-07
                2.401E-06  7.186E-06  6.466E-06  3.577E-05  1.411E-07  7.048E-07
                1.245E-06  2.294E-06  1.572E-06  3.950E-07  5.181E-07  1.324E-06
                2.635E-07  2.776E-06  1.973E-05  5.088E-06  9.402E-06  9.473E-08
                1.121E-04  3.196E-06  2.248E-06  1.663E-06  1.633E-07  8.361E-07
                1.938E-06  1.750E-06  4.663E-05  2.149E-06  2.086E-06  1.593E-05
                2.523E-06  6.818E-07  9.904E-06  6.132E-05  3.931E-06  1.081E-05
                9.955E-06  5.020E-07  1.211E-06  2.216E-06  3.103E-06  3.604E-07
                1.310E-06  3.293E-06  7.255E-06  1.332E-06  3.348E-07  1.554E-06
                5.875E-06  2.067E-05  7.463E-07  2.916E-06  1.160E-05  6.319E-06
                1.340E-06  2.500E-05  1.066E-05  1.380E-06  2.094E-06  7.023E-07
                1.267E-05  4.060E-06  8.961E-07  6.583E-06  2.164E-06  7.740E-07
                2.409E-06  3.988E-06  9.285E-06  3.774E-05  3.038E-06  2.284E-06
                1.124E-06  3.842E-07  1.210E-06  7.963E-07  1.329E-06  4.139E-06
                1.890E-06  1.508E-06  3.542E-06  7.173E-06  1.644E-05  1.449E-06
                1.387E-06  2.226E-06  2.892E-06  2.709E-06  4.771E-06  8.901E-07
                2.280E-07  1.131E-06  1.199E-05  2.392E-06  3.225E-06  3.961E-05
                3.505E-07  1.799E-07  4.250E-06  9.893E-06  1.847E-05  4.401E-06
                5.560E-06  5.768E-06  5.982E-07  8.606E-07  1.619E-06  3.472E-07
                4.173E-06  1.432E-06  2.816E-06  3.095E-06  1.317E-05  1.448E-07
                3.744E-07  1.151E-06  2.239E-07  1.029E-05  1.472E-06
7.87002995E+01  1.938E-02  6.201E-03  2.026E-02  1.717E-03  8.423E-03  2.688E-02
                3.148E-03  8.895E-06  2.573E-04  1.256E-04  1.200E-05  1.315E-02
                1.313E-05  4.900E-04  7.105E-05  4.393E-06  7.165E-06  6.944E-06
                5.298E-06  9.089E-06  6.368E-06  3.592E-07  6.161E-06  1.221E-06
                2.728E-06  3.205E-06  2.142E-06  5.022E-06  1.285E-05  1.384E-05
                5.076E-06  1.220E-06  3.492E-05  1.171E-05  1.401E-06  8.701E-06
                5.039E-09  7.533E-07  4.442E-06  1.257E-05  3.664E-05  2.005E-06
                1.514E-05  2.337E-07  4.308E-07  7.239E-07  1.691E-06  4.456E-06
                5.800E-05  2.455E-07  2.407E-06  1.823E-06  4.523E-07  2.829E-07
                8.061E-06  2.632E-06  1.244E-06  2.095E-05  1.408E-05  7.913E-06
                4.873E-06  8.395E-09  1.462E-08  1.515E-09  8.963E-07  7.318E-06
                4.202E-07  1.588E-07  2.636E-06  8.790E-06  1.661E-05  1.206E-05
                4.551E-06  1.955E-06  4.614E-07  1.131E-06  2.548E-06  1.071E-06
                1.183E-06  1.622E-07  4.350E-06  1.209E-05  3.324E-06  7.949E-07
                1.126E-05  5.029E-05  4.405E-10  2.576E-09  6.016E-09  6.788E-09
                1.781E-09  4.076E-07  2.412E-06  4.953E-06  5.742E-07  1.510E-07
                1.851E-06  5.363E-06  3.970E-06  2.252E-05  5.919E-08  2.964E-07
                7.221E-07  1.514E-06  2.954E-07  1.162E-07  3.742E-07  9.617E-07
                1.488E-07  1.976E-06  1.297E-05  3.360E-06  5.741E-06  8.966E-08
                6.895E-05  2.174E-06  1.649E-06  1.071E-06  6.370E-08  4.984E-07
                1.197E-06  1.118E-06  2.910E-05  1.266E-06  1.346E-06  1.014E-05
                1.495E-06  4.990E-07  6.210E-06  3.776E-05  2.604E-06  6.751E-06
                6.511E-06  2.791E-07  6.846E-07  1.296E-06  1.845E-06  1.646E-07
                5.925E-07  1.531E-06  3.637E-06  7.636E-07  1.719E-07  8.404E-07
                3.379E-06  1.310E-05  5.136E-07  1.065E-06  4.278E-06  4.602E-06
                8.899E-07  1.451E-05  6.386E-06  7.858E-07  1.393E-06  3.515E-07
                8.148E-06  2.045E-06  5.086E-07  3.715E-06  1.257E-06  3.661E-07
                1.472E-06  2.518E-06  5.717E-06  2.275E-05  1.155E-06  8.880E-07
                4.277E-07  1.525E-07  5.954E-07  3.273E-07  5.819E-07  2.369E-06
                1.071E-06  5.519E-07  1.600E-06  4.185E-06  1.111E-05  6.324E-07
                7.802E-07  1.262E-06  1.235E-06  1.529E-06  2.423E-06  7.796E-07
                1.160E-07  8.004E-07  8.487E-06  1.123E-06  2.298E-06  2.847E-05
                2.525E-07  1.264E-07  2.060E-06  4.658E-06  9.197E-06  1.798E-06
                2.393E-06  2.542E-06  1.369E-07  2.086E-07  5.475E-07  2.723E-07
                3.613E-06  1.156E-06  1.974E-06  1.683E-06  8.036E-06  1.154E-07
                2.089E-07  6.499E-07  1.602E-07  7.298E-06  7.526E-07
9.23082995E+01  1.184E-02  3.793E-03  1.238E-02  1.050E-03  5.154E-03  1.938E-02
                2.269E-03  5.549E-06  1.842E-04  8.363E-05  6.746E-06  9.639E-03
                7.902E-06  3.073E-04  4.451E-05  2.459E-06  4.080E-06  4.158E-06
                3.086E-06  5.676E-06  4.245E-06  2.430E-07  3.745E-06  8.824E-07
                1.901E-06  2.219E-06  1.427E-06  3.078E-06  7.751E-06  8.455E-06
                3.145E-06  8.094E-07  1.840E-05  6.789E-06  8.696E-07  5.168E-06
                3.275E-09  4.240E-07  2.445E-06  7.081E-06  2.055E-05  1.125E-06
                8.656E-06  1.531E-07  2.476E-07  3.788E-07  8.479E-07  3.634E-06
                3.602E-05  1.367E-07  1.454E-06  1.378E-06  2.464E-07  1.574E-07
                4.536E-06  1.484E-06  7.771E-07  1.339E-05  8.110E-06  4.535E-06
                2.759E-06  5.515E-09  1.056E-08  1.061E-09  4.635E-07  3.539E-06
                2.708E-07  1.558E-07  1.624E-06  5.444E-06  1.005E-05  8.992E-06
                3.372E-06  1.424E-06  2.589E-07  6.723E-07  1.377E-06  5.208E-07
                8.282E-07  1.099E-07  3.074E-06  8.519E-06  1.797E-06  4.692E-07
                7.368E-06  3.295E-05  2.891E-10  1.743E-09  4.023E-09  4.363E-09
                1.008E-09  2.879E-07  1.727E-06  3.542E-06  4.183E-07  9.936E-08
                1.422E-06  4.208E-06  2.624E-06  1.484E-05  4.382E-08  2.069E-07
                5.422E-07  1.144E-06  1.183E-07  6.795E-08  2.733E-07  6.989E-07
                9.668E-08  1.429E-06  9.224E-06  2.394E-06  3.813E-06  6.121E-08
                4.586E-05  1.560E-06  1.166E-06  7.762E-07  4.926E-08  3.738E-07
                8.900E-07  8.743E-07  1.927E-05  9.562E-07  1.016E-06  6.678E-06
                9.740E-07  3.538E-07  4.236E-06  2.560E-05  1.881E-06  4.903E-06
                4.549E-06  1.526E-07  3.724E-07  7.019E-07  9.619E-07  9.021E-08
                3.129E-07  8.008E-07  1.900E-06  4.993E-07  1.016E-07  5.380E-07
                2.254E-06  9.029E-06  3.023E-07  4.486E-07  1.803E-06  3.047E-06
                5.852E-07  9.932E-06  4.363E-06  5.239E-07  8.590E-07  2.058E-07
                5.780E-06  1.152E-06  2.810E-07  2.220E-06  7.092E-07  2.617E-07
                9.521E-07  1.757E-06  3.947E-06  1.473E-05  6.301E-07  5.163E-07
                2.472E-07  8.836E-08  4.120E-07  2.054E-07  3.577E-07  1.673E-06
                6.891E-07  3.309E-07  1.039E-06  2.852E-06  7.639E-06  4.206E-07
                5.592E-07  7.039E-07  6.940E-07  8.297E-07  1.282E-06  4.738E-07
                7.657E-08  4.915E-07  6.024E-06  7.429E-07  1.621E-06  2.084E-05
                1.948E-07  8.599E-08  1.001E-06  2.467E-06  5.142E-06  8.308E-07
                1.162E-06  1.324E-06  5.203E-08  7.416E-08  3.161E-07  1.499E-07
                2.787E-06  8.864E-07  1.505E-06  1.096E-06  5.689E-06  6.923E-08
                1.251E-07  4.814E-07  1.074E-07  5.399E-06  5.180E-07
1.05916299E+02  7.606E-03  2.432E-03  7.952E-03  6.722E-04  3.302E-03  1.445E-02
                1.691E-03  3.477E-06  1.369E-04  5.806E-05  4.088E-06  7.343E-03
                4.992E-06  2.044E-04  2.963E-05  1.493E-06  2.509E-06  2.690E-06
                1.901E-06  3.703E-06  2.797E-06  1.650E-07  2.477E-06  7.709E-07
                1.565E-06  1.800E-06  1.160E-06  1.924E-06  4.854E-06  5.330E-06
                2.200E-06  5.296E-07  1.044E-05  4.236E-06  5.540E-07  3.220E-06
                2.196E-09  2.531E-07  1.430E-06  4.224E-06  1.209E-05  6.650E-07
                5.228E-06  1.146E-07  1.655E-07  2.283E-07  4.724E-07  2.978E-06
                2.340E-05  7.892E-08  9.758E-07  1.081E-06  1.414E-07  9.246E-08
                2.681E-06  8.775E-07  5.283E-07  9.397E-06  5.095E-06  2.807E-06
                1.694E-06  3.972E-09  8.123E-09  7.432E-10  2.737E-07  1.920E-06
                1.849E-07  1.320E-07  1.081E-06  3.625E-06  6.514E-06  6.698E-06
                2.598E-06  1.113E-06  1.544E-07  4.215E-07  8.195E-07  2.822E-07
                5.728E-07  7.613E-08  2.128E-06  5.881E-06  1.073E-06  2.994E-07
                4.940E-06  2.210E-05  1.998E-10  1.233E-09  2.815E-09  2.957E-09
                6.472E-10  1.982E-07  1.193E-06  2.461E-06  3.191E-07  7.266E-08
                1.109E-06  3.305E-06  1.761E-06  9.966E-06  3.304E-08  1.541E-07
                4.088E-07  8.622E-07  8.060E-08  4.749E-08  1.998E-07  5.152E-07
                7.011E-08  1.062E-06  6.788E-06  1.767E-06  2.658E-06  4.260E-08
                3.194E-05  1.154E-06  8.443E-07  5.804E-07  3.808E-08  2.785E-07
                6.609E-07  6.667E-07  1.287E-05  7.348E-07  7.809E-07  4.555E-06
                6.570E-07  2.589E-07  3.021E-06  1.818E-05  1.376E-06  3.602E-06
                3.114E-06  9.827E-08  2.373E-07  4.428E-07  5.835E-07  5.827E-08
                1.952E-07  4.948E-07  1.174E-06  3.443E-07  6.481E-08  3.659E-07
                1.581E-06  6.478E-06  1.887E-07  2.539E-07  1.010E-06  2.085E-06
                3.970E-07  7.093E-06  3.108E-06  3.687E-07  5.666E-07  1.283E-07
                4.169E-06  7.069E-07  1.669E-07  1.419E-06  4.516E-07  1.961E-07
                6.885E-07  1.247E-06  2.809E-06  1.033E-05  3.908E-07  3.387E-07
                1.636E-07  5.838E-08  2.952E-07  1.401E-07  2.409E-07  1.229E-06
                4.759E-07  2.254E-07  7.336E-07  2.044E-06  5.464E-06  3.000E-07
                4.307E-07  4.577E-07  4.290E-07  5.308E-07  8.009E-07  3.026E-07
                6.241E-08  3.180E-07  4.438E-06  5.293E-07  1.190E-06  1.556E-05
                1.519E-07  6.176E-08  5.717E-07  1.487E-06  3.205E-06  4.635E-07
                6.660E-07  7.905E-07  2.633E-08  3.967E-08  1.968E-07  9.332E-08
                2.130E-06  6.722E-07  1.125E-06  7.691E-07  4.204E-06  4.426E-08
                8.184E-08  3.584E-07  7.270E-08  4.076E-06  3.835E-07
1.19524299E+02  5.188E-03  1.665E-03  5.438E-03  4.616E-04  2.266E-03  1.114E-02
                1.304E-03  2.380E-06  1.049E-04  4.237E-05  2.524E-06  5.691E-03
                3.294E-06  1.437E-04  2.081E-05  8.925E-07  1.521E-06  1.766E-06
                1.140E-06  2.440E-06  1.835E-06  1.134E-07  1.671E-06  6.391E-07
                1.248E-06  1.419E-06  9.327E-07  1.214E-06  3.111E-06  3.400E-06
                1.578E-06  3.474E-07  6.715E-06  2.802E-06  3.617E-07  2.124E-06
                1.383E-09  1.574E-07  8.735E-07  2.802E-06  7.925E-06  4.375E-07
                3.482E-06  1.078E-07  1.406E-07  1.719E-07  3.027E-07  2.564E-06
                1.627E-05  4.850E-08  7.123E-07  9.034E-07  8.649E-08  6.291E-08
                1.753E-06  5.645E-07  3.861E-07  7.092E-06  3.320E-06  1.755E-06
                1.078E-06  2.660E-09  6.198E-09  5.083E-10  1.871E-07  1.183E-06
                1.257E-07  1.058E-07  7.221E-07  2.419E-06  4.265E-06  5.049E-06
                1.868E-06  7.738E-07  9.939E-08  2.752E-07  5.331E-07  1.722E-07
                3.932E-07  5.288E-08  1.449E-06  3.999E-06  6.872E-07  1.985E-07
                3.536E-06  1.584E-05  1.471E-10  9.118E-10  2.047E-09  2.072E-09
                4.259E-10  1.338E-07  8.266E-07  1.702E-06  2.524E-07  5.749E-08
                8.820E-07  2.641E-06  1.274E-06  7.198E-06  2.476E-08  1.150E-07
                3.030E-07  6.422E-07  6.754E-08  3.543E-08  1.394E-07  3.635E-07
                4.935E-08  7.601E-07  4.505E-06  1.179E-06  2.023E-06  3.033E-08
                2.433E-05  8.522E-07  6.248E-07  4.343E-07  2.810E-08  1.999E-07
                4.827E-07  4.939E-07  9.179E-06  5.238E-07  5.604E-07  3.199E-06
                4.641E-07  1.892E-07  2.327E-06  1.406E-05  9.396E-07  2.463E-06
                2.176E-06  6.307E-08  1.519E-07  2.829E-07  3.597E-07  3.898E-08
                1.246E-07  3.117E-07  7.382E-07  2.402E-07  4.483E-08  2.662E-07
                1.176E-06  4.898E-06  1.303E-07  1.434E-07  5.587E-07  1.474E-06
                2.837E-07  5.347E-06  2.338E-06  2.742E-07  4.068E-07  8.485E-08
                3.187E-06  4.738E-07  1.067E-07  9.002E-07  2.902E-07  1.443E-07
                5.205E-07  8.288E-07  1.971E-06  7.785E-06  2.472E-07  2.270E-07
                1.092E-07  3.879E-08  2.005E-07  1.027E-07  1.748E-07  8.516E-07
                3.521E-07  1.516E-07  5.276E-07  1.525E-06  4.115E-06  2.284E-07
                3.432E-07  2.899E-07  2.755E-07  3.379E-07  5.042E-07  1.955E-07
                5.113E-08  2.113E-07  3.449E-06  3.659E-07  9.183E-07  1.217E-05
                1.188E-07  4.535E-08  3.342E-07  9.367E-07  2.110E-06  2.583E-07
                3.862E-07  4.880E-07  1.477E-08  3.228E-08  1.272E-07  6.198E-08
                1.686E-06  5.285E-07  8.809E-07  5.696E-07  3.247E-06  2.872E-08
                5.255E-08  2.767E-07  4.999E-08  3.198E-06  2.950E-07
1.33132299E+02  3.582E-03  1.147E-03  3.752E-03  3.172E-04  1.559E-03  8.676E-03
                1.015E-03  1.595E-06  8.182E-05  3.151E-05  1.679E-06  4.524E-03
                2.235E-06  1.013E-04  1.469E-05  5.655E-07  9.812E-07  1.255E-06
                7.286E-07  1.717E-06  1.252E-06  8.135E-08  1.264E-06  5.054E-07
                9.723E-07  1.110E-06  7.568E-07  7.877E-07  2.078E-06  2.277E-06
                1.143E-06  2.349E-07  4.486E-06  1.919E-06  2.400E-07  1.437E-06
                9.707E-10  1.018E-07  5.591E-07  1.875E-06  5.225E-06  2.880E-07
                2.324E-06  8.895E-08  1.105E-07  1.264E-07  1.974E-07  2.118E-06
                1.138E-05  3.069E-08  5.304E-07  7.354E-07  5.331E-08  4.390E-08
                1.144E-06  3.661E-07  2.853E-07  5.421E-06  2.287E-06  1.177E-06
                7.111E-07  2.132E-09  5.136E-09  3.625E-10  1.314E-07  7.420E-07
                9.014E-08  7.847E-08  5.107E-07  1.712E-06  2.972E-06  3.816E-06
                1.494E-06  6.418E-07  6.790E-08  1.918E-07  3.600E-07  1.065E-07
                2.884E-07  3.949E-08  1.059E-06  2.919E-06  4.597E-07  1.377E-07
                2.508E-06  1.124E-05  1.093E-10  6.869E-10  1.530E-09  1.517E-09
                2.997E-10  9.670E-08  5.999E-07  1.237E-06  2.026E-07  4.653E-08
                7.069E-07  2.116E-06  9.033E-07  5.096E-06  1.916E-08  8.980E-08
                2.329E-07  4.935E-07  6.036E-08  2.938E-08  1.080E-07  2.807E-07
                3.688E-08  5.914E-07  3.601E-06  9.468E-07  1.478E-06  2.326E-08
                1.771E-05  6.411E-07  4.707E-07  3.370E-07  2.171E-08  1.512E-07
                3.644E-07  3.767E-07  6.469E-06  4.214E-07  4.514E-07  2.282E-06
                3.290E-07  1.397E-07  1.721E-06  1.039E-05  7.383E-07  1.949E-06
                1.573E-06  4.663E-08  1.112E-07  2.050E-07  2.519E-07  2.848E-08
                9.088E-08  2.275E-07  5.410E-07  1.719E-07  3.161E-08  1.969E-07
                8.880E-07  3.752E-06  8.851E-08  1.117E-07  4.313E-07  1.054E-06
                2.019E-07  4.090E-06  1.782E-06  2.082E-07  2.962E-07  5.772E-08
                2.414E-06  3.234E-07  6.978E-08  6.245E-07  2.079E-07  1.144E-07
                4.098E-07  6.466E-07  1.510E-06  5.845E-06  1.722E-07  1.667E-07
                8.135E-08  2.872E-08  1.631E-07  7.660E-08  1.301E-07  7.168E-07
                2.650E-07  1.157E-07  4.056E-07  1.170E-06  3.144E-06  1.709E-07
                2.646E-07  2.184E-07  1.897E-07  2.529E-07  3.705E-07  1.342E-07
                4.660E-08  1.481E-07  2.618E-06  2.999E-07  6.932E-07  9.233E-06
                9.283E-08  3.436E-08  2.390E-07  6.631E-07  1.496E-06  1.909E-07
                2.817E-07  3.484E-07  1.159E-08  2.666E-08  8.459E-08  4.277E-08
                1.330E-06  4.138E-07  6.743E-07  4.299E-07  2.515E-06  2.038E-08
                3.854E-08  2.155E-07  3.685E-08  2.505E-06  2.321E-07
1.46740299E+02  2.655E-03  8.544E-04  2.789E-03  2.373E-04  1.166E-03  6.951E-03
                8.131E-04  1.249E-06  6.512E-05  2.443E-05  1.113E-06  3.605E-03
                1.560E-06  7.549E-05  1.093E-05  3.824E-07  6.683E-07  9.458E-07
                4.704E-07  1.239E-06  8.420E-07  5.922E-08  8.763E-07  4.472E-07
                8.312E-07  9.338E-07  6.509E-07  5.065E-07  1.378E-06  1.487E-06
                9.011E-07  1.579E-07  3.303E-06  1.397E-06  1.620E-07  1.007E-06
                5.968E-10  6.713E-08  3.616E-07  1.404E-06  3.876E-06  2.125E-07
                1.717E-06  8.757E-08  1.054E-07  1.138E-07  1.522E-07  1.837E-06
                8.526E-06  2.120E-08  4.229E-07  6.311E-07  3.736E-08  3.461E-08
                8.354E-07  2.593E-07  2.253E-07  4.373E-06  1.615E-06  7.832E-07
                4.894E-07  1.460E-09  4.052E-09  2.500E-10  1.044E-07  5.323E-07
                6.432E-08  6.155E-08  3.623E-07  1.210E-06  2.067E-06  2.964E-06
                1.067E-06  4.338E-07  4.758E-08  1.340E-07  2.596E-07  7.476E-08
                1.934E-07  2.720E-08  6.999E-07  1.927E-06  3.237E-07  9.825E-08
                1.901E-06  8.490E-06  8.492E-11  5.318E-10  1.162E-09  1.107E-09
                2.106E-10  6.357E-08  4.048E-07  8.415E-07  1.666E-07  3.903E-08
                5.787E-07  1.732E-06  6.881E-07  3.894E-06  1.418E-08  6.755E-08
                1.711E-07  3.646E-07  5.729E-08  2.258E-08  7.324E-08  1.944E-07
                2.662E-08  4.202E-07  2.253E-06  5.970E-07  1.219E-06  1.724E-08
                1.469E-05  4.857E-07  3.579E-07  2.548E-07  1.589E-08  1.069E-07
                2.660E-07  2.729E-07  4.765E-06  2.838E-07  3.087E-07  1.706E-06
                2.467E-07  1.000E-07  1.426E-06  8.723E-06  4.794E-07  1.260E-06
                1.080E-06  3.188E-08  7.616E-08  1.405E-07  1.670E-07  2.049E-08
                6.306E-08  1.562E-07  3.707E-07  1.263E-07  2.372E-08  1.526E-07
                6.966E-07  2.969E-06  6.758E-08  7.557E-08  2.842E-07  7.961E-07
                1.538E-07  3.229E-06  1.406E-06  1.631E-07  2.294E-07  4.127E-08
                1.916E-06  2.399E-07  4.865E-08  4.181E-07  1.438E-07  8.498E-08
                3.243E-07  4.064E-07  1.066E-06  4.788E-06  1.145E-07  1.178E-07
                5.692E-08  1.985E-08  1.058E-07  5.967E-08  1.011E-07  4.737E-07
                2.082E-07  8.177E-08  3.061E-07  9.136E-07  2.478E-06  1.406E-07
                2.174E-07  1.468E-07  1.306E-07  1.722E-07  2.522E-07  9.135E-08
                3.886E-08  1.040E-07  2.165E-06  2.032E-07  5.699E-07  7.636E-06
                7.076E-08  2.502E-08  1.539E-07  4.552E-07  1.066E-06  1.183E-07
                1.798E-07  2.342E-07  8.895E-09  2.824E-08  5.934E-08  3.208E-08
                1.074E-06  3.323E-07  5.392E-07  3.294E-07  1.995E-06  1.437E-08
                2.696E-08  1.716E-07  2.682E-08  2.010E-06  1.823E-07
1.60348299E+02  1.896E-03  6.096E-04  1.993E-03  1.692E-04  8.324E-04  5.703E-03
                6.670E-04  7.443E-07  5.363E-05  1.904E-05  7.718E-07  3.037E-03
                1.121E-06  5.751E-05  8.343E-06  2.664E-07  4.721E-07  7.501E-07
                3.222E-07  9.449E-07  5.804E-07  4.463E-08  6.876E-07  3.528E-07
                6.511E-07  7.353E-07  5.309E-07  3.331E-07  9.443E-07  1.030E-06
                6.791E-07  1.074E-07  2.310E-06  1.010E-06  1.073E-07  6.949E-07
                4.439E-10  4.590E-08  2.474E-07  9.762E-07  2.670E-06  1.442E-07
                1.178E-06  7.269E-08  8.564E-08  8.901E-08  1.071E-07  1.545E-06
                6.105E-06  1.435E-08  3.341E-07  5.279E-07  2.537E-08  2.447E-08
                5.643E-07  1.738E-07  1.738E-07  3.503E-06  1.168E-06  5.466E-07
                3.323E-07  1.255E-09  3.453E-09  1.882E-10  7.802E-08  3.496E-07
                4.656E-08  4.416E-08  2.615E-07  8.713E-07  1.468E-06  2.260E-06
                8.802E-07  3.796E-07  3.457E-08  9.418E-08  1.803E-07  4.781E-08
                1.457E-07  2.108E-08  5.262E-07  1.445E-06  2.230E-07  6.922E-08
                1.360E-06  6.068E-06  6.470E-11  4.080E-10  8.845E-10  8.289E-10
                1.557E-10  4.691E-08  2.972E-07  6.224E-07  1.324E-07  3.041E-08
                4.637E-07  1.391E-06  4.885E-07  2.770E-06  1.104E-08  5.380E-08
                1.321E-07  2.793E-07  5.502E-08  2.023E-08  5.854E-08  1.537E-07
                2.039E-08  3.339E-07  1.927E-06  5.135E-07  9.106E-07  1.343E-08
                1.095E-05  3.640E-07  2.761E-07  2.001E-07  1.250E-08  8.249E-08
                2.037E-07  2.092E-07  3.384E-06  2.377E-07  2.600E-07  1.248E-06
                1.778E-07  7.536E-08  1.077E-06  6.590E-06  3.992E-07  1.057E-06
                7.942E-07  2.513E-08  5.946E-08  1.087E-07  1.260E-07  1.563E-08
                4.924E-08  1.230E-07  2.939E-07  9.133E-08  1.768E-08  1.168E-07
                5.381E-07  2.313E-06  4.815E-08  6.455E-08  2.453E-07  5.839E-07
                1.113E-07  2.500E-06  1.084E-06  1.256E-07  1.766E-07  2.960E-08
                1.466E-06  1.721E-07  3.317E-08  3.021E-07  1.063E-07  6.762E-08
                2.614E-07  3.298E-07  8.412E-07  3.723E-06  8.425E-08  9.047E-08
                4.440E-08  1.542E-08  9.185E-08  4.583E-08  7.750E-08  4.254E-07
                1.595E-07  6.486E-08  2.409E-07  7.123E-07  1.920E-06  1.085E-07
                1.667E-07  1.165E-07  9.393E-08  1.339E-07  1.928E-07  6.580E-08
                3.577E-08  7.670E-08  1.692E-06  1.766E-07  4.417E-07  5.933E-06
                5.450E-08  1.920E-08  1.224E-07  3.432E-07  7.935E-07  9.996E-08
                1.471E-07  1.808E-07  6.994E-09  1.958E-08  4.073E-08  2.375E-08
                8.600E-07  2.643E-07  4.202E-07  2.554E-07  1.581E-06  1.067E-08
                2.037E-08  1.372E-07  2.092E-08  1.605E-06  1.455E-07
1.73956299E+02  1.497E-03  4.803E-04  1.567E-03  1.331E-04  6.546E-04  4.488E-03
                5.250E-04  7.556E-07  4.213E-05  1.513E-05  5.431E-07  2.371E-03
                7.930E-07  4.081E-05  5.903E-06  1.959E-07  3.499E-07  6.224E-07
                2.210E-07  7.475E-07  4.191E-07  3.546E-08  5.069E-07  2.468E-07
                4.560E-07  5.171E-07  3.906E-07  2.205E-07  6.542E-07  6.910E-07
                4.792E-07  7.763E-08  1.955E-06  7.539E-07  7.612E-08  5.264E-07
                2.728E-10  3.112E-08  1.678E-07  8.005E-07  2.186E-06  1.178E-07
                9.564E-07  7.006E-08  8.191E-08  8.397E-08  9.286E-08  1.371E-06
                4.919E-06  1.187E-08  2.816E-07  4.667E-07  2.071E-08  2.292E-08
                4.528E-07  1.349E-07  1.468E-07  2.960E-06  8.858E-07  3.857E-07
                2.479E-07  8.525E-10  2.814E-09  1.307E-10  6.550E-08  2.705E-07
                3.568E-08  3.480E-08  1.978E-07  6.608E-07  1.105E-06  1.770E-06
                6.188E-07  2.447E-07  2.723E-08  7.251E-08  1.408E-07  3.575E-08
                1.002E-07  1.454E-08  3.559E-07  9.793E-07  1.686E-07  5.332E-08
                1.112E-06  4.938E-06  5.103E-11  3.212E-10  6.895E-10  6.287E-10
                1.034E-10  3.187E-08  2.104E-07  4.405E-07  1.151E-07  2.992E-08
                3.814E-07  1.125E-06  4.027E-07  2.279E-06  8.482E-09  4.267E-08
                1.003E-07  2.145E-07  5.473E-08  1.697E-08  4.110E-08  1.108E-07
                1.522E-08  2.492E-07  1.160E-06  3.115E-07  7.597E-07  1.023E-08
                9.156E-06  2.970E-07  2.097E-07  1.547E-07  9.240E-09  5.905E-08
                1.521E-07  1.546E-07  2.684E-06  1.554E-07  1.734E-07  9.768E-07
                1.422E-07  5.208E-08  8.976E-07  5.569E-06  2.513E-07  6.610E-07
                5.747E-07  1.612E-08  3.858E-08  7.124E-08  7.957E-08  1.076E-08
                3.233E-08  7.948E-08  1.892E-07  7.372E-08  1.346E-08  9.227E-08
                4.300E-07  1.860E-06  3.680E-08  4.821E-08  1.737E-07  4.604E-07
                8.969E-08  2.014E-06  8.740E-07  1.007E-07  1.392E-07  2.205E-08
                1.197E-06  1.324E-07  2.464E-08  2.103E-07  7.956E-08  5.296E-08
                2.196E-07  2.128E-07  6.133E-07  3.108E-06  5.416E-08  6.314E-08
                3.012E-08  1.015E-08  5.929E-08  3.633E-08  6.173E-08  2.775E-07
                1.292E-07  4.501E-08  1.824E-07  5.639E-07  1.545E-06  8.917E-08
                1.384E-07  8.029E-08  6.766E-08  9.649E-08  1.419E-07  4.542E-08
                2.889E-08  5.431E-08  1.374E-06  1.222E-07  3.616E-07  4.801E-06
                4.241E-08  1.428E-08  7.943E-08  2.449E-07  5.899E-07  6.170E-08
                9.303E-08  1.238E-07  7.329E-09  2.826E-08  3.052E-08  1.869E-08
                6.926E-07  2.118E-07  3.334E-07  1.954E-07  1.247E-06  8.188E-09
                1.630E-08  1.093E-07  1.554E-08  1.278E-06  1.144E-07
1.87564299E+02  1.137E-03  3.693E-04  1.202E-03  1.034E-04  5.083E-04  4.059E-03
                4.747E-04  4.172E-07  3.787E-05  1.272E-05  3.830E-07  2.162E-03
                6.337E-07  3.683E-05  5.342E-06  1.614E-07  2.852E-07  5.299E-07
                1.706E-07  5.953E-07  2.763E-07  2.681E-08  3.606E-07  3.164E-07
                5.565E-07  6.127E-07  4.492E-07  1.414E-07  4.387E-07  4.759E-07
                5.139E-07  5.024E-08  1.274E-06  6.238E-07  4.886E-08  3.455E-07
                1.913E-10  2.281E-08  1.170E-07  5.800E-07  1.561E-06  8.067E-08
                6.511E-07  5.735E-08  6.594E-08  6.552E-08  6.684E-08  1.163E-06
                3.493E-06  7.938E-09  2.313E-07  3.948E-07  1.526E-08  1.481E-08
                3.104E-07  9.121E-08  1.125E-07  2.451E-06  6.490E-07  2.631E-07
                1.666E-07  7.595E-10  2.374E-09  1.002E-10  5.250E-08  1.996E-07
                2.445E-08  2.479E-08  1.377E-07  4.526E-07  7.450E-07  1.425E-06
                5.318E-07  2.272E-07  1.902E-08  4.918E-08  1.019E-07  2.579E-08
                6.957E-08  1.131E-08  2.438E-07  6.634E-07  1.188E-07  3.681E-08
                7.617E-07  3.351E-06  4.070E-11  2.536E-10  5.279E-10  4.598E-10
                8.933E-11  2.110E-08  1.352E-07  2.989E-07  8.778E-08  1.887E-08
                3.165E-07  9.569E-07  2.696E-07  1.555E-06  6.266E-09  3.236E-08
                7.381E-08  1.550E-07  4.812E-08  1.423E-08  3.050E-08  8.132E-08
                1.164E-08  1.836E-07  9.875E-07  2.683E-07  6.216E-07  8.607E-09
                7.541E-06  2.171E-07  1.733E-07  1.227E-07  7.121E-09  4.485E-08
                1.156E-07  1.136E-07  1.750E-06  1.284E-07  1.458E-07  7.272E-07
                1.005E-07  4.118E-08  7.433E-07  4.625E-06  2.107E-07  5.556E-07
                3.706E-07  1.442E-08  3.398E-08  6.189E-08  6.858E-08  9.008E-09
                2.858E-08  7.171E-08  1.721E-07  5.198E-08  1.113E-08  7.445E-08
                3.442E-07  1.491E-06  3.254E-08  3.681E-08  1.401E-07  3.468E-07
                6.478E-08  1.586E-06  6.861E-07  7.902E-08  1.203E-07  1.769E-08
                9.228E-07  1.111E-07  1.786E-08  1.572E-07  5.657E-08  3.945E-08
                1.726E-07  1.533E-07  4.765E-07  2.599E-06  4.416E-08  5.200E-08
                2.545E-08  8.697E-09  4.920E-08  2.909E-08  4.915E-08  2.403E-07
                1.007E-07  3.786E-08  1.492E-07  4.514E-07  1.218E-06  7.538E-08
                1.092E-07  6.430E-08  4.920E-08  7.173E-08  1.012E-07  3.560E-08
                2.598E-08  4.403E-08  1.190E-06  9.928E-08  3.067E-07  4.151E-06
                3.135E-08  1.062E-08  6.632E-08  1.885E-07  4.488E-07  5.427E-08
                8.101E-08  9.970E-08  4.029E-09  1.272E-08  2.145E-08  1.483E-08
                5.762E-07  1.752E-07  2.738E-07  1.576E-07  1.032E-06  6.173E-09
                1.157E-08  9.108E-08  1.288E-08  1.068E-06  9.326E-08
2.01172299E+02  8.114E-04  2.607E-04  8.484E-04  7.187E-05  3.543E-04  3.093E-03
                3.619E-04  2.996E-07  2.938E-05  9.786E-06  2.694E-07  1.711E-03
                4.284E-07  2.365E-05  3.432E-06  1.053E-07  1.961E-07  4.606E-07
                1.119E-07  5.166E-07  2.241E-07  2.419E-08  3.240E-07  1.002E-07
                1.928E-07  2.300E-07  2.031E-07  9.873E-08  3.250E-07  3.483E-07
                2.151E-07  4.045E-08  1.105E-06  3.962E-07  3.391E-08  2.702E-07
                1.509E-10  1.582E-08  9.188E-08  4.114E-07  1.112E-06  5.913E-08
                4.882E-07  5.397E-08  6.126E-08  5.973E-08  5.583E-08  1.096E-06
                2.642E-06  7.016E-09  2.050E-07  3.709E-07  1.271E-08  1.380E-08
                2.240E-07  6.625E-08  1.010E-07  2.191E-06  5.154E-07  1.927E-07
                1.240E-07  5.647E-10  2.098E-09  7.510E-11  3.895E-08  1.223E-07
                1.950E-08  1.787E-08  1.075E-07  3.572E-07  5.839E-07  1.035E-06
                3.834E-07  1.561E-07  1.715E-08  3.741E-08  7.356E-08  1.447E-08
                5.934E-08  8.685E-09  2.103E-07  5.794E-07  8.317E-08  2.781E-08
                6.141E-07  2.731E-06  3.025E-11  1.919E-10  4.096E-10  3.658E-10
                4.984E-11  1.841E-08  1.228E-07  2.528E-07  7.901E-08  2.318E-08
                2.444E-07  7.023E-07  2.224E-07  1.249E-06  5.226E-09  2.874E-08
                6.019E-08  1.278E-07  5.663E-08  1.534E-08  2.577E-08  6.869E-08
                9.642E-09  1.574E-07  7.342E-07  1.987E-07  4.390E-07  5.739E-09
                5.273E-06  1.880E-07  1.226E-07  9.555E-08  5.648E-09  3.479E-08
                8.995E-08  9.085E-08  1.523E-06  9.884E-08  1.149E-07  5.341E-07
                7.877E-08  2.865E-08  5.288E-07  3.294E-06  1.558E-07  4.137E-07
                3.452E-07  8.445E-09  2.022E-08  3.742E-08  3.979E-08  5.680E-09
                1.710E-08  4.200E-08  1.006E-07  4.573E-08  7.643E-09  5.513E-08
                2.598E-07  1.133E-06  1.862E-08  3.652E-08  1.287E-07  2.524E-07
                4.945E-08  1.212E-06  5.243E-07  5.997E-08  8.762E-08  1.237E-08
                7.316E-07  7.092E-08  1.246E-08  1.133E-07  4.754E-08  3.370E-08
                1.518E-07  1.303E-07  3.715E-07  1.936E-06  2.640E-08  3.470E-08
                1.648E-08  5.326E-09  3.967E-08  2.181E-08  3.686E-08  1.930E-07
                7.726E-08  2.508E-08  1.075E-07  3.385E-07  9.322E-07  5.405E-08
                8.513E-08  4.914E-08  3.702E-08  5.920E-08  8.884E-08  2.378E-08
                2.160E-08  2.973E-08  8.370E-07  8.570E-08  2.206E-07  2.878E-06
                2.526E-08  8.492E-09  4.602E-08  1.375E-07  3.308E-07  3.845E-08
                5.496E-08  6.988E-08  5.575E-09  2.142E-08  1.551E-08  1.100E-08
                4.422E-07  1.331E-07  2.030E-07  1.157E-07  7.741E-07  4.764E-09
                9.955E-09  7.002E-08  9.478E-09  8.020E-07  7.138E-08
