3.31134995E+01  1.029E-03
3.34536995E+01  1.598E-03
3.37938995E+01  1.084E-02
3.41340995E+01  9.628E-04
3.44742995E+01  9.038E-04
3.48144995E+01  8.240E-04
3.51546995E+01  8.645E-04
3.54948995E+01  1.327E-03
3.58350995E+01  6.271E-04
3.61752995E+01  1.034E-03
3.65154995E+01  7.953E-04
3.68556995E+01  8.040E-04
3.71958995E+01  7.689E-04
3.75360995E+01  7.610E-04
3.78762995E+01  7.303E-04
3.82164995E+01  6.982E-04
3.85566995E+01  7.855E-04
3.88968995E+01  7.901E-04
3.92370995E+01  6.933E-04
3.95772995E+01  6.387E-04
3.99174995E+01  6.220E-04
4.02576995E+01  5.925E-04
4.05978995E+01  6.611E-04
4.09380995E+01  3.264E-03
4.12782995E+01  6.132E-04
4.16184995E+01  2.054E-03
4.19586995E+01  9.233E-04
4.22988995E+01  5.183E-04
4.26390995E+01  1.588E-03
4.29792995E+01  9.204E-04
4.33194995E+01  6.136E-04
4.36596995E+01  7.078E-04
4.39998995E+01  5.026E-04
4.43400995E+01  4.973E-04
4.46802995E+01  5.203E-04
4.50204995E+01  9.112E-04
4.53606995E+01  4.953E-04
4.57008995E+01  6.590E-04
4.60410995E+01  3.834E-04
4.63812995E+01  7.290E-04
4.67214995E+01  4.905E-04
4.70616995E+01  5.006E-04
4.74018995E+01  1.314E-03
4.77420995E+01  5.656E-04
4.80822995E+01  4.777E-04
4.84224995E+01  5.445E-04
4.87626995E+01  4.155E-04
4.91028995E+01  5.392E-04
4.94430995E+01  5.145E-04
4.97832995E+01  4.655E-04
5.01234995E+01  4.192E-04
5.04636995E+01  4.474E-04
5.08038995E+01  3.630E-04
5.11440995E+01  4.157E-04
5.14842995E+01  3.672E-04
5.18244995E+01  3.721E-04
5.21646995E+01  3.834E-04
5.25048995E+01  3.290E-04
5.28450995E+01  3.371E-04
5.31852995E+01  3.319E-04
5.35254995E+01  3.287E-04
5.38656995E+01  3.236E-04
5.42058995E+01  3.250E-04
5.45460995E+01  3.127E-04
5.48862995E+01  3.093E-04
5.52264995E+01  3.047E-04
5.55666995E+01  3.002E-04
5.59068995E+01  2.959E-04
5.62470995E+01  2.915E-04
5.65872995E+01  2.873E-04
5.69274995E+01  2.830E-04
5.72676995E+01  2.789E-04
5.76078995E+01  2.749E-04
5.79480995E+01  2.707E-04
5.82882995E+01  2.667E-04
5.86284995E+01  2.629E-04
5.89686995E+01  2.591E-04
5.93088995E+01  2.554E-04
5.96490995E+01  2.517E-04
5.99892995E+01  2.486E-04
6.03294995E+01  2.450E-04
6.06696995E+01  2.413E-04
6.10098995E+01  2.380E-04
6.13500995E+01  2.348E-04
6.16902995E+01  2.331E-04
6.20304995E+01  2.289E-04
6.23706995E+01  2.259E-04
6.27108995E+01  2.235E-04
6.30510995E+01  2.204E-04
6.33912995E+01  2.180E-04
6.37314995E+01  2.151E-04
6.40716995E+01  2.133E-04
6.44118995E+01  2.096E-04
6.47520995E+01  2.069E-04
6.50922995E+01  2.042E-04
6.54324995E+01  2.016E-04
6.57726995E+01  1.986E-04
6.61128995E+01  1.963E-04
6.64530995E+01  1.938E-04
6.67932995E+01  1.916E-04
6.71334995E+01  1.892E-04
6.74736995E+01  1.866E-04
6.78138995E+01  1.841E-04
6.81540995E+01  1.819E-04
6.84942995E+01  1.796E-04
6.88344995E+01  1.774E-04
6.91746995E+01  1.751E-04
6.95148995E+01  1.730E-04
6.98550995E+01  1.709E-04
7.01952995E+01  1.687E-04
7.05354995E+01  1.667E-04
7.08756995E+01  1.647E-04
7.12158995E+01  1.627E-04
7.15560995E+01  1.607E-04
7.18962995E+01  1.588E-04
7.22364995E+01  1.569E-04
7.25766995E+01  1.550E-04
7.29168995E+01  1.532E-04
7.32570995E+01  1.514E-04
7.35972995E+01  1.496E-04
7.39374995E+01  1.478E-04
7.42776995E+01  1.461E-04
7.46178995E+01  1.444E-04
7.49580995E+01  1.427E-04
7.52982995E+01  1.410E-04
7.56384995E+01  1.393E-04
7.59786995E+01  1.377E-04
7.63188995E+01  1.361E-04
7.66590995E+01  1.345E-04
7.69992995E+01  1.329E-04
7.73394995E+01  1.314E-04
7.76796995E+01  1.299E-04
7.80198995E+01  1.284E-04
7.83600995E+01  1.270E-04
7.87002995E+01  1.256E-04
7.90404995E+01  1.242E-04
7.93806995E+01  1.228E-04
7.97208995E+01  1.215E-04
8.00610995E+01  1.202E-04
8.04012995E+01  1.189E-04
8.07414995E+01  1.176E-04
8.10816995E+01  1.164E-04
8.14218995E+01  1.152E-04
8.17620995E+01  1.140E-04
8.21022995E+01  1.128E-04
8.24424995E+01  1.117E-04
8.27826995E+01  1.105E-04
8.31228995E+01  1.094E-04
8.34630995E+01  1.083E-04
8.38032995E+01  1.072E-04
8.41434995E+01  1.062E-04
8.44836995E+01  1.051E-04
8.48238995E+01  1.041E-04
8.51640995E+01  1.030E-04
8.55042995E+01  1.020E-04
8.58444995E+01  1.010E-04
8.61846995E+01  9.996E-05
8.65248995E+01  9.896E-05
8.68650995E+01  9.797E-05
8.72052995E+01  9.699E-05
8.75454995E+01  9.603E-05
8.78856995E+01  9.507E-05
8.82258995E+01  9.412E-05
8.85660995E+01  9.318E-05
8.89062995E+01  9.226E-05
8.92464995E+01  9.134E-05
8.95866995E+01  9.044E-05
8.99268995E+01  8.955E-05
9.02670995E+01  8.867E-05
9.06072995E+01  8.780E-05
9.09474995E+01  8.695E-05
9.12876995E+01  8.610E-05
9.16278995E+01  8.527E-05
9.19680995E+01  8.445E-05
9.23082995E+01  8.363E-05
9.26484995E+01  8.283E-05
9.29886995E+01  8.204E-05
9.33288995E+01  8.126E-05
9.36690995E+01  8.048E-05
9.40092995E+01  7.972E-05
9.43494995E+01  7.896E-05
9.46896995E+01  7.821E-05
9.50298995E+01  7.747E-05
9.53700995E+01  7.674E-05
9.57102995E+01  7.601E-05
9.60504995E+01  7.529E-05
9.63906995E+01  7.458E-05
9.67308995E+01  7.388E-05
9.70710995E+01  7.318E-05
9.74112995E+01  7.249E-05
9.77514995E+01  7.181E-05
9.80916995E+01  7.113E-05
9.84318995E+01  7.047E-05
9.87720995E+01  6.981E-05
9.91122995E+01  6.916E-05
9.94524995E+01  6.852E-05
9.97926995E+01  6.788E-05
1.00132899E+02  6.726E-05
1.00473099E+02  6.665E-05
1.00813299E+02  6.604E-05
1.01153499E+02  6.545E-05
1.01493699E+02  6.486E-05
1.01833899E+02  6.429E-05
1.02174099E+02  6.372E-05
1.02514299E+02  6.316E-05
1.02854499E+02  6.262E-05
1.03194699E+02  6.208E-05
1.03534899E+02  6.155E-05
1.03875099E+02  6.103E-05
1.04215299E+02  6.051E-05
1.04555499E+02  6.001E-05
1.04895699E+02  5.951E-05
1.05235899E+02  5.902E-05
1.05576099E+02  5.854E-05
1.05916299E+02  5.806E-05
1.06256499E+02  5.759E-05
1.06596699E+02  5.713E-05
1.06936899E+02  5.667E-05
1.07277099E+02  5.621E-05
1.07617299E+02  5.576E-05
1.07957499E+02  5.532E-05
1.08297699E+02  5.488E-05
1.08637899E+02  5.444E-05
1.08978099E+02  5.400E-05
1.09318299E+02  5.357E-05
1.09658499E+02  5.315E-05
1.09998699E+02  5.273E-05
1.10338899E+02  5.231E-05
1.10679099E+02  5.189E-05
1.11019299E+02  5.148E-05
1.11359499E+02  5.107E-05
1.11699699E+02  5.067E-05
1.12039899E+02  5.026E-05
1.12380099E+02  4.987E-05
1.12720299E+02  4.947E-05
1.13060499E+02  4.908E-05
1.13400699E+02  4.870E-05
1.13740899E+02  4.831E-05
1.14081099E+02  4.794E-05
1.14421299E+02  4.756E-05
1.14761499E+02  4.719E-05
1.15101699E+02  4.682E-05
1.15441899E+02  4.646E-05
1.15782099E+02  4.610E-05
1.16122299E+02  4.575E-05
1.16462499E+02  4.539E-05
1.16802699E+02  4.505E-05
1.17142899E+02  4.470E-05
1.17483099E+02  4.436E-05
1.17823299E+02  4.402E-05
1.18163499E+02  4.369E-05
1.18503699E+02  4.335E-05
1.18843899E+02  4.303E-05
1.19184099E+02  4.270E-05
1.19524299E+02  4.237E-05
1.19864499E+02  4.205E-05
1.20204699E+02  4.173E-05
1.20544899E+02  4.142E-05
1.20885099E+02  4.110E-05
1.21225299E+02  4.079E-05
1.21565499E+02  4.048E-05
1.21905699E+02  4.017E-05
1.22245899E+02  3.986E-05
1.22586099E+02  3.956E-05
1.22926299E+02  3.926E-05
1.23266499E+02  3.896E-05
1.23606699E+02  3.866E-05
1.23946899E+02  3.837E-05
1.24287099E+02  3.807E-05
1.24627299E+02  3.778E-05
1.24967499E+02  3.749E-05
1.25307699E+02  3.721E-05
1.25647899E+02  3.693E-05
1.25988099E+02  3.665E-05
1.26328299E+02  3.637E-05
1.26668499E+02  3.610E-05
1.27008699E+02  3.583E-05
1.27348899E+02  3.556E-05
1.27689099E+02  3.530E-05
1.28029299E+02  3.504E-05
1.28369499E+02  3.478E-05
1.28709699E+02  3.452E-05
1.29049899E+02  3.427E-05
1.29390099E+02  3.403E-05
1.29730299E+02  3.378E-05
1.30070499E+02  3.354E-05
1.30410699E+02  3.330E-05
1.30750899E+02  3.307E-05
1.31091099E+02  3.284E-05
1.31431299E+02  3.261E-05
1.31771499E+02  3.238E-05
1.32111699E+02  3.216E-05
1.32451899E+02  3.194E-05
1.32792099E+02  3.172E-05
1.33132299E+02  3.151E-05
1.33472499E+02  3.130E-05
1.33812699E+02  3.109E-05
1.34152899E+02  3.088E-05
1.34493099E+02  3.067E-05
1.34833299E+02  3.047E-05
1.35173499E+02  3.027E-05
1.35513699E+02  3.007E-05
1.35853899E+02  2.987E-05
1.36194099E+02  2.968E-05
1.36534299E+02  2.948E-05
1.36874499E+02  2.929E-05
1.37214699E+02  2.910E-05
1.37554899E+02  2.891E-05
1.37895099E+02  2.872E-05
1.38235299E+02  2.854E-05
1.38575499E+02  2.835E-05
1.38915699E+02  2.817E-05
1.39255899E+02  2.799E-05
1.39596099E+02  2.781E-05
1.39936299E+02  2.763E-05
1.40276499E+02  2.746E-05
1.40616699E+02  2.728E-05
1.40956899E+02  2.711E-05
1.41297099E+02  2.694E-05
1.41637299E+02  2.677E-05
1.41977499E+02  2.660E-05
1.42317699E+02  2.644E-05
1.42657899E+02  2.628E-05
1.42998099E+02  2.611E-05
1.43338299E+02  2.595E-05
1.43678499E+02  2.579E-05
1.44018699E+02  2.564E-05
1.44358899E+02  2.548E-05
1.44699099E+02  2.533E-05
1.45039299E+02  2.517E-05
1.45379499E+02  2.502E-05
1.45719699E+02  2.487E-05
1.46059899E+02  2.472E-05
1.46400099E+02  2.458E-05
1.46740299E+02  2.443E-05
1.47080499E+02  2.429E-05
1.47420699E+02  2.414E-05
1.47760899E+02  2.400E-05
1.48101099E+02  2.386E-05
1.48441299E+02  2.372E-05
1.48781499E+02  2.358E-05
1.49121699E+02  2.344E-05
1.49461899E+02  2.330E-05
1.49802099E+02  2.316E-05
1.50142299E+02  2.302E-05
1.50482499E+02  2.288E-05
1.50822699E+02  2.274E-05
1.51162899E+02  2.261E-05
1.51503099E+02  2.247E-05
1.51843299E+02  2.233E-05
1.52183499E+02  2.220E-05
1.52523699E+02  2.206E-05
1.52863899E+02  2.192E-05
1.53204099E+02  2.179E-05
1.53544299E+02  2.165E-05
1.53884499E+02  2.152E-05
1.54224699E+02  2.138E-05
1.54564899E+02  2.124E-05
1.54905099E+02  2.111E-05
1.55245299E+02  2.098E-05
1.55585499E+02  2.084E-05
1.55925699E+02  2.071E-05
1.56265899E+02  2.058E-05
1.56606099E+02  2.044E-05
1.56946299E+02  2.031E-05
1.57286499E+02  2.018E-05
1.57626699E+02  2.005E-05
1.57966899E+02  1.992E-05
1.58307099E+02  1.979E-05
1.58647299E+02  1.966E-05
1.58987499E+02  1.954E-05
1.59327699E+02  1.941E-05
1.59667899E+02  1.929E-05
1.60008099E+02  1.916E-05
1.60348299E+02  1.904E-05
1.60688499E+02  1.892E-05
1.61028699E+02  1.880E-05
1.61368899E+02  1.868E-05
1.61709099E+02  1.856E-05
1.62049299E+02  1.844E-05
1.62389499E+02  1.833E-05
1.62729699E+02  1.821E-05
1.63069899E+02  1.810E-05
1.63410099E+02  1.799E-05
1.63750299E+02  1.788E-05
1.64090499E+02  1.777E-05
1.64430699E+02  1.766E-05
1.64770899E+02  1.755E-05
1.65111099E+02  1.745E-05
1.65451299E+02  1.734E-05
1.65791499E+02  1.724E-05
1.66131699E+02  1.714E-05
1.66471899E+02  1.704E-05
1.66812099E+02  1.694E-05
1.67152299E+02  1.684E-05
1.67492499E+02  1.675E-05
1.67832699E+02  1.665E-05
1.68172899E+02  1.656E-05
1.68513099E+02  1.646E-05
1.68853299E+02  1.637E-05
1.69193499E+02  1.628E-05
1.69533699E+02  1.619E-05
1.69873899E+02  1.610E-05
1.70214099E+02  1.601E-05
1.70554299E+02  1.593E-05
1.70894499E+02  1.584E-05
1.71234699E+02  1.576E-05
1.71574899E+02  1.568E-05
1.71915099E+02  1.560E-05
1.72255299E+02  1.552E-05
1.72595499E+02  1.544E-05
1.72935699E+02  1.536E-05
1.73275899E+02  1.528E-05
1.73616099E+02  1.521E-05
1.73956299E+02  1.513E-05
1.74296499E+02  1.506E-05
1.74636699E+02  1.499E-05
1.74976899E+02  1.492E-05
1.75317099E+02  1.485E-05
1.75657299E+02  1.478E-05
1.75997499E+02  1.471E-05
1.76337699E+02  1.465E-05
1.76677899E+02  1.458E-05
1.77018099E+02  1.452E-05
1.77358299E+02  1.446E-05
1.77698499E+02  1.440E-05
1.78038699E+02  1.433E-05
1.78378899E+02  1.427E-05
1.78719099E+02  1.422E-05
1.79059299E+02  1.416E-05
1.79399499E+02  1.410E-05
1.79739699E+02  1.404E-05
1.80079899E+02  1.399E-05
1.80420099E+02  1.393E-05
1.80760299E+02  1.387E-05
1.81100499E+02  1.382E-05
1.81440699E+02  1.376E-05
1.81780899E+02  1.371E-05
1.82121099E+02  1.365E-05
1.82461299E+02  1.360E-05
1.82801499E+02  1.354E-05
1.83141699E+02  1.349E-05
1.83481899E+02  1.343E-05
1.83822099E+02  1.338E-05
1.84162299E+02  1.332E-05
1.84502499E+02  1.326E-05
1.84842699E+02  1.321E-05
1.85182899E+02  1.315E-05
1.85523099E+02  1.309E-05
1.85863299E+02  1.303E-05
1.86203499E+02  1.297E-05
1.86543699E+02  1.291E-05
1.86883899E+02  1.284E-05
1.87224099E+02  1.278E-05
1.87564299E+02  1.272E-05
1.87904499E+02  1.265E-05
1.88244699E+02  1.259E-05
1.88584899E+02  1.252E-05
1.88925099E+02  1.245E-05
1.89265299E+02  1.238E-05
1.89605499E+02  1.231E-05
1.89945699E+02  1.224E-05
1.90285899E+02  1.217E-05
1.90626099E+02  1.210E-05
1.90966299E+02  1.202E-05
1.91306499E+02  1.195E-05
1.91646699E+02  1.188E-05
1.91986899E+02  1.180E-05
1.92327099E+02  1.172E-05
1.92667299E+02  1.165E-05
1.93007499E+02  1.157E-05
1.93347699E+02  1.149E-05
1.93687899E+02  1.142E-05
1.94028099E+02  1.134E-05
1.94368299E+02  1.126E-05
1.94708499E+02  1.118E-05
1.95048699E+02  1.110E-05
1.95388899E+02  1.102E-05
1.95729099E+02  1.095E-05
1.96069299E+02  1.087E-05
1.96409499E+02  1.079E-05
1.96749699E+02  1.071E-05
1.97089899E+02  1.064E-05
1.97430099E+02  1.056E-05
1.97770299E+02  1.049E-05
1.98110499E+02  1.041E-05
1.98450699E+02  1.034E-05
1.98790899E+02  1.027E-05
1.99131099E+02  1.019E-05
1.99471299E+02  1.012E-05
1.99811499E+02  1.005E-05
2.00151699E+02  9.984E-06
2.00491899E+02  9.917E-06
2.00832099E+02  9.851E-06
2.01172299E+02  9.786E-06
2.01512499E+02  9.722E-06
2.01852699E+02  9.660E-06
2.02192899E+02  9.599E-06
2.02533099E+02  9.539E-06
2.02873299E+02  9.482E-06
2.03213499E+02  9.425E-06
2.03553699E+02  9.370E-06
2.03893899E+02  9.317E-06
2.04234099E+02  9.265E-06
2.04574299E+02  9.215E-06
