          16           7
         215          13           1           1
           0          -4           0          -4           0          -6           0          -2           0          -4           0           6           0           4           0           2           0           4           0           6           0           2           0           4           0           2           0          -4           0          -2           0           2           0           4           0           6           0           2           0           4           0           6           0           4           0          -2           0          -2           0          -4           0          -6           0          -8           0          -2           0          -4           0          -6           0          -4           0           2           0          -4           0          -6           0          -2           0          -4           0          -6           0          -6           0          -8           0          -4           0          -6           0          -2           0          -4           0           4           0           6           0           8           0          10           0           4           0          -4           0           2           0           6           0           4           0           8           0           2           0          -4           0          -2           0           6           0           6           0           4           0           2           0           8           0           4           0           6           0           8           0           4           0           6           0           8           0          10           0           4           0           6           0           8           0           6           0           4           0           2           0           6           0           2           0           4           0           2           0          -4           0          -2           0          -6           0          -8           0           6           0           4           0          -4           0          -6           0          -2           0          -4           0          -6           0          -8           0         -10           0          -2           0          -4           0          -6           0          -4           0          -2           0          -6           0          -8           0          -2           0          -4           0           2           0           4           0           6           0           8           0           4           0           4           0           6           0           8           0           2           0          10           0           8           0           6           0           4           0           2           0           6           0           6           0           4           0           4           0           2           0           4           0           6           0           8           0          -4           0           2           0           4           0          -6           0          -4           0           2           0           4           0           6           0           4           0           6           0          -2           0          -4           0          -6           0          -8           0         -10           0          -6           0          -8           0         -10           0         -12           0           2           0          -2           0          -4           0          -6           0          -8           0          -2           0          -8           0         -10           0          -4           0          -2           0          -6           0          -4           0          -2           0          -4           0          -2           0          -4           0          -6           0          -4           0          -8           0          -6           0           2           0           4           0           2           0           4           0           6           0         -10           0          -8           0          -6           0          -4           0           6           0          -2           0          -4           0           8           0          -6           0          -2           0          -4           0          -6           0          -8           0           4           0           6           0          -4           0          -6           0          -6           0          -8           0          -2           0           2           0          -4           0           4           0           6           0           4           0           4           0           2           0           2           0          -4           0          -6           0          -8           0          -2           0          -4           0          -6           0          -8           0         -10           0          -8           0          -6           0          -4           0          -2           0          -2           0          -4           0          -6           0          -6           0          -8           0          -4           0          -2           0          -6           0          -4
    0.000000E+00    9.645106E-03    9.843162E-03    1.435602E-02    1.458263E-02
    4.247197E-02    4.320385E-02    4.360158E-02    5.944295E-02    5.948713E-02
    6.922989E-02    7.316769E-02    7.411300E-02    1.134727E-01    1.147319E-01
    2.354040E-01    2.358931E-01    2.366026E-01    2.382857E-01    2.391328E-01
    2.438023E-01    2.438287E-01    2.461520E-01    2.471700E-01    2.474363E-01
    2.479076E-01    2.485433E-01    2.486026E-01    2.487216E-01    2.491410E-01
    2.502551E-01    2.507374E-01    2.510783E-01    2.511300E-01    2.524691E-01
    2.524772E-01    2.554279E-01    2.561102E-01    2.563381E-01    2.591442E-01
    2.591854E-01    2.609226E-01    2.615363E-01    2.619649E-01    2.622131E-01
    2.625883E-01    2.631076E-01    2.632646E-01    2.633261E-01    2.634365E-01
    2.637297E-01    2.638533E-01    2.640096E-01    2.643758E-01    2.644930E-01
    2.645338E-01    2.648466E-01    2.652759E-01    2.655531E-01    2.656939E-01
    2.657640E-01    2.676748E-01    2.677713E-01    2.679166E-01    2.688115E-01
    2.690337E-01    2.711118E-01    2.712141E-01    2.720014E-01    2.721113E-01
    2.724223E-01    2.724984E-01    2.725578E-01    2.726085E-01    2.727219E-01
    2.737570E-01    2.740430E-01    2.746587E-01    2.763855E-01    2.763956E-01
    2.763957E-01    2.764682E-01    2.789238E-01    2.791446E-01    2.808157E-01
    2.808428E-01    2.816082E-01    2.816156E-01    2.816277E-01    2.816445E-01
    2.816660E-01    2.832213E-01    2.832636E-01    2.833497E-01    2.872720E-01
    2.872722E-01    2.872783E-01    2.873017E-01    2.873787E-01    2.874354E-01
    2.875828E-01    2.876419E-01    2.877951E-01    2.879672E-01    2.884374E-01
    2.885530E-01    2.886000E-01    2.886971E-01    2.887362E-01    2.888178E-01
    2.901974E-01    2.902310E-01    2.934227E-01    2.936053E-01    2.936679E-01
    2.948139E-01    2.948751E-01    2.949134E-01    2.954910E-01    2.955387E-01
    2.955818E-01    2.956302E-01    2.974080E-01    2.974265E-01    2.978254E-01
    2.979930E-01    2.980044E-01    2.981863E-01    2.981951E-01    2.982014E-01
    2.986863E-01    2.989406E-01    2.997979E-01    3.013547E-01    3.014398E-01
    3.015665E-01    3.017420E-01    3.025165E-01    3.025355E-01    3.025686E-01
    3.026262E-01    3.032771E-01    3.036433E-01    3.036673E-01    3.036996E-01
    3.037196E-01    3.041292E-01    3.046134E-01    3.046301E-01    3.048276E-01
    3.048611E-01    3.049614E-01    3.051740E-01    3.052844E-01    3.060373E-01
    3.062721E-01    3.065126E-01    3.067251E-01    3.072820E-01    3.083217E-01
    3.083847E-01    3.085481E-01    3.086063E-01    3.093086E-01    3.093690E-01
    3.093750E-01    3.093804E-01    3.094500E-01    3.095030E-01    3.095365E-01
    3.096086E-01    3.096683E-01    3.098305E-01    3.098337E-01    3.100372E-01
    3.110986E-01    3.111053E-01    3.111248E-01    3.111449E-01    3.124031E-01
    3.124222E-01    3.126400E-01    3.132139E-01    3.132929E-01    3.134326E-01
    3.163175E-01    3.165548E-01    3.167011E-01    3.167161E-01    3.173537E-01
    3.174815E-01    3.194473E-01    3.198310E-01    3.206567E-01    3.235572E-01
    3.235827E-01    3.236877E-01    3.236885E-01    3.238034E-01    3.239013E-01
    3.239634E-01    3.240075E-01    3.245628E-01    3.245933E-01    3.263728E-01
    3.264517E-01    3.271738E-01    3.284075E-01    3.287843E-01    3.314323E-01
    3.314556E-01    3.324856E-01    3.325179E-01    3.327131E-01    3.333147E-01
           0           4           0           1
  -28.010499495533246               13
3.00516995E+01  2.940E-01  9.478E-02  3.100E-01  2.764E-02  1.291E-01
4.36596995E+01  1.120E-01  3.325E-02  1.189E-01  1.004E-02  4.721E-02  7.998E-02
                9.956E-03  2.478E-04  9.383E-04  7.078E-04  1.562E-03  3.329E-02
                1.957E-04  2.165E-03  3.424E-04
5.72676995E+01  4.976E-02  1.603E-02  5.232E-02  4.457E-03  2.182E-02  4.900E-02
                5.746E-03  2.370E-05  4.778E-04  2.789E-04  3.541E-05  2.274E-02
                3.382E-05  1.165E-03  1.692E-04  1.122E-05  1.901E-05  1.745E-05
                1.346E-05  1.867E-05  1.074E-05  5.430E-07  2.132E-05  2.879E-06
                6.846E-06  8.382E-06  6.998E-06  1.239E-05  3.557E-05  3.643E-05
                1.389E-05  2.202E-06  1.356E-04  3.545E-05  3.426E-06  2.470E-05
                9.014E-09  2.381E-06  1.453E-05  4.049E-05  1.183E-04  6.426E-06
                4.616E-05  7.161E-07  1.543E-06  2.904E-06  6.881E-06  1.317E-05
                1.412E-04  9.423E-07  9.571E-06  5.733E-06  1.759E-06  1.140E-06
                2.542E-05  8.291E-06  3.784E-06  7.908E-05  4.719E-05  2.340E-05
                1.486E-05  1.993E-08  3.095E-08  2.913E-09  4.553E-06  4.001E-05
                9.179E-07  7.150E-08  6.361E-06  2.028E-05  4.176E-05  1.964E-05
                9.034E-06  4.290E-06  1.579E-06  3.819E-06  1.163E-05  5.647E-06
                2.473E-06  4.449E-07  8.306E-06  2.324E-05  1.383E-05  2.484E-06
                2.419E-05  1.095E-04  1.291E-09  6.392E-09  1.439E-08  1.688E-08
                5.597E-09  7.639E-07  4.598E-06  8.501E-06  1.308E-06  5.170E-07
                3.172E-06  8.187E-06  8.663E-06  4.823E-05  1.832E-07  1.166E-06
                1.759E-06  3.483E-06  4.296E-06  9.644E-07  8.213E-07  2.288E-06
                4.410E-07  5.181E-06  2.867E-05  7.325E-06  1.327E-05  1.683E-07
                1.553E-04  4.329E-06  3.466E-06  2.451E-06  1.135E-07  9.570E-07
                2.395E-06  2.213E-06  6.303E-05  2.806E-06  3.058E-06  1.854E-05
                3.024E-06  1.366E-06  1.373E-05  8.158E-05  5.481E-06  1.425E-05
                1.198E-05  8.804E-07  2.209E-06  4.293E-06  6.658E-06  5.070E-07
                1.882E-06  4.863E-06  1.145E-05  1.651E-06  5.305E-07  2.340E-06
                8.883E-06  3.200E-05  1.456E-06  5.479E-06  2.123E-05  8.251E-06
                1.726E-06  3.609E-05  1.588E-05  2.126E-06  3.691E-06  1.006E-06
                1.731E-05  6.628E-06  1.713E-06  9.852E-06  4.351E-06  1.080E-06
                5.101E-06  5.959E-06  1.303E-05  5.637E-05  4.286E-06  2.926E-06
                1.402E-06  4.762E-07  1.421E-06  1.086E-06  1.996E-06  5.694E-06
                3.273E-06  1.675E-06  4.247E-06  1.019E-05  2.681E-05  1.445E-06
                1.987E-06  4.455E-06  4.213E-06  6.030E-06  9.879E-06  1.942E-06
                4.483E-07  2.061E-06  1.615E-05  3.251E-06  4.238E-06  4.947E-05
                6.421E-07  4.145E-07  8.163E-06  1.718E-05  3.211E-05  7.501E-06
                9.213E-06  9.330E-06  9.225E-07  1.974E-06  1.454E-06  8.866E-07
                4.407E-06  1.456E-06  2.408E-06  4.486E-06  1.877E-05  3.173E-07
                6.958E-07  1.102E-06  2.706E-07  1.345E-05  1.960E-06
7.08756995E+01  2.662E-02  8.540E-03  2.787E-02  2.369E-03  1.161E-02  3.295E-02
                3.860E-03  1.262E-05  3.172E-04  1.647E-04  1.730E-05  1.583E-02
                1.817E-05  6.521E-04  9.452E-05  6.082E-06  9.828E-06  9.320E-06
                7.149E-06  1.192E-05  7.958E-06  4.441E-07  9.133E-06  1.553E-06
                3.568E-06  4.252E-06  3.026E-06  6.854E-06  1.801E-05  1.917E-05
                7.001E-06  1.528E-06  5.472E-05  1.689E-05  1.911E-06  1.237E-05
                6.344E-09  1.101E-06  6.585E-06  1.859E-05  5.421E-05  2.970E-06
                2.203E-05  3.153E-07  6.301E-07  1.117E-06  2.657E-06  5.393E-06
                7.854E-05  3.659E-07  3.556E-06  2.326E-06  6.761E-07  4.362E-07
                1.184E-05  3.864E-06  1.724E-06  3.002E-05  2.053E-05  1.134E-05
                7.044E-06  1.129E-08  1.863E-08  1.873E-09  1.480E-06  1.248E-05
                5.541E-07  1.326E-07  3.578E-06  1.185E-05  2.291E-05  1.432E-05
                5.586E-06  2.470E-06  6.856E-07  1.667E-06  4.061E-06  1.813E-06
                1.526E-06  2.186E-07  5.533E-06  1.540E-05  5.186E-06  1.148E-06
                1.474E-05  6.593E-05  6.118E-10  3.450E-09  8.053E-09  9.262E-09
                2.652E-09  5.166E-07  3.039E-06  6.147E-06  7.355E-07  2.160E-07
                2.235E-06  6.350E-06  5.191E-06  2.936E-05  7.703E-08  4.150E-07
                9.128E-07  1.905E-06  6.805E-07  2.076E-07  4.767E-07  1.236E-06
                2.020E-07  2.569E-06  1.680E-05  4.344E-06  7.523E-06  1.163E-07
                8.985E-05  2.593E-06  2.077E-06  1.352E-06  7.635E-08  6.091E-07
                1.471E-06  1.344E-06  3.798E-05  1.593E-06  1.693E-06  1.295E-05
                1.941E-06  6.528E-07  7.986E-06  4.852E-05  3.308E-06  8.575E-06
                8.267E-06  4.258E-07  1.048E-06  1.989E-06  2.893E-06  2.497E-07
                9.167E-07  2.378E-06  5.650E-06  9.652E-07  2.460E-07  1.157E-06
                4.560E-06  1.732E-05  7.351E-07  1.915E-06  7.636E-06  5.872E-06
                1.148E-06  1.944E-05  8.554E-06  1.077E-06  1.916E-06  4.957E-07
                1.034E-05  3.009E-06  7.527E-07  5.218E-06  1.902E-06  4.937E-07
                2.097E-06  3.328E-06  7.481E-06  3.048E-05  1.791E-06  1.330E-06
                6.455E-07  2.281E-07  7.961E-07  4.685E-07  8.473E-07  3.159E-06
                1.508E-06  8.205E-07  2.237E-06  5.598E-06  1.469E-05  8.340E-07
                1.006E-06  1.958E-06  1.848E-06  2.443E-06  3.907E-06  1.064E-06
                1.744E-07  1.098E-06  1.051E-05  1.569E-06  2.830E-06  3.434E-05
                3.074E-07  1.715E-07  3.396E-06  7.305E-06  1.390E-05  3.068E-06
                3.952E-06  4.024E-06  2.704E-07  4.503E-07  7.604E-07  3.991E-07
                4.198E-06  1.354E-06  2.290E-06  2.315E-06  1.039E-05  1.617E-07
                3.009E-07  7.829E-07  2.001E-07  8.994E-06  1.019E-06
8.44836995E+01  1.556E-02  4.979E-03  1.626E-02  1.378E-03  6.759E-03  2.322E-02
                2.719E-03  7.355E-06  2.218E-04  1.051E-04  9.455E-06  1.146E-02
                1.052E-05  3.962E-04  5.741E-05  3.472E-06  5.706E-06  5.633E-06
                4.267E-06  7.508E-06  5.431E-06  3.070E-07  4.973E-06  1.084E-06
                2.373E-06  2.777E-06  1.814E-06  4.083E-06  1.035E-05  1.124E-05
                4.148E-06  1.035E-06  2.615E-05  9.234E-06  1.142E-06  6.913E-06
                4.241E-09  5.871E-07  3.426E-06  9.698E-06  2.822E-05  1.544E-06
                1.176E-05  1.820E-07  3.237E-07  5.305E-07  1.238E-06  4.005E-06
                4.680E-05  1.895E-07  1.917E-06  1.584E-06  3.463E-07  2.141E-07
                6.218E-06  2.038E-06  1.008E-06  1.709E-05  1.119E-05  6.323E-06
                3.843E-06  7.208E-09  1.285E-08  1.313E-09  6.638E-07  5.290E-06
                3.539E-07  1.623E-07  2.177E-06  7.276E-06  1.357E-05  1.063E-05
                4.061E-06  1.745E-06  3.571E-07  9.095E-07  1.942E-06  7.774E-07
                1.020E-06  1.372E-07  3.776E-06  1.048E-05  2.544E-06  6.360E-07
                9.302E-06  4.152E-05  3.639E-10  2.167E-09  5.042E-09  5.601E-09
                1.404E-09  3.550E-07  2.097E-06  4.317E-06  4.987E-07  1.236E-07
                1.658E-06  4.856E-06  3.284E-06  1.863E-05  5.147E-08  2.503E-07
                6.381E-07  1.342E-06  1.816E-07  8.629E-08  3.288E-07  8.437E-07
                1.239E-07  1.728E-06  1.137E-05  2.945E-06  4.736E-06  7.594E-08
                5.696E-05  1.875E-06  1.408E-06  9.249E-07  5.801E-08  4.438E-07
                1.057E-06  1.010E-06  2.403E-05  1.126E-06  1.196E-06  8.528E-06
                1.241E-06  4.262E-07  5.191E-06  3.146E-05  2.277E-06  5.914E-06
                5.565E-06  2.181E-07  5.326E-07  1.004E-06  1.404E-06  1.280E-07
                4.553E-07  1.173E-06  2.787E-06  6.350E-07  1.354E-07  6.864E-07
                2.813E-06  1.108E-05  4.039E-07  7.550E-07  3.037E-06  3.886E-06
                7.419E-07  1.225E-05  5.384E-06  6.557E-07  1.111E-06  2.764E-07
                6.943E-06  1.576E-06  3.889E-07  3.006E-06  9.890E-07  3.169E-07
                1.193E-06  2.168E-06  4.869E-06  1.861E-05  8.886E-07  7.036E-07
                3.392E-07  1.210E-07  5.084E-07  2.643E-07  4.663E-07  2.039E-06
                8.759E-07  4.481E-07  1.334E-06  3.541E-06  9.399E-06  5.255E-07
                6.653E-07  9.985E-07  9.609E-07  1.189E-06  1.855E-06  6.314E-07
                9.672E-08  6.487E-07  7.267E-06  9.354E-07  1.963E-06  2.474E-05
                2.211E-07  1.049E-07  1.521E-06  3.536E-06  7.107E-06  1.311E-06
                1.773E-06  1.923E-06  9.179E-08  1.302E-07  4.348E-07  2.129E-07
                3.227E-06  1.030E-06  1.748E-06  1.378E-06  6.851E-06  9.342E-08
                1.703E-07  5.693E-07  1.356E-07  6.371E-06  6.332E-07
9.80916995E+01  9.761E-03  3.124E-03  1.021E-02  8.649E-04  4.246E-03  1.713E-02
                2.006E-03  4.393E-06  1.625E-04  7.113E-05  5.360E-06  8.609E-03
                6.476E-06  2.606E-04  3.777E-05  2.008E-06  3.341E-06  3.457E-06
                2.517E-06  4.708E-06  3.513E-06  2.045E-07  3.027E-06  8.652E-07
                1.791E-06  2.062E-06  1.317E-06  2.495E-06  6.263E-06  6.850E-06
                2.715E-06  6.688E-07  1.415E-05  5.501E-06  7.111E-07  4.174E-06
                2.736E-09  3.370E-07  1.924E-06  5.616E-06  1.621E-05  8.893E-07
                6.923E-06  1.384E-07  2.107E-07  3.056E-07  6.577E-07  3.378E-06
                2.987E-05  1.071E-07  1.219E-06  1.252E-06  1.951E-07  1.221E-07
                3.595E-06  1.174E-06  6.582E-07  1.146E-05  6.567E-06  3.646E-06
                2.227E-06  4.637E-09  9.255E-09  9.108E-10  3.630E-07  2.670E-06
                2.280E-07  1.501E-07  1.354E-06  4.536E-06  8.252E-06  7.922E-06
                2.964E-06  1.246E-06  2.040E-07  5.337E-07  1.077E-06  3.926E-07
                6.898E-07  9.147E-08  2.560E-06  7.086E-06  1.416E-06  3.818E-07
                6.198E-06  2.772E-05  2.436E-10  1.483E-09  3.404E-09  3.639E-09
                8.247E-10  2.392E-07  1.440E-06  2.970E-06  3.663E-07  8.466E-08
                1.261E-06  3.748E-06  2.208E-06  1.251E-05  3.832E-08  1.794E-07
                4.736E-07  9.981E-07  9.687E-08  5.556E-08  2.320E-07  5.983E-07
                8.432E-08  1.231E-06  7.773E-06  2.020E-06  3.293E-06  5.083E-08
                3.966E-05  1.375E-06  1.011E-06  6.784E-07  4.378E-08  3.253E-07
                7.762E-07  7.704E-07  1.617E-05  8.299E-07  8.834E-07  5.665E-06
                8.232E-07  3.083E-07  3.699E-06  2.234E-05  1.591E-06  4.148E-06
                3.800E-06  1.231E-07  2.993E-07  5.622E-07  7.585E-07  7.357E-08
                2.495E-07  6.344E-07  1.504E-06  4.272E-07  8.328E-08  4.511E-07
                1.911E-06  7.720E-06  2.460E-07  3.343E-07  1.338E-06  2.586E-06
                4.959E-07  8.453E-06  3.711E-06  4.425E-07  7.157E-07  1.673E-07
                4.991E-06  9.285E-07  2.235E-07  1.798E-06  5.692E-07  2.248E-07
                8.187E-07  1.450E-06  3.327E-06  1.270E-05  5.025E-07  4.208E-07
                2.016E-07  7.213E-08  3.401E-07  1.719E-07  2.968E-07  1.389E-06
                5.782E-07  2.714E-07  8.735E-07  2.429E-06  6.517E-06  3.665E-07
                5.053E-07  5.619E-07  5.550E-07  6.571E-07  1.009E-06  3.864E-07
                6.802E-08  4.026E-07  5.335E-06  6.141E-07  1.435E-06  1.858E-05
                1.742E-07  7.351E-08  7.579E-07  1.933E-06  4.118E-06  6.149E-07
                8.765E-07  1.029E-06  3.605E-08  5.322E-08  2.588E-07  1.231E-07
                2.468E-06  7.817E-07  1.326E-06  9.328E-07  4.966E-06  5.609E-08
                1.015E-07  4.218E-07  8.933E-08  4.760E-06  4.489E-07
1.11699699E+02  6.439E-03  2.061E-03  6.735E-03  5.700E-04  2.799E-03  1.280E-02
                1.498E-03  3.077E-06  1.211E-04  5.067E-05  3.343E-06  6.516E-03
                4.169E-06  1.719E-04  2.490E-05  1.160E-06  1.970E-06  2.199E-06
                1.504E-06  3.081E-06  2.372E-06  1.415E-07  2.144E-06  6.533E-07
                1.327E-06  1.534E-06  9.992E-07  1.592E-06  4.047E-06  4.437E-06
                1.834E-06  4.491E-07  8.726E-06  3.521E-06  4.650E-07  2.718E-06
                1.813E-09  2.066E-07  1.161E-06  3.546E-06  1.011E-05  5.577E-07
                4.404E-06  1.098E-07  1.510E-07  1.980E-07  3.856E-07  2.802E-06
                2.006E-05  6.446E-08  8.458E-07  1.002E-06  1.134E-07  8.030E-08
                2.237E-06  7.286E-07  4.594E-07  8.288E-06  4.215E-06  2.283E-06
                1.387E-06  3.378E-09  7.304E-09  6.285E-10  2.303E-07  1.547E-06
                1.568E-07  1.191E-07  9.046E-07  3.041E-06  5.441E-06  5.960E-06
                2.285E-06  9.683E-07  1.297E-07  3.576E-07  6.849E-07  2.265E-07
                5.003E-07  6.649E-08  1.854E-06  5.123E-06  8.863E-07  2.517E-07
                4.302E-06  1.928E-05  1.753E-10  1.086E-09  2.469E-09  2.560E-09
                5.302E-10  1.720E-07  1.050E-06  2.153E-06  2.904E-07  6.711E-08
                1.006E-06  3.003E-06  1.546E-06  8.714E-06  2.974E-08  1.376E-07
                3.641E-07  7.704E-07  7.402E-08  4.375E-08  1.758E-07  4.528E-07
                5.990E-08  9.357E-07  5.878E-06  1.534E-06  2.331E-06  3.791E-08
                2.798E-05  1.028E-06  7.460E-07  5.187E-07  3.353E-08  2.444E-07
                5.828E-07  5.932E-07  1.125E-05  6.527E-07  6.941E-07  3.888E-06
                5.646E-07  2.277E-07  2.662E-06  1.601E-05  1.205E-06  3.164E-06
                2.736E-06  8.002E-08  1.932E-07  3.607E-07  4.682E-07  4.803E-08
                1.581E-07  3.987E-07  9.453E-07  2.973E-07  5.499E-08  3.185E-07
                1.393E-06  5.755E-06  1.612E-07  1.929E-07  7.605E-07  1.782E-06
                3.422E-07  6.305E-06  2.759E-06  3.257E-07  4.918E-07  1.075E-07
                3.733E-06  5.955E-07  1.377E-07  1.170E-06  3.738E-07  1.749E-07
                6.125E-07  1.093E-06  2.462E-06  9.005E-06  3.196E-07  2.842E-07
                1.369E-07  4.876E-08  2.614E-07  1.223E-07  2.094E-07  1.101E-06
                4.186E-07  1.897E-07  6.363E-07  1.804E-06  4.848E-06  2.618E-07
                3.870E-07  3.763E-07  3.538E-07  4.380E-07  6.562E-07  2.510E-07
                5.774E-08  2.672E-07  3.912E-06  4.698E-07  1.047E-06  1.376E-05
                1.387E-07  5.500E-08  4.529E-07  1.217E-06  2.673E-06  3.599E-07
                5.263E-07  6.420E-07  2.039E-08  3.626E-08  1.610E-07  7.626E-08
                1.933E-06  6.082E-07  1.013E-06  6.750E-07  3.755E-06  3.693E-08
                6.817E-08  3.213E-07  6.213E-08  3.670E-06  3.431E-07
1.25307699E+02  4.416E-03  1.417E-03  4.630E-03  3.925E-04  1.929E-03  1.008E-02
                1.180E-03  1.900E-06  9.495E-05  3.721E-05  2.089E-06  5.206E-03
                2.797E-06  1.259E-04  1.826E-05  7.598E-07  1.297E-06  1.544E-06
                9.596E-07  2.097E-06  1.529E-06  9.698E-08  1.440E-06  6.426E-07
                1.225E-06  1.382E-06  9.182E-07  1.001E-06  2.587E-06  2.834E-06
                1.447E-06  2.882E-07  5.480E-06  2.396E-06  3.005E-07  1.767E-06
                1.187E-09  1.303E-07  7.158E-07  2.329E-06  6.535E-06  3.598E-07
                2.886E-06  9.755E-08  1.243E-07  1.475E-07  2.480E-07  2.353E-06
                1.385E-05  3.898E-08  6.236E-07  8.233E-07  6.978E-08  5.180E-08
                1.441E-06  4.628E-07  3.342E-07  6.283E-06  2.801E-06  1.465E-06
                8.921E-07  2.418E-09  5.687E-09  4.426E-10  1.587E-07  9.570E-07
                1.077E-07  9.428E-08  6.173E-07  2.063E-06  3.599E-06  4.480E-06
                1.702E-06  7.192E-07  8.177E-08  2.286E-07  4.414E-07  1.387E-07
                3.354E-07  4.582E-08  1.233E-06  3.399E-06  5.697E-07  1.672E-07
                3.014E-06  1.348E-05  1.296E-10  8.070E-10  1.800E-09  1.799E-09
                3.755E-10  1.133E-07  6.971E-07  1.447E-06  2.279E-07  5.090E-08
                8.028E-07  2.410E-06  1.081E-06  6.125E-06  2.186E-08  1.021E-07
                2.681E-07  5.671E-07  6.369E-08  3.145E-08  1.224E-07  3.202E-07
                4.385E-08  6.727E-07  4.045E-06  1.061E-06  1.781E-06  2.657E-08
                2.144E-05  7.444E-07  5.539E-07  3.870E-07  2.512E-08  1.763E-07
                4.255E-07  4.360E-07  7.750E-06  4.723E-07  5.064E-07  2.773E-06
                3.990E-07  1.668E-07  2.066E-06  1.249E-05  8.358E-07  2.194E-06
                1.832E-06  5.660E-08  1.355E-07  2.505E-07  3.136E-07  3.473E-08
                1.110E-07  2.779E-07  6.596E-07  2.059E-07  3.855E-08  2.334E-07
                1.040E-06  4.358E-06  1.100E-07  1.327E-07  5.163E-07  1.279E-06
                2.447E-07  4.747E-06  2.073E-06  2.427E-07  3.526E-07  7.169E-08
                2.812E-06  3.994E-07  8.862E-08  7.699E-07  2.513E-07  1.285E-07
                4.636E-07  7.208E-07  1.732E-06  6.936E-06  2.134E-07  2.002E-07
                9.724E-08  3.448E-08  1.780E-07  9.022E-08  1.533E-07  7.674E-07
                3.102E-07  1.364E-07  4.727E-07  1.359E-06  3.653E-06  2.046E-07
                3.097E-07  2.589E-07  2.349E-07  2.995E-07  4.431E-07  1.666E-07
                4.905E-08  1.813E-07  3.120E-06  3.251E-07  8.266E-07  1.103E-05
                1.056E-07  3.963E-08  2.908E-07  8.080E-07  1.819E-06  2.290E-07
                3.395E-07  4.228E-07  1.304E-08  2.753E-08  1.074E-07  5.329E-08
                1.513E-06  4.728E-07  7.822E-07  5.034E-07  2.902E-06  2.458E-08
                4.563E-08  2.473E-07  4.366E-08  2.868E-06  2.650E-07
1.38915699E+02  3.141E-03  1.006E-03  3.288E-03  2.783E-04  1.368E-03  7.776E-03
                9.099E-04  1.511E-06  7.331E-05  2.817E-05  1.421E-06  4.051E-03
                1.908E-06  8.669E-05  1.255E-05  4.550E-07  7.986E-07  1.085E-06
                5.879E-07  1.485E-06  1.079E-06  7.182E-08  1.112E-06  4.215E-07
                8.148E-07  9.347E-07  6.501E-07  6.578E-07  1.762E-06  1.915E-06
                9.611E-07  2.027E-07  4.032E-06  1.648E-06  2.048E-07  1.253E-06
                7.988E-10  8.501E-08  4.665E-07  1.661E-06  4.615E-06  2.550E-07
                2.061E-06  8.946E-08  1.094E-07  1.219E-07  1.773E-07  2.004E-06
                1.013E-05  2.650E-08  4.800E-07  6.921E-07  4.544E-08  4.099E-08
                1.005E-06  3.178E-07  2.594E-07  4.939E-06  1.966E-06  9.870E-07
                6.056E-07  1.808E-09  4.671E-09  3.078E-10  1.184E-07  6.354E-07
                7.827E-08  7.061E-08  4.399E-07  1.477E-06  2.553E-06  3.416E-06
                1.293E-06  5.404E-07  5.966E-08  1.667E-07  3.134E-07  9.029E-08
                2.509E-07  3.435E-08  9.171E-07  2.529E-06  3.947E-07  1.194E-07
                2.262E-06  1.014E-05  9.781E-11  6.151E-10  1.366E-09  1.337E-09
                2.486E-10  8.365E-08  5.278E-07  1.082E-06  1.886E-07  4.513E-08
                6.477E-07  1.933E-06  8.206E-07  4.615E-06  1.716E-08  8.060E-08
                2.068E-07  4.400E-07  5.991E-08  2.715E-08  9.352E-08  2.444E-07
                3.207E-08  5.195E-07  2.998E-06  7.906E-07  1.340E-06  2.065E-08
                1.606E-05  5.803E-07  4.170E-07  3.010E-07  1.906E-08  1.313E-07
                3.205E-07  3.320E-07  5.813E-06  3.617E-07  3.890E-07  2.012E-06
                2.927E-07  1.209E-07  1.561E-06  9.468E-06  6.247E-07  1.650E-06
                1.391E-06  3.838E-08  9.183E-08  1.698E-07  2.056E-07  2.408E-08
                7.527E-08  1.872E-07  4.445E-07  1.533E-07  2.769E-08  1.761E-07
                8.002E-07  3.398E-06  7.777E-08  9.209E-08  3.493E-07  9.323E-07
                1.804E-07  3.708E-06  1.615E-06  1.880E-07  2.643E-07  4.974E-08
                2.204E-06  2.823E-07  5.973E-08  5.231E-07  1.775E-07  1.024E-07
                3.732E-07  5.515E-07  1.319E-06  5.277E-06  1.422E-07  1.418E-07
                6.865E-08  2.405E-08  1.403E-07  6.877E-08  1.167E-07  6.217E-07
                2.397E-07  9.816E-08  3.570E-07  1.051E-06  2.846E-06  1.540E-07
                2.421E-07  1.822E-07  1.612E-07  2.138E-07  3.136E-07  1.129E-07
                4.362E-08  1.263E-07  2.362E-06  2.633E-07  6.257E-07  8.325E-06
                8.390E-08  3.054E-08  1.950E-07  5.612E-07  1.290E-06  1.523E-07
                2.282E-07  2.912E-07  1.051E-08  2.944E-08  7.191E-08  3.713E-08
                1.215E-06  3.770E-07  6.116E-07  3.823E-07  2.272E-06  1.748E-08
                3.296E-08  1.954E-07  3.203E-08  2.274E-06  2.091E-07
1.52523699E+02  2.311E-03  7.448E-04  2.431E-03  2.072E-04  1.018E-03  6.474E-03
                7.572E-04  9.745E-07  6.061E-05  2.206E-05  9.402E-07  3.387E-03
                1.368E-06  6.921E-05  1.003E-05  3.422E-07  5.962E-07  8.656E-07
                4.098E-07  1.099E-06  7.006E-07  5.150E-08  7.592E-07  4.687E-07
                8.532E-07  9.498E-07  6.644E-07  4.190E-07  1.156E-06  1.253E-06
                8.737E-07  1.307E-07  2.755E-06  1.243E-06  1.347E-07  8.441E-07
                5.134E-10  5.708E-08  3.033E-07  1.201E-06  3.293E-06  1.786E-07
                1.449E-06  7.925E-08  9.439E-08  1.003E-07  1.291E-07  1.698E-06
                7.353E-06  1.751E-08  3.811E-07  5.819E-07  3.143E-08  2.896E-08
                7.025E-07  2.168E-07  1.979E-07  3.963E-06  1.393E-06  6.634E-07
                4.101E-07  1.365E-09  3.755E-09  2.208E-10  9.238E-08  4.501E-07
                5.515E-08  5.367E-08  3.117E-07  1.037E-06  1.756E-06  2.659E-06
                9.839E-07  4.111E-07  4.004E-08  1.126E-07  2.209E-07  6.272E-08
                1.647E-07  2.386E-08  5.934E-07  1.629E-06  2.747E-07  8.367E-08
                1.627E-06  7.246E-06  7.630E-11  4.775E-10  1.033E-09  9.698E-10
                1.929E-10  5.340E-08  3.375E-07  7.118E-07  1.498E-07  3.347E-08
                5.304E-07  1.596E-06  5.839E-07  3.323E-06  1.248E-08  6.011E-08
                1.508E-07  3.199E-07  5.539E-08  2.073E-08  6.438E-08  1.709E-07
                2.364E-08  3.706E-07  2.054E-06  5.465E-07  1.099E-06  1.547E-08
                1.327E-05  4.221E-07  3.230E-07  2.284E-07  1.419E-08  9.444E-08
                2.352E-07  2.398E-07  4.016E-06  2.573E-07  2.815E-07  1.497E-06
                2.135E-07  8.882E-08  1.294E-06  7.927E-06  4.330E-07  1.139E-06
                9.009E-07  2.976E-08  7.063E-08  1.295E-07  1.522E-07  1.875E-08
                5.857E-08  1.459E-07  3.475E-07  1.081E-07  2.118E-08  1.369E-07
                6.268E-07  2.680E-06  5.982E-08  7.127E-08  2.714E-07  7.003E-07
                1.339E-07  2.902E-06  1.261E-06  1.463E-07  2.060E-07  3.594E-08
                1.706E-06  2.104E-07  4.139E-08  3.642E-07  1.255E-07  7.523E-08
                2.917E-07  3.521E-07  9.458E-07  4.375E-06  1.023E-07  1.068E-07
                5.213E-08  1.821E-08  9.547E-08  5.351E-08  9.064E-08  4.347E-07
                1.862E-07  7.529E-08  2.789E-07  8.257E-07  2.227E-06  1.290E-07
                1.961E-07  1.335E-07  1.134E-07  1.541E-07  2.234E-07  7.991E-08
                3.722E-08  9.193E-08  2.006E-06  1.830E-07  5.242E-07  7.071E-06
                6.231E-08  2.186E-08  1.408E-07  4.047E-07  9.420E-07  1.113E-07
                1.669E-07  2.108E-07  7.657E-09  2.238E-08  5.094E-08  2.855E-08
                9.780E-07  3.019E-07  4.870E-07  2.970E-07  1.814E-06  1.262E-08
                2.370E-08  1.561E-07  2.414E-08  1.834E-06  1.658E-07
1.66131699E+02  1.676E-03  5.371E-04  1.756E-03  1.486E-04  7.314E-04  5.096E-03
                5.961E-04  7.346E-07  4.806E-05  1.714E-05  6.718E-07  2.725E-03
                9.608E-07  4.841E-05  7.016E-06  2.198E-07  3.959E-07  6.809E-07
                2.658E-07  8.547E-07  5.188E-07  4.113E-08  6.318E-07  2.566E-07
                4.845E-07  5.573E-07  4.189E-07  2.824E-07  8.186E-07  8.835E-07
                5.287E-07  9.596E-08  2.170E-06  8.638E-07  9.276E-08  6.226E-07
                3.785E-10  3.889E-08  2.132E-07  8.743E-07  2.390E-06  1.299E-07
                1.064E-06  7.193E-08  8.436E-08  8.699E-08  1.001E-07  1.478E-06
                5.520E-06  1.326E-08  3.101E-07  5.040E-07  2.293E-08  2.398E-08
                5.035E-07  1.539E-07  1.628E-07  3.262E-06  1.037E-06  4.728E-07
                2.919E-07  1.087E-09  3.205E-09  1.624E-10  7.107E-08  3.002E-07
                4.176E-08  3.957E-08  2.321E-07  7.766E-07  1.306E-06  2.019E-06
                7.666E-07  3.219E-07  3.206E-08  8.449E-08  1.599E-07  4.026E-08
                1.308E-07  1.863E-08  4.713E-07  1.297E-06  1.952E-07  6.164E-08
                1.250E-06  5.590E-06  5.784E-11  3.662E-10  7.965E-10  7.449E-10
                1.261E-10  4.209E-08  2.719E-07  5.615E-07  1.251E-07  3.131E-08
                4.221E-07  1.252E-06  4.533E-07  2.553E-06  1.007E-08  4.956E-08
                1.194E-07  2.535E-07  5.599E-08  1.955E-08  5.239E-08  1.381E-07
                1.822E-08  3.030E-07  1.639E-06  4.373E-07  8.161E-07  1.185E-08
                9.796E-06  3.384E-07  2.435E-07  1.802E-07  1.114E-08  7.274E-08
                1.815E-07  1.871E-07  3.135E-06  2.068E-07  2.274E-07  1.111E-06
                1.611E-07  6.459E-08  9.653E-07  5.925E-06  3.427E-07  9.083E-07
                7.312E-07  2.042E-08  4.858E-08  8.923E-08  1.019E-07  1.307E-08
                4.032E-08  9.999E-08  2.386E-07  8.448E-08  1.541E-08  1.044E-07
                4.849E-07  2.092E-06  4.093E-08  5.749E-08  2.129E-07  5.198E-07
                1.006E-07  2.266E-06  9.831E-07  1.135E-07  1.569E-07  2.563E-08
                1.343E-06  1.489E-07  2.875E-08  2.578E-07  9.421E-08  6.220E-08
                2.437E-07  2.928E-07  7.503E-07  3.357E-06  6.898E-08  7.685E-08
                3.728E-08  1.276E-08  8.131E-08  4.115E-08  6.966E-08  3.783E-07
                1.446E-07  5.503E-08  2.121E-07  6.398E-07  1.739E-06  9.678E-08
                1.518E-07  9.960E-08  8.146E-08  1.172E-07  1.704E-07  5.557E-08
                3.343E-08  6.546E-08  1.503E-06  1.607E-07  3.944E-07  5.249E-06
                4.961E-08  1.730E-08  1.021E-07  2.962E-07  6.945E-07  8.231E-08
                1.216E-07  1.537E-07  7.191E-09  2.341E-08  3.503E-08  2.083E-08
                7.800E-07  2.389E-07  3.769E-07  2.262E-07  1.419E-06  9.384E-09
                1.815E-08  1.240E-07  1.836E-08  1.445E-06  1.307E-07
1.79739699E+02  1.368E-03  4.420E-04  1.440E-03  1.232E-04  6.051E-04  4.284E-03
                5.011E-04  6.536E-07  3.991E-05  1.404E-05  4.633E-07  2.243E-03
                7.128E-07  3.920E-05  5.671E-06  1.876E-07  3.306E-07  5.854E-07
                2.010E-07  6.752E-07  3.457E-07  3.107E-08  4.177E-07  3.170E-07
                5.636E-07  6.228E-07  4.566E-07  1.809E-07  5.451E-07  5.764E-07
                5.394E-07  6.371E-08  1.649E-06  7.159E-07  6.371E-08  4.415E-07
                2.173E-10  2.706E-08  1.401E-07  7.225E-07  1.957E-06  1.034E-07
                8.336E-07  6.525E-08  7.586E-08  7.699E-08  8.283E-08  1.276E-06
                4.332E-06  1.018E-08  2.595E-07  4.339E-07  1.857E-08  1.979E-08
                3.975E-07  1.169E-07  1.313E-07  2.733E-06  7.768E-07  3.264E-07
                2.125E-07  7.705E-10  2.567E-09  1.137E-10  6.112E-08  2.504E-07
                3.056E-08  3.067E-08  1.705E-07  5.657E-07  9.417E-07  1.636E-06
                5.633E-07  2.242E-07  2.314E-08  6.267E-08  1.263E-07  3.290E-08
                8.033E-08  1.237E-08  2.815E-07  7.707E-07  1.489E-07  4.642E-08
                9.611E-07  4.239E-06  4.700E-11  2.935E-10  6.179E-10  5.471E-10
                9.924E-11  2.494E-08  1.638E-07  3.550E-07  1.032E-07  2.462E-08
                3.564E-07  1.064E-06  3.443E-07  1.971E-06  7.324E-09  3.731E-08
                8.690E-08  1.848E-07  5.050E-08  1.494E-08  3.445E-08  9.360E-08
                1.329E-08  2.128E-07  9.828E-07  2.659E-07  7.269E-07  9.538E-09
                8.809E-06  2.590E-07  1.946E-07  1.394E-07  8.089E-09  5.125E-08
                1.339E-07  1.329E-07  2.230E-06  1.333E-07  1.504E-07  8.748E-07
                1.245E-07  4.622E-08  8.614E-07  5.373E-06  2.155E-07  5.642E-07
                4.500E-07  1.526E-08  3.634E-08  6.676E-08  7.410E-08  9.999E-09
                3.056E-08  7.568E-08  1.805E-07  6.329E-08  1.259E-08  8.513E-08
                3.952E-07  1.708E-06  3.617E-08  4.078E-08  1.496E-07  4.155E-07
                7.965E-08  1.838E-06  7.971E-07  9.180E-08  1.317E-07  2.033E-08
                1.081E-06  1.260E-07  2.195E-08  1.855E-07  6.839E-08  4.604E-08
                1.984E-07  1.695E-07  5.393E-07  2.973E-06  4.932E-08  5.784E-08
                2.774E-08  9.424E-09  4.969E-08  3.331E-08  5.662E-08  2.363E-07
                1.177E-07  4.147E-08  1.678E-07  5.173E-07  1.410E-06  8.575E-08
                1.277E-07  7.040E-08  5.907E-08  8.252E-08  1.201E-07  4.112E-08
                2.660E-08  4.978E-08  1.330E-06  1.025E-07  3.465E-07  4.650E-06
                3.714E-08  1.236E-08  7.073E-08  2.167E-07  5.254E-07  5.469E-08
                8.366E-08  1.106E-07  5.909E-09  2.293E-08  2.707E-08  1.718E-08
                6.404E-07  1.956E-07  3.080E-07  1.785E-07  1.150E-06  7.384E-09
                1.446E-08  1.009E-07  1.425E-08  1.185E-06  1.044E-07
1.93347699E+02  9.623E-04  3.119E-04  1.017E-03  8.721E-05  4.292E-04  3.715E-03
                4.345E-04  3.005E-07  3.495E-05  1.149E-05  3.348E-07  2.025E-03
                5.484E-07  3.192E-05  4.637E-06  1.307E-07  2.369E-07  4.910E-07
                1.410E-07  5.542E-07  2.511E-07  2.545E-08  3.535E-07  2.084E-07
                3.756E-07  4.234E-07  3.262E-07  1.215E-07  3.859E-07  4.244E-07
                3.675E-07  4.532E-08  1.132E-06  5.081E-07  4.078E-08  3.026E-07
                1.841E-10  1.971E-08  1.072E-07  4.816E-07  1.303E-06  6.766E-08
                5.516E-07  5.797E-08  6.632E-08  6.463E-08  6.150E-08  1.121E-06
                3.004E-06  7.138E-09  2.177E-07  3.801E-07  1.385E-08  1.308E-08
                2.600E-07  7.700E-08  1.086E-07  2.314E-06  5.843E-07  2.318E-07
                1.456E-07  7.185E-10  2.272E-09  9.125E-11  4.577E-08  1.569E-07
                2.198E-08  2.139E-08  1.232E-07  4.055E-07  6.632E-07  1.251E-06
                4.886E-07  2.131E-07  1.821E-08  4.265E-08  8.626E-08  1.959E-08
                6.778E-08  1.058E-08  2.405E-07  6.571E-07  1.003E-07  3.206E-08
                6.670E-07  2.954E-06  3.551E-11  2.232E-10  4.694E-10  4.137E-10
                7.199E-11  2.075E-08  1.334E-07  2.864E-07  8.051E-08  1.867E-08
                2.812E-07  8.417E-07  2.379E-07  1.359E-06  5.819E-09  3.055E-08
                6.765E-08  1.416E-07  5.034E-08  1.480E-08  2.946E-08  7.745E-08
                1.085E-08  1.742E-07  9.771E-07  2.647E-07  5.253E-07  7.438E-09
                6.347E-06  2.003E-07  1.525E-07  1.114E-07  6.600E-09  4.131E-08
                1.049E-07  1.044E-07  1.595E-06  1.251E-07  1.424E-07  6.271E-07
                8.752E-08  3.682E-08  6.321E-07  3.919E-06  2.046E-07  5.437E-07
                3.680E-07  1.213E-08  2.862E-08  5.222E-08  5.733E-08  7.609E-09
                2.405E-08  6.024E-08  1.447E-07  4.788E-08  9.528E-09  6.514E-08
                3.026E-07  1.315E-06  2.677E-08  3.503E-08  1.315E-07  2.978E-07
                5.590E-08  1.395E-06  6.027E-07  6.924E-08  1.075E-07  1.542E-08
                8.206E-07  9.346E-08  1.511E-08  1.374E-07  5.093E-08  3.699E-08
                1.607E-07  1.550E-07  4.410E-07  2.257E-06  3.697E-08  4.475E-08
                2.188E-08  7.386E-09  4.985E-08  2.561E-08  4.304E-08  2.443E-07
                8.818E-08  3.276E-08  1.305E-07  3.964E-07  1.073E-06  6.475E-08
                9.631E-08  5.810E-08  4.308E-08  6.517E-08  9.272E-08  3.075E-08
                2.525E-08  3.839E-08  1.023E-06  1.013E-07  2.642E-07  3.542E-06
                2.859E-08  9.865E-09  5.913E-08  1.651E-07  3.905E-07  4.981E-08
                7.268E-08  8.778E-08  3.937E-09  1.197E-08  1.783E-08  1.280E-08
                5.181E-07  1.568E-07  2.427E-07  1.389E-07  9.197E-07  5.375E-09
                1.023E-08  8.226E-08  1.154E-08  9.532E-07  8.368E-08
