          16           7
         215          13           1           1
           0          -4           0          -4           0          -6           0          -2           0          -4           0           6           0           4           0           2           0           4           0           6           0           2           0           4           0           2           0          -4           0          -2           0           2           0           4           0           6           0           2           0           4           0           6           0           4           0          -2           0          -2           0          -4           0          -6           0          -8           0          -2           0          -4           0          -6           0          -4           0           2           0          -4           0          -6           0          -2           0          -4           0          -6           0          -6           0          -8           0          -4           0          -6           0          -2           0          -4           0           4           0           6           0           8           0          10           0           4           0          -4           0           2           0           6           0           4           0           8           0           2           0          -4           0          -2           0           6           0           6           0           4           0           2           0           8           0           4           0           6           0           8           0           4           0           6           0           8           0          10           0           4           0           6           0           8           0           6           0           4           0           2           0           6           0           2           0           4           0           2           0          -4           0          -2           0          -6           0          -8           0           6           0           4           0          -4           0          -6           0          -2           0          -4           0          -6           0          -8           0         -10           0          -2           0          -4           0          -6           0          -4           0          -2           0          -6           0          -8           0          -2           0          -4           0           2           0           4           0           6           0           8           0           4           0           4           0           6           0           8           0           2           0          10           0           8           0           6           0           4           0           2           0           6           0           6           0           4           0           4           0           2           0           4           0           6           0           8           0          -4           0           2           0           4           0          -6           0          -4           0           2           0           4           0           6           0           4           0           6           0          -2           0          -4           0          -6           0          -8           0         -10           0          -6           0          -8           0         -10           0         -12           0           2           0          -2           0          -4           0          -6           0          -8           0          -2           0          -8           0         -10           0          -4           0          -2           0          -6           0          -4           0          -2           0          -4           0          -2           0          -4           0          -6           0          -4           0          -8           0          -6           0           2           0           4           0           2           0           4           0           6           0         -10           0          -8           0          -6           0          -4           0           6           0          -2           0          -4           0           8           0          -6           0          -2           0          -4           0          -6           0          -8           0           4           0           6           0          -4           0          -6           0          -6           0          -8           0          -2           0           2           0          -4           0           4           0           6           0           4           0           4           0           2           0           2           0          -4           0          -6           0          -8           0          -2           0          -4           0          -6           0          -8           0         -10           0          -8           0          -6           0          -4           0          -2           0          -2           0          -4           0          -6           0          -6           0          -8           0          -4           0          -2           0          -6           0          -4
    0.000000E+00    9.645106E-03    9.843162E-03    1.435602E-02    1.458263E-02
    4.247197E-02    4.320385E-02    4.360158E-02    5.944295E-02    5.948713E-02
    6.922989E-02    7.316769E-02    7.411300E-02    1.134727E-01    1.147319E-01
    2.354040E-01    2.358931E-01    2.366026E-01    2.382857E-01    2.391328E-01
    2.438023E-01    2.438287E-01    2.461520E-01    2.471700E-01    2.474363E-01
    2.479076E-01    2.485433E-01    2.486026E-01    2.487216E-01    2.491410E-01
    2.502551E-01    2.507374E-01    2.510783E-01    2.511300E-01    2.524691E-01
    2.524772E-01    2.554279E-01    2.561102E-01    2.563381E-01    2.591442E-01
    2.591854E-01    2.609226E-01    2.615363E-01    2.619649E-01    2.622131E-01
    2.625883E-01    2.631076E-01    2.632646E-01    2.633261E-01    2.634365E-01
    2.637297E-01    2.638533E-01    2.640096E-01    2.643758E-01    2.644930E-01
    2.645338E-01    2.648466E-01    2.652759E-01    2.655531E-01    2.656939E-01
    2.657640E-01    2.676748E-01    2.677713E-01    2.679166E-01    2.688115E-01
    2.690337E-01    2.711118E-01    2.712141E-01    2.720014E-01    2.721113E-01
    2.724223E-01    2.724984E-01    2.725578E-01    2.726085E-01    2.727219E-01
    2.737570E-01    2.740430E-01    2.746587E-01    2.763855E-01    2.763956E-01
    2.763957E-01    2.764682E-01    2.789238E-01    2.791446E-01    2.808157E-01
    2.808428E-01    2.816082E-01    2.816156E-01    2.816277E-01    2.816445E-01
    2.816660E-01    2.832213E-01    2.832636E-01    2.833497E-01    2.872720E-01
    2.872722E-01    2.872783E-01    2.873017E-01    2.873787E-01    2.874354E-01
    2.875828E-01    2.876419E-01    2.877951E-01    2.879672E-01    2.884374E-01
    2.885530E-01    2.886000E-01    2.886971E-01    2.887362E-01    2.888178E-01
    2.901974E-01    2.902310E-01    2.934227E-01    2.936053E-01    2.936679E-01
    2.948139E-01    2.948751E-01    2.949134E-01    2.954910E-01    2.955387E-01
    2.955818E-01    2.956302E-01    2.974080E-01    2.974265E-01    2.978254E-01
    2.979930E-01    2.980044E-01    2.981863E-01    2.981951E-01    2.982014E-01
    2.986863E-01    2.989406E-01    2.997979E-01    3.013547E-01    3.014398E-01
    3.015665E-01    3.017420E-01    3.025165E-01    3.025355E-01    3.025686E-01
    3.026262E-01    3.032771E-01    3.036433E-01    3.036673E-01    3.036996E-01
    3.037196E-01    3.041292E-01    3.046134E-01    3.046301E-01    3.048276E-01
    3.048611E-01    3.049614E-01    3.051740E-01    3.052844E-01    3.060373E-01
    3.062721E-01    3.065126E-01    3.067251E-01    3.072820E-01    3.083217E-01
    3.083847E-01    3.085481E-01    3.086063E-01    3.093086E-01    3.093690E-01
    3.093750E-01    3.093804E-01    3.094500E-01    3.095030E-01    3.095365E-01
    3.096086E-01    3.096683E-01    3.098305E-01    3.098337E-01    3.100372E-01
    3.110986E-01    3.111053E-01    3.111248E-01    3.111449E-01    3.124031E-01
    3.124222E-01    3.126400E-01    3.132139E-01    3.132929E-01    3.134326E-01
    3.163175E-01    3.165548E-01    3.167011E-01    3.167161E-01    3.173537E-01
    3.174815E-01    3.194473E-01    3.198310E-01    3.206567E-01    3.235572E-01
    3.235827E-01    3.236877E-01    3.236885E-01    3.238034E-01    3.239013E-01
    3.239634E-01    3.240075E-01    3.245628E-01    3.245933E-01    3.263728E-01
    3.264517E-01    3.271738E-01    3.284075E-01    3.287843E-01    3.314323E-01
    3.314556E-01    3.324856E-01    3.325179E-01    3.327131E-01    3.333147E-01
           0           4           0           1
  -28.010499495533246               13
3.37938995E+01  2.155E-01  6.380E-02  1.881E-01  1.676E-02  8.566E-02  9.287E-02
                1.388E-02  3.706E-03  1.931E-02  1.084E-02  6.755E-03
4.74018995E+01  8.616E-02  2.538E-02  8.971E-02  7.858E-03  3.807E-02  7.022E-02
                8.410E-03  8.536E-05  1.296E-03  1.314E-03  4.520E-05  3.016E-02
                6.883E-05  1.908E-03  2.265E-04  1.387E-05  2.070E-05  2.288E-05
                4.605E-04  2.162E-04
6.10098995E+01  4.142E-02  1.332E-02  4.347E-02  3.697E-03  1.811E-02  4.367E-02
                5.119E-03  1.946E-05  4.241E-04  2.380E-04  2.895E-05  2.055E-02
                2.812E-05  9.850E-04  1.429E-04  1.020E-05  1.627E-05  1.488E-05
                1.140E-05  1.729E-05  9.592E-06  5.624E-07  1.580E-05  2.134E-06
                5.122E-06  6.262E-06  4.837E-06  9.758E-06  2.807E-05  2.908E-05
                1.161E-05  1.813E-06  1.021E-04  3.040E-05  3.005E-06  1.982E-05
                7.067E-09  1.883E-06  1.172E-05  3.111E-05  9.392E-05  5.197E-06
                3.731E-05  5.889E-07  1.164E-06  2.065E-06  4.671E-06  1.150E-05
                1.218E-04  6.531E-07  6.849E-06  5.212E-06  1.434E-06  1.159E-06
                2.047E-05  6.928E-06  2.879E-06  5.543E-05  3.547E-05  1.831E-05
                1.172E-05  1.565E-08  1.772E-08  6.020E-09  3.659E-06  2.748E-05
                8.469E-07  6.912E-08  5.511E-06  1.789E-05  3.566E-05  2.471E-05
                1.251E-05  5.917E-06  1.110E-06  3.071E-06  8.478E-06  4.109E-06
                1.992E-06  4.721E-07  6.466E-06  1.897E-05  1.018E-05  2.085E-06
                1.989E-05  9.115E-05  8.616E-10  5.047E-09  1.156E-08  1.086E-08
                4.140E-09  6.594E-07  3.416E-06  6.322E-06  9.830E-07  3.695E-07
                2.448E-06  6.219E-06  7.608E-06  4.067E-05  2.603E-07  1.097E-06
                1.719E-06  2.879E-06  2.581E-06  6.183E-07  7.515E-07  1.907E-06
                4.634E-07  4.202E-06  2.552E-05  6.778E-06  1.103E-05  1.967E-07
                1.310E-04  4.002E-06  3.226E-06  2.213E-06  1.084E-07  8.777E-07
                2.148E-06  2.034E-06  5.475E-05  2.408E-06  2.622E-06  1.685E-05
                2.768E-06  1.093E-06  1.145E-05  6.862E-05  5.062E-06  1.283E-05
                1.021E-05  5.921E-07  1.546E-06  3.124E-06  5.000E-06  4.202E-07
                1.562E-06  4.040E-06  9.538E-06  1.465E-06  4.975E-07  2.122E-06
                7.540E-06  2.601E-05  1.399E-06  4.085E-06  1.571E-05  7.559E-06
                1.495E-06  2.611E-05  1.165E-05  1.552E-06  3.998E-06  1.024E-06
                1.400E-05  5.311E-06  1.507E-06  8.230E-06  3.328E-06  8.628E-07
                3.654E-06  4.820E-06  1.071E-05  4.650E-05  3.266E-06  2.336E-06
                1.128E-06  3.897E-07  1.054E-06  8.295E-07  1.490E-06  4.470E-06
                2.215E-06  1.337E-06  3.440E-06  8.298E-06  2.205E-05  1.301E-06
                1.906E-06  3.511E-06  3.273E-06  4.584E-06  7.612E-06  1.610E-06
                3.639E-07  1.934E-06  1.409E-05  2.816E-06  3.900E-06  4.392E-05
                5.055E-07  3.294E-07  6.417E-06  1.367E-05  2.538E-05  5.942E-06
                7.301E-06  7.344E-06  6.639E-07  1.272E-06  1.192E-06  6.764E-07
                4.735E-06  1.504E-06  2.503E-06  3.730E-06  1.561E-05  2.621E-07
                5.357E-07  1.079E-06  2.718E-07  1.160E-05  1.523E-06
7.46178995E+01  2.280E-02  7.305E-03  2.385E-02  2.025E-03  9.930E-03  2.986E-02
                3.498E-03  1.064E-05  2.866E-04  1.444E-04  1.446E-05  1.447E-02
                1.552E-05  5.697E-04  8.259E-05  5.172E-06  8.398E-06  8.060E-06
                6.154E-06  1.044E-05  7.187E-06  4.032E-07  7.503E-06  1.333E-06
                3.046E-06  3.614E-06  2.493E-06  5.889E-06  1.526E-05  1.634E-05
                5.922E-06  1.380E-06  4.412E-05  1.410E-05  1.642E-06  1.042E-05
                5.643E-09  9.136E-07  5.427E-06  1.540E-05  4.496E-05  2.458E-06
                1.837E-05  2.743E-07  5.244E-07  9.018E-07  2.125E-06  4.911E-06
                6.772E-05  3.003E-07  2.937E-06  2.060E-06  5.526E-07  3.513E-07
                9.840E-06  3.209E-06  1.475E-06  2.522E-05  1.717E-05  9.576E-06
                5.899E-06  9.696E-09  1.647E-08  1.684E-09  1.159E-06  9.658E-06
                4.849E-07  1.467E-07  3.082E-06  1.025E-05  1.962E-05  1.308E-05
                4.996E-06  2.167E-06  5.699E-07  1.389E-06  3.247E-06  1.409E-06
                1.355E-06  1.895E-07  4.949E-06  1.376E-05  4.180E-06  9.573E-07
                1.295E-05  5.790E-05  5.204E-10  2.982E-09  6.956E-09  7.922E-09
                2.165E-09  4.625E-07  2.736E-06  5.564E-06  6.526E-07  1.800E-07
                2.053E-06  5.903E-06  4.567E-06  2.586E-05  6.730E-08  3.504E-07
                8.116E-07  1.702E-06  4.631E-07  1.582E-07  4.245E-07  1.092E-06
                1.718E-07  2.248E-06  1.473E-05  3.814E-06  6.568E-06  1.027E-07
                7.862E-05  2.367E-06  1.848E-06  1.201E-06  6.945E-08  5.514E-07
                1.328E-06  1.230E-06  3.354E-05  1.420E-06  1.510E-06  1.151E-05
                1.711E-06  5.673E-07  7.026E-06  4.272E-05  2.945E-06  7.637E-06
                7.429E-06  3.435E-07  8.447E-07  1.602E-06  2.306E-06  2.021E-07
                7.355E-07  1.905E-06  4.526E-06  8.577E-07  2.063E-07  9.929E-07
                3.957E-06  1.520E-05  6.155E-07  1.414E-06  5.665E-06  5.225E-06
                1.016E-06  1.694E-05  7.450E-06  9.266E-07  1.647E-06  4.199E-07
                9.235E-06  2.488E-06  6.216E-07  4.419E-06  1.547E-06  4.255E-07
                1.754E-06  2.916E-06  6.566E-06  2.631E-05  1.434E-06  1.085E-06
                5.239E-07  1.859E-07  6.939E-07  3.934E-07  7.063E-07  2.760E-06
                1.278E-06  6.725E-07  1.900E-06  4.883E-06  1.291E-05  7.229E-07
                8.742E-07  1.570E-06  1.519E-06  1.934E-06  3.079E-06  9.177E-07
                1.408E-07  9.444E-07  9.458E-06  1.333E-06  2.555E-06  3.135E-05
                2.798E-07  1.476E-07  2.651E-06  5.854E-06  1.135E-05  2.355E-06
                3.083E-06  3.209E-06  1.926E-07  3.044E-07  6.434E-07  3.242E-07
                3.938E-06  1.266E-06  2.162E-06  1.974E-06  9.141E-06  1.360E-07
                2.475E-07  7.149E-07  1.818E-07  8.127E-06  8.767E-07
8.82258995E+01  1.363E-02  4.362E-03  1.425E-02  1.207E-03  5.923E-03  2.122E-02
                2.484E-03  6.496E-06  2.023E-04  9.412E-05  8.036E-06  1.051E-02
                9.170E-06  3.479E-04  5.040E-05  2.935E-06  4.849E-06  4.861E-06
                3.657E-06  6.578E-06  4.855E-06  2.753E-07  4.374E-06  9.700E-07
                2.116E-06  2.479E-06  1.607E-06  3.577E-06  9.035E-06  9.843E-06
                3.615E-06  9.250E-07  2.207E-05  7.960E-06  1.004E-06  6.018E-06
                3.757E-09  5.026E-07  2.916E-06  8.328E-06  2.421E-05  1.325E-06
                1.013E-05  1.633E-07  2.785E-07  4.445E-07  1.024E-06  3.829E-06
                4.117E-05  1.622E-07  1.669E-06  1.481E-06  2.931E-07  1.855E-07
                5.338E-06  1.749E-06  8.854E-07  1.514E-05  9.556E-06  5.381E-06
                3.275E-06  6.413E-09  1.179E-08  1.185E-09  5.544E-07  4.327E-06
                3.134E-07  1.594E-07  1.900E-06  6.368E-06  1.183E-05  9.890E-06
                3.768E-06  1.613E-06  3.069E-07  7.938E-07  1.646E-06  6.360E-07
                9.295E-07  1.241E-07  3.447E-06  9.560E-06  2.154E-06  5.533E-07
                8.294E-06  3.707E-05  3.246E-10  1.949E-09  4.527E-09  4.982E-09
                1.196E-09  3.238E-07  1.924E-06  3.950E-06  4.557E-07  1.106E-07
                1.531E-06  4.510E-06  2.942E-06  1.665E-05  4.779E-08  2.280E-07
                5.923E-07  1.248E-06  1.404E-07  7.640E-08  3.039E-07  7.764E-07
                1.100E-07  1.585E-06  1.046E-05  2.712E-06  4.246E-06  6.985E-08
                5.106E-05  1.726E-06  1.292E-06  8.549E-07  5.386E-08  4.114E-07
                9.776E-07  9.473E-07  2.158E-05  1.054E-06  1.119E-06  7.537E-06
                1.099E-06  3.918E-07  4.686E-06  2.833E-05  2.106E-06  5.483E-06
                5.071E-06  1.840E-07  4.489E-07  8.454E-07  1.170E-06  1.080E-07
                3.804E-07  9.774E-07  2.322E-06  5.664E-07  1.169E-07  6.056E-07
                2.511E-06  9.978E-06  3.533E-07  5.910E-07  2.378E-06  3.435E-06
                6.582E-07  1.102E-05  4.843E-06  5.861E-07  9.824E-07  2.400E-07
                6.332E-06  1.358E-06  3.318E-07  2.609E-06  8.453E-07  2.913E-07
                1.068E-06  1.987E-06  4.432E-06  1.654E-05  7.536E-07  6.063E-07
                2.918E-07  1.042E-07  4.658E-07  2.320E-07  4.069E-07  1.881E-06
                7.751E-07  3.890E-07  1.182E-06  3.175E-06  8.455E-06  4.697E-07
                6.089E-07  8.499E-07  8.191E-07  1.005E-06  1.558E-06  5.505E-07
                8.613E-08  5.683E-07  6.600E-06  8.448E-07  1.780E-06  2.265E-05
                2.073E-07  9.488E-08  1.249E-06  2.973E-06  6.062E-06  1.062E-06
                1.456E-06  1.610E-06  7.027E-08  9.687E-08  3.697E-07  1.780E-07
                3.008E-06  9.582E-07  1.622E-06  1.230E-06  6.241E-06  8.131E-08
                1.478E-07  5.262E-07  1.214E-07  5.877E-06  5.747E-07
1.01833899E+02  8.642E-03  2.764E-03  9.037E-03  7.646E-04  3.755E-03  1.580E-02
                1.849E-03  3.847E-06  1.497E-04  6.429E-05  4.679E-06  7.992E-03
                5.704E-06  2.325E-04  3.370E-05  1.758E-06  2.936E-06  3.078E-06
                2.213E-06  4.197E-06  3.131E-06  1.837E-07  2.719E-06  8.459E-07
                1.721E-06  1.974E-06  1.264E-06  2.196E-06  5.518E-06  6.048E-06
                2.482E-06  5.945E-07  1.208E-05  4.846E-06  6.283E-07  3.661E-06
                2.475E-09  2.931E-07  1.663E-06  4.863E-06  1.397E-05  7.674E-07
                6.010E-06  1.251E-07  1.858E-07  2.636E-07  5.582E-07  3.161E-06
                2.651E-05  9.174E-08  1.087E-06  1.160E-06  1.665E-07  1.054E-07
                3.102E-06  1.015E-06  5.869E-07  1.034E-05  5.770E-06  3.193E-06
                1.937E-06  4.298E-09  8.665E-09  8.297E-10  3.138E-07  2.256E-06
                2.043E-07  1.428E-07  1.205E-06  4.035E-06  7.283E-06  7.303E-06
                2.783E-06  1.183E-06  1.758E-07  4.678E-07  9.311E-07  3.321E-07
                6.257E-07  8.313E-08  2.324E-06  6.428E-06  1.225E-06  3.358E-07
                5.539E-06  2.475E-05  2.214E-10  1.357E-09  3.104E-09  3.285E-09
                7.368E-10  2.169E-07  1.303E-06  2.695E-06  3.428E-07  7.824E-08
                1.188E-06  3.537E-06  1.970E-06  1.117E-05  3.550E-08  1.660E-07
                4.399E-07  9.265E-07  8.778E-08  5.050E-08  2.146E-07  5.547E-07
                7.749E-08  1.144E-06  7.265E-06  1.889E-06  2.972E-06  4.606E-08
                3.579E-05  1.261E-06  9.266E-07  6.277E-07  4.097E-08  3.015E-07
                7.173E-07  7.166E-07  1.440E-05  7.812E-07  8.313E-07  5.118E-06
                7.392E-07  2.835E-07  3.363E-06  2.028E-05  1.478E-06  3.860E-06
                3.416E-06  1.109E-07  2.684E-07  5.024E-07  6.696E-07  6.602E-08
                2.223E-07  5.644E-07  1.338E-06  3.848E-07  7.366E-08  4.075E-07
                1.744E-06  7.094E-06  2.146E-07  2.954E-07  1.179E-06  2.339E-06
                4.461E-07  7.758E-06  3.403E-06  4.046E-07  6.352E-07  1.469E-07
                4.573E-06  8.083E-07  1.941E-07  1.604E-06  5.093E-07  2.092E-07
                7.471E-07  1.336E-06  3.053E-06  1.151E-05  4.449E-07  3.790E-07
                1.824E-07  6.514E-08  3.148E-07  1.555E-07  2.677E-07  1.297E-06
                5.255E-07  2.484E-07  8.030E-07  2.234E-06  5.981E-06  3.342E-07
                4.700E-07  5.099E-07  4.906E-07  5.930E-07  9.032E-07  3.434E-07
                6.543E-08  3.586E-07  4.912E-06  5.657E-07  1.318E-06  1.717E-05
                1.628E-07  6.734E-08  6.604E-07  1.701E-06  3.646E-06  5.357E-07
                7.662E-07  9.042E-07  3.082E-08  4.503E-08  2.281E-07  1.083E-07
                2.286E-06  7.227E-07  1.220E-06  8.461E-07  4.565E-06  4.983E-08
                9.126E-08  3.887E-07  8.079E-08  4.394E-06  4.137E-07
1.15441899E+02  5.808E-03  1.862E-03  6.082E-03  5.156E-04  2.531E-03  1.194E-02
                1.397E-03  2.760E-06  1.127E-04  4.646E-05  2.915E-06  6.079E-03
                3.713E-06  1.567E-04  2.270E-05  1.006E-06  1.715E-06  1.958E-06
                1.302E-06  2.740E-06  2.101E-06  1.272E-07  1.906E-06  6.250E-07
                1.252E-06  1.439E-06  9.423E-07  1.399E-06  3.571E-06  3.906E-06
                1.677E-06  3.982E-07  7.750E-06  3.145E-06  4.131E-07  2.422E-06
                1.587E-09  1.810E-07  1.012E-06  3.181E-06  9.039E-06  4.991E-07
                3.953E-06  1.100E-07  1.470E-07  1.859E-07  3.440E-07  2.689E-06
                1.819E-05  5.641E-08  7.774E-07  9.543E-07  9.946E-08  7.221E-08
                1.999E-06  6.470E-07  4.225E-07  7.678E-06  3.746E-06  2.003E-06
                1.224E-06  2.979E-09  6.727E-09  5.662E-10  2.087E-07  1.362E-06
                1.403E-07  1.125E-07  8.065E-07  2.708E-06  4.816E-06  5.495E-06
                2.059E-06  8.587E-07  1.144E-07  3.158E-07  6.080E-07  1.989E-07
                4.485E-07  5.978E-08  1.658E-06  4.579E-06  7.830E-07  2.239E-07
                3.936E-06  1.764E-05  1.614E-10  1.000E-09  2.260E-09  2.315E-09
                4.716E-10  1.535E-07  9.450E-07  1.938E-06  2.730E-07  6.308E-08
                9.476E-07  2.832E-06  1.419E-06  7.999E-06  2.734E-08  1.266E-07
                3.344E-07  7.088E-07  7.132E-08  3.998E-08  1.577E-07  4.080E-07
                5.415E-08  8.476E-07  5.153E-06  1.346E-06  2.177E-06  3.408E-08
                2.614E-05  9.401E-07  6.845E-07  4.765E-07  3.075E-08  2.220E-07
                5.329E-07  5.448E-07  1.027E-05  5.867E-07  6.257E-07  3.542E-06
                5.151E-07  2.082E-07  2.493E-06  1.503E-05  1.069E-06  2.805E-06
                2.474E-06  7.032E-08  1.698E-07  3.171E-07  4.077E-07  4.293E-08
                1.390E-07  3.489E-07  8.263E-07  2.682E-07  4.994E-08  2.932E-07
                1.289E-06  5.349E-06  1.454E-07  1.625E-07  6.359E-07  1.628E-06
                3.136E-07  5.852E-06  2.560E-06  3.011E-07  4.491E-07  9.588E-08
                3.482E-06  5.327E-07  1.218E-07  1.027E-06  3.292E-07  1.597E-07
                5.670E-07  9.614E-07  2.216E-06  8.372E-06  2.805E-07  2.537E-07
                1.218E-07  4.329E-08  2.309E-07  1.129E-07  1.926E-07  9.766E-07
                3.870E-07  1.687E-07  5.803E-07  1.668E-06  4.501E-06  2.442E-07
                3.650E-07  3.281E-07  3.130E-07  3.829E-07  5.731E-07  2.221E-07
                5.424E-08  2.383E-07  3.669E-06  4.182E-07  9.800E-07  1.294E-05
                1.295E-07  5.045E-08  3.867E-07  1.068E-06  2.383E-06  3.013E-07
                4.473E-07  5.588E-07  1.723E-08  3.516E-08  1.435E-07  6.872E-08
                1.818E-06  5.709E-07  9.518E-07  6.228E-07  3.512E-06  3.265E-08
                5.991E-08  2.999E-07  5.597E-08  3.445E-06  3.194E-07
1.29049899E+02  3.983E-03  1.277E-03  4.175E-03  3.534E-04  1.737E-03  9.400E-03
                1.100E-03  1.701E-06  8.856E-05  3.427E-05  1.874E-06  4.883E-03
                2.510E-06  1.139E-04  1.652E-05  6.666E-07  1.145E-06  1.403E-06
                8.470E-07  1.904E-06  1.380E-06  8.865E-08  1.348E-06  5.898E-07
                1.124E-06  1.273E-06  8.551E-07  8.908E-07  2.323E-06  2.548E-06
                1.312E-06  2.594E-07  4.917E-06  2.157E-06  2.688E-07  1.590E-06
                1.085E-09  1.156E-07  6.341E-07  2.085E-06  5.830E-06  3.206E-07
                2.580E-06  9.162E-08  1.154E-07  1.346E-07  2.196E-07  2.222E-06
                1.253E-05  3.442E-08  5.743E-07  7.747E-07  6.089E-08  4.697E-08
                1.280E-06  4.108E-07  3.074E-07  5.827E-06  2.537E-06  1.320E-06
                7.969E-07  2.302E-09  5.424E-09  4.043E-10  1.439E-07  8.425E-07
                9.864E-08  8.612E-08  5.629E-07  1.883E-06  3.273E-06  4.139E-06
                1.610E-06  6.907E-07  7.396E-08  2.087E-07  3.976E-07  1.217E-07
                3.112E-07  4.267E-08  1.144E-06  3.152E-06  5.116E-07  1.516E-07
                2.738E-06  1.225E-05  1.194E-10  7.468E-10  1.663E-09  1.654E-09
                3.406E-10  1.047E-07  6.446E-07  1.337E-06  2.150E-07  4.820E-08
                7.565E-07  2.270E-06  9.817E-07  5.557E-06  2.048E-08  9.600E-08
                2.507E-07  5.304E-07  6.193E-08  3.034E-08  1.156E-07  3.014E-07
                4.045E-08  6.336E-07  3.870E-06  1.016E-06  1.623E-06  2.488E-08
                1.949E-05  6.877E-07  5.122E-07  3.620E-07  2.351E-08  1.643E-07
                3.954E-07  4.070E-07  7.036E-06  4.505E-07  4.827E-07  2.525E-06
                3.622E-07  1.536E-07  1.887E-06  1.140E-05  7.936E-07  2.089E-06
                1.690E-06  5.234E-08  1.249E-07  2.303E-07  2.857E-07  3.188E-08
                1.022E-07  2.561E-07  6.086E-07  1.873E-07  3.505E-08  2.151E-07
                9.640E-07  4.056E-06  9.854E-08  1.248E-07  4.851E-07  1.166E-06
                2.224E-07  4.418E-06  1.927E-06  2.255E-07  3.231E-07  6.447E-08
                2.605E-06  3.591E-07  7.874E-08  6.998E-07  2.304E-07  1.216E-07
                4.362E-07  6.866E-07  1.624E-06  6.383E-06  1.942E-07  1.848E-07
                9.015E-08  3.192E-08  1.716E-07  8.339E-08  1.417E-07  7.474E-07
                2.874E-07  1.275E-07  4.416E-07  1.267E-06  3.399E-06  1.877E-07
                2.866E-07  2.417E-07  2.126E-07  2.789E-07  4.102E-07  1.507E-07
                4.800E-08  1.650E-07  2.871E-06  3.135E-07  7.597E-07  1.014E-05
                9.907E-08  3.693E-08  2.680E-07  7.391E-07  1.661E-06  2.138E-07
                3.150E-07  3.885E-07  1.239E-08  2.627E-08  9.588E-08  4.804E-08
                1.421E-06  4.433E-07  7.278E-07  4.671E-07  2.712E-06  2.251E-08
                4.232E-08  2.314E-07  4.039E-08  2.689E-06  2.490E-07
1.42657899E+02  2.903E-03  9.317E-04  3.043E-03  2.582E-04  1.268E-03  7.328E-03
                8.573E-04  1.414E-06  6.889E-05  2.628E-05  1.264E-06  3.805E-03
                1.726E-06  8.030E-05  1.162E-05  4.123E-07  7.237E-07  1.009E-06
                5.224E-07  1.357E-06  9.623E-07  6.561E-08  9.952E-07  4.173E-07
                7.948E-07  9.047E-07  6.316E-07  5.814E-07  1.569E-06  1.697E-06
                9.102E-07  1.808E-07  3.711E-06  1.515E-06  1.838E-07  1.136E-06
                6.920E-10  7.573E-08  4.128E-07  1.543E-06  4.278E-06  2.358E-07
                1.904E-06  8.986E-08  1.090E-07  1.195E-07  1.663E-07  1.927E-06
                9.383E-06  2.398E-08  4.520E-07  6.636E-07  4.147E-08  3.837E-08
                9.273E-07  2.902E-07  2.437E-07  4.661E-06  1.789E-06  8.826E-07
                5.479E-07  1.610E-09  4.352E-09  2.775E-10  1.118E-07  5.849E-07
                7.132E-08  6.640E-08  4.007E-07  1.343E-06  2.309E-06  3.185E-06
                1.168E-06  4.779E-07  5.383E-08  1.507E-07  2.870E-07  8.264E-08
                2.226E-07  3.072E-08  8.099E-07  2.232E-06  3.593E-07  1.089E-07
                2.099E-06  9.391E-06  9.138E-11  5.735E-10  1.265E-09  1.223E-09
                2.261E-10  7.382E-08  4.692E-07  9.661E-07  1.789E-07  4.297E-08
                6.142E-07  1.833E-06  7.621E-07  4.294E-06  1.571E-08  7.426E-08
                1.893E-07  4.035E-07  5.918E-08  2.495E-08  8.313E-08  2.190E-07
                2.925E-08  4.695E-07  2.585E-06  6.830E-07  1.281E-06  1.890E-08
                1.538E-05  5.355E-07  3.862E-07  2.777E-07  1.744E-08  1.188E-07
                2.931E-07  3.027E-07  5.336E-06  3.199E-07  3.458E-07  1.863E-06
                2.711E-07  1.101E-07  1.494E-06  9.099E-06  5.458E-07  1.438E-06
                1.245E-06  3.446E-08  8.252E-08  1.527E-07  1.832E-07  2.203E-08
                6.799E-08  1.684E-07  3.995E-07  1.405E-07  2.567E-08  1.645E-07
                7.498E-07  3.191E-06  7.257E-08  8.248E-08  3.100E-07  8.664E-07
                1.680E-07  3.479E-06  1.515E-06  1.760E-07  2.468E-07  4.542E-08
                2.071E-06  2.608E-07  5.419E-08  4.674E-07  1.602E-07  9.388E-08
                3.499E-07  4.764E-07  1.189E-06  5.026E-06  1.267E-07  1.286E-07
                6.203E-08  2.164E-08  1.220E-07  6.436E-08  1.091E-07  5.425E-07
                2.248E-07  8.888E-08  3.302E-07  9.832E-07  2.669E-06  1.470E-07
                2.304E-07  1.625E-07  1.454E-07  1.915E-07  2.813E-07  1.014E-07
                4.114E-08  1.145E-07  2.255E-06  2.322E-07  5.964E-07  7.951E-06
                7.764E-08  2.785E-08  1.715E-07  5.048E-07  1.175E-06  1.320E-07
                1.998E-07  2.598E-07  9.825E-09  3.031E-08  6.554E-08  3.457E-08
                1.147E-06  3.555E-07  5.769E-07  3.556E-07  2.136E-06  1.586E-08
                2.983E-08  1.838E-07  2.930E-08  2.145E-06  1.958E-07
1.56265899E+02  2.101E-03  6.766E-04  2.210E-03  1.881E-04  9.250E-04  6.126E-03
                7.165E-04  8.320E-07  5.746E-05  2.058E-05  8.517E-07  3.235E-03
                1.249E-06  6.405E-05  9.291E-06  3.079E-07  5.391E-07  8.102E-07
                3.686E-07  1.020E-06  6.333E-07  4.769E-08  7.179E-07  4.295E-07
                7.828E-07  8.743E-07  6.181E-07  3.741E-07  1.045E-06  1.138E-06
                7.985E-07  1.176E-07  2.496E-06  1.133E-06  1.203E-07  7.626E-07
                4.796E-10  5.145E-08  2.739E-07  1.083E-06  2.965E-06  1.601E-07
                1.302E-06  7.469E-08  8.846E-08  9.302E-08  1.164E-07  1.614E-06
                6.694E-06  1.569E-08  3.563E-07  5.523E-07  2.809E-08  2.616E-08
                6.287E-07  1.938E-07  1.839E-07  3.720E-06  1.275E-06  6.026E-07
                3.681E-07  1.326E-09  3.609E-09  2.054E-10  8.488E-08  3.984E-07
                5.049E-08  4.868E-08  2.851E-07  9.477E-07  1.599E-06  2.459E-06
                9.400E-07  4.018E-07  3.675E-08  1.023E-07  1.992E-07  5.513E-08
                1.541E-07  2.248E-08  5.559E-07  1.526E-06  2.474E-07  7.586E-08
                1.480E-06  6.592E-06  7.063E-11  4.431E-10  9.581E-10  8.970E-10
                1.771E-10  4.973E-08  3.134E-07  6.617E-07  1.405E-07  3.126E-08
                4.984E-07  1.501E-06  5.300E-07  3.016E-06  1.172E-08  5.679E-08
                1.412E-07  2.986E-07  5.503E-08  2.040E-08  6.137E-08  1.620E-07
                2.201E-08  3.511E-07  2.012E-06  5.358E-07  1.005E-06  1.450E-08
                1.212E-05  3.895E-07  3.005E-07  2.142E-07  1.336E-08  8.854E-08
                2.193E-07  2.241E-07  3.652E-06  2.491E-07  2.725E-07  1.372E-06
                1.946E-07  8.249E-08  1.187E-06  7.266E-06  4.194E-07  1.106E-06
                8.361E-07  2.798E-08  6.622E-08  1.210E-07  1.415E-07  1.741E-08
                5.487E-08  1.371E-07  3.273E-07  9.869E-08  1.952E-08  1.271E-07
                5.833E-07  2.501E-06  5.424E-08  6.895E-08  2.635E-07  6.420E-07
                1.221E-07  2.703E-06  1.173E-06  1.361E-07  1.917E-07  3.278E-08
                1.583E-06  1.916E-07  3.715E-08  3.342E-07  1.159E-07  7.111E-08
                2.756E-07  3.400E-07  8.931E-07  4.057E-06  9.439E-08  9.963E-08
                4.889E-08  1.706E-08  9.399E-08  4.975E-08  8.419E-08  4.323E-07
                1.728E-07  7.097E-08  2.616E-07  7.711E-07  2.075E-06  1.192E-07
                1.812E-07  1.265E-07  1.038E-07  1.450E-07  2.089E-07  7.316E-08
                3.664E-08  8.471E-08  1.861E-06  1.797E-07  4.851E-07  6.546E-06
                5.815E-08  2.044E-08  1.336E-07  3.763E-07  8.707E-07  1.080E-07
                1.600E-07  1.978E-07  7.207E-09  1.987E-08  4.582E-08  2.625E-08
                9.211E-07  2.838E-07  4.547E-07  2.773E-07  1.704E-06  1.166E-08
                2.206E-08  1.470E-07  2.264E-08  1.726E-06  1.562E-07
1.69873899E+02  1.580E-03  5.058E-04  1.653E-03  1.399E-04  6.885E-04  4.758E-03
                5.566E-04  7.574E-07  4.485E-05  1.610E-05  6.087E-07  2.535E-03
                8.734E-07  4.387E-05  6.352E-06  2.040E-07  3.674E-07  6.495E-07
                2.403E-07  8.022E-07  4.736E-07  3.858E-08  5.768E-07  2.316E-07
                4.376E-07  5.037E-07  3.841E-07  2.519E-07  7.393E-07  7.887E-07
                4.795E-07  8.771E-08  2.094E-06  7.993E-07  8.469E-08  5.793E-07
                3.273E-10  3.488E-08  1.910E-07  8.368E-07  2.288E-06  1.242E-07
                1.015E-06  7.124E-08  8.343E-08  8.588E-08  9.695E-08  1.432E-06
                5.241E-06  1.269E-08  2.965E-07  4.879E-07  2.184E-08  2.385E-08
                4.791E-07  1.447E-07  1.554E-07  3.118E-06  9.623E-07  4.293E-07
                2.700E-07  9.636E-10  3.022E-09  1.463E-10  6.809E-08  2.823E-07
                3.885E-08  3.727E-08  2.153E-07  7.206E-07  1.209E-06  1.887E-06
                6.885E-07  2.800E-07  2.994E-08  7.866E-08  1.500E-07  3.752E-08
                1.171E-07  1.668E-08  4.194E-07  1.155E-06  1.813E-07  5.752E-08
                1.192E-06  5.316E-06  5.431E-11  3.434E-10  7.445E-10  6.903E-10
                1.122E-10  3.756E-08  2.458E-07  5.079E-07  1.212E-07  3.157E-08
                4.011E-07  1.183E-06  4.329E-07  2.438E-06  9.346E-09  4.645E-08
                1.104E-07  2.356E-07  5.626E-08  1.853E-08  4.704E-08  1.253E-07
                1.678E-08  2.779E-07  1.393E-06  3.727E-07  7.815E-07  1.097E-08
                9.390E-06  3.208E-07  2.251E-07  1.675E-07  1.021E-08  6.597E-08
                1.671E-07  1.717E-07  2.954E-06  1.810E-07  2.003E-07  1.044E-06
                1.524E-07  5.803E-08  9.235E-07  5.696E-06  2.960E-07  7.826E-07
                6.659E-07  1.789E-08  4.275E-08  7.883E-08  8.898E-08  1.175E-08
                3.564E-08  8.785E-08  2.093E-07  8.001E-08  1.431E-08  9.813E-08
                4.571E-07  1.975E-06  3.810E-08  5.338E-08  1.941E-07  4.896E-07
                9.546E-08  2.143E-06  9.296E-07  1.072E-07  1.469E-07  2.363E-08
                1.275E-06  1.389E-07  2.659E-08  2.327E-07  8.724E-08  5.796E-08
                2.326E-07  2.549E-07  6.821E-07  3.208E-06  6.064E-08  6.934E-08
                3.330E-08  1.128E-08  7.057E-08  3.870E-08  6.564E-08  3.290E-07
                1.371E-07  4.949E-08  1.964E-07  6.012E-07  1.643E-06  9.214E-08
                1.450E-07  8.966E-08  7.449E-08  1.072E-07  1.571E-07  4.995E-08
                3.128E-08  5.927E-08  1.425E-06  1.427E-07  3.750E-07  4.973E-06
                4.621E-08  1.585E-08  8.986E-08  2.697E-07  6.413E-07  7.117E-08
                1.060E-07  1.378E-07  7.463E-09  2.686E-08  3.258E-08  1.965E-08
                7.357E-07  2.251E-07  3.544E-07  2.101E-07  1.330E-06  8.743E-09
                1.716E-08  1.165E-07  1.686E-08  1.358E-06  1.225E-07
1.83481899E+02  1.264E-03  4.098E-04  1.333E-03  1.145E-04  5.626E-04  4.198E-03
                4.909E-04  5.403E-07  3.904E-05  1.343E-05  4.215E-07  2.206E-03
                6.766E-07  3.854E-05  5.582E-06  1.781E-07  3.129E-07  5.596E-07
                1.880E-07  6.338E-07  3.071E-07  2.870E-08  3.804E-07  3.434E-07
                6.036E-07  6.626E-07  4.820E-07  1.599E-07  4.879E-07  5.213E-07
                5.581E-07  5.626E-08  1.447E-06  6.843E-07  5.612E-08  3.902E-07
                1.993E-10  2.497E-08  1.270E-07  6.561E-07  1.767E-06  9.216E-08
                7.421E-07  6.053E-08  6.998E-08  7.045E-08  7.442E-08  1.217E-06
                3.916E-06  8.985E-09  2.452E-07  4.135E-07  1.688E-08  1.721E-08
                3.544E-07  1.040E-07  1.206E-07  2.589E-06  7.098E-07  2.921E-07
                1.884E-07  7.601E-10  2.458E-09  1.062E-10  5.727E-08  2.290E-07
                2.725E-08  2.775E-08  1.529E-07  5.044E-07  8.357E-07  1.543E-06
                5.472E-07  2.248E-07  2.076E-08  5.576E-08  1.148E-07  2.993E-08
                7.301E-08  1.170E-08  2.549E-07  6.949E-07  1.342E-07  4.149E-08
                8.585E-07  3.776E-06  4.423E-11  2.754E-10  5.744E-10  5.020E-10
                9.656E-11  2.232E-08  1.447E-07  3.193E-07  9.529E-08  2.121E-08
                3.391E-07  1.021E-06  3.052E-07  1.757E-06  6.732E-09  3.451E-08
                7.977E-08  1.687E-07  4.857E-08  1.429E-08  3.187E-08  8.607E-08
                1.237E-08  1.954E-07  9.636E-07  2.617E-07  6.857E-07  9.154E-09
                8.324E-06  2.365E-07  1.854E-07  1.310E-07  7.546E-09  4.768E-08
                1.243E-07  1.222E-07  1.964E-06  1.286E-07  1.458E-07  8.042E-07
                1.125E-07  4.363E-08  8.157E-07  5.089E-06  2.095E-07  5.493E-07
                3.969E-07  1.509E-08  3.572E-08  6.530E-08  7.244E-08  9.629E-09
                3.006E-08  7.500E-08  1.795E-07  5.714E-08  1.200E-08  8.043E-08
                3.723E-07  1.610E-06  3.506E-08  3.810E-08  1.430E-07  3.833E-07
                7.242E-08  1.722E-06  7.461E-07  8.594E-08  1.269E-07  1.914E-08
                1.005E-06  1.202E-07  2.002E-08  1.717E-07  6.205E-08  4.232E-08
                1.849E-07  1.561E-07  5.050E-07  2.824E-06  4.730E-08  5.542E-08
                2.686E-08  9.175E-09  4.817E-08  3.139E-08  5.326E-08  2.325E-07
                1.098E-07  4.002E-08  1.597E-07  4.876E-07  1.321E-06  8.184E-08
                1.192E-07  6.692E-08  5.413E-08  7.629E-08  1.092E-07  3.862E-08
                2.608E-08  4.723E-08  1.281E-06  9.824E-08  3.316E-07  4.479E-06
                3.407E-08  1.139E-08  6.841E-08  2.027E-07  4.885E-07  5.407E-08
                8.225E-08  1.053E-07  4.784E-09  1.723E-08  2.435E-08  1.607E-08
                6.107E-07  1.862E-07  2.925E-07  1.689E-07  1.096E-06  6.797E-09
                1.295E-08  9.628E-08  1.362E-08  1.132E-06  9.902E-08
1.97089899E+02  8.717E-04  2.817E-04  9.180E-04  7.831E-05  3.858E-04  3.422E-03
                4.002E-04  2.752E-07  3.236E-05  1.064E-05  3.039E-07  1.885E-03
                4.872E-07  2.786E-05  4.048E-06  1.142E-07  2.111E-07  4.731E-07
                1.239E-07  5.352E-07  2.397E-07  2.497E-08  3.457E-07  1.437E-07
                2.669E-07  3.092E-07  2.532E-07  1.105E-07  3.568E-07  3.902E-07
                2.780E-07  4.322E-08  1.101E-06  4.435E-07  3.696E-08  2.846E-07
                1.728E-10  1.779E-08  1.008E-07  4.355E-07  1.180E-06  6.201E-08
                5.100E-07  5.746E-08  6.551E-08  6.359E-08  5.911E-08  1.111E-06
                2.782E-06  6.989E-09  2.116E-07  3.764E-07  1.328E-08  1.311E-08
                2.370E-07  7.045E-08  1.062E-07  2.256E-06  5.493E-07  2.125E-07
                1.346E-07  6.538E-10  2.197E-09  8.383E-11  4.203E-08  1.355E-07
                2.072E-08  1.958E-08  1.151E-07  3.808E-07  6.222E-07  1.143E-06
                4.422E-07  1.890E-07  1.788E-08  3.964E-08  7.872E-08  1.641E-08
                6.526E-08  9.809E-09  2.324E-07  6.377E-07  9.065E-08  2.972E-08
                6.330E-07  2.816E-06  3.270E-11  2.069E-10  4.392E-10  3.907E-10
                6.019E-11  2.015E-08  1.315E-07  2.754E-07  7.900E-08  2.053E-08
                2.615E-07  7.693E-07  2.279E-07  1.289E-06  5.552E-09  2.970E-08
                6.412E-08  1.349E-07  5.334E-08  1.523E-08  2.813E-08  7.402E-08
                1.033E-08  1.673E-07  8.882E-07  2.404E-07  4.758E-07  6.556E-09
                5.731E-06  1.941E-07  1.378E-07  1.038E-07  6.183E-09  3.844E-08
                9.789E-08  9.823E-08  1.558E-06  1.154E-07  1.323E-07  5.748E-07
                8.218E-08  3.305E-08  5.735E-07  3.557E-06  1.862E-07  4.955E-07
                3.658E-07  1.027E-08  2.437E-08  4.471E-08  4.847E-08  6.616E-09
                2.051E-08  5.098E-08  1.223E-07  4.674E-08  8.522E-09  5.981E-08
                2.797E-07  1.218E-06  2.248E-08  3.496E-08  1.275E-07  2.721E-07
                5.203E-08  1.296E-06  5.601E-07  6.416E-08  9.773E-08  1.388E-08
                7.725E-07  8.121E-08  1.364E-08  1.252E-07  4.875E-08  3.554E-08
                1.556E-07  1.479E-07  4.111E-07  2.075E-06  3.161E-08  3.961E-08
                1.915E-08  6.351E-09  4.660E-08  2.361E-08  3.970E-08  2.278E-07
                8.202E-08  2.888E-08  1.185E-07  3.654E-07  9.960E-07  5.882E-08
                9.004E-08  5.320E-08  3.986E-08  6.141E-08  8.955E-08  2.736E-08
                2.386E-08  3.421E-08  9.227E-07  9.687E-08  2.401E-07  3.181E-06
                2.704E-08  9.297E-09  5.245E-08  1.501E-07  3.574E-07  4.420E-08
                6.393E-08  7.857E-08  4.462E-09  1.514E-08  1.613E-08  1.161E-08
                4.797E-07  1.447E-07  2.226E-07  1.269E-07  8.455E-07  4.973E-09
                9.748E-09  7.622E-08  1.055E-08  8.758E-07  7.730E-08
