          16           7
         215          13           1           1
           0          -4           0          -4           0          -6           0          -2           0          -4           0           6           0           4           0           2           0           4           0           6           0           2           0           4           0           2           0          -4           0          -2           0           2           0           4           0           6           0           2           0           4           0           6           0           4           0          -2           0          -2           0          -4           0          -6           0          -8           0          -2           0          -4           0          -6           0          -4           0           2           0          -4           0          -6           0          -2           0          -4           0          -6           0          -6           0          -8           0          -4           0          -6           0          -2           0          -4           0           4           0           6           0           8           0          10           0           4           0          -4           0           2           0           6           0           4           0           8           0           2           0          -4           0          -2           0           6           0           6           0           4           0           2           0           8           0           4           0           6           0           8           0           4           0           6           0           8           0          10           0           4           0           6           0           8           0           6           0           4           0           2           0           6           0           2           0           4           0           2           0          -4           0          -2           0          -6           0          -8           0           6           0           4           0          -4           0          -6           0          -2           0          -4           0          -6           0          -8           0         -10           0          -2           0          -4           0          -6           0          -4           0          -2           0          -6           0          -8           0          -2           0          -4           0           2           0           4           0           6           0           8           0           4           0           4           0           6           0           8           0           2           0          10           0           8           0           6           0           4           0           2           0           6           0           6           0           4           0           4           0           2           0           4           0           6           0           8           0          -4           0           2           0           4           0          -6           0          -4           0           2           0           4           0           6           0           4           0           6           0          -2           0          -4           0          -6           0          -8           0         -10           0          -6           0          -8           0         -10           0         -12           0           2           0          -2           0          -4           0          -6           0          -8           0          -2           0          -8           0         -10           0          -4           0          -2           0          -6           0          -4           0          -2           0          -4           0          -2           0          -4           0          -6           0          -4           0          -8           0          -6           0           2           0           4           0           2           0           4           0           6           0         -10           0          -8           0          -6           0          -4           0           6           0          -2           0          -4           0           8           0          -6           0          -2           0          -4           0          -6           0          -8           0           4           0           6           0          -4           0          -6           0          -6           0          -8           0          -2           0           2           0          -4           0           4           0           6           0           4           0           4           0           2           0           2           0          -4           0          -6           0          -8           0          -2           0          -4           0          -6           0          -8           0         -10           0          -8           0          -6           0          -4           0          -2           0          -2           0          -4           0          -6           0          -6           0          -8           0          -4           0          -2           0          -6           0          -4
    0.000000E+00    9.645106E-03    9.843162E-03    1.435602E-02    1.458263E-02
    4.247197E-02    4.320385E-02    4.360158E-02    5.944295E-02    5.948713E-02
    6.922989E-02    7.316769E-02    7.411300E-02    1.134727E-01    1.147319E-01
    2.354040E-01    2.358931E-01    2.366026E-01    2.382857E-01    2.391328E-01
    2.438023E-01    2.438287E-01    2.461520E-01    2.471700E-01    2.474363E-01
    2.479076E-01    2.485433E-01    2.486026E-01    2.487216E-01    2.491410E-01
    2.502551E-01    2.507374E-01    2.510783E-01    2.511300E-01    2.524691E-01
    2.524772E-01    2.554279E-01    2.561102E-01    2.563381E-01    2.591442E-01
    2.591854E-01    2.609226E-01    2.615363E-01    2.619649E-01    2.622131E-01
    2.625883E-01    2.631076E-01    2.632646E-01    2.633261E-01    2.634365E-01
    2.637297E-01    2.638533E-01    2.640096E-01    2.643758E-01    2.644930E-01
    2.645338E-01    2.648466E-01    2.652759E-01    2.655531E-01    2.656939E-01
    2.657640E-01    2.676748E-01    2.677713E-01    2.679166E-01    2.688115E-01
    2.690337E-01    2.711118E-01    2.712141E-01    2.720014E-01    2.721113E-01
    2.724223E-01    2.724984E-01    2.725578E-01    2.726085E-01    2.727219E-01
    2.737570E-01    2.740430E-01    2.746587E-01    2.763855E-01    2.763956E-01
    2.763957E-01    2.764682E-01    2.789238E-01    2.791446E-01    2.808157E-01
    2.808428E-01    2.816082E-01    2.816156E-01    2.816277E-01    2.816445E-01
    2.816660E-01    2.832213E-01    2.832636E-01    2.833497E-01    2.872720E-01
    2.872722E-01    2.872783E-01    2.873017E-01    2.873787E-01    2.874354E-01
    2.875828E-01    2.876419E-01    2.877951E-01    2.879672E-01    2.884374E-01
    2.885530E-01    2.886000E-01    2.886971E-01    2.887362E-01    2.888178E-01
    2.901974E-01    2.902310E-01    2.934227E-01    2.936053E-01    2.936679E-01
    2.948139E-01    2.948751E-01    2.949134E-01    2.954910E-01    2.955387E-01
    2.955818E-01    2.956302E-01    2.974080E-01    2.974265E-01    2.978254E-01
    2.979930E-01    2.980044E-01    2.981863E-01    2.981951E-01    2.982014E-01
    2.986863E-01    2.989406E-01    2.997979E-01    3.013547E-01    3.014398E-01
    3.015665E-01    3.017420E-01    3.025165E-01    3.025355E-01    3.025686E-01
    3.026262E-01    3.032771E-01    3.036433E-01    3.036673E-01    3.036996E-01
    3.037196E-01    3.041292E-01    3.046134E-01    3.046301E-01    3.048276E-01
    3.048611E-01    3.049614E-01    3.051740E-01    3.052844E-01    3.060373E-01
    3.062721E-01    3.065126E-01    3.067251E-01    3.072820E-01    3.083217E-01
    3.083847E-01    3.085481E-01    3.086063E-01    3.093086E-01    3.093690E-01
    3.093750E-01    3.093804E-01    3.094500E-01    3.095030E-01    3.095365E-01
    3.096086E-01    3.096683E-01    3.098305E-01    3.098337E-01    3.100372E-01
    3.110986E-01    3.111053E-01    3.111248E-01    3.111449E-01    3.124031E-01
    3.124222E-01    3.126400E-01    3.132139E-01    3.132929E-01    3.134326E-01
    3.163175E-01    3.165548E-01    3.167011E-01    3.167161E-01    3.173537E-01
    3.174815E-01    3.194473E-01    3.198310E-01    3.206567E-01    3.235572E-01
    3.235827E-01    3.236877E-01    3.236885E-01    3.238034E-01    3.239013E-01
    3.239634E-01    3.240075E-01    3.245628E-01    3.245933E-01    3.263728E-01
    3.264517E-01    3.271738E-01    3.284075E-01    3.287843E-01    3.314323E-01
    3.314556E-01    3.324856E-01    3.325179E-01    3.327131E-01    3.333147E-01
           0           4           0           1
  -28.010499495533246               13
4.02576995E+01  1.325E-01  4.384E-02  1.437E-01  1.222E-02  5.963E-02  8.937E-02
                1.155E-02  6.213E-05  8.612E-04  5.925E-04  1.068E-04  3.769E-02
                8.561E-05  2.639E-03  3.858E-04
5.38656995E+01  5.927E-02  1.914E-02  6.238E-02  5.326E-03  2.605E-02  5.453E-02
                6.396E-03  2.852E-05  5.303E-04  3.236E-04  4.271E-05  2.502E-02
                4.626E-05  1.351E-03  1.952E-04  1.459E-05  2.246E-05  2.007E-05
                1.477E-05  2.248E-05  1.060E-05  6.406E-07  2.713E-05  4.033E-06
                8.810E-06  1.097E-05  1.010E-05  1.426E-05  4.166E-05  4.335E-05
                1.749E-05  2.138E-06  1.703E-04  4.397E-05  4.209E-06  3.128E-05
                8.560E-09  2.914E-06  1.778E-05  5.024E-05  1.496E-04  8.340E-06
                5.793E-05  6.468E-06  3.458E-06  1.161E-05  5.697E-05  2.018E-05
                1.629E-04  1.734E-06  2.042E-05  9.883E-06  7.886E-06  1.435E-06
                3.210E-05  1.068E-05  5.328E-06  1.120E-04  6.565E-05  3.540E-05
                1.903E-05  2.479E-08  4.469E-08  4.899E-09  7.076E-06  6.288E-05
                1.102E-06  6.026E-07  8.249E-06  2.269E-05  6.192E-05  2.241E-05
                1.032E-05  4.980E-06  4.420E-06  4.681E-06  1.435E-05  8.262E-06
                2.679E-06  4.688E-07  8.910E-06  2.483E-05  2.630E-05  4.283E-06
                2.683E-05  1.248E-04  4.016E-09  1.458E-08  1.448E-08  3.293E-08
                5.743E-09  8.352E-07  5.206E-06  9.295E-06  1.509E-06  7.213E-07
                3.226E-06  7.994E-06  1.023E-05  5.371E-05  2.529E-07  1.624E-06
                2.220E-06  4.388E-06  6.326E-06  1.744E-06  1.013E-06  3.004E-06
                7.549E-07  7.213E-06  3.307E-05  8.665E-06  1.603E-05  5.399E-07
                1.852E-04  5.498E-06  4.436E-06  2.730E-06  1.351E-07  1.003E-06
                2.691E-06  2.948E-06  1.000E-04  3.722E-06  4.104E-06  2.087E-05
                2.597E-06  2.215E-06  1.661E-05  1.017E-04  6.209E-06  1.759E-05
                2.009E-05  8.422E-07  2.846E-06  5.579E-06  9.534E-06  5.380E-07
                2.699E-06  5.916E-06  1.164E-05  2.227E-06  6.454E-07  3.179E-06
                1.313E-05  4.502E-05  2.119E-06  5.898E-06  2.727E-05  1.141E-05
                2.008E-06  4.482E-05  2.077E-05  3.199E-06  5.168E-06  1.142E-06
                1.783E-05  8.790E-06  2.167E-06  1.121E-05  5.566E-06  4.847E-06
                1.295E-05  3.248E-05  2.548E-05  1.447E-04  4.904E-06  4.826E-06
                2.055E-06  7.069E-07  1.565E-06  1.296E-06  2.662E-06  7.999E-06
                3.289E-06  1.724E-06  4.922E-06  1.225E-05  3.157E-05  1.307E-06
                4.026E-06  5.881E-06  4.385E-06  8.869E-06  1.463E-05  2.829E-06
                1.053E-06  3.975E-06  1.998E-05  7.429E-06  7.626E-06
6.74736995E+01  3.082E-02  9.893E-03  3.229E-02  2.745E-03  1.345E-02  3.614E-02
                4.235E-03  1.483E-05  3.492E-04  1.866E-04  2.062E-05  1.725E-02
                2.107E-05  7.452E-04  1.081E-04  7.172E-06  1.153E-05  1.079E-05
                8.258E-06  1.351E-05  8.687E-06  4.851E-07  1.091E-05  1.799E-06
                4.142E-06  4.952E-06  3.631E-06  7.855E-06  2.095E-05  2.213E-05
                8.233E-06  1.676E-06  6.718E-05  2.000E-05  2.195E-06  1.451E-05
                6.964E-09  1.314E-06  7.913E-06  2.224E-05  6.470E-05  3.551E-06
                2.620E-05  3.803E-07  7.760E-07  1.390E-06  3.300E-06  6.203E-06
                9.040E-05  4.467E-07  4.410E-06  2.723E-06  8.344E-07  5.266E-07
                1.412E-05  4.606E-06  2.063E-06  3.675E-05  2.495E-05  1.361E-05
                8.522E-06  1.284E-08  2.068E-08  2.075E-09  1.900E-06  1.623E-05
                6.352E-07  1.217E-07  4.166E-06  1.373E-05  2.688E-05  1.521E-05
                6.054E-06  2.709E-06  8.321E-07  2.021E-06  5.152E-06  2.341E-06
                1.671E-06  2.435E-07  6.009E-06  1.676E-05  6.448E-06  1.363E-06
                1.668E-05  7.462E-05  7.164E-10  3.934E-09  9.169E-09  1.069E-08
                3.233E-09  5.598E-07  3.273E-06  6.583E-06  8.281E-07  2.561E-07
                2.443E-06  6.868E-06  5.877E-06  3.319E-05  9.005E-08  5.118E-07
                1.022E-06  2.112E-06  1.104E-06  2.947E-07  5.218E-07  1.379E-06
                2.363E-07  2.923E-06  1.859E-05  4.801E-06  8.570E-06  1.227E-07
                1.020E-04  2.845E-06  2.282E-06  1.495E-06  8.070E-08  6.575E-07
                1.605E-06  1.448E-06  4.250E-05  1.739E-06  1.875E-06  1.446E-05
                2.178E-06  7.298E-07  8.954E-06  5.453E-05  3.618E-06  9.330E-06
                9.075E-06  5.216E-07  1.280E-06  2.434E-06  3.597E-06  2.726E-07
                1.037E-06  2.673E-06  6.312E-06  1.088E-06  2.932E-07  1.360E-06
                5.316E-06  2.000E-05  8.609E-07  2.702E-06  9.921E-06  6.577E-06
                1.299E-06  2.275E-05  1.001E-05  1.293E-06  2.209E-06  5.452E-07
                1.124E-05  3.602E-06  8.795E-07  6.053E-06  2.284E-06  5.740E-07
                2.551E-06  3.720E-06  8.389E-06  3.516E-05  2.184E-06  1.593E-06
                7.688E-07  2.667E-07  9.075E-07  5.516E-07  1.030E-06  3.573E-06
                1.814E-06  9.605E-07  2.600E-06  6.491E-06  1.706E-05  9.507E-07
                1.165E-06  2.397E-06  2.233E-06  3.088E-06  4.756E-06  1.178E-06
                2.193E-07  1.310E-06  1.157E-05  1.827E-06  3.100E-06  3.726E-05
                3.365E-07  2.046E-07  4.245E-06  8.982E-06  1.685E-05  3.833E-06
                4.865E-06  4.889E-06  3.681E-07  7.634E-07  8.492E-07  4.456E-07
                4.460E-06  1.433E-06  2.406E-06  2.613E-06  1.171E-05  1.872E-07
                4.165E-07  8.035E-07  2.252E-07  1.022E-05  1.327E-06
8.10816995E+01  1.767E-02  5.652E-03  1.847E-02  1.564E-03  7.675E-03  2.529E-02
                2.962E-03  8.159E-06  2.418E-04  1.164E-04  1.086E-05  1.243E-02
                1.195E-05  4.486E-04  6.504E-05  3.991E-06  6.528E-06  6.373E-06
                4.852E-06  8.399E-06  5.954E-06  3.364E-07  5.603E-06  1.177E-06
                2.595E-06  3.039E-06  2.007E-06  4.604E-06  1.172E-05  1.267E-05
                4.681E-06  1.138E-06  3.080E-05  1.060E-05  1.285E-06  7.884E-06
                4.717E-09  6.780E-07  3.980E-06  1.124E-05  3.272E-05  1.791E-06
                1.359E-05  2.092E-07  3.808E-07  6.346E-07  1.483E-06  4.209E-06
                5.307E-05  2.193E-07  2.171E-06  1.700E-06  4.032E-07  2.511E-07
                7.209E-06  2.358E-06  1.129E-06  1.905E-05  1.271E-05  7.160E-06
                4.378E-06  7.864E-09  1.380E-08  1.432E-09  7.858E-07  6.357E-06
                3.863E-07  1.628E-07  2.407E-06  8.028E-06  1.507E-05  1.144E-05
                4.330E-06  1.859E-06  4.100E-07  1.018E-06  2.251E-06  9.330E-07
                1.108E-06  1.504E-07  4.088E-06  1.135E-05  2.943E-06  7.154E-07
                1.040E-05  4.639E-05  4.076E-10  2.404E-09  5.597E-09  6.262E-09
                1.614E-09  3.837E-07  2.265E-06  4.671E-06  5.436E-07  1.390E-07
                1.778E-06  5.176E-06  3.662E-06  2.080E-05  5.553E-08  2.738E-07
                6.828E-07  1.431E-06  2.349E-07  1.002E-07  3.529E-07  9.079E-07
                1.377E-07  1.865E-06  1.225E-05  3.173E-06  5.298E-06  8.291E-08
                6.373E-05  2.045E-06  1.544E-06  1.005E-06  6.120E-08  4.741E-07
                1.134E-06  1.067E-06  2.678E-05  1.203E-06  1.279E-06  9.478E-06
                1.386E-06  4.657E-07  5.770E-06  3.505E-05  2.457E-06  6.375E-06
                6.070E-06  2.519E-07  6.166E-07  1.165E-06  1.644E-06  1.484E-07
                5.311E-07  1.370E-06  3.256E-06  7.085E-07  1.555E-07  7.727E-07
                3.134E-06  1.223E-05  4.610E-07  9.260E-07  3.721E-06  4.307E-06
                8.269E-07  1.352E-05  5.950E-06  7.284E-07  1.260E-06  3.174E-07
                7.631E-06  1.825E-06  4.550E-07  3.394E-06  1.135E-06  3.417E-07
                1.334E-06  2.351E-06  5.331E-06  2.091E-05  1.032E-06  8.040E-07
                3.874E-07  1.381E-07  5.546E-07  2.989E-07  5.296E-07  2.214E-06
                9.839E-07  5.046E-07  1.481E-06  3.902E-06  1.036E-05  5.865E-07
                7.312E-07  1.143E-06  1.113E-06  1.374E-06  2.164E-06  7.127E-07
                1.073E-07  7.310E-07  7.991E-06  1.034E-06  2.161E-06  2.700E-05
                2.388E-07  1.167E-07  1.811E-06  4.143E-06  8.244E-06  1.572E-06
                2.106E-06  2.256E-06  1.158E-07  1.715E-07  5.004E-07  2.471E-07
                3.429E-06  1.095E-06  1.868E-06  1.539E-06  7.480E-06  1.053E-07
                1.913E-07  6.136E-07  1.496E-07  6.853E-06  6.941E-07
9.46896995E+01  1.093E-02  3.499E-03  1.143E-02  9.693E-04  4.756E-03  1.842E-02
                2.157E-03  5.040E-06  1.749E-04  7.821E-05  6.124E-06  9.195E-03
                7.272E-06  2.874E-04  4.164E-05  2.252E-06  3.742E-06  3.840E-06
                2.825E-06  5.240E-06  3.923E-06  2.262E-07  3.414E-06  8.645E-07
                1.834E-06  2.129E-06  1.364E-06  2.818E-06  7.086E-06  7.736E-06
                2.941E-06  7.481E-07  1.653E-05  6.209E-06  7.998E-07  4.730E-06
                3.025E-09  3.848E-07  2.210E-06  6.439E-06  1.865E-05  1.022E-06
                7.899E-06  1.484E-07  2.332E-07  3.478E-07  7.640E-07  3.539E-06
                3.333E-05  1.238E-07  1.354E-06  1.328E-06  2.242E-07  1.415E-07
                4.125E-06  1.348E-06  7.279E-07  1.258E-05  7.442E-06  4.149E-06
                2.529E-06  5.086E-09  9.947E-09  9.952E-10  4.193E-07  3.156E-06
                2.524E-07  1.537E-07  1.507E-06  5.051E-06  9.268E-06  8.512E-06
                3.172E-06  1.332E-06  2.351E-07  6.119E-07  1.246E-06  4.641E-07
                7.677E-07  1.017E-07  2.849E-06  7.892E-06  1.630E-06  4.309E-07
                6.867E-06  3.072E-05  2.688E-10  1.625E-09  3.743E-09  4.034E-09
                9.219E-10  2.665E-07  1.604E-06  3.294E-06  3.952E-07  9.273E-08
                1.352E-06  4.007E-06  2.449E-06  1.385E-05  4.145E-08  1.951E-07
                5.125E-07  1.082E-06  1.091E-07  6.263E-08  2.547E-07  6.534E-07
                9.091E-08  1.339E-06  8.513E-06  2.210E-06  3.592E-06  5.644E-08
                4.321E-05  1.477E-06  1.096E-06  7.323E-07  4.684E-08  3.522E-07
                8.402E-07  8.304E-07  1.798E-05  8.962E-07  9.534E-07  6.234E-06
                9.088E-07  3.333E-07  4.005E-06  2.421E-05  1.744E-06  4.545E-06
                4.236E-06  1.383E-07  3.372E-07  6.352E-07  8.654E-07  8.225E-08
                2.823E-07  7.205E-07  1.708E-06  4.671E-07  9.366E-08  5.002E-07
                2.104E-06  8.458E-06  2.776E-07  3.891E-07  1.562E-06  2.846E-06
                5.468E-07  9.284E-06  4.077E-06  4.880E-07  7.969E-07  1.886E-07
                5.442E-06  1.052E-06  2.551E-07  2.025E-06  6.429E-07  2.451E-07
                8.953E-07  1.615E-06  3.665E-06  1.385E-05  5.708E-07  4.718E-07
                2.256E-07  8.070E-08  3.781E-07  1.909E-07  3.311E-07  1.538E-06
                6.405E-07  3.022E-07  9.631E-07  2.665E-06  7.152E-06  3.967E-07
                5.353E-07  6.337E-07  6.304E-07  7.451E-07  1.149E-06  4.346E-07
                7.205E-08  4.519E-07  5.722E-06  6.832E-07  1.540E-06  1.985E-05
                1.863E-07  8.061E-08  8.838E-07  2.218E-06  4.676E-06  7.242E-07
                1.023E-06  1.185E-06  4.398E-08  6.447E-08  2.906E-07  1.379E-07
                2.660E-06  8.446E-07  1.436E-06  1.026E-06  5.392E-06  6.328E-08
                1.141E-07  4.563E-07  9.935E-08  5.141E-06  4.885E-07
1.08297699E+02  7.089E-03  2.267E-03  7.411E-03  6.266E-04  3.077E-03  1.373E-02
                1.607E-03  3.317E-06  1.300E-04  5.488E-05  3.774E-06  6.985E-03
                4.634E-06  1.898E-04  2.750E-05  1.345E-06  2.272E-06  2.475E-06
                1.729E-06  3.438E-06  2.622E-06  1.551E-07  2.347E-06  7.167E-07
                1.458E-06  1.682E-06  1.089E-06  1.782E-06  4.510E-06  4.953E-06
                2.037E-06  4.961E-07  9.676E-06  3.921E-06  5.159E-07  3.003E-06
                2.035E-09  2.329E-07  1.313E-06  3.920E-06  1.120E-05  6.168E-07
                4.858E-06  1.114E-07  1.576E-07  2.133E-07  4.322E-07  2.902E-06
                2.191E-05  7.263E-08  9.193E-07  1.047E-06  1.290E-07  8.707E-08
                2.482E-06  8.114E-07  4.988E-07  8.923E-06  4.723E-06  2.587E-06
                1.564E-06  3.748E-09  7.806E-09  6.936E-10  2.541E-07  1.753E-06
                1.737E-07  1.262E-07  1.010E-06  3.391E-06  6.084E-06  6.390E-06
                2.481E-06  1.062E-06  1.441E-07  3.965E-07  7.628E-07  2.572E-07
                5.438E-07  7.226E-08  2.018E-06  5.579E-06  9.945E-07  2.800E-07
                4.655E-06  2.084E-05  1.888E-10  1.168E-09  2.665E-09  2.788E-09
                5.965E-10  1.877E-07  1.136E-06  2.335E-06  3.063E-07  7.014E-08
                1.063E-06  3.170E-06  1.665E-06  9.401E-06  3.172E-08  1.474E-07
                3.905E-07  8.248E-07  7.719E-08  4.612E-08  1.907E-07  4.910E-07
                6.585E-08  1.012E-06  6.461E-06  1.683E-06  2.507E-06  4.089E-08
                3.009E-05  1.103E-06  8.026E-07  5.553E-07  3.624E-08  2.648E-07
                6.288E-07  6.369E-07  1.216E-05  7.047E-07  7.486E-07  4.255E-06
                6.154E-07  2.458E-07  2.855E-06  1.717E-05  1.312E-06  3.442E-06
                2.959E-06  9.062E-08  2.187E-07  4.079E-07  5.343E-07  5.383E-08
                1.794E-07  4.540E-07  1.077E-06  3.244E-07  6.035E-08  3.444E-07
                1.496E-06  6.151E-06  1.768E-07  2.280E-07  9.045E-07  1.948E-06
                3.721E-07  6.741E-06  2.952E-06  3.495E-07  5.341E-07  1.192E-07
                3.969E-06  6.588E-07  1.538E-07  1.314E-06  4.188E-07  1.880E-07
                6.569E-07  1.192E-06  2.671E-06  9.730E-06  3.605E-07  3.156E-07
                1.525E-07  5.439E-08  2.833E-07  1.321E-07  2.267E-07  1.186E-06
                4.500E-07  2.108E-07  6.923E-07  1.938E-06  5.187E-06  2.825E-07
                4.108E-07  4.247E-07  3.960E-07  4.928E-07  7.405E-07  2.805E-07
                6.057E-08  2.962E-07  4.195E-06  5.078E-07  1.125E-06  1.472E-05
                1.463E-07  5.888E-08  5.217E-07  1.371E-06  2.971E-06  4.208E-07
                6.079E-07  7.274E-07  2.379E-08  3.768E-08  1.805E-07  8.546E-08
                2.045E-06  6.448E-07  1.076E-06  7.282E-07  4.007E-06  4.119E-08
                7.625E-08  3.424E-07  6.818E-08  3.901E-06  3.666E-07
1.21905699E+02  4.856E-03  1.558E-03  5.090E-03  4.320E-04  2.122E-03  1.071E-02
                1.253E-03  2.165E-06  1.008E-04  4.017E-05  2.329E-06  5.489E-03
                3.081E-06  1.365E-04  1.978E-05  8.382E-07  1.428E-06  1.673E-06
                1.063E-06  2.290E-06  1.698E-06  1.062E-07  1.560E-06  6.504E-07
                1.253E-06  1.417E-06  9.352E-07  1.119E-06  2.877E-06  3.146E-06
                1.532E-06  3.210E-07  6.158E-06  2.627E-06  3.347E-07  1.966E-06
                1.291E-09  1.455E-07  8.037E-07  2.595E-06  7.313E-06  4.034E-07
                3.222E-06  1.042E-07  1.344E-07  1.621E-07  2.792E-07  2.482E-06
                1.522E-05  4.427E-08  6.751E-07  8.716E-07  7.934E-08  5.790E-08
                1.617E-06  5.198E-07  3.642E-07  6.755E-06  3.092E-06  1.626E-06
                9.975E-07  2.539E-09  5.961E-09  4.793E-10  1.748E-07  1.084E-06
                1.179E-07  1.014E-07  6.768E-07  2.264E-06  3.973E-06  4.811E-06
                1.790E-06  7.453E-07  9.147E-08  2.540E-07  4.925E-07  1.575E-07
                3.658E-07  4.954E-08  1.346E-06  3.713E-06  6.356E-07  1.849E-07
                3.311E-06  1.482E-05  1.395E-10  8.660E-10  1.938E-09  1.950E-09
                4.047E-10  1.241E-07  7.656E-07  1.582E-06  2.414E-07  5.441E-08
                8.470E-07  2.539E-06  1.191E-06  6.737E-06  2.344E-08  1.091E-07
                2.870E-07  6.077E-07  6.559E-08  3.335E-08  1.311E-07  3.427E-07
                4.701E-08  7.186E-07  4.261E-06  1.116E-06  1.928E-06  2.857E-08
                2.320E-05  8.059E-07  5.944E-07  4.132E-07  2.676E-08  1.891E-07
                4.571E-07  4.676E-07  8.557E-06  4.977E-07  5.333E-07  3.016E-06
                4.362E-07  1.795E-07  2.225E-06  1.345E-05  8.867E-07  2.324E-06
                2.016E-06  6.014E-08  1.445E-07  2.683E-07  3.389E-07  3.716E-08
                1.186E-07  2.965E-07  7.025E-07  2.255E-07  4.209E-08  2.517E-07
                1.116E-06  4.658E-06  1.218E-07  1.379E-07  5.368E-07  1.390E-06
                2.671E-07  5.080E-06  2.220E-06  2.601E-07  3.835E-07  7.913E-08
                3.024E-06  4.421E-07  9.882E-08  8.410E-07  2.724E-07  1.368E-07
                4.950E-07  7.724E-07  1.858E-06  7.443E-06  2.320E-07  2.149E-07
                1.038E-07  3.682E-08  1.883E-07  9.718E-08  1.652E-07  8.040E-07
                3.334E-07  1.445E-07  5.026E-07  1.451E-06  3.909E-06  2.191E-07
                3.300E-07  2.749E-07  2.573E-07  3.195E-07  4.754E-07  1.826E-07
                5.005E-08  1.979E-07  3.323E-06  3.442E-07  8.827E-07  1.173E-05
                1.129E-07  4.272E-08  3.133E-07  8.772E-07  1.978E-06  2.433E-07
                3.631E-07  4.574E-07  1.385E-08  3.007E-08  1.187E-07  5.831E-08
                1.610E-06  5.040E-07  8.383E-07  5.405E-07  3.096E-06  2.682E-08
                4.925E-08  2.638E-07  4.708E-08  3.054E-06  2.817E-07
1.35513699E+02  3.385E-03  1.084E-03  3.543E-03  2.995E-04  1.473E-03  8.280E-03
                9.689E-04  1.562E-06  7.812E-05  3.007E-05  1.572E-06  4.320E-03
                2.093E-06  9.466E-05  1.372E-05  5.136E-07  8.966E-07  1.178E-06
                6.655E-07  1.617E-06  1.183E-06  7.744E-08  1.208E-06  4.613E-07
                8.920E-07  1.022E-06  7.037E-07  7.325E-07  1.945E-06  2.125E-06
                1.055E-06  2.218E-07  4.291E-06  1.798E-06  2.250E-07  1.359E-06
                9.008E-10  9.455E-08  5.196E-07  1.778E-06  4.946E-06  2.731E-07
                2.206E-06  8.882E-08  1.096E-07  1.239E-07  1.880E-07  2.070E-06
                1.083E-05  2.887E-08  5.083E-07  7.171E-07  4.972E-08  4.271E-08
                1.081E-06  3.446E-07  2.742E-07  5.213E-06  2.149E-06  1.096E-06
                6.653E-07  2.005E-09  4.954E-09  3.390E-10  1.254E-07  6.929E-07
                8.519E-08  7.488E-08  4.807E-07  1.613E-06  2.798E-06  3.646E-06
                1.415E-06  6.029E-07  6.464E-08  1.817E-07  3.400E-07  9.901E-08
                2.742E-07  3.749E-08  1.005E-06  2.771E-06  4.317E-07  1.300E-07
                2.402E-06  1.077E-05  1.042E-10  6.558E-10  1.460E-09  1.442E-09
                2.768E-10  9.171E-08  5.730E-07  1.177E-06  1.965E-07  4.601E-08
                6.807E-07  2.035E-06  8.679E-07  4.887E-06  1.838E-08  8.611E-08
                2.223E-07  4.718E-07  6.000E-08  2.865E-08  1.025E-07  2.667E-07
                3.486E-08  5.635E-07  3.378E-06  8.892E-07  1.412E-06  2.225E-08
                1.692E-05  6.170E-07  4.480E-07  3.224E-07  2.061E-08  1.431E-07
                3.463E-07  3.585E-07  6.198E-06  3.991E-07  4.279E-07  2.162E-06
                3.130E-07  1.318E-07  1.645E-06  9.945E-06  6.958E-07  1.838E-06
                1.504E-06  4.307E-08  1.028E-07  1.898E-07  2.319E-07  2.653E-08
                8.407E-08  2.100E-07  4.991E-07  1.642E-07  2.985E-08  1.877E-07
                8.493E-07  3.596E-06  8.364E-08  1.032E-07  3.959E-07  9.993E-07
                1.922E-07  3.923E-06  1.709E-06  1.993E-07  2.823E-07  5.423E-08
                2.322E-06  3.053E-07  6.535E-08  5.813E-07  1.950E-07  1.098E-07
                3.946E-07  6.131E-07  1.435E-06  5.581E-06  1.593E-07  1.560E-07
                7.594E-08  2.674E-08  1.553E-07  7.312E-08  1.241E-07  6.852E-07
                2.538E-07  1.083E-07  3.848E-07  1.118E-06  3.013E-06  1.629E-07
                2.543E-07  2.033E-07  1.774E-07  2.366E-07  3.465E-07  1.250E-07
                4.555E-08  1.387E-07  2.497E-06  2.876E-07  6.615E-07  8.802E-06
                8.925E-08  3.285E-08  2.206E-07  6.195E-07  1.406E-06  1.750E-07
                2.595E-07  3.242E-07  1.112E-08  2.764E-08  7.887E-08  4.014E-08
                1.280E-06  3.978E-07  6.464E-07  4.093E-07  2.409E-06  1.915E-08
                3.620E-08  2.068E-07  3.480E-08  2.404E-06  2.223E-07
1.49121699E+02  2.512E-03  8.092E-04  2.641E-03  2.249E-04  1.105E-03  6.757E-03
                7.904E-04  1.135E-06  6.324E-05  2.344E-05  1.036E-06  3.511E-03
                1.477E-06  7.305E-05  1.058E-05  3.672E-07  6.401E-07  9.130E-07
                4.451E-07  1.179E-06  7.789E-07  5.582E-08  8.195E-07  4.652E-07
                8.547E-07  9.546E-07  6.653E-07  4.677E-07  1.279E-06  1.382E-06
                8.992E-07  1.458E-07  3.062E-06  1.335E-06  1.501E-07  9.354E-07
                5.557E-10  6.275E-08  3.356E-07  1.319E-06  3.630E-06  1.981E-07
                1.603E-06  8.454E-08  1.013E-07  1.086E-07  1.427E-07  1.781E-06
                8.027E-06  1.960E-08  4.057E-07  6.111E-07  3.490E-08  3.221E-08
                7.794E-07  2.411E-07  2.138E-07  4.204E-06  1.519E-06  7.304E-07
                4.556E-07  1.409E-09  3.914E-09  2.367E-10  9.958E-08  4.992E-07
                6.037E-08  5.840E-08  3.407E-07  1.135E-06  1.932E-06  2.840E-06
                1.027E-06  4.205E-07  4.420E-08  1.247E-07  2.434E-07  6.989E-08
                1.795E-07  2.558E-08  6.478E-07  1.781E-06  3.031E-07  9.208E-08
                1.784E-06  7.957E-06  8.136E-11  5.091E-10  1.107E-09  1.046E-09
                2.036E-10  5.864E-08  3.725E-07  7.797E-07  1.594E-07  3.653E-08
                5.587E-07  1.677E-06  6.435E-07  3.652E-06  1.340E-08  6.412E-08
                1.619E-07  3.443E-07  5.626E-08  2.157E-08  6.882E-08  1.830E-07
                2.531E-08  3.965E-07  2.137E-06  5.675E-07  1.176E-06  1.644E-08
                1.418E-05  4.580E-07  3.433E-07  2.431E-07  1.511E-08  1.011E-07
                2.522E-07  2.577E-07  4.437E-06  2.696E-07  2.942E-07  1.617E-06
                2.326E-07  9.505E-08  1.378E-06  8.443E-06  4.542E-07  1.193E-06
                9.952E-07  3.094E-08  7.373E-08  1.357E-07  1.605E-07  1.977E-08
                6.113E-08  1.517E-07  3.605E-07  1.184E-07  2.266E-08  1.460E-07
                6.672E-07  2.846E-06  6.455E-08  7.323E-08  2.768E-07  7.559E-07
                1.455E-07  3.090E-06  1.345E-06  1.559E-07  2.196E-07  3.901E-08
                1.827E-06  2.278E-07  4.558E-08  3.942E-07  1.356E-07  8.045E-08
                3.099E-07  3.774E-07  1.009E-06  4.634E-06  1.091E-07  1.129E-07
                5.477E-08  1.912E-08  9.982E-08  5.706E-08  9.669E-08  4.497E-07
                1.989E-07  7.883E-08  2.942E-07  8.762E-07  2.371E-06  1.365E-07
                2.091E-07  1.403E-07  1.231E-07  1.636E-07  2.388E-07  8.637E-08
                3.798E-08  9.877E-08  2.109E-06  1.918E-07  5.533E-07  7.438E-06
                6.701E-08  2.357E-08  1.474E-07  4.323E-07  1.011E-06  1.142E-07
                1.730E-07  2.232E-07  8.327E-09  2.588E-08  5.583E-08  3.063E-08
                1.033E-06  3.193E-07  5.173E-07  3.155E-07  1.918E-06  1.360E-08
                2.550E-08  1.649E-07  2.562E-08  1.935E-06  1.751E-07
1.62729699E+02  1.794E-03  5.761E-04  1.883E-03  1.596E-04  7.857E-04  5.448E-03
                6.373E-04  7.272E-07  5.131E-05  1.821E-05  7.298E-07  2.910E-03
                1.051E-06  5.360E-05  7.774E-06  2.443E-07  4.364E-07  7.185E-07
                2.968E-07  9.058E-07  5.551E-07  4.318E-08  6.685E-07  3.072E-07
                5.728E-07  6.523E-07  4.787E-07  3.116E-07  8.914E-07  9.697E-07
                6.093E-07  1.026E-07  2.240E-06  9.433E-07  1.009E-07  6.629E-07
                4.195E-10  4.291E-08  2.332E-07  9.266E-07  2.533E-06  1.372E-07
                1.123E-06  7.235E-08  8.504E-08  8.798E-08  1.037E-07  1.515E-06
                5.831E-06  1.382E-08  3.235E-07  5.173E-07  2.420E-08  2.409E-08
                5.350E-07  1.645E-07  1.692E-07  3.397E-06  1.111E-06  5.156E-07
                3.146E-07  1.194E-09  3.356E-09  1.777E-10  7.477E-08  3.261E-07
                4.453E-08  4.205E-08  2.490E-07  8.312E-07  1.399E-06  2.155E-06
                8.368E-07  3.588E-07  3.359E-08  9.009E-08  1.711E-07  4.423E-08
                1.404E-07  2.016E-08  5.070E-07  1.394E-06  2.107E-07  6.591E-08
                1.308E-06  5.845E-06  6.163E-11  3.896E-10  8.464E-10  7.934E-10
                1.428E-10  4.520E-08  2.883E-07  5.998E-07  1.289E-07  3.060E-08
                4.451E-07  1.330E-06  4.718E-07  2.666E-06  1.066E-08  5.211E-08
                1.270E-07  2.688E-07  5.530E-08  2.005E-08  5.640E-08  1.481E-07
                1.949E-08  3.225E-07  1.832E-06  4.882E-07  8.654E-07  1.277E-08
                1.039E-05  3.528E-07  2.623E-07  1.919E-07  1.196E-08  7.868E-08
                1.947E-07  2.003E-07  3.274E-06  2.271E-07  2.487E-07  1.186E-06
                1.700E-07  7.096E-08  1.024E-06  6.268E-06  3.799E-07  1.007E-06
                7.721E-07  2.318E-08  5.494E-08  1.006E-07  1.160E-07  1.454E-08
                4.550E-08  1.134E-07  2.709E-07  8.823E-08  1.667E-08  1.113E-07
                5.144E-07  2.214E-06  4.486E-08  6.152E-08  2.317E-07  5.546E-07
                1.063E-07  2.395E-06  1.039E-06  1.201E-07  1.681E-07  2.787E-08
                1.410E-06  1.617E-07  3.118E-08  2.834E-07  1.011E-07  6.555E-08
                2.539E-07  3.186E-07  8.070E-07  3.553E-06  7.786E-08  8.474E-08
                4.145E-08  1.432E-08  8.873E-08  4.375E-08  7.399E-08  4.119E-07
                1.527E-07  6.081E-08  2.286E-07  6.804E-07  1.839E-06  1.030E-07
                1.597E-07  1.096E-07  8.854E-08  1.269E-07  1.833E-07  6.149E-08
                3.498E-08  7.197E-08  1.605E-06  1.721E-07  4.196E-07  5.615E-06
                5.252E-08  1.847E-08  1.143E-07  3.233E-07  7.504E-07  9.314E-08
                1.371E-07  1.696E-07  7.001E-09  2.063E-08  3.811E-08  2.240E-08
                8.255E-07  2.533E-07  4.012E-07  2.429E-07  1.511E-06  1.011E-08
                1.939E-08  1.316E-07  1.986E-08  1.536E-06  1.392E-07
1.76337699E+02  1.448E-03  4.659E-04  1.519E-03  1.294E-04  6.360E-04  4.383E-03
                5.127E-04  7.283E-07  4.101E-05  1.465E-05  5.080E-07  2.304E-03
                7.550E-07  3.987E-05  5.766E-06  1.928E-07  3.423E-07  6.074E-07
                2.123E-07  7.168E-07  3.875E-07  3.359E-08  4.669E-07  2.730E-07
                4.955E-07  5.551E-07  4.139E-07  2.033E-07  6.069E-07  6.397E-07
                5.003E-07  7.168E-08  1.839E-06  7.365E-07  7.101E-08  4.920E-07
                2.459E-10  2.928E-08  1.554E-07  7.731E-07  2.106E-06  1.126E-07
                9.112E-07  6.867E-08  8.014E-08  8.185E-08  8.943E-08  1.332E-06
                4.695E-06  1.124E-08  2.727E-07  4.533E-07  1.993E-08  2.186E-08
                4.329E-07  1.281E-07  1.409E-07  2.867E-06  8.412E-07  3.610E-07
                2.341E-07  8.073E-10  2.702E-09  1.229E-10  6.390E-08  2.638E-07
                3.366E-08  3.320E-08  1.870E-07  6.233E-07  1.041E-06  1.713E-06
                5.899E-07  2.321E-07  2.555E-08  6.868E-08  1.353E-07  3.477E-08
                9.100E-08  1.347E-08  3.212E-07  8.826E-07  1.610E-07  5.068E-08
                1.054E-06  4.667E-06  4.933E-11  3.094E-10  6.590E-10  5.936E-10
                1.010E-10  2.869E-08  1.895E-07  4.020E-07  1.104E-07  2.799E-08
                3.709E-07  1.098E-06  3.803E-07  2.161E-06  7.982E-09  4.039E-08
                9.456E-08  2.019E-07  5.305E-08  1.603E-08  3.801E-08  1.031E-07
                1.436E-08  2.332E-07  1.063E-06  2.863E-07  7.489E-07  9.908E-09
                9.047E-06  2.815E-07  2.028E-07  1.479E-07  8.725E-09  5.552E-08
                1.441E-07  1.451E-07  2.500E-06  1.440E-07  1.614E-07  9.362E-07
                1.353E-07  4.932E-08  8.854E-07  5.510E-06  2.322E-07  6.092E-07
                5.195E-07  1.557E-08  3.723E-08  6.868E-08  7.641E-08  1.038E-08
                3.128E-08  7.700E-08  1.833E-07  6.948E-08  1.307E-08  8.923E-08
                4.154E-07  1.796E-06  3.654E-08  4.491E-08  1.623E-07  4.427E-07
                8.583E-08  1.941E-06  8.422E-07  9.700E-08  1.359E-07  2.132E-08
                1.150E-06  1.298E-07  2.357E-08  1.994E-07  7.492E-08  5.002E-08
                2.111E-07  1.919E-07  5.794E-07  3.060E-06  5.167E-08  6.053E-08
                2.888E-08  9.753E-09  5.423E-08  3.505E-08  5.958E-08  2.551E-07
                1.245E-07  4.321E-08  1.758E-07  5.440E-07  1.489E-06  8.791E-08
                1.343E-07  7.561E-08  6.398E-08  9.034E-08  1.326E-07  4.346E-08
                2.773E-08  5.221E-08  1.356E-06  1.122E-07  3.556E-07  4.739E-06
                4.020E-08  1.344E-08  7.497E-08  2.323E-07  5.621E-07  5.783E-08
                8.788E-08  1.175E-07  6.891E-09  2.703E-08  2.924E-08  1.811E-08
                6.698E-07  2.047E-07  3.225E-07  1.879E-07  1.204E-06  7.874E-09
                1.567E-08  1.056E-07  1.494E-08  1.237E-06  1.100E-07
1.89945699E+02  1.063E-03  3.449E-04  1.124E-03  9.663E-05  4.751E-04  3.939E-03
                4.606E-04  3.589E-07  3.686E-05  1.224E-05  3.627E-07  2.118E-03
                6.018E-07  3.512E-05  5.099E-06  1.491E-07  2.656E-07  5.128E-07
                1.587E-07  5.764E-07  2.638E-07  2.609E-08  3.564E-07  2.766E-07
                4.896E-07  5.427E-07  4.035E-07  1.326E-07  4.152E-07  4.539E-07
                4.594E-07  4.779E-08  1.201E-06  5.773E-07  4.522E-08  3.252E-07
                1.889E-10  2.153E-08  1.127E-07  5.370E-07  1.448E-06  7.479E-08
                6.055E-07  5.718E-08  6.559E-08  6.459E-08  6.400E-08  1.140E-06
                3.274E-06  7.512E-09  2.249E-07  3.869E-07  1.455E-08  1.383E-08
                2.878E-07  8.480E-08  1.102E-07  2.386E-06  6.201E-07  2.495E-07
                1.569E-07  7.512E-10  2.332E-09  9.682E-11  4.965E-08  1.814E-07
                2.328E-08  2.328E-08  1.311E-07  4.307E-07  7.066E-07  1.353E-06
                5.182E-07  2.248E-07  1.852E-08  4.614E-08  9.497E-08  2.318E-08
                6.877E-08  1.106E-08  2.422E-07  6.597E-07  1.107E-07  3.463E-08
                7.163E-07  3.158E-06  3.850E-11  2.406E-10  5.022E-10  4.389E-10
                8.284E-11  2.090E-08  1.336E-07  2.929E-07  8.417E-08  1.832E-08
                3.019E-07  9.111E-07  2.538E-07  1.460E-06  6.065E-09  3.149E-08
                7.106E-08  1.488E-07  4.864E-08  1.441E-08  3.009E-08  7.965E-08
                1.130E-08  1.793E-07  9.978E-07  2.709E-07  5.806E-07  8.179E-09
                7.034E-06  2.088E-07  1.651E-07  1.181E-07  6.912E-09  4.344E-08
                1.111E-07  1.096E-07  1.666E-06  1.283E-07  1.457E-07  6.840E-07
                9.453E-08  3.959E-08  6.962E-07  4.324E-06  2.108E-07  5.578E-07
                3.669E-07  1.364E-08  3.212E-08  5.849E-08  6.465E-08  8.489E-09
                2.701E-08  6.782E-08  1.629E-07  4.986E-08  1.049E-08  7.061E-08
                3.267E-07  1.417E-06  3.042E-08  3.610E-08  1.373E-07  3.258E-07
                6.076E-08  1.505E-06  6.503E-07  7.485E-08  1.156E-07  1.678E-08
                8.773E-07  1.044E-07  1.667E-08  1.490E-07  5.396E-08  3.830E-08
                1.670E-07  1.546E-07  4.624E-07  2.455E-06  4.154E-08  4.929E-08
                2.417E-08  8.237E-09  5.001E-08  2.765E-08  4.659E-08  2.450E-07
                9.529E-08  3.603E-08  1.418E-07  4.286E-07  1.156E-06  7.099E-08
                1.035E-07  6.223E-08  4.654E-08  6.918E-08  9.741E-08  3.368E-08
                2.585E-08  4.186E-08  1.124E-06  1.008E-07  2.893E-07  3.907E-06
                3.010E-08  1.029E-08  6.410E-08  1.793E-07  4.248E-07  5.332E-08
                7.871E-08  9.544E-08  3.866E-09  1.159E-08  1.988E-08  1.403E-08
                5.533E-07  1.679E-07  2.614E-07  1.501E-07  9.879E-07  5.830E-09
                1.095E-08  8.764E-08  1.237E-08  1.024E-06  8.953E-08
2.03553699E+02  7.980E-04  2.552E-04  8.303E-04  7.014E-05  3.457E-04  2.921E-03
                3.417E-04  3.367E-07  2.777E-05  9.370E-06  2.499E-07  1.612E-03
                4.001E-07  2.164E-05  3.137E-06  1.043E-07  1.932E-07  4.544E-07
                1.081E-07  5.041E-07  2.120E-07  2.346E-08  3.045E-07  8.878E-08
                1.722E-07  2.069E-07  1.879E-07  9.185E-08  3.055E-07  3.221E-07
                1.971E-07  3.829E-08  1.109E-06  3.791E-07  3.244E-08  2.622E-07
                1.347E-10  1.475E-08  8.579E-08  4.100E-07  1.108E-06  5.889E-08
                4.847E-07  5.166E-08  5.853E-08  5.731E-08  5.408E-08  1.077E-06
                2.601E-06  7.043E-09  2.003E-07  3.644E-07  1.241E-08  1.425E-08
                2.221E-07  6.513E-08  9.776E-08  2.143E-06  4.972E-07  1.825E-07
                1.192E-07  5.132E-10  2.027E-09  7.024E-11  3.774E-08  1.199E-07
                1.887E-08  1.700E-08  1.037E-07  3.455E-07  5.653E-07  9.800E-07
                3.509E-07  1.380E-07  1.668E-08  3.665E-08  7.198E-08  1.411E-08
                5.434E-08  7.918E-09  1.913E-07  5.277E-07  8.057E-08  2.705E-08
                6.065E-07  2.688E-06  2.902E-11  1.837E-10  3.920E-10  3.491E-10
                4.554E-11  1.683E-08  1.139E-07  2.343E-07  7.846E-08  2.408E-08
                2.358E-07  6.705E-07  2.194E-07  1.231E-06  5.013E-09  2.802E-08
                5.776E-08  1.233E-07  5.749E-08  1.507E-08  2.413E-08  6.510E-08
                9.165E-09  1.508E-07  6.396E-07  1.731E-07  4.263E-07  5.416E-09
                5.116E-06  1.834E-07  1.151E-07  9.103E-08  5.321E-09  3.264E-08
                8.546E-08  8.629E-08  1.483E-06  8.826E-08  1.036E-07  5.179E-07
                7.740E-08  2.629E-08  5.129E-07  3.206E-06  1.373E-07  3.632E-07
                3.217E-07  7.594E-09  1.828E-08  3.399E-08  3.572E-08  5.235E-09
                1.551E-08  3.785E-08  9.047E-08  4.477E-08  7.265E-09  5.287E-08
                2.498E-07  1.091E-06  1.729E-08  3.699E-08  1.283E-07  2.449E-07
                4.846E-08  1.169E-06  5.060E-07  5.788E-08  8.313E-08  1.174E-08
                7.082E-07  6.769E-08  1.203E-08  1.074E-07  4.683E-08  3.253E-08
                1.497E-07  1.179E-07  3.487E-07  1.887E-06  2.395E-08  3.233E-08
                1.518E-08  4.840E-09  3.496E-08  2.088E-08  3.549E-08  1.695E-07
                7.497E-08  2.325E-08  1.020E-07  3.251E-07  9.002E-07  5.220E-08
                8.291E-08  4.713E-08  3.553E-08  5.805E-08  8.821E-08  2.204E-08
                2.011E-08  2.753E-08  8.009E-07  7.734E-08  2.126E-07  2.754E-06
                2.422E-08  7.997E-09  4.304E-08  1.320E-07  3.191E-07  3.565E-08
                5.062E-08  6.580E-08  6.281E-09  2.536E-08  1.572E-08  1.096E-08
                4.228E-07  1.272E-07  1.929E-07  1.101E-07  7.374E-07  4.752E-09
                1.041E-08  6.665E-08  8.910E-09  7.652E-07  6.842E-08
