2.93712995E+01  1.338E-01
2.97114995E+01  1.351E-01
3.00516995E+01  1.291E-01
3.03918995E+01  7.818E-01
3.07320995E+01  1.197E-01
3.10722995E+01  1.153E-01
3.14124995E+01  1.194E-01
3.17526995E+01  1.119E-01
3.20928995E+01  1.072E-01
3.24330995E+01  1.053E-01
3.27732995E+01  1.030E-01
3.31134995E+01  9.805E-02
3.34536995E+01  9.610E-02
3.37938995E+01  8.566E-02
3.41340995E+01  9.236E-02
3.44742995E+01  9.036E-02
3.48144995E+01  8.873E-02
3.51546995E+01  8.587E-02
3.54948995E+01  8.540E-02
3.58350995E+01  8.230E-02
3.61752995E+01  8.110E-02
3.65154995E+01  7.874E-02
3.68556995E+01  7.566E-02
3.71958995E+01  7.426E-02
3.75360995E+01  7.261E-02
3.78762995E+01  7.151E-02
3.82164995E+01  6.962E-02
3.85566995E+01  7.272E-02
3.88968995E+01  6.794E-02
3.92370995E+01  6.320E-02
3.95772995E+01  5.909E-02
3.99174995E+01  6.047E-02
4.02576995E+01  5.963E-02
4.05978995E+01  5.967E-02
4.09380995E+01  5.915E-02
4.12782995E+01  5.603E-02
4.16184995E+01  4.010E-02
4.19586995E+01  5.362E-02
4.22988995E+01  5.154E-02
4.26390995E+01  5.244E-02
4.29792995E+01  5.073E-02
4.33194995E+01  4.920E-02
4.36596995E+01  4.721E-02
4.39998995E+01  4.612E-02
4.43400995E+01  4.524E-02
4.46802995E+01  4.442E-02
4.50204995E+01  4.401E-02
4.53606995E+01  4.340E-02
4.57008995E+01  4.330E-02
4.60410995E+01  3.827E-02
4.63812995E+01  4.012E-02
4.67214995E+01  3.917E-02
4.70616995E+01  3.891E-02
4.74018995E+01  3.807E-02
4.77420995E+01  3.591E-02
4.80822995E+01  3.666E-02
4.84224995E+01  3.514E-02
4.87626995E+01  3.551E-02
4.91028995E+01  3.403E-02
4.94430995E+01  3.271E-02
4.97832995E+01  3.262E-02
5.01234995E+01  3.215E-02
5.04636995E+01  3.022E-02
5.08038995E+01  3.197E-02
5.11440995E+01  3.030E-02
5.14842995E+01  2.965E-02
5.18244995E+01  2.922E-02
5.21646995E+01  2.848E-02
5.25048995E+01  2.794E-02
5.28450995E+01  2.752E-02
5.31852995E+01  2.706E-02
5.35254995E+01  2.654E-02
5.38656995E+01  2.605E-02
5.42058995E+01  2.564E-02
5.45460995E+01  2.513E-02
5.48862995E+01  2.468E-02
5.52264995E+01  2.424E-02
5.55666995E+01  2.382E-02
5.59068995E+01  2.340E-02
5.62470995E+01  2.299E-02
5.65872995E+01  2.259E-02
5.69274995E+01  2.220E-02
5.72676995E+01  2.182E-02
5.76078995E+01  2.145E-02
5.79480995E+01  2.108E-02
5.82882995E+01  2.072E-02
5.86284995E+01  2.037E-02
5.89686995E+01  2.003E-02
5.93088995E+01  1.969E-02
5.96490995E+01  1.936E-02
5.99892995E+01  1.904E-02
6.03294995E+01  1.874E-02
6.06696995E+01  1.842E-02
6.10098995E+01  1.811E-02
6.13500995E+01  1.783E-02
6.16902995E+01  1.753E-02
6.20304995E+01  1.725E-02
6.23706995E+01  1.696E-02
6.27108995E+01  1.670E-02
6.30510995E+01  1.643E-02
6.33912995E+01  1.617E-02
6.37314995E+01  1.592E-02
6.40716995E+01  1.567E-02
6.44118995E+01  1.543E-02
6.47520995E+01  1.519E-02
6.50922995E+01  1.496E-02
6.54324995E+01  1.473E-02
6.57726995E+01  1.450E-02
6.61128995E+01  1.428E-02
6.64530995E+01  1.407E-02
6.67932995E+01  1.386E-02
6.71334995E+01  1.365E-02
6.74736995E+01  1.345E-02
6.78138995E+01  1.325E-02
6.81540995E+01  1.305E-02
6.84942995E+01  1.286E-02
6.88344995E+01  1.267E-02
6.91746995E+01  1.249E-02
6.95148995E+01  1.231E-02
6.98550995E+01  1.213E-02
7.01952995E+01  1.195E-02
7.05354995E+01  1.178E-02
7.08756995E+01  1.161E-02
7.12158995E+01  1.144E-02
7.15560995E+01  1.128E-02
7.18962995E+01  1.112E-02
7.22364995E+01  1.096E-02
7.25766995E+01  1.081E-02
7.29168995E+01  1.065E-02
7.32570995E+01  1.050E-02
7.35972995E+01  1.036E-02
7.39374995E+01  1.021E-02
7.42776995E+01  1.007E-02
7.46178995E+01  9.930E-03
7.49580995E+01  9.792E-03
7.52982995E+01  9.657E-03
7.56384995E+01  9.524E-03
7.59786995E+01  9.394E-03
7.63188995E+01  9.265E-03
7.66590995E+01  9.139E-03
7.69992995E+01  9.015E-03
7.73394995E+01  8.892E-03
7.76796995E+01  8.772E-03
7.80198995E+01  8.654E-03
7.83600995E+01  8.537E-03
7.87002995E+01  8.423E-03
7.90404995E+01  8.311E-03
7.93806995E+01  8.200E-03
7.97208995E+01  8.091E-03
8.00610995E+01  7.984E-03
8.04012995E+01  7.879E-03
8.07414995E+01  7.776E-03
8.10816995E+01  7.675E-03
8.14218995E+01  7.575E-03
8.17620995E+01  7.478E-03
8.21022995E+01  7.382E-03
8.24424995E+01  7.288E-03
8.27826995E+01  7.195E-03
8.31228995E+01  7.105E-03
8.34630995E+01  7.016E-03
8.38032995E+01  6.929E-03
8.41434995E+01  6.843E-03
8.44836995E+01  6.759E-03
8.48238995E+01  6.676E-03
8.51640995E+01  6.595E-03
8.55042995E+01  6.515E-03
8.58444995E+01  6.437E-03
8.61846995E+01  6.360E-03
8.65248995E+01  6.284E-03
8.68650995E+01  6.210E-03
8.72052995E+01  6.137E-03
8.75454995E+01  6.065E-03
8.78856995E+01  5.994E-03
8.82258995E+01  5.923E-03
8.85660995E+01  5.854E-03
8.89062995E+01  5.786E-03
8.92464995E+01  5.719E-03
8.95866995E+01  5.653E-03
8.99268995E+01  5.588E-03
9.02670995E+01  5.523E-03
9.06072995E+01  5.460E-03
9.09474995E+01  5.397E-03
9.12876995E+01  5.335E-03
9.16278995E+01  5.274E-03
9.19680995E+01  5.213E-03
9.23082995E+01  5.154E-03
9.26484995E+01  5.095E-03
9.29886995E+01  5.036E-03
9.33288995E+01  4.979E-03
9.36690995E+01  4.922E-03
9.40092995E+01  4.866E-03
9.43494995E+01  4.811E-03
9.46896995E+01  4.756E-03
9.50298995E+01  4.702E-03
9.53700995E+01  4.649E-03
9.57102995E+01  4.596E-03
9.60504995E+01  4.544E-03
9.63906995E+01  4.493E-03
9.67308995E+01  4.442E-03
9.70710995E+01  4.392E-03
9.74112995E+01  4.343E-03
9.77514995E+01  4.294E-03
9.80916995E+01  4.246E-03
9.84318995E+01  4.198E-03
9.87720995E+01  4.151E-03
9.91122995E+01  4.105E-03
9.94524995E+01  4.059E-03
9.97926995E+01  4.014E-03
1.00132899E+02  3.969E-03
1.00473099E+02  3.925E-03
1.00813299E+02  3.881E-03
1.01153499E+02  3.839E-03
1.01493699E+02  3.796E-03
1.01833899E+02  3.755E-03
1.02174099E+02  3.714E-03
1.02514299E+02  3.673E-03
1.02854499E+02  3.633E-03
1.03194699E+02  3.594E-03
1.03534899E+02  3.555E-03
1.03875099E+02  3.517E-03
1.04215299E+02  3.480E-03
1.04555499E+02  3.443E-03
1.04895699E+02  3.407E-03
1.05235899E+02  3.371E-03
1.05576099E+02  3.336E-03
1.05916299E+02  3.302E-03
1.06256499E+02  3.268E-03
1.06596699E+02  3.235E-03
1.06936899E+02  3.202E-03
1.07277099E+02  3.170E-03
1.07617299E+02  3.138E-03
1.07957499E+02  3.107E-03
1.08297699E+02  3.077E-03
1.08637899E+02  3.047E-03
1.08978099E+02  3.018E-03
1.09318299E+02  2.989E-03
1.09658499E+02  2.961E-03
1.09998699E+02  2.933E-03
1.10338899E+02  2.905E-03
1.10679099E+02  2.878E-03
1.11019299E+02  2.851E-03
1.11359499E+02  2.825E-03
1.11699699E+02  2.799E-03
1.12039899E+02  2.773E-03
1.12380099E+02  2.748E-03
1.12720299E+02  2.723E-03
1.13060499E+02  2.698E-03
1.13400699E+02  2.673E-03
1.13740899E+02  2.649E-03
1.14081099E+02  2.625E-03
1.14421299E+02  2.601E-03
1.14761499E+02  2.578E-03
1.15101699E+02  2.554E-03
1.15441899E+02  2.531E-03
1.15782099E+02  2.508E-03
1.16122299E+02  2.485E-03
1.16462499E+02  2.463E-03
1.16802699E+02  2.440E-03
1.17142899E+02  2.418E-03
1.17483099E+02  2.396E-03
1.17823299E+02  2.374E-03
1.18163499E+02  2.352E-03
1.18503699E+02  2.330E-03
1.18843899E+02  2.309E-03
1.19184099E+02  2.287E-03
1.19524299E+02  2.266E-03
1.19864499E+02  2.245E-03
1.20204699E+02  2.224E-03
1.20544899E+02  2.203E-03
1.20885099E+02  2.183E-03
1.21225299E+02  2.162E-03
1.21565499E+02  2.142E-03
1.21905699E+02  2.122E-03
1.22245899E+02  2.102E-03
1.22586099E+02  2.082E-03
1.22926299E+02  2.062E-03
1.23266499E+02  2.043E-03
1.23606699E+02  2.023E-03
1.23946899E+02  2.004E-03
1.24287099E+02  1.985E-03
1.24627299E+02  1.966E-03
1.24967499E+02  1.947E-03
1.25307699E+02  1.929E-03
1.25647899E+02  1.910E-03
1.25988099E+02  1.892E-03
1.26328299E+02  1.874E-03
1.26668499E+02  1.856E-03
1.27008699E+02  1.839E-03
1.27348899E+02  1.821E-03
1.27689099E+02  1.804E-03
1.28029299E+02  1.787E-03
1.28369499E+02  1.770E-03
1.28709699E+02  1.753E-03
1.29049899E+02  1.737E-03
1.29390099E+02  1.721E-03
1.29730299E+02  1.705E-03
1.30070499E+02  1.689E-03
1.30410699E+02  1.674E-03
1.30750899E+02  1.659E-03
1.31091099E+02  1.644E-03
1.31431299E+02  1.629E-03
1.31771499E+02  1.615E-03
1.32111699E+02  1.600E-03
1.32451899E+02  1.586E-03
1.32792099E+02  1.573E-03
1.33132299E+02  1.559E-03
1.33472499E+02  1.546E-03
1.33812699E+02  1.533E-03
1.34152899E+02  1.521E-03
1.34493099E+02  1.508E-03
1.34833299E+02  1.496E-03
1.35173499E+02  1.484E-03
1.35513699E+02  1.473E-03
1.35853899E+02  1.461E-03
1.36194099E+02  1.450E-03
1.36534299E+02  1.439E-03
1.36874499E+02  1.428E-03
1.37214699E+02  1.418E-03
1.37554899E+02  1.407E-03
1.37895099E+02  1.397E-03
1.38235299E+02  1.387E-03
1.38575499E+02  1.377E-03
1.38915699E+02  1.368E-03
1.39255899E+02  1.358E-03
1.39596099E+02  1.349E-03
1.39936299E+02  1.339E-03
1.40276499E+02  1.330E-03
1.40616699E+02  1.321E-03
1.40956899E+02  1.312E-03
1.41297099E+02  1.303E-03
1.41637299E+02  1.294E-03
1.41977499E+02  1.286E-03
1.42317699E+02  1.277E-03
1.42657899E+02  1.268E-03
1.42998099E+02  1.260E-03
1.43338299E+02  1.251E-03
1.43678499E+02  1.243E-03
1.44018699E+02  1.234E-03
1.44358899E+02  1.225E-03
1.44699099E+02  1.217E-03
1.45039299E+02  1.208E-03
1.45379499E+02  1.200E-03
1.45719699E+02  1.191E-03
1.46059899E+02  1.183E-03
1.46400099E+02  1.174E-03
1.46740299E+02  1.166E-03
1.47080499E+02  1.157E-03
1.47420699E+02  1.148E-03
1.47760899E+02  1.140E-03
1.48101099E+02  1.131E-03
1.48441299E+02  1.122E-03
1.48781499E+02  1.114E-03
1.49121699E+02  1.105E-03
1.49461899E+02  1.096E-03
1.49802099E+02  1.088E-03
1.50142299E+02  1.079E-03
1.50482499E+02  1.070E-03
1.50822699E+02  1.062E-03
1.51162899E+02  1.053E-03
1.51503099E+02  1.044E-03
1.51843299E+02  1.035E-03
1.52183499E+02  1.027E-03
1.52523699E+02  1.018E-03
1.52863899E+02  1.009E-03
1.53204099E+02  1.001E-03
1.53544299E+02  9.923E-04
1.53884499E+02  9.837E-04
1.54224699E+02  9.752E-04
1.54564899E+02  9.667E-04
1.54905099E+02  9.582E-04
1.55245299E+02  9.498E-04
1.55585499E+02  9.415E-04
1.55925699E+02  9.332E-04
1.56265899E+02  9.250E-04
1.56606099E+02  9.168E-04
1.56946299E+02  9.087E-04
1.57286499E+02  9.007E-04
1.57626699E+02  8.927E-04
1.57966899E+02  8.848E-04
1.58307099E+02  8.770E-04
1.58647299E+02  8.693E-04
1.58987499E+02  8.617E-04
1.59327699E+02  8.542E-04
1.59667899E+02  8.468E-04
1.60008099E+02  8.395E-04
1.60348299E+02  8.324E-04
1.60688499E+02  8.253E-04
1.61028699E+02  8.184E-04
1.61368899E+02  8.116E-04
1.61709099E+02  8.049E-04
1.62049299E+02  7.984E-04
1.62389499E+02  7.920E-04
1.62729699E+02  7.857E-04
1.63069899E+02  7.796E-04
1.63410099E+02  7.736E-04
1.63750299E+02  7.678E-04
1.64090499E+02  7.621E-04
1.64430699E+02  7.566E-04
1.64770899E+02  7.513E-04
1.65111099E+02  7.461E-04
1.65451299E+02  7.410E-04
1.65791499E+02  7.361E-04
1.66131699E+02  7.314E-04
1.66471899E+02  7.268E-04
1.66812099E+02  7.224E-04
1.67152299E+02  7.181E-04
1.67492499E+02  7.139E-04
1.67832699E+02  7.099E-04
1.68172899E+02  7.060E-04
1.68513099E+02  7.023E-04
1.68853299E+02  6.987E-04
1.69193499E+02  6.952E-04
1.69533699E+02  6.918E-04
1.69873899E+02  6.885E-04
1.70214099E+02  6.853E-04
1.70554299E+02  6.822E-04
1.70894499E+02  6.792E-04
1.71234699E+02  6.763E-04
1.71574899E+02  6.734E-04
1.71915099E+02  6.706E-04
1.72255299E+02  6.679E-04
1.72595499E+02  6.652E-04
1.72935699E+02  6.625E-04
1.73275899E+02  6.599E-04
1.73616099E+02  6.573E-04
1.73956299E+02  6.546E-04
1.74296499E+02  6.520E-04
1.74636699E+02  6.494E-04
1.74976899E+02  6.468E-04
1.75317099E+02  6.441E-04
1.75657299E+02  6.415E-04
1.75997499E+02  6.387E-04
1.76337699E+02  6.360E-04
1.76677899E+02  6.332E-04
1.77018099E+02  6.303E-04
1.77358299E+02  6.274E-04
1.77698499E+02  6.244E-04
1.78038699E+02  6.214E-04
1.78378899E+02  6.183E-04
1.78719099E+02  6.151E-04
1.79059299E+02  6.118E-04
1.79399499E+02  6.085E-04
1.79739699E+02  6.051E-04
1.80079899E+02  6.016E-04
1.80420099E+02  5.980E-04
1.80760299E+02  5.944E-04
1.81100499E+02  5.907E-04
1.81440699E+02  5.869E-04
1.81780899E+02  5.830E-04
1.82121099E+02  5.790E-04
1.82461299E+02  5.750E-04
1.82801499E+02  5.709E-04
1.83141699E+02  5.668E-04
1.83481899E+02  5.626E-04
1.83822099E+02  5.583E-04
1.84162299E+02  5.540E-04
1.84502499E+02  5.496E-04
1.84842699E+02  5.451E-04
1.85182899E+02  5.406E-04
1.85523099E+02  5.361E-04
1.85863299E+02  5.316E-04
1.86203499E+02  5.270E-04
1.86543699E+02  5.223E-04
1.86883899E+02  5.177E-04
1.87224099E+02  5.130E-04
1.87564299E+02  5.083E-04
1.87904499E+02  5.035E-04
1.88244699E+02  4.988E-04
1.88584899E+02  4.941E-04
1.88925099E+02  4.893E-04
1.89265299E+02  4.846E-04
1.89605499E+02  4.798E-04
1.89945699E+02  4.751E-04
1.90285899E+02  4.704E-04
1.90626099E+02  4.657E-04
1.90966299E+02  4.610E-04
1.91306499E+02  4.563E-04
1.91646699E+02  4.517E-04
1.91986899E+02  4.471E-04
1.92327099E+02  4.426E-04
1.92667299E+02  4.381E-04
1.93007499E+02  4.336E-04
1.93347699E+02  4.292E-04
1.93687899E+02  4.249E-04
1.94028099E+02  4.206E-04
1.94368299E+02  4.164E-04
1.94708499E+02  4.122E-04
1.95048699E+02  4.082E-04
1.95388899E+02  4.042E-04
1.95729099E+02  4.003E-04
1.96069299E+02  3.966E-04
1.96409499E+02  3.929E-04
1.96749699E+02  3.893E-04
1.97089899E+02  3.858E-04
1.97430099E+02  3.825E-04
1.97770299E+02  3.792E-04
1.98110499E+02  3.761E-04
1.98450699E+02  3.731E-04
1.98790899E+02  3.703E-04
1.99131099E+02  3.676E-04
1.99471299E+02  3.650E-04
1.99811499E+02  3.626E-04
2.00151699E+02  3.603E-04
2.00491899E+02  3.582E-04
2.00832099E+02  3.562E-04
2.01172299E+02  3.543E-04
2.01512499E+02  3.526E-04
2.01852699E+02  3.511E-04
2.02192899E+02  3.497E-04
2.02533099E+02  3.485E-04
2.02873299E+02  3.474E-04
2.03213499E+02  3.465E-04
2.03553699E+02  3.457E-04
2.03893899E+02  3.451E-04
2.04234099E+02  3.446E-04
2.04574299E+02  3.443E-04
