          16           7
         215          13           1           1
           0          -4           0          -4           0          -6           0          -2           0          -4           0           6           0           4           0           2           0           4           0           6           0           2           0           4           0           2           0          -4           0          -2           0           2           0           4           0           6           0           2           0           4           0           6           0           4           0          -2           0          -2           0          -4           0          -6           0          -8           0          -2           0          -4           0          -6           0          -4           0           2           0          -4           0          -6           0          -2           0          -4           0          -6           0          -6           0          -8           0          -4           0          -6           0          -2           0          -4           0           4           0           6           0           8           0          10           0           4           0          -4           0           2           0           6           0           4           0           8           0           2           0          -4           0          -2           0           6           0           6           0           4           0           2           0           8           0           4           0           6           0           8           0           4           0           6           0           8           0          10           0           4           0           6           0           8           0           6           0           4           0           2           0           6           0           2           0           4           0           2           0          -4           0          -2           0          -6           0          -8           0           6           0           4           0          -4           0          -6           0          -2           0          -4           0          -6           0          -8           0         -10           0          -2           0          -4           0          -6           0          -4           0          -2           0          -6           0          -8           0          -2           0          -4           0           2           0           4           0           6           0           8           0           4           0           4           0           6           0           8           0           2           0          10           0           8           0           6           0           4           0           2           0           6           0           6           0           4           0           4           0           2           0           4           0           6           0           8           0          -4           0           2           0           4           0          -6           0          -4           0           2           0           4           0           6           0           4           0           6           0          -2           0          -4           0          -6           0          -8           0         -10           0          -6           0          -8           0         -10           0         -12           0           2           0          -2           0          -4           0          -6           0          -8           0          -2           0          -8           0         -10           0          -4           0          -2           0          -6           0          -4           0          -2           0          -4           0          -2           0          -4           0          -6           0          -4           0          -8           0          -6           0           2           0           4           0           2           0           4           0           6           0         -10           0          -8           0          -6           0          -4           0           6           0          -2           0          -4           0           8           0          -6           0          -2           0          -4           0          -6           0          -8           0           4           0           6           0          -4           0          -6           0          -6           0          -8           0          -2           0           2           0          -4           0           4           0           6           0           4           0           4           0           2           0           2           0          -4           0          -6           0          -8           0          -2           0          -4           0          -6           0          -8           0         -10           0          -8           0          -6           0          -4           0          -2           0          -2           0          -4           0          -6           0          -6           0          -8           0          -4           0          -2           0          -6           0          -4
    0.000000E+00    9.645106E-03    9.843162E-03    1.435602E-02    1.458263E-02
    4.247197E-02    4.320385E-02    4.360158E-02    5.944295E-02    5.948713E-02
    6.922989E-02    7.316769E-02    7.411300E-02    1.134727E-01    1.147319E-01
    2.354040E-01    2.358931E-01    2.366026E-01    2.382857E-01    2.391328E-01
    2.438023E-01    2.438287E-01    2.461520E-01    2.471700E-01    2.474363E-01
    2.479076E-01    2.485433E-01    2.486026E-01    2.487216E-01    2.491410E-01
    2.502551E-01    2.507374E-01    2.510783E-01    2.511300E-01    2.524691E-01
    2.524772E-01    2.554279E-01    2.561102E-01    2.563381E-01    2.591442E-01
    2.591854E-01    2.609226E-01    2.615363E-01    2.619649E-01    2.622131E-01
    2.625883E-01    2.631076E-01    2.632646E-01    2.633261E-01    2.634365E-01
    2.637297E-01    2.638533E-01    2.640096E-01    2.643758E-01    2.644930E-01
    2.645338E-01    2.648466E-01    2.652759E-01    2.655531E-01    2.656939E-01
    2.657640E-01    2.676748E-01    2.677713E-01    2.679166E-01    2.688115E-01
    2.690337E-01    2.711118E-01    2.712141E-01    2.720014E-01    2.721113E-01
    2.724223E-01    2.724984E-01    2.725578E-01    2.726085E-01    2.727219E-01
    2.737570E-01    2.740430E-01    2.746587E-01    2.763855E-01    2.763956E-01
    2.763957E-01    2.764682E-01    2.789238E-01    2.791446E-01    2.808157E-01
    2.808428E-01    2.816082E-01    2.816156E-01    2.816277E-01    2.816445E-01
    2.816660E-01    2.832213E-01    2.832636E-01    2.833497E-01    2.872720E-01
    2.872722E-01    2.872783E-01    2.873017E-01    2.873787E-01    2.874354E-01
    2.875828E-01    2.876419E-01    2.877951E-01    2.879672E-01    2.884374E-01
    2.885530E-01    2.886000E-01    2.886971E-01    2.887362E-01    2.888178E-01
    2.901974E-01    2.902310E-01    2.934227E-01    2.936053E-01    2.936679E-01
    2.948139E-01    2.948751E-01    2.949134E-01    2.954910E-01    2.955387E-01
    2.955818E-01    2.956302E-01    2.974080E-01    2.974265E-01    2.978254E-01
    2.979930E-01    2.980044E-01    2.981863E-01    2.981951E-01    2.982014E-01
    2.986863E-01    2.989406E-01    2.997979E-01    3.013547E-01    3.014398E-01
    3.015665E-01    3.017420E-01    3.025165E-01    3.025355E-01    3.025686E-01
    3.026262E-01    3.032771E-01    3.036433E-01    3.036673E-01    3.036996E-01
    3.037196E-01    3.041292E-01    3.046134E-01    3.046301E-01    3.048276E-01
    3.048611E-01    3.049614E-01    3.051740E-01    3.052844E-01    3.060373E-01
    3.062721E-01    3.065126E-01    3.067251E-01    3.072820E-01    3.083217E-01
    3.083847E-01    3.085481E-01    3.086063E-01    3.093086E-01    3.093690E-01
    3.093750E-01    3.093804E-01    3.094500E-01    3.095030E-01    3.095365E-01
    3.096086E-01    3.096683E-01    3.098305E-01    3.098337E-01    3.100372E-01
    3.110986E-01    3.111053E-01    3.111248E-01    3.111449E-01    3.124031E-01
    3.124222E-01    3.126400E-01    3.132139E-01    3.132929E-01    3.134326E-01
    3.163175E-01    3.165548E-01    3.167011E-01    3.167161E-01    3.173537E-01
    3.174815E-01    3.194473E-01    3.198310E-01    3.206567E-01    3.235572E-01
    3.235827E-01    3.236877E-01    3.236885E-01    3.238034E-01    3.239013E-01
    3.239634E-01    3.240075E-01    3.245628E-01    3.245933E-01    3.263728E-01
    3.264517E-01    3.271738E-01    3.284075E-01    3.287843E-01    3.314323E-01
    3.314556E-01    3.324856E-01    3.325179E-01    3.327131E-01    3.333147E-01
           0           4           0           1
  -28.010499495533246               13
3.88968995E+01  1.543E-01  5.098E-02  1.709E-01  1.385E-02  6.794E-02  9.668E-02
                1.130E-02  6.887E-05  1.050E-03  7.901E-04  1.351E-04  4.029E-02
                1.127E-04  2.852E-03  4.148E-04
5.25048995E+01  6.349E-02  2.059E-02  6.720E-02  5.717E-03  2.794E-02  5.707E-02
                6.730E-03  2.808E-05  5.701E-04  3.290E-04  5.228E-05  2.650E-02
                4.747E-05  1.434E-03  2.087E-04  1.536E-05  2.265E-05  1.983E-05
                1.428E-05  2.297E-05  1.073E-05  7.233E-07  2.877E-05  6.284E-06
                2.195E-05  3.728E-05  3.256E-05  1.671E-05  4.319E-05  4.461E-05
                2.273E-05  2.006E-06  1.955E-04  5.247E-05  7.095E-06  3.850E-05
                4.554E-08  5.185E-06  2.050E-05  5.984E-05  1.715E-04  8.951E-06
                6.022E-05  1.042E-05  1.473E-05  1.699E-05  1.412E-05  3.167E-05
                1.733E-04  7.378E-06  3.220E-05  2.129E-05  1.657E-05  6.765E-06
                3.832E-05  1.075E-05  1.785E-05  1.077E-04  8.755E-05  3.680E-05
                2.221E-05  2.505E-07  3.542E-07  3.987E-08  2.039E-05  6.719E-05
                1.406E-05  4.962E-06  1.326E-05  3.000E-05  5.329E-05  2.099E-05
                1.579E-05  7.674E-06  8.647E-06  5.389E-06  2.120E-05  1.536E-05
                5.809E-06  1.254E-06  1.047E-05  2.718E-05  4.025E-05  1.373E-05
                2.563E-05  1.340E-04  3.193E-07  1.511E-06  2.517E-06  1.439E-06
                2.392E-07  9.884E-07  7.166E-06  1.111E-05  4.873E-06  2.515E-06
                7.147E-06  1.384E-05  1.949E-05  4.490E-05  7.767E-06  1.484E-05
                5.253E-06  8.180E-06  1.047E-05  3.889E-06  3.318E-05  7.476E-06
                1.760E-06  4.049E-06  4.290E-05  2.182E-05  5.598E-05  1.424E-05
                2.038E-04  4.657E-06  2.480E-05  6.611E-06  8.384E-07  1.180E-05
                2.448E-05  1.920E-05  1.473E-04  4.486E-05  4.823E-05  2.740E-05
                1.026E-05  3.526E-06  1.945E-05  1.271E-04  1.957E-05  1.677E-05
                1.022E-05  2.698E-06  3.581E-06  5.634E-06  1.110E-05
6.61128995E+01  3.273E-02  1.051E-02  3.429E-02  2.916E-03  1.428E-02  3.757E-02
                4.403E-03  1.578E-05  3.635E-04  1.963E-04  2.221E-05  1.788E-02
                2.234E-05  7.891E-04  1.145E-04  7.594E-06  1.218E-05  1.136E-05
                8.682E-06  1.413E-05  8.957E-06  5.035E-07  1.179E-05  1.938E-06
                4.442E-06  5.307E-06  3.952E-06  8.297E-06  2.234E-05  2.350E-05
                8.798E-06  1.733E-06  7.325E-05  2.146E-05  2.358E-06  1.553E-05
                7.022E-09  1.404E-06  8.460E-06  2.395E-05  6.960E-05  3.815E-06
                2.817E-05  4.234E-07  8.626E-07  1.549E-06  3.678E-06  6.568E-06
                9.608E-05  4.782E-07  4.759E-06  2.915E-06  8.862E-07  5.820E-07
                1.524E-05  4.978E-06  2.205E-06  3.975E-05  2.671E-05  1.442E-05
                9.109E-06  1.352E-08  2.156E-08  2.134E-09  2.099E-06  1.812E-05
                6.478E-07  1.094E-07  4.296E-06  1.415E-05  2.798E-05  1.555E-05
                6.230E-06  2.808E-06  8.800E-07  2.137E-06  5.598E-06  2.631E-06
                1.731E-06  2.573E-07  6.202E-06  1.729E-05  7.077E-06  1.470E-06
                1.752E-05  7.850E-05  8.503E-10  4.528E-09  9.498E-09  1.088E-08
                3.849E-09  5.659E-07  3.403E-06  6.846E-06  8.509E-07  2.668E-07
                2.536E-06  7.338E-06  6.106E-06  3.464E-05  9.647E-08  5.464E-07
                1.084E-06  2.264E-06  1.288E-06  3.383E-07  5.664E-07  1.489E-06
                2.572E-07  3.182E-06  1.930E-05  4.979E-06  9.063E-06  1.304E-07
                1.069E-04  3.016E-06  2.375E-06  1.592E-06  9.464E-08  7.279E-07
                1.754E-06  1.592E-06  4.446E-05  1.829E-06  1.883E-06  1.507E-05
                2.275E-06  7.740E-07  9.440E-06  5.744E-05  3.739E-06  9.596E-06
                9.442E-06  5.489E-07  1.399E-06  2.742E-06  4.220E-06  3.314E-07
                1.241E-06  3.226E-06  7.639E-06  1.132E-06  2.854E-07  1.381E-06
                5.606E-06  2.141E-05  9.363E-07  2.667E-06  1.053E-05  6.679E-06
                1.330E-06  2.364E-05  1.023E-05  1.301E-06  2.350E-06  6.348E-07
                1.190E-05  3.911E-06  9.782E-07  6.595E-06  2.532E-06  5.863E-07
                2.644E-06  3.815E-06  8.653E-06  3.658E-05  2.334E-06  1.707E-06
                8.262E-07  2.904E-07  9.262E-07  6.420E-07  1.142E-06  3.651E-06
                1.891E-06  1.065E-06  2.813E-06  6.851E-06  1.781E-05  1.036E-06
                1.264E-06  2.741E-06  2.519E-06  3.433E-06  5.296E-06  1.191E-06
                2.408E-07  1.199E-06  1.199E-05  1.954E-06  3.213E-06  3.859E-05
                3.729E-07  2.129E-07  4.500E-06  9.476E-06  1.771E-05  4.052E-06
                5.239E-06  5.049E-06  3.886E-07  6.533E-07  9.076E-07  5.551E-07
                4.421E-06  1.392E-06  2.421E-06  2.877E-06  1.249E-05  1.558E-07
                2.831E-07  1.061E-06  3.032E-07  1.076E-05  1.393E-06
7.97208995E+01  1.862E-02  5.957E-03  1.946E-02  1.649E-03  8.091E-03  2.619E-02
                3.067E-03  8.554E-06  2.505E-04  1.215E-04  1.149E-05  1.284E-02
                1.261E-05  4.718E-04  6.840E-05  4.215E-06  6.884E-06  6.691E-06
                5.102E-06  8.784E-06  6.183E-06  3.490E-07  5.906E-06  1.204E-06
                2.672E-06  3.134E-06  2.082E-06  4.836E-06  1.235E-05  1.332E-05
                4.902E-06  1.183E-06  3.305E-05  1.121E-05  1.349E-06  8.335E-06
                4.903E-09  7.196E-07  4.235E-06  1.197E-05  3.487E-05  1.909E-06
                1.445E-05  2.229E-07  4.085E-07  6.841E-07  1.598E-06  4.340E-06
                5.584E-05  2.337E-07  2.297E-06  1.766E-06  4.302E-07  2.688E-07
                7.678E-06  2.509E-06  1.191E-06  2.006E-05  1.344E-05  7.562E-06
                4.644E-06  8.152E-09  1.425E-08  1.479E-09  8.454E-07  6.873E-06
                4.043E-07  1.610E-07  2.529E-06  8.434E-06  1.589E-05  1.179E-05
                4.455E-06  1.913E-06  4.376E-07  1.077E-06  2.409E-06  1.007E-06
                1.149E-06  1.568E-07  4.230E-06  1.175E-05  3.147E-06  7.581E-07
                1.088E-05  4.856E-05  4.259E-10  2.500E-09  5.832E-09  6.555E-09
                1.706E-09  3.967E-07  2.345E-06  4.826E-06  5.606E-07  1.457E-07
                1.818E-06  5.279E-06  3.833E-06  2.176E-05  5.752E-08  2.858E-07
                7.040E-07  1.476E-06  2.657E-07  1.084E-07  3.644E-07  9.371E-07
                1.439E-07  1.925E-06  1.265E-05  3.276E-06  5.549E-06  8.665E-08
                6.669E-05  2.120E-06  1.604E-06  1.042E-06  6.256E-08  4.875E-07
                1.169E-06  1.095E-06  2.807E-05  1.238E-06  1.316E-06  9.849E-06
                1.447E-06  4.844E-07  6.021E-06  3.659E-05  2.539E-06  6.583E-06
                6.310E-06  2.668E-07  6.539E-07  1.236E-06  1.754E-06  1.573E-07
                5.648E-07  1.458E-06  3.465E-06  7.401E-07  1.645E-07  8.099E-07
                3.268E-06  1.271E-05  4.900E-07  1.002E-06  4.026E-06  4.472E-06
                8.622E-07  1.406E-05  6.189E-06  7.596E-07  1.334E-06  3.364E-07
                7.920E-06  1.947E-06  4.848E-07  3.570E-06  1.201E-06  3.547E-07
                1.409E-06  2.441E-06  5.544E-06  2.194E-05  1.099E-06  8.498E-07
                4.093E-07  1.459E-07  5.768E-07  3.144E-07  5.579E-07  2.298E-06
                1.031E-06  5.301E-07  1.545E-06  4.055E-06  1.077E-05  6.125E-07
                7.593E-07  1.208E-06  1.180E-06  1.457E-06  2.304E-06  7.495E-07
                1.119E-07  7.691E-07  8.276E-06  1.082E-06  2.240E-06  2.785E-05
                2.465E-07  1.220E-07  1.946E-06  4.424E-06  8.765E-06  1.695E-06
                2.262E-06  2.412E-06  1.272E-07  1.915E-07  5.269E-07  2.612E-07
                3.529E-06  1.128E-06  1.925E-06  1.618E-06  7.783E-06  1.109E-07
                2.009E-07  6.340E-07  1.555E-07  7.095E-06  7.256E-07
9.33288995E+01  1.144E-02  3.664E-03  1.196E-02  1.015E-03  4.979E-03  1.896E-02
                2.220E-03  5.326E-06  1.802E-04  8.126E-05  6.470E-06  9.444E-03
                7.623E-06  2.986E-04  4.325E-05  2.365E-06  3.927E-06  4.014E-06
                2.968E-06  5.481E-06  4.104E-06  2.356E-07  3.598E-06  8.718E-07
                1.867E-06  2.175E-06  1.396E-06  2.963E-06  7.457E-06  8.137E-06
                3.051E-06  7.825E-07  1.758E-05  6.531E-06  8.389E-07  4.975E-06
                3.163E-09  4.065E-07  2.340E-06  6.799E-06  1.972E-05  1.080E-06
                8.324E-06  1.513E-07  2.414E-07  3.652E-07  8.107E-07  3.593E-06
                3.484E-05  1.310E-07  1.410E-06  1.356E-06  2.366E-07  1.504E-07
                4.355E-06  1.424E-06  7.555E-07  1.303E-05  7.815E-06  4.364E-06
                2.657E-06  5.320E-09  1.029E-08  1.032E-09  4.440E-07  3.371E-06
                2.625E-07  1.549E-07  1.571E-06  5.267E-06  9.697E-06  8.777E-06
                3.281E-06  1.381E-06  2.484E-07  6.457E-07  1.320E-06  4.959E-07
                8.021E-07  1.064E-07  2.977E-06  8.249E-06  1.723E-06  4.520E-07
                7.151E-06  3.199E-05  2.802E-10  1.692E-09  3.900E-09  4.217E-09
                9.689E-10  2.787E-07  1.674E-06  3.435E-06  4.084E-07  9.649E-08
                1.392E-06  4.124E-06  2.549E-06  1.441E-05  4.280E-08  2.018E-07
                5.294E-07  1.117E-06  1.144E-07  6.571E-08  2.652E-07  6.790E-07
                9.403E-08  1.389E-06  8.905E-06  2.312E-06  3.716E-06  5.908E-08
                4.470E-05  1.523E-06  1.135E-06  7.568E-07  4.820E-08  3.644E-07
                8.684E-07  8.555E-07  1.872E-05  9.297E-07  9.886E-07  6.484E-06
                9.455E-07  3.447E-07  4.134E-06  2.499E-05  1.820E-06  4.745E-06
                4.416E-06  1.461E-07  3.564E-07  6.716E-07  9.182E-07  8.658E-08
                2.990E-07  7.642E-07  1.813E-06  4.848E-07  9.814E-08  5.217E-07
                2.190E-06  8.786E-06  2.913E-07  4.207E-07  1.690E-06  2.960E-06
                5.685E-07  9.654E-06  4.240E-06  5.084E-07  8.316E-07  1.982E-07
                5.636E-06  1.107E-06  2.695E-07  2.133E-06  6.793E-07  2.545E-07
                9.272E-07  1.695E-06  3.824E-06  1.434E-05  6.035E-07  4.964E-07
                2.375E-07  8.491E-08  3.972E-07  1.991E-07  3.462E-07  1.614E-06
                6.682E-07  3.180E-07  1.006E-06  2.772E-06  7.432E-06  4.100E-07
                5.485E-07  6.719E-07  6.658E-07  7.913E-07  1.222E-06  4.565E-07
                7.448E-08  4.741E-07  5.891E-06  7.168E-07  1.586E-06  2.041E-05
                1.912E-07  8.370E-08  9.477E-07  2.356E-06  4.936E-06  7.821E-07
                1.099E-06  1.262E-06  4.833E-08  6.982E-08  3.048E-07  1.445E-07
                2.734E-06  8.689E-07  1.477E-06  1.065E-06  5.562E-06  6.658E-08
                1.201E-07  4.706E-07  1.039E-07  5.290E-06  5.052E-07
1.06936899E+02  7.377E-03  2.359E-03  7.712E-03  6.519E-04  3.202E-03  1.413E-02
                1.654E-03  3.407E-06  1.339E-04  5.667E-05  3.952E-06  7.187E-03
                4.834E-06  1.980E-04  2.869E-05  1.428E-06  2.406E-06  2.596E-06
                1.827E-06  3.588E-06  2.721E-06  1.607E-07  2.422E-06  7.475E-07
                1.519E-06  1.749E-06  1.130E-06  1.862E-06  4.704E-06  5.166E-06
                2.129E-06  5.151E-07  1.010E-05  4.097E-06  5.373E-07  3.125E-06
                2.127E-09  2.442E-07  1.378E-06  4.089E-06  1.169E-05  6.435E-07
                5.063E-06  1.129E-07  1.618E-07  2.214E-07  4.543E-07  2.944E-06
                2.273E-05  7.615E-08  9.511E-07  1.066E-06  1.359E-07  9.001E-08
                2.592E-06  8.481E-07  5.154E-07  9.191E-06  4.935E-06  2.714E-06
                1.638E-06  3.881E-09  7.989E-09  7.217E-10  2.650E-07  1.846E-06
                1.802E-07  1.294E-07  1.051E-06  3.527E-06  6.333E-06  6.563E-06
                2.549E-06  1.093E-06  1.500E-07  4.111E-07  7.950E-07  2.712E-07
                5.604E-07  7.448E-08  2.081E-06  5.752E-06  1.039E-06  2.911E-07
                4.812E-06  2.154E-05  1.949E-10  1.205E-09  2.749E-09  2.883E-09
                6.252E-10  1.937E-07  1.169E-06  2.407E-06  3.134E-07  7.151E-08
                1.089E-06  3.246E-06  1.718E-06  9.712E-06  3.247E-08  1.512E-07
                4.010E-07  8.463E-07  7.902E-08  4.690E-08  1.960E-07  5.051E-07
                6.828E-08  1.041E-06  6.655E-06  1.733E-06  2.590E-06  4.188E-08
                3.111E-05  1.132E-06  8.260E-07  5.696E-07  3.731E-08  2.726E-07
                6.472E-07  6.541E-07  1.255E-05  7.224E-07  7.675E-07  4.422E-06
                6.385E-07  2.532E-07  2.946E-06  1.772E-05  1.349E-06  3.536E-06
                3.047E-06  9.500E-08  2.293E-07  4.278E-07  5.623E-07  5.635E-08
                1.884E-07  4.773E-07  1.133E-06  3.356E-07  6.283E-08  3.564E-07
                1.543E-06  6.333E-06  1.835E-07  2.428E-07  9.649E-07  2.025E-06
                3.859E-07  6.937E-06  3.039E-06  3.602E-07  5.522E-07  1.243E-07
                4.079E-06  6.857E-07  1.610E-07  1.374E-06  4.374E-07  1.927E-07
                6.749E-07  1.225E-06  2.750E-06  1.006E-05  3.777E-07  3.288E-07
                1.588E-07  5.668E-08  2.903E-07  1.366E-07  2.346E-07  1.211E-06
                4.644E-07  2.193E-07  7.158E-07  1.998E-06  5.341E-06  2.922E-07
                4.218E-07  4.438E-07  4.145E-07  5.147E-07  7.751E-07  2.930E-07
                6.162E-08  3.085E-07  4.329E-06  5.205E-07  1.161E-06  1.518E-05
                1.495E-07  6.049E-08  5.502E-07  1.436E-06  3.102E-06  4.453E-07
                6.412E-07  7.632E-07  2.523E-08  3.871E-08  1.896E-07  8.983E-08
                2.093E-06  6.603E-07  1.104E-06  7.513E-07  4.118E-06  4.294E-08
                7.947E-08  3.514E-07  7.074E-08  4.000E-06  3.763E-07
1.20544899E+02  5.043E-03  1.619E-03  5.286E-03  4.487E-04  2.203E-03  1.095E-02
                1.282E-03  2.286E-06  1.031E-04  4.142E-05  2.438E-06  5.603E-03
                3.201E-06  1.406E-04  2.037E-05  8.689E-07  1.481E-06  1.725E-06
                1.106E-06  2.374E-06  1.774E-06  1.102E-07  1.621E-06  6.448E-07
                1.251E-06  1.419E-06  9.342E-07  1.172E-06  3.008E-06  3.288E-06
                1.558E-06  3.358E-07  6.469E-06  2.725E-06  3.499E-07  2.055E-06
                1.341E-09  1.522E-07  8.427E-07  2.712E-06  7.658E-06  4.226E-07
                3.369E-06  1.065E-07  1.381E-07  1.678E-07  2.926E-07  2.530E-06
                1.581E-05  4.664E-08  6.963E-07  8.900E-07  8.340E-08  6.070E-08
                1.694E-06  5.449E-07  3.768E-07  6.948E-06  3.220E-06  1.698E-06
                1.043E-06  2.603E-09  6.090E-09  4.955E-10  1.818E-07  1.140E-06
                1.223E-07  1.040E-07  7.024E-07  2.351E-06  4.138E-06  4.946E-06
                1.832E-06  7.600E-07  9.591E-08  2.659E-07  5.154E-07  1.657E-07
                3.809E-07  5.137E-08  1.402E-06  3.870E-06  6.647E-07  1.926E-07
                3.438E-06  1.540E-05  1.438E-10  8.917E-10  1.999E-09  2.018E-09
                4.166E-10  1.294E-07  7.993E-07  1.648E-06  2.475E-07  5.612E-08
                8.665E-07  2.596E-06  1.238E-06  6.998E-06  2.417E-08  1.124E-07
                2.959E-07  6.268E-07  6.664E-08  3.446E-08  1.356E-07  3.540E-07
                4.833E-08  7.413E-07  4.389E-06  1.149E-06  1.983E-06  2.953E-08
                2.386E-05  8.320E-07  6.115E-07  4.250E-07  2.751E-08  1.951E-07
                4.714E-07  4.822E-07  8.909E-06  5.116E-07  5.478E-07  3.119E-06
                4.519E-07  1.849E-07  2.284E-06  1.381E-05  9.148E-07  2.398E-06
                2.105E-06  6.173E-08  1.485E-07  2.763E-07  3.503E-07  3.818E-08
                1.219E-07  3.048E-07  7.219E-07  2.338E-07  4.363E-08  2.598E-07
                1.150E-06  4.792E-06  1.266E-07  1.407E-07  5.478E-07  1.437E-06
                2.765E-07  5.229E-06  2.286E-06  2.680E-07  3.967E-07  8.234E-08
                3.116E-06  4.601E-07  1.032E-07  8.736E-07  2.822E-07  1.409E-07
                5.093E-07  8.024E-07  1.920E-06  7.640E-06  2.404E-07  2.215E-07
                1.067E-07  3.790E-08  1.947E-07  1.003E-07  1.705E-07  8.287E-07
                3.439E-07  1.483E-07  5.164E-07  1.492E-06  4.024E-06  2.245E-07
                3.376E-07  2.829E-07  2.674E-07  3.294E-07  4.910E-07  1.898E-07
                5.061E-08  2.054E-07  3.396E-06  3.557E-07  9.033E-07  1.199E-05
                1.162E-07  4.418E-08  3.245E-07  9.098E-07  2.051E-06  2.511E-07
                3.754E-07  4.740E-07  1.433E-08  3.133E-08  1.235E-07  6.039E-08
                1.653E-06  5.178E-07  8.625E-07  5.569E-07  3.182E-06  2.787E-08
                5.104E-08  2.711E-07  4.868E-08  3.135E-06  2.891E-07
1.34152899E+02  3.495E-03  1.119E-03  3.659E-03  3.093E-04  1.521E-03  8.503E-03
                9.949E-04  1.579E-06  8.021E-05  3.088E-05  1.633E-06  4.436E-03
                2.173E-06  9.838E-05  1.426E-05  5.423E-07  9.436E-07  1.221E-06
                7.009E-07  1.674E-06  1.222E-06  7.966E-08  1.241E-06  4.853E-07
                9.360E-07  1.070E-06  7.329E-07  7.638E-07  2.020E-06  2.211E-06
                1.104E-06  2.293E-07  4.399E-06  1.865E-06  2.335E-07  1.403E-06
                9.410E-10  9.864E-08  5.419E-07  1.831E-06  5.099E-06  2.813E-07
                2.271E-06  8.880E-08  1.100E-07  1.251E-07  1.931E-07  2.097E-06
                1.113E-05  2.988E-08  5.207E-07  7.274E-07  5.171E-08  4.337E-08
                1.116E-06  3.565E-07  2.805E-07  5.330E-06  2.227E-06  1.142E-06
                6.911E-07  2.080E-09  5.060E-09  3.523E-10  1.287E-07  7.201E-07
                8.803E-08  7.686E-08  4.978E-07  1.670E-06  2.898E-06  3.742E-06
                1.462E-06  6.259E-07  6.651E-08  1.876E-07  3.513E-07  1.031E-07
                2.825E-07  3.865E-08  1.037E-06  2.857E-06  4.475E-07  1.344E-07
                2.461E-06  1.103E-05  1.071E-10  6.732E-10  1.500E-09  1.485E-09
                2.896E-10  9.462E-08  5.887E-07  1.211E-06  1.999E-07  4.628E-08
                6.953E-07  2.081E-06  8.876E-07  5.002E-06  1.883E-08  8.823E-08
                2.284E-07  4.842E-07  6.015E-08  2.909E-08  1.057E-07  2.749E-07
                3.600E-08  5.798E-07  3.511E-06  9.237E-07  1.448E-06  2.284E-08
                1.735E-05  6.307E-07  4.608E-07  3.308E-07  2.124E-08  1.478E-07
                3.567E-07  3.689E-07  6.351E-06  4.124E-07  4.418E-07  2.229E-06
                3.219E-07  1.363E-07  1.686E-06  1.019E-05  7.211E-07  1.904E-06
                1.544E-06  4.510E-08  1.076E-07  1.985E-07  2.433E-07  2.763E-08
                8.794E-08  2.199E-07  5.230E-07  1.685E-07  3.083E-08  1.929E-07
                8.709E-07  3.683E-06  8.635E-08  1.081E-07  4.161E-07  1.030E-06
                1.976E-07  4.016E-06  1.750E-06  2.043E-07  2.901E-07  5.618E-08
                2.373E-06  3.154E-07  6.782E-08  6.058E-07  2.023E-07  1.125E-07
                4.032E-07  6.333E-07  1.479E-06  5.727E-06  1.666E-07  1.621E-07
                7.903E-08  2.787E-08  1.601E-07  7.506E-08  1.275E-07  7.047E-07
                2.600E-07  1.126E-07  3.966E-07  1.148E-06  3.086E-06  1.673E-07
                2.600E-07  2.120E-07  1.843E-07  2.460E-07  3.602E-07  1.302E-07
                4.618E-08  1.440E-07  2.563E-06  2.951E-07  6.789E-07  9.038E-06
                9.131E-08  3.372E-08  2.312E-07  6.443E-07  1.457E-06  1.842E-07
                2.723E-07  3.381E-07  1.139E-08  2.702E-08  8.206E-08  4.159E-08
                1.308E-06  4.068E-07  6.620E-07  4.209E-07  2.469E-06  1.985E-08
                3.754E-08  2.117E-07  3.597E-08  2.461E-06  2.278E-07
1.47760899E+02  2.593E-03  8.351E-04  2.725E-03  2.320E-04  1.140E-03  6.867E-03
                8.033E-04  1.201E-06  6.430E-05  2.400E-05  1.079E-06  3.563E-03
                1.523E-06  7.444E-05  1.078E-05  3.759E-07  6.562E-07  9.317E-07
                4.594E-07  1.213E-06  8.142E-07  5.773E-08  8.505E-07  4.558E-07
                8.425E-07  9.439E-07  6.578E-07  4.894E-07  1.334E-06  1.440E-06
                9.011E-07  1.526E-07  3.198E-06  1.370E-06  1.568E-07  9.756E-07
                5.779E-10  6.521E-08  3.501E-07  1.367E-06  3.771E-06  2.063E-07
                1.668E-06  8.640E-08  1.038E-07  1.117E-07  1.482E-07  1.814E-06
                8.311E-06  2.051E-08  4.155E-07  6.226E-07  3.631E-08  3.359E-08
                8.114E-07  2.514E-07  2.204E-07  4.300E-06  1.573E-06  7.601E-07
                4.748E-07  1.435E-09  3.989E-09  2.440E-10  1.024E-07  5.184E-07
                6.261E-08  6.023E-08  3.530E-07  1.178E-06  2.008E-06  2.911E-06
                1.049E-06  4.272E-07  4.609E-08  1.300E-07  2.526E-07  7.270E-08
                1.871E-07  2.646E-08  6.762E-07  1.861E-06  3.148E-07  9.560E-08
                1.851E-06  8.260E-06  8.339E-11  5.219E-10  1.138E-09  1.080E-09
                2.075E-10  6.133E-08  3.903E-07  8.137E-07  1.635E-07  3.795E-08
                5.701E-07  1.708E-06  6.689E-07  3.790E-06  1.383E-08  6.602E-08
                1.670E-07  3.556E-07  5.681E-08  2.210E-08  7.121E-08  1.892E-07
                2.604E-08  4.095E-07  2.196E-06  5.826E-07  1.201E-06  1.688E-08
                1.449E-05  4.737E-07  3.516E-07  2.496E-07  1.554E-08  1.043E-07
                2.599E-07  2.661E-07  4.622E-06  2.771E-07  3.018E-07  1.668E-06
                2.406E-07  9.782E-08  1.407E-06  8.611E-06  4.674E-07  1.228E-06
                1.042E-06  3.144E-08  7.505E-08  1.383E-07  1.641E-07  2.017E-08
                6.218E-08  1.541E-07  3.660E-07  1.229E-07  2.326E-08  1.497E-07
                6.838E-07  2.916E-06  6.630E-08  7.443E-08  2.805E-07  7.788E-07
                1.503E-07  3.169E-06  1.379E-06  1.600E-07  2.252E-07  4.029E-08
                1.878E-06  2.348E-07  4.732E-08  4.075E-07  1.402E-07  8.296E-08
                3.180E-07  3.928E-07  1.041E-06  4.725E-06  1.121E-07  1.156E-07
                5.594E-08  1.952E-08  1.029E-07  5.854E-08  9.921E-08  4.619E-07
                2.042E-07  8.043E-08  3.008E-07  8.973E-07  2.431E-06  1.389E-07
                2.139E-07  1.438E-07  1.273E-07  1.683E-07  2.462E-07  8.915E-08
                3.844E-08  1.017E-07  2.142E-06  1.977E-07  5.631E-07  7.555E-06
                6.911E-08  2.438E-08  1.509E-07  4.449E-07  1.042E-06  1.163E-07
                1.765E-07  2.292E-07  8.647E-09  2.729E-08  5.783E-08  3.146E-08
                1.056E-06  3.266E-07  5.298E-07  3.233E-07  1.961E-06  1.403E-08
                2.631E-08  1.687E-07  2.628E-08  1.978E-06  1.792E-07
1.61368899E+02  1.851E-03  5.947E-04  1.944E-03  1.649E-04  8.116E-04  5.594E-03
                6.543E-04  7.342E-07  5.264E-05  1.868E-05  7.535E-07  2.983E-03
                1.091E-06  5.582E-05  8.098E-06  2.566E-07  4.563E-07  7.361E-07
                3.111E-07  9.277E-07  5.694E-07  4.399E-08  6.799E-07  3.327E-07
                6.166E-07  6.988E-07  5.080E-07  3.237E-07  9.213E-07  1.004E-06
                6.484E-07  1.053E-07  2.277E-06  9.802E-07  1.045E-07  6.807E-07
                4.339E-10  4.460E-08  2.413E-07  9.536E-07  2.608E-06  1.410E-07
                1.153E-06  7.252E-08  8.534E-08  8.850E-08  1.055E-07  1.531E-06
                5.981E-06  1.411E-08  3.294E-07  5.231E-07  2.483E-08  2.426E-08
                5.510E-07  1.696E-07  1.717E-07  3.456E-06  1.143E-06  5.332E-07
                3.245E-07  1.230E-09  3.412E-09  1.838E-10  7.656E-08  3.390E-07
                4.568E-08  4.321E-08  2.561E-07  8.539E-07  1.438E-06  2.214E-06
                8.624E-07  3.714E-07  3.415E-08  9.240E-08  1.762E-07  4.621E-08
                1.435E-07  2.070E-08  5.184E-07  1.424E-06  2.176E-07  6.777E-08
                1.336E-06  5.966E-06  6.334E-11  3.999E-10  8.678E-10  8.134E-10
                1.501E-10  4.621E-08  2.935E-07  6.129E-07  1.308E-07  3.044E-08
                4.555E-07  1.364E-06  4.808E-07  2.722E-06  1.088E-08  5.308E-08
                1.299E-07  2.748E-07  5.511E-08  2.017E-08  5.768E-08  1.514E-07
                2.000E-08  3.292E-07  1.891E-06  5.039E-07  8.902E-07  1.315E-08
                1.070E-05  3.590E-07  2.702E-07  1.966E-07  1.227E-08  8.089E-08
                1.999E-07  2.054E-07  3.334E-06  2.335E-07  2.555E-07  1.221E-06
                1.743E-07  7.349E-08  1.053E-06  6.444E-06  3.917E-07  1.038E-06
                7.850E-07  2.430E-08  5.755E-08  1.052E-07  1.218E-07  1.516E-08
                4.765E-08  1.189E-07  2.842E-07  8.992E-08  1.724E-08  1.144E-07
                5.277E-07  2.269E-06  4.670E-08  6.326E-08  2.396E-07  5.709E-07
                1.090E-07  2.453E-06  1.064E-06  1.232E-07  1.729E-07  2.885E-08
                1.441E-06  1.675E-07  3.229E-08  2.941E-07  1.040E-07  6.676E-08
                2.581E-07  3.257E-07  8.271E-07  3.647E-06  8.153E-08  8.802E-08
                4.315E-08  1.495E-08  9.072E-08  4.491E-08  7.595E-08  4.207E-07
                1.564E-07  6.315E-08  2.356E-07  6.983E-07  1.884E-06  1.060E-07
                1.635E-07  1.136E-07  9.158E-08  1.309E-07  1.887E-07  6.395E-08
                3.546E-08  7.467E-08  1.653E-06  1.750E-07  4.318E-07  5.792E-06
                5.366E-08  1.889E-08  1.190E-07  3.347E-07  7.747E-07  9.718E-08
                1.430E-07  1.761E-07  6.984E-09  1.992E-08  3.957E-08  2.315E-08
                8.450E-07  2.595E-07  4.119E-07  2.500E-07  1.551E-06  1.042E-08
                1.994E-08  1.348E-07  2.047E-08  1.575E-06  1.428E-07
1.74976899E+02  1.477E-03  4.742E-04  1.547E-03  1.316E-04  6.468E-04  4.438E-03
                5.192E-04  7.466E-07  4.161E-05  1.492E-05  5.277E-07  2.340E-03
                7.758E-07  4.034E-05  5.835E-06  1.945E-07  3.466E-07  6.160E-07
                2.172E-07  7.342E-07  4.055E-07  3.465E-08  4.894E-07  2.569E-07
                4.710E-07  5.313E-07  3.992E-07  2.130E-07  6.336E-07  6.684E-07
                4.868E-07  7.506E-08  1.908E-06  7.458E-07  7.394E-08  5.119E-07
                2.607E-10  3.030E-08  1.623E-07  7.895E-07  2.154E-06  1.157E-07
                9.381E-07  6.956E-08  8.127E-08  8.318E-08  9.151E-08  1.354E-06
                4.827E-06  1.162E-08  2.778E-07  4.610E-07  2.039E-08  2.252E-08
                4.448E-07  1.321E-07  1.444E-07  2.921E-06  8.668E-07  3.751E-07
                2.421E-07  8.312E-10  2.765E-09  1.273E-10  6.484E-08  2.678E-07
                3.483E-08  3.414E-08  1.933E-07  6.450E-07  1.078E-06  1.745E-06
                6.053E-07  2.385E-07  2.652E-08  7.091E-08  1.385E-07  3.535E-08
                9.615E-08  1.405E-08  3.405E-07  9.365E-07  1.654E-07  5.222E-08
                1.088E-06  4.826E-06  5.029E-11  3.160E-10  6.763E-10  6.135E-10
                1.022E-10  3.047E-08  2.013E-07  4.236E-07  1.132E-07  2.917E-08
                3.769E-07  1.113E-06  3.935E-07  2.231E-06  8.265E-09  4.169E-08
                9.784E-08  2.091E-07  5.405E-08  1.656E-08  3.972E-08  1.074E-07
                1.484E-08  2.422E-07  1.115E-06  2.996E-07  7.553E-07  1.008E-08
                9.111E-06  2.905E-07  2.066E-07  1.517E-07  9.013E-09  5.748E-08
                1.486E-07  1.505E-07  2.607E-06  1.501E-07  1.679E-07  9.597E-07
                1.393E-07  5.084E-08  8.925E-07  5.545E-06  2.424E-07  6.368E-07
                5.508E-07  1.584E-08  3.791E-08  6.998E-08  7.802E-08  1.058E-08
                3.181E-08  7.822E-08  1.862E-07  7.193E-08  1.328E-08  9.094E-08
                4.237E-07  1.832E-06  3.667E-08  4.679E-08  1.686E-07  4.529E-07
                8.809E-08  1.983E-06  8.603E-07  9.911E-08  1.377E-07  2.173E-08
                1.177E-06  1.313E-07  2.418E-08  2.055E-07  7.758E-08  5.170E-08
                2.160E-07  2.033E-07  5.982E-07  3.087E-06  5.298E-08  6.194E-08
                2.953E-08  9.961E-09  5.695E-08  3.577E-08  6.080E-08  2.670E-07
                1.272E-07  4.417E-08  1.795E-07  5.553E-07  1.521E-06  8.862E-08
                1.367E-07  7.820E-08  6.606E-08  9.383E-08  1.379E-07  4.453E-08
                2.836E-08  5.335E-08  1.366E-06  1.176E-07  3.590E-07  4.772E-06
                4.146E-08  1.391E-08  7.737E-08  2.393E-07  5.778E-07  5.988E-08
                9.059E-08  1.209E-07  7.175E-09  2.793E-08  2.999E-08  1.845E-08
                6.826E-07  2.087E-07  3.286E-07  1.921E-07  1.228E-06  8.055E-09
                1.605E-08  1.077E-07  1.527E-08  1.260E-06  1.125E-07
1.88584899E+02  1.105E-03  3.588E-04  1.168E-03  1.005E-04  4.941E-04  4.011E-03
                4.691E-04  3.906E-07  3.747E-05  1.252E-05  3.742E-07  2.145E-03
                6.207E-07  3.616E-05  5.248E-06  1.563E-07  2.770E-07  5.225E-07
                1.656E-07  5.868E-07  2.705E-07  2.647E-08  3.584E-07  3.009E-07
                5.304E-07  5.854E-07  4.313E-07  1.375E-07  4.282E-07  4.662E-07
                4.925E-07  4.910E-08  1.240E-06  6.045E-07  4.725E-08  3.363E-07
                1.902E-10  2.226E-08  1.150E-07  5.613E-07  1.512E-06  7.806E-08
                6.308E-07  5.714E-08  6.563E-08  6.496E-08  6.548E-08  1.152E-06
                3.396E-06  7.738E-09  2.284E-07  3.911E-07  1.493E-08  1.435E-08
                3.004E-07  8.836E-08  1.113E-07  2.421E-06  6.361E-07  2.571E-07
                1.622E-07  7.572E-10  2.356E-09  9.877E-11  5.127E-08  1.918E-07
                2.391E-08  2.412E-08  1.347E-07  4.426E-07  7.274E-07  1.395E-06
                5.266E-07  2.266E-07  1.876E-08  4.781E-08  9.885E-08  2.468E-08
                6.917E-08  1.121E-08  2.428E-07  6.610E-07  1.152E-07  3.583E-08
                7.412E-07  3.263E-06  3.976E-11  2.480E-10  5.167E-10  4.505E-10
                8.672E-11  2.099E-08  1.343E-07  2.960E-07  8.615E-08  1.855E-08
                3.103E-07  9.378E-07  2.624E-07  1.512E-06  6.175E-09  3.196E-08
                7.258E-08  1.522E-07  4.828E-08  1.429E-08  3.031E-08  8.055E-08
                1.149E-08  1.816E-07  9.935E-07  2.698E-07  6.040E-07  8.434E-09
                7.324E-06  2.133E-07  1.699E-07  1.207E-07  7.030E-09  4.424E-08
                1.137E-07  1.119E-07  1.710E-06  1.285E-07  1.459E-07  7.084E-07
                9.787E-08  4.053E-08  7.232E-07  4.497E-06  2.110E-07  5.573E-07
                3.682E-07  1.412E-08  3.326E-08  6.056E-08  6.705E-08  8.799E-09
                2.797E-08  7.022E-08  1.686E-07  5.099E-08  1.086E-08  7.282E-08
                3.367E-07  1.460E-06  3.168E-08  3.653E-08  1.391E-07  3.377E-07
                6.300E-08  1.551E-06  6.707E-07  7.723E-08  1.184E-07  1.730E-08
                9.029E-07  1.084E-07  1.735E-08  1.537E-07  5.540E-08  3.892E-08
                1.701E-07  1.537E-07  4.704E-07  2.538E-06  4.311E-08  5.090E-08
                2.494E-08  8.516E-09  4.959E-08  2.848E-08  4.805E-08  2.426E-07
                9.836E-08  3.713E-08  1.461E-07  4.417E-07  1.192E-06  7.352E-08
                1.067E-07  6.350E-08  4.804E-08  7.067E-08  9.951E-08  3.479E-08
                2.594E-08  4.313E-08  1.163E-06  9.994E-08  2.994E-07  4.049E-06
                3.078E-08  1.047E-08  6.550E-08  1.847E-07  4.386E-07  5.401E-08
                8.022E-08  9.800E-08  3.936E-09  1.209E-08  2.077E-08  1.450E-08
                5.666E-07  1.721E-07  2.686E-07  1.545E-07  1.013E-06  6.024E-09
                1.129E-08  8.965E-08  1.266E-08  1.050E-06  9.171E-08
2.02192899E+02  8.037E-04  2.577E-04  8.386E-04  7.094E-05  3.497E-04  3.017E-03
                3.529E-04  3.138E-07  2.867E-05  9.599E-06  2.609E-07  1.668E-03
                4.157E-07  2.273E-05  3.298E-06  1.045E-07  1.944E-07  4.580E-07
                1.100E-07  5.115E-07  2.192E-07  2.391E-08  3.162E-07  9.397E-08
                1.818E-07  2.179E-07  1.953E-07  9.578E-08  3.168E-07  3.371E-07
                2.056E-07  3.958E-08  1.107E-06  3.879E-07  3.327E-08  2.668E-07
                1.442E-10  1.535E-08  8.933E-08  4.098E-07  1.108E-06  5.893E-08
                4.862E-07  5.293E-08  6.002E-08  5.863E-08  5.503E-08  1.089E-06
                2.622E-06  7.031E-09  2.030E-07  3.685E-07  1.258E-08  1.400E-08
                2.228E-07  6.567E-08  9.958E-08  2.171E-06  5.075E-07  1.882E-07
                1.218E-07  5.422E-10  2.069E-09  7.298E-11  3.838E-08  1.208E-07
                1.922E-08  1.748E-08  1.058E-07  3.521E-07  5.756E-07  1.010E-06
                3.690E-07  1.481E-07  1.694E-08  3.705E-08  7.277E-08  1.425E-08
                5.732E-08  8.364E-09  2.026E-07  5.586E-07  8.191E-08  2.746E-08
                6.108E-07  2.714E-06  2.970E-11  1.883E-10  4.021E-10  3.589E-10
                4.783E-11  1.777E-08  1.194E-07  2.453E-07  7.889E-08  2.366E-08
                2.406E-07  6.879E-07  2.212E-07  1.241E-06  5.137E-09  2.845E-08
                5.916E-08  1.259E-07  5.715E-08  1.527E-08  2.508E-08  6.718E-08
                9.445E-09  1.546E-07  6.930E-07  1.875E-07  4.327E-07  5.584E-09
                5.196E-06  1.862E-07  1.192E-07  9.357E-08  5.508E-09  3.386E-08
                8.800E-08  8.891E-08  1.508E-06  9.429E-08  1.101E-07  5.266E-07
                7.816E-08  2.760E-08  5.211E-07  3.250E-06  1.477E-07  3.917E-07
                3.361E-07  8.058E-09  1.934E-08  3.587E-08  3.794E-08  5.480E-09
                1.637E-08  4.011E-08  9.596E-08  4.538E-08  7.468E-09  5.412E-08
                2.554E-07  1.114E-06  1.795E-08  3.684E-08  1.288E-07  2.488E-07
                4.900E-08  1.194E-06  5.164E-07  5.906E-08  8.551E-08  1.207E-08
                7.217E-07  6.924E-08  1.225E-08  1.107E-07  4.727E-08  3.320E-08
                1.509E-07  1.250E-07  3.615E-07  1.912E-06  2.529E-08  3.364E-08
                1.590E-08  5.106E-09  3.766E-08  2.140E-08  3.626E-08  1.830E-07
                7.626E-08  2.425E-08  1.050E-07  3.326E-07  9.182E-07  5.317E-08
                8.413E-08  4.829E-08  3.638E-08  5.877E-08  8.869E-08  2.299E-08
                2.096E-08  2.873E-08  8.202E-07  8.220E-08  2.169E-07  2.820E-06
                2.481E-08  8.278E-09  4.468E-08  1.350E-07  3.256E-07  3.721E-08
                5.302E-08  6.805E-08  5.889E-09  2.316E-08  1.556E-08  1.096E-08
                4.336E-07  1.305E-07  1.986E-07  1.132E-07  7.580E-07  4.751E-09
                1.013E-08  6.855E-08  9.227E-09  7.857E-07  7.007E-08
