          16           7
         215          13           1           1
           0          -4           0          -4           0          -6           0          -2           0          -4           0           6           0           4           0           2           0           4           0           6           0           2           0           4           0           2           0          -4           0          -2           0           2           0           4           0           6           0           2           0           4           0           6           0           4           0          -2           0          -2           0          -4           0          -6           0          -8           0          -2           0          -4           0          -6           0          -4           0           2           0          -4           0          -6           0          -2           0          -4           0          -6           0          -6           0          -8           0          -4           0          -6           0          -2           0          -4           0           4           0           6           0           8           0          10           0           4           0          -4           0           2           0           6           0           4           0           8           0           2           0          -4           0          -2           0           6           0           6           0           4           0           2           0           8           0           4           0           6           0           8           0           4           0           6           0           8           0          10           0           4           0           6           0           8           0           6           0           4           0           2           0           6           0           2           0           4           0           2           0          -4           0          -2           0          -6           0          -8           0           6           0           4           0          -4           0          -6           0          -2           0          -4           0          -6           0          -8           0         -10           0          -2           0          -4           0          -6           0          -4           0          -2           0          -6           0          -8           0          -2           0          -4           0           2           0           4           0           6           0           8           0           4           0           4           0           6           0           8           0           2           0          10           0           8           0           6           0           4           0           2           0           6           0           6           0           4           0           4           0           2           0           4           0           6           0           8           0          -4           0           2           0           4           0          -6           0          -4           0           2           0           4           0           6           0           4           0           6           0          -2           0          -4           0          -6           0          -8           0         -10           0          -6           0          -8           0         -10           0         -12           0           2           0          -2           0          -4           0          -6           0          -8           0          -2           0          -8           0         -10           0          -4           0          -2           0          -6           0          -4           0          -2           0          -4           0          -2           0          -4           0          -6           0          -4           0          -8           0          -6           0           2           0           4           0           2           0           4           0           6           0         -10           0          -8           0          -6           0          -4           0           6           0          -2           0          -4           0           8           0          -6           0          -2           0          -4           0          -6           0          -8           0           4           0           6           0          -4           0          -6           0          -6           0          -8           0          -2           0           2           0          -4           0           4           0           6           0           4           0           4           0           2           0           2           0          -4           0          -6           0          -8           0          -2           0          -4           0          -6           0          -8           0         -10           0          -8           0          -6           0          -4           0          -2           0          -2           0          -4           0          -6           0          -6           0          -8           0          -4           0          -2           0          -6           0          -4
    0.000000E+00    9.645106E-03    9.843162E-03    1.435602E-02    1.458263E-02
    4.247197E-02    4.320385E-02    4.360158E-02    5.944295E-02    5.948713E-02
    6.922989E-02    7.316769E-02    7.411300E-02    1.134727E-01    1.147319E-01
    2.354040E-01    2.358931E-01    2.366026E-01    2.382857E-01    2.391328E-01
    2.438023E-01    2.438287E-01    2.461520E-01    2.471700E-01    2.474363E-01
    2.479076E-01    2.485433E-01    2.486026E-01    2.487216E-01    2.491410E-01
    2.502551E-01    2.507374E-01    2.510783E-01    2.511300E-01    2.524691E-01
    2.524772E-01    2.554279E-01    2.561102E-01    2.563381E-01    2.591442E-01
    2.591854E-01    2.609226E-01    2.615363E-01    2.619649E-01    2.622131E-01
    2.625883E-01    2.631076E-01    2.632646E-01    2.633261E-01    2.634365E-01
    2.637297E-01    2.638533E-01    2.640096E-01    2.643758E-01    2.644930E-01
    2.645338E-01    2.648466E-01    2.652759E-01    2.655531E-01    2.656939E-01
    2.657640E-01    2.676748E-01    2.677713E-01    2.679166E-01    2.688115E-01
    2.690337E-01    2.711118E-01    2.712141E-01    2.720014E-01    2.721113E-01
    2.724223E-01    2.724984E-01    2.725578E-01    2.726085E-01    2.727219E-01
    2.737570E-01    2.740430E-01    2.746587E-01    2.763855E-01    2.763956E-01
    2.763957E-01    2.764682E-01    2.789238E-01    2.791446E-01    2.808157E-01
    2.808428E-01    2.816082E-01    2.816156E-01    2.816277E-01    2.816445E-01
    2.816660E-01    2.832213E-01    2.832636E-01    2.833497E-01    2.872720E-01
    2.872722E-01    2.872783E-01    2.873017E-01    2.873787E-01    2.874354E-01
    2.875828E-01    2.876419E-01    2.877951E-01    2.879672E-01    2.884374E-01
    2.885530E-01    2.886000E-01    2.886971E-01    2.887362E-01    2.888178E-01
    2.901974E-01    2.902310E-01    2.934227E-01    2.936053E-01    2.936679E-01
    2.948139E-01    2.948751E-01    2.949134E-01    2.954910E-01    2.955387E-01
    2.955818E-01    2.956302E-01    2.974080E-01    2.974265E-01    2.978254E-01
    2.979930E-01    2.980044E-01    2.981863E-01    2.981951E-01    2.982014E-01
    2.986863E-01    2.989406E-01    2.997979E-01    3.013547E-01    3.014398E-01
    3.015665E-01    3.017420E-01    3.025165E-01    3.025355E-01    3.025686E-01
    3.026262E-01    3.032771E-01    3.036433E-01    3.036673E-01    3.036996E-01
    3.037196E-01    3.041292E-01    3.046134E-01    3.046301E-01    3.048276E-01
    3.048611E-01    3.049614E-01    3.051740E-01    3.052844E-01    3.060373E-01
    3.062721E-01    3.065126E-01    3.067251E-01    3.072820E-01    3.083217E-01
    3.083847E-01    3.085481E-01    3.086063E-01    3.093086E-01    3.093690E-01
    3.093750E-01    3.093804E-01    3.094500E-01    3.095030E-01    3.095365E-01
    3.096086E-01    3.096683E-01    3.098305E-01    3.098337E-01    3.100372E-01
    3.110986E-01    3.111053E-01    3.111248E-01    3.111449E-01    3.124031E-01
    3.124222E-01    3.126400E-01    3.132139E-01    3.132929E-01    3.134326E-01
    3.163175E-01    3.165548E-01    3.167011E-01    3.167161E-01    3.173537E-01
    3.174815E-01    3.194473E-01    3.198310E-01    3.206567E-01    3.235572E-01
    3.235827E-01    3.236877E-01    3.236885E-01    3.238034E-01    3.239013E-01
    3.239634E-01    3.240075E-01    3.245628E-01    3.245933E-01    3.263728E-01
    3.264517E-01    3.271738E-01    3.284075E-01    3.287843E-01    3.314323E-01
    3.314556E-01    3.324856E-01    3.325179E-01    3.327131E-01    3.333147E-01
           0           4           0           1
  -28.010499495533246               13
3.03918995E+01  6.894E-01  2.903E-01  2.665E-01  1.088E+00  7.818E-01
4.39998995E+01  1.041E-01  3.498E-02  1.099E-01  8.613E-03  4.612E-02  7.107E-02
                8.461E-03  6.600E-05  7.794E-04  5.026E-04  9.428E-05  2.855E-02
                8.691E-05  1.800E-03  2.482E-04
5.76078995E+01  4.891E-02  1.575E-02  5.143E-02  4.382E-03  2.145E-02  4.849E-02
                5.685E-03  2.328E-05  4.725E-04  2.749E-04  3.469E-05  2.253E-02
                3.326E-05  1.148E-03  1.666E-04  1.140E-05  1.738E-05  1.536E-05
                1.138E-05  1.363E-05  3.912E-06  6.069E-07  2.041E-05  2.967E-06
                6.818E-06  8.264E-06  6.801E-06  1.248E-05  3.571E-05  3.790E-05
                1.377E-05  2.006E-06  1.298E-04  3.563E-05  3.249E-06  2.390E-05
                8.868E-09  2.456E-06  1.518E-05  4.004E-05  1.242E-04  6.365E-06
                4.527E-05  7.051E-07  1.468E-06  2.655E-06  6.182E-06  1.272E-05
                1.375E-04  8.921E-07  9.396E-06  5.565E-06  1.820E-06  1.044E-06
                2.532E-05  8.368E-06  3.688E-06  7.735E-05  4.609E-05  2.291E-05
                1.424E-05  1.923E-08  2.980E-08  2.961E-09  4.377E-06  3.843E-05
                9.022E-07  7.111E-08  6.277E-06  2.000E-05  4.101E-05  1.900E-05
                8.826E-06  4.208E-06  1.680E-06  3.769E-06  1.123E-05  5.437E-06
                2.493E-06  4.041E-07  8.763E-06  2.463E-05  1.300E-05  2.342E-06
                2.375E-05  1.077E-04  1.265E-09  6.287E-09  1.400E-08  1.546E-08
                5.460E-09  7.613E-07  4.577E-06  8.811E-06  1.290E-06  5.030E-07
                3.210E-06  8.537E-06  8.416E-06  4.707E-05  1.797E-07  1.138E-06
                1.737E-06  3.516E-06  4.138E-06  9.658E-07  8.098E-07  2.205E-06
                4.071E-07  4.934E-06  2.775E-05  7.274E-06  1.298E-05  1.520E-07
                1.521E-04  4.280E-06  3.428E-06  2.394E-06  1.227E-07  9.783E-07
                2.402E-06  2.150E-06  6.626E-05  2.912E-06  3.031E-06  1.952E-05
                3.198E-06  1.333E-06  1.347E-05  8.038E-05  5.438E-06  1.473E-05
                1.225E-05  8.659E-07  2.170E-06  4.208E-06  6.517E-06  5.003E-07
                1.865E-06  4.833E-06  1.141E-05  1.634E-06  5.213E-07  2.296E-06
                8.736E-06  3.152E-05  1.456E-06  5.337E-06  2.073E-05  7.702E-06
                1.602E-06  3.551E-05  1.561E-05  2.089E-06  3.705E-06  1.001E-06
                1.710E-05  6.556E-06  1.687E-06  9.587E-06  4.238E-06  1.033E-06
                5.002E-06  5.826E-06  1.281E-05  5.527E-05  4.217E-06  2.878E-06
                1.381E-06  4.668E-07  1.423E-06  1.060E-06  1.969E-06  5.590E-06
                3.233E-06  1.640E-06  4.157E-06  9.733E-06  2.487E-05  1.405E-06
                1.873E-06  4.361E-06  4.170E-06  6.034E-06  9.551E-06  1.895E-06
                4.659E-07  1.971E-06  1.600E-05  3.249E-06  4.271E-06  5.024E-05
                6.298E-07  4.156E-07  8.010E-06  1.687E-05  3.136E-05  7.344E-06
                9.044E-06  9.163E-06  8.886E-07  1.884E-06  1.440E-06  8.728E-07
                4.418E-06  1.459E-06  2.377E-06  4.422E-06  1.902E-05  3.162E-07
                6.835E-07  1.074E-06  2.631E-07  1.199E-05  1.885E-06
7.12158995E+01  2.624E-02  8.417E-03  2.747E-02  2.335E-03  1.144E-02  3.265E-02
                3.825E-03  1.243E-05  3.142E-04  1.627E-04  1.701E-05  1.570E-02
                1.791E-05  6.440E-04  9.334E-05  5.984E-06  9.676E-06  9.188E-06
                7.045E-06  1.177E-05  7.884E-06  4.402E-07  8.974E-06  1.530E-06
                3.515E-06  4.188E-06  2.972E-06  6.761E-06  1.774E-05  1.889E-05
                6.892E-06  1.514E-06  5.365E-05  1.661E-05  1.884E-06  1.217E-05
                6.281E-09  1.082E-06  6.468E-06  1.827E-05  5.329E-05  2.918E-06
                2.166E-05  3.104E-07  6.182E-07  1.093E-06  2.601E-06  5.331E-06
                7.748E-05  3.590E-07  3.488E-06  2.295E-06  6.626E-07  4.280E-07
                1.164E-05  3.798E-06  1.695E-06  2.949E-05  2.017E-05  1.115E-05
                6.915E-06  1.114E-08  1.842E-08  1.855E-09  1.446E-06  1.218E-05
                5.458E-07  1.341E-07  3.521E-06  1.167E-05  2.253E-05  1.421E-05
                5.532E-06  2.442E-06  6.732E-07  1.638E-06  3.975E-06  1.771E-06
                1.511E-06  2.159E-07  5.482E-06  1.526E-05  5.078E-06  1.127E-06
                1.456E-05  6.513E-05  6.034E-10  3.408E-09  7.951E-09  9.132E-09
                2.603E-09  5.119E-07  3.013E-06  6.098E-06  7.280E-07  2.124E-07
                2.221E-06  6.318E-06  5.130E-06  2.901E-05  7.601E-08  4.078E-07
                9.028E-07  1.885E-06  6.533E-07  2.017E-07  4.720E-07  1.223E-06
                1.989E-07  2.538E-06  1.663E-05  4.299E-06  7.427E-06  1.152E-07
                8.874E-05  2.571E-06  2.057E-06  1.338E-06  7.565E-08  6.038E-07
                1.457E-06  1.333E-06  3.755E-05  1.578E-06  1.678E-06  1.281E-05
                1.918E-06  6.446E-07  7.891E-06  4.795E-05  3.278E-06  8.500E-06
                8.193E-06  4.174E-07  1.027E-06  1.950E-06  2.832E-06  2.449E-07
                8.981E-07  2.329E-06  5.535E-06  9.543E-07  2.417E-07  1.140E-06
                4.501E-06  1.712E-05  7.226E-07  1.863E-06  7.431E-06  5.809E-06
                1.135E-06  1.921E-05  8.449E-06  1.063E-06  1.889E-06  4.882E-07
                1.024E-05  2.955E-06  7.396E-07  5.138E-06  1.866E-06  4.869E-07
                2.060E-06  3.291E-06  7.397E-06  3.006E-05  1.753E-06  1.304E-06
                6.325E-07  2.235E-07  7.873E-07  4.607E-07  8.328E-07  3.126E-06
                1.485E-06  8.047E-07  2.202E-06  5.528E-06  1.452E-05  8.232E-07
                9.927E-07  1.921E-06  1.815E-06  2.393E-06  3.826E-06  1.050E-06
                1.708E-07  1.083E-06  1.042E-05  1.547E-06  2.805E-06  3.408E-05
                3.047E-07  1.690E-07  3.321E-06  7.158E-06  1.364E-05  2.997E-06
                3.864E-06  3.941E-06  2.623E-07  4.340E-07  7.480E-07  3.908E-07
                4.170E-06  1.345E-06  2.277E-06  2.278E-06  1.026E-05  1.591E-07
                2.951E-07  7.773E-07  1.988E-07  8.907E-06  1.005E-06
8.48238995E+01  1.537E-02  4.918E-03  1.607E-02  1.361E-03  6.676E-03  2.302E-02
                2.696E-03  7.279E-06  2.199E-04  1.041E-04  9.320E-06  1.137E-02
                1.039E-05  3.914E-04  5.671E-05  3.421E-06  5.626E-06  5.561E-06
                4.211E-06  7.422E-06  5.379E-06  3.042E-07  4.917E-06  1.074E-06
                2.349E-06  2.750E-06  1.795E-06  4.035E-06  1.022E-05  1.110E-05
                4.097E-06  1.025E-06  2.575E-05  9.109E-06  1.128E-06  6.826E-06
                4.195E-09  5.788E-07  3.376E-06  9.562E-06  2.782E-05  1.522E-06
                1.160E-05  1.799E-07  3.188E-07  5.215E-07  1.216E-06  3.989E-06
                4.623E-05  1.869E-07  1.894E-06  1.574E-06  3.411E-07  2.111E-07
                6.131E-06  2.009E-06  9.966E-07  1.691E-05  1.104E-05  6.239E-06
                3.792E-06  7.141E-09  1.275E-08  1.301E-09  6.529E-07  5.194E-06
                3.507E-07  1.621E-07  2.155E-06  7.203E-06  1.343E-05  1.057E-05
                4.036E-06  1.735E-06  3.524E-07  8.995E-07  1.914E-06  7.632E-07
                1.012E-06  1.359E-07  3.746E-06  1.039E-05  2.508E-06  6.289E-07
                9.202E-06  4.108E-05  3.598E-10  2.144E-09  4.990E-09  5.541E-09
                1.384E-09  3.522E-07  2.081E-06  4.283E-06  4.942E-07  1.222E-07
                1.645E-06  4.820E-06  3.250E-06  1.843E-05  5.111E-08  2.482E-07
                6.339E-07  1.333E-06  1.771E-07  8.522E-08  3.265E-07  8.376E-07
                1.226E-07  1.714E-06  1.129E-05  2.924E-06  4.687E-06  7.541E-08
                5.635E-05  1.860E-06  1.396E-06  9.181E-07  5.767E-08  4.409E-07
                1.049E-06  1.005E-06  2.379E-05  1.119E-06  1.189E-06  8.431E-06
                1.227E-06  4.228E-07  5.139E-06  3.114E-05  2.260E-06  5.874E-06
                5.519E-06  2.149E-07  5.246E-07  9.887E-07  1.381E-06  1.261E-07
                4.481E-07  1.154E-06  2.742E-06  6.283E-07  1.336E-07  6.781E-07
                2.782E-06  1.097E-05  3.992E-07  7.390E-07  2.973E-06  3.842E-06
                7.337E-07  1.212E-05  5.329E-06  6.487E-07  1.099E-06  2.728E-07
                6.879E-06  1.554E-06  3.831E-07  2.969E-06  9.753E-07  3.146E-07
                1.181E-06  2.151E-06  4.827E-06  1.840E-05  8.755E-07  6.942E-07
                3.347E-07  1.194E-07  5.043E-07  2.610E-07  4.603E-07  2.024E-06
                8.656E-07  4.426E-07  1.320E-06  3.504E-06  9.304E-06  5.199E-07
                6.595E-07  9.846E-07  9.468E-07  1.171E-06  1.826E-06  6.237E-07
                9.568E-08  6.410E-07  7.198E-06  9.268E-07  1.944E-06  2.453E-05
                2.196E-07  1.039E-07  1.495E-06  3.480E-06  7.003E-06  1.287E-06
                1.742E-06  1.892E-06  8.964E-08  1.266E-07  4.284E-07  2.095E-07
                3.208E-06  1.023E-06  1.737E-06  1.364E-06  6.793E-06  9.231E-08
                1.683E-07  5.653E-07  1.343E-07  6.327E-06  6.278E-07
9.84318995E+01  9.653E-03  3.089E-03  1.009E-02  8.552E-04  4.198E-03  1.701E-02
                1.991E-03  4.335E-06  1.613E-04  7.047E-05  5.291E-06  8.552E-03
                6.402E-06  2.580E-04  3.739E-05  1.985E-06  3.303E-06  3.422E-06
                2.488E-06  4.659E-06  3.475E-06  2.025E-07  2.994E-06  8.652E-07
                1.787E-06  2.056E-06  1.313E-06  2.465E-06  6.189E-06  6.770E-06
                2.695E-06  6.614E-07  1.394E-05  5.437E-06  7.029E-07  4.123E-06
                2.711E-09  3.327E-07  1.898E-06  5.540E-06  1.598E-05  8.771E-07
                6.832E-06  1.372E-07  2.083E-07  3.016E-07  6.478E-07  3.359E-06
                2.955E-05  1.056E-07  1.206E-06  1.243E-06  1.923E-07  1.204E-07
                3.546E-06  1.159E-06  6.512E-07  1.135E-05  6.486E-06  3.600E-06
                2.198E-06  4.601E-09  9.195E-09  9.031E-10  3.579E-07  2.627E-06
                2.257E-07  1.496E-07  1.339E-06  4.486E-06  8.154E-06  7.865E-06
                2.946E-06  1.240E-06  2.011E-07  5.266E-07  1.062E-06  3.863E-07
                6.830E-07  9.059E-08  2.535E-06  7.016E-06  1.396E-06  3.772E-07
                6.134E-06  2.743E-05  2.414E-10  1.470E-09  3.374E-09  3.604E-09
                8.162E-10  2.368E-07  1.426E-06  2.941E-06  3.639E-07  8.398E-08
                1.254E-06  3.726E-06  2.185E-06  1.238E-05  3.803E-08  1.780E-07
                4.701E-07  9.907E-07  9.584E-08  5.497E-08  2.301E-07  5.937E-07
                8.370E-08  1.221E-06  7.717E-06  2.006E-06  3.264E-06  5.033E-08
                3.930E-05  1.364E-06  1.003E-06  6.735E-07  4.350E-08  3.229E-07
                7.703E-07  7.649E-07  1.600E-05  8.247E-07  8.779E-07  5.612E-06
                8.151E-07  3.059E-07  3.669E-06  2.216E-05  1.579E-06  4.117E-06
                3.760E-06  1.219E-07  2.962E-07  5.562E-07  7.495E-07  7.283E-08
                2.467E-07  6.273E-07  1.487E-06  4.234E-07  8.232E-08  4.467E-07
                1.894E-06  7.656E-06  2.429E-07  3.302E-07  1.322E-06  2.562E-06
                4.912E-07  8.382E-06  3.679E-06  4.386E-07  7.079E-07  1.653E-07
                4.951E-06  9.168E-07  2.207E-07  1.778E-06  5.631E-07  2.231E-07
                8.114E-07  1.437E-06  3.298E-06  1.259E-05  4.966E-07  4.165E-07
                1.996E-07  7.142E-08  3.372E-07  1.703E-07  2.938E-07  1.378E-06
                5.728E-07  2.690E-07  8.661E-07  2.409E-06  6.462E-06  3.635E-07
                5.022E-07  5.564E-07  5.485E-07  6.503E-07  9.975E-07  3.822E-07
                6.775E-08  3.982E-07  5.298E-06  6.086E-07  1.424E-06  1.845E-05
                1.731E-07  7.288E-08  7.476E-07  1.909E-06  4.070E-06  6.064E-07
                8.647E-07  1.016E-06  3.546E-08  5.229E-08  2.559E-07  1.217E-07
                2.449E-06  7.757E-07  1.316E-06  9.241E-07  4.926E-06  5.545E-08
                1.004E-07  4.185E-07  8.845E-08  4.723E-06  4.453E-07
1.12039899E+02  6.379E-03  2.042E-03  6.672E-03  5.648E-04  2.773E-03  1.271E-02
                1.488E-03  3.051E-06  1.203E-04  5.026E-05  3.302E-06  6.473E-03
                4.125E-06  1.704E-04  2.467E-05  1.143E-06  1.943E-06  2.174E-06
                1.483E-06  3.048E-06  2.347E-06  1.402E-07  2.123E-06  6.487E-07
                1.317E-06  1.522E-06  9.919E-07  1.574E-06  4.002E-06  4.386E-06
                1.817E-06  4.444E-07  8.636E-06  3.484E-06  4.601E-07  2.690E-06
                1.791E-09  2.041E-07  1.147E-06  3.512E-06  1.001E-05  5.522E-07
                4.361E-06  1.098E-07  1.505E-07  1.968E-07  3.815E-07  2.792E-06
                1.988E-05  6.369E-08  8.390E-07  9.979E-07  1.120E-07  7.960E-08
                2.215E-06  7.209E-07  4.558E-07  8.228E-06  4.168E-06  2.255E-06
                1.371E-06  3.340E-09  7.251E-09  6.225E-10  2.282E-07  1.528E-06
                1.552E-07  1.185E-07  8.947E-07  3.007E-06  5.378E-06  5.917E-06
                2.264E-06  9.580E-07  1.282E-07  3.536E-07  6.775E-07  2.237E-07
                4.957E-07  6.590E-08  1.837E-06  5.075E-06  8.761E-07  2.490E-07
                4.269E-06  1.913E-05  1.740E-10  1.078E-09  2.450E-09  2.537E-09
                5.242E-10  1.704E-07  1.041E-06  2.134E-06  2.889E-07  6.680E-08
                1.001E-06  2.988E-06  1.535E-06  8.649E-06  2.953E-08  1.366E-07
                3.614E-07  7.649E-07  7.378E-08  4.346E-08  1.742E-07  4.488E-07
                5.933E-08  9.277E-07  5.814E-06  1.517E-06  2.316E-06  3.758E-08
                2.779E-05  1.020E-06  7.403E-07  5.149E-07  3.326E-08  2.423E-07
                5.782E-07  5.888E-07  1.116E-05  6.469E-07  6.881E-07  3.855E-06
                5.599E-07  2.259E-07  2.645E-06  1.591E-05  1.193E-06  3.132E-06
                2.713E-06  7.904E-08  1.908E-07  3.563E-07  4.621E-07  4.750E-08
                1.561E-07  3.936E-07  9.331E-07  2.946E-07  5.450E-08  3.162E-07
                1.383E-06  5.718E-06  1.596E-07  1.897E-07  7.473E-07  1.767E-06
                3.395E-07  6.264E-06  2.741E-06  3.235E-07  4.877E-07  1.064E-07
                3.711E-06  5.894E-07  1.362E-07  1.156E-06  3.694E-07  1.736E-07
                6.082E-07  1.082E-06  2.440E-06  8.941E-06  3.157E-07  2.813E-07
                1.354E-07  4.822E-08  2.589E-07  1.214E-07  2.078E-07  1.091E-06
                4.157E-07  1.876E-07  6.309E-07  1.791E-06  4.816E-06  2.600E-07
                3.848E-07  3.716E-07  3.499E-07  4.326E-07  6.481E-07  2.482E-07
                5.744E-08  2.644E-07  3.888E-06  4.654E-07  1.041E-06  1.368E-05
                1.379E-07  5.460E-08  4.463E-07  1.203E-06  2.645E-06  3.540E-07
                5.184E-07  6.339E-07  2.008E-08  3.618E-08  1.592E-07  7.548E-08
                1.922E-06  6.048E-07  1.007E-06  6.700E-07  3.732E-06  3.652E-08
                6.738E-08  3.193E-07  6.155E-08  3.648E-06  3.409E-07
1.25647899E+02  4.375E-03  1.403E-03  4.586E-03  3.888E-04  1.910E-03  1.002E-02
                1.173E-03  1.878E-06  9.436E-05  3.693E-05  2.067E-06  5.177E-03
                2.770E-06  1.248E-04  1.810E-05  7.516E-07  1.283E-06  1.531E-06
                9.493E-07  2.078E-06  1.514E-06  9.614E-08  1.430E-06  6.396E-07
                1.218E-06  1.375E-06  9.144E-07  9.900E-07  2.561E-06  2.806E-06
                1.437E-06  2.852E-07  5.421E-06  2.374E-06  2.973E-07  1.749E-06
                1.177E-09  1.289E-07  7.077E-07  2.305E-06  6.464E-06  3.558E-07
                2.855E-06  9.690E-08  1.234E-07  1.462E-07  2.451E-07  2.341E-06
                1.372E-05  3.851E-08  6.188E-07  8.185E-07  6.889E-08  5.127E-08
                1.425E-06  4.576E-07  3.315E-07  6.239E-06  2.775E-06  1.450E-06
                8.825E-07  2.408E-09  5.662E-09  4.391E-10  1.572E-07  9.455E-07
                1.068E-07  9.353E-08  6.118E-07  2.044E-06  3.566E-06  4.447E-06
                1.693E-06  7.169E-07  8.093E-08  2.264E-07  4.369E-07  1.370E-07
                3.329E-07  4.550E-08  1.224E-06  3.374E-06  5.638E-07  1.656E-07
                2.987E-06  1.336E-05  1.286E-10  8.014E-10  1.787E-09  1.785E-09
                3.725E-10  1.124E-07  6.915E-07  1.436E-06  2.266E-07  5.061E-08
                7.986E-07  2.397E-06  1.071E-06  6.068E-06  2.172E-08  1.015E-07
                2.664E-07  5.635E-07  6.353E-08  3.132E-08  1.217E-07  3.184E-07
                4.354E-08  6.688E-07  4.029E-06  1.057E-06  1.767E-06  2.639E-08
                2.126E-05  7.387E-07  5.500E-07  3.846E-07  2.496E-08  1.752E-07
                4.226E-07  4.332E-07  7.677E-06  4.702E-07  5.042E-07  2.750E-06
                3.954E-07  1.656E-07  2.049E-06  1.239E-05  8.317E-07  2.184E-06
                1.816E-06  5.625E-08  1.346E-07  2.488E-07  3.111E-07  3.449E-08
                1.103E-07  2.761E-07  6.553E-07  2.040E-07  3.822E-08  2.316E-07
                1.033E-06  4.330E-06  1.089E-07  1.321E-07  5.142E-07  1.269E-06
                2.426E-07  4.716E-06  2.059E-06  2.411E-07  3.497E-07  7.099E-08
                2.792E-06  3.955E-07  8.766E-08  7.634E-07  2.494E-07  1.278E-07
                4.608E-07  7.171E-07  1.721E-06  6.885E-06  2.117E-07  1.988E-07
                9.662E-08  3.425E-08  1.773E-07  8.957E-08  1.522E-07  7.652E-07
                3.080E-07  1.356E-07  4.699E-07  1.351E-06  3.629E-06  2.031E-07
                3.075E-07  2.574E-07  2.328E-07  2.977E-07  4.402E-07  1.651E-07
                4.896E-08  1.797E-07  3.098E-06  3.238E-07  8.206E-07  1.095E-05
                1.050E-07  3.936E-08  2.888E-07  8.016E-07  1.804E-06  2.277E-07
                3.373E-07  4.197E-07  1.298E-08  2.735E-08  1.063E-07  5.280E-08
                1.504E-06  4.699E-07  7.769E-07  4.999E-07  2.884E-06  2.438E-08
                4.531E-08  2.458E-07  4.335E-08  2.851E-06  2.635E-07
1.39255899E+02  3.118E-03  9.989E-04  3.265E-03  2.763E-04  1.358E-03  7.731E-03
                9.045E-04  1.504E-06  7.287E-05  2.799E-05  1.406E-06  4.027E-03
                1.890E-06  8.600E-05  1.245E-05  4.503E-07  7.904E-07  1.077E-06
                5.811E-07  1.472E-06  1.069E-06  7.125E-08  1.102E-06  4.194E-07
                8.102E-07  9.290E-07  6.466E-07  6.506E-07  1.744E-06  1.894E-06
                9.542E-07  2.007E-07  4.005E-06  1.635E-06  2.029E-07  1.243E-06
                7.887E-10  8.411E-08  4.614E-07  1.650E-06  4.584E-06  2.533E-07
                2.047E-06  8.954E-08  1.094E-07  1.217E-07  1.763E-07  1.997E-06
                1.007E-05  2.627E-08  4.773E-07  6.896E-07  4.505E-08  4.079E-08
                9.982E-07  3.153E-07  2.579E-07  4.913E-06  1.949E-06  9.768E-07
                6.000E-07  1.788E-09  4.641E-09  3.049E-10  1.178E-07  6.304E-07
                7.760E-08  7.022E-08  4.361E-07  1.464E-06  2.530E-06  3.394E-06
                1.281E-06  5.342E-07  5.914E-08  1.652E-07  3.109E-07  8.953E-08
                2.484E-07  3.402E-08  9.076E-07  2.502E-06  3.913E-07  1.184E-07
                2.248E-06  1.007E-05  9.720E-11  6.112E-10  1.356E-09  1.327E-09
                2.461E-10  8.278E-08  5.228E-07  1.072E-06  1.878E-07  4.500E-08
                6.446E-07  1.924E-06  8.156E-07  4.588E-06  1.703E-08  8.003E-08
                2.052E-07  4.368E-07  5.989E-08  2.697E-08  9.258E-08  2.421E-07
                3.180E-08  5.150E-07  2.959E-06  7.803E-07  1.334E-06  2.049E-08
                1.599E-05  5.764E-07  4.140E-07  2.989E-07  1.890E-08  1.302E-07
                3.180E-07  3.293E-07  5.773E-06  3.578E-07  3.850E-07  1.998E-06
                2.908E-07  1.199E-07  1.554E-06  9.429E-06  6.173E-07  1.630E-06
                1.378E-06  3.796E-08  9.085E-08  1.680E-07  2.033E-07  2.387E-08
                7.450E-08  1.852E-07  4.396E-07  1.521E-07  2.750E-08  1.751E-07
                7.956E-07  3.379E-06  7.725E-08  9.110E-08  3.451E-07  9.261E-07
                1.792E-07  3.687E-06  1.606E-06  1.869E-07  2.627E-07  4.932E-08
                2.192E-06  2.802E-07  5.920E-08  5.176E-07  1.759E-07  1.017E-07
                3.711E-07  5.447E-07  1.307E-06  5.251E-06  1.406E-07  1.405E-07
                6.797E-08  2.380E-08  1.387E-07  6.836E-08  1.160E-07  6.146E-07
                2.383E-07  9.721E-08  3.544E-07  1.045E-06  2.830E-06  1.532E-07
                2.409E-07  1.803E-07  1.596E-07  2.116E-07  3.105E-07  1.117E-07
                4.340E-08  1.252E-07  2.350E-06  2.606E-07  6.226E-07  8.285E-06
                8.335E-08  3.030E-08  1.926E-07  5.557E-07  1.279E-06  1.502E-07
                2.253E-07  2.881E-07  1.045E-08  2.960E-08  7.128E-08  3.687E-08
                1.209E-06  3.750E-07  6.083E-07  3.798E-07  2.259E-06  1.732E-08
                3.266E-08  1.943E-07  3.176E-08  2.262E-06  2.079E-07
1.52863899E+02  2.292E-03  7.385E-04  2.411E-03  2.054E-04  1.009E-03  6.444E-03
                7.537E-04  9.596E-07  6.034E-05  2.192E-05  9.315E-07  3.374E-03
                1.357E-06  6.879E-05  9.972E-06  3.394E-07  5.914E-07  8.607E-07
                4.062E-07  1.092E-06  6.937E-07  5.111E-08  7.545E-07  4.670E-07
                8.498E-07  9.460E-07  6.622E-07  4.145E-07  1.145E-06  1.242E-06
                8.689E-07  1.293E-07  2.728E-06  1.234E-06  1.333E-07  8.359E-07
                5.100E-10  5.654E-08  3.004E-07  1.189E-06  3.261E-06  1.768E-07
                1.434E-06  7.874E-08  9.373E-08  9.953E-08  1.278E-07  1.690E-06
                7.289E-06  1.732E-08  3.787E-07  5.790E-07  3.110E-08  2.866E-08
                6.952E-07  2.145E-07  1.964E-07  3.940E-06  1.381E-06  6.573E-07
                4.059E-07  1.361E-09  3.741E-09  2.194E-10  9.167E-08  4.452E-07
                5.468E-08  5.319E-08  3.091E-07  1.028E-06  1.740E-06  2.641E-06
                9.800E-07  4.104E-07  3.968E-08  1.116E-07  2.188E-07  6.201E-08
                1.635E-07  2.372E-08  5.892E-07  1.618E-06  2.720E-07  8.289E-08
                1.612E-06  7.180E-06  7.579E-11  4.743E-10  1.026E-09  9.628E-10
                1.916E-10  5.299E-08  3.347E-07  7.063E-07  1.489E-07  3.322E-08
                5.275E-07  1.588E-06  5.784E-07  3.293E-06  1.240E-08  5.977E-08
                1.498E-07  3.178E-07  5.534E-08  2.068E-08  6.405E-08  1.699E-07
                2.349E-08  3.685E-07  2.049E-06  5.453E-07  1.091E-06  1.538E-08
                1.317E-05  4.188E-07  3.209E-07  2.271E-07  1.411E-08  9.385E-08
                2.336E-07  2.382E-07  3.978E-06  2.564E-07  2.805E-07  1.485E-06
                2.117E-07  8.823E-08  1.284E-06  7.869E-06  4.316E-07  1.135E-06
                8.934E-07  2.962E-08  7.029E-08  1.288E-07  1.514E-07  1.865E-08
                5.829E-08  1.452E-07  3.461E-07  1.071E-07  2.103E-08  1.360E-07
                6.228E-07  2.663E-06  5.933E-08  7.111E-08  2.710E-07  6.949E-07
                1.327E-07  2.884E-06  1.253E-06  1.454E-07  2.047E-07  3.564E-08
                1.694E-06  2.087E-07  4.098E-08  3.614E-07  1.246E-07  7.479E-08
                2.901E-07  3.505E-07  9.405E-07  4.347E-06  1.016E-07  1.062E-07
                5.186E-08  1.811E-08  9.524E-08  5.316E-08  9.004E-08  4.341E-07
                1.849E-07  7.493E-08  2.773E-07  8.207E-07  2.213E-06  1.282E-07
                1.947E-07  1.329E-07  1.125E-07  1.532E-07  2.220E-07  7.929E-08
                3.716E-08  9.127E-08  1.994E-06  1.825E-07  5.209E-07  7.028E-06
                6.189E-08  2.171E-08  1.402E-07  4.021E-07  9.354E-07  1.111E-07
                1.664E-07  2.096E-07  7.604E-09  2.208E-08  5.046E-08  2.834E-08
                9.727E-07  3.002E-07  4.840E-07  2.952E-07  1.804E-06  1.253E-08
                2.354E-08  1.553E-07  2.400E-08  1.824E-06  1.649E-07
1.66471899E+02  1.666E-03  5.338E-04  1.745E-03  1.477E-04  7.268E-04  5.062E-03
                5.922E-04  7.366E-07  4.775E-05  1.704E-05  6.661E-07  2.706E-03
                9.524E-07  4.793E-05  6.947E-06  2.179E-07  3.926E-07  6.776E-07
                2.631E-07  8.498E-07  5.150E-07  4.091E-08  6.274E-07  2.528E-07
                4.779E-07  5.500E-07  4.142E-07  2.796E-07  8.114E-07  8.748E-07
                5.224E-07  9.526E-08  2.164E-06  8.570E-07  9.200E-08  6.187E-07
                3.740E-10  3.851E-08  2.112E-07  8.702E-07  2.378E-06  1.293E-07
                1.059E-06  7.188E-08  8.428E-08  8.689E-08  9.980E-08  1.474E-06
                5.493E-06  1.321E-08  3.089E-07  5.027E-07  2.282E-08  2.398E-08
                5.010E-07  1.529E-07  1.621E-07  3.249E-06  1.030E-06  4.687E-07
                2.898E-07  1.075E-09  3.189E-09  1.609E-10  7.075E-08  2.981E-07
                4.149E-08  3.935E-08  2.305E-07  7.714E-07  1.297E-06  2.006E-06
                7.593E-07  3.180E-07  3.188E-08  8.394E-08  1.589E-07  3.995E-08
                1.297E-07  1.846E-08  4.671E-07  1.286E-06  1.938E-07  6.124E-08
                1.245E-06  5.566E-06  5.749E-11  3.641E-10  7.917E-10  7.400E-10
                1.246E-10  4.172E-08  2.698E-07  5.571E-07  1.248E-07  3.138E-08
                4.201E-07  1.245E-06  4.515E-07  2.543E-06  1.001E-08  4.929E-08
                1.186E-07  2.520E-07  5.606E-08  1.947E-08  5.193E-08  1.370E-07
                1.809E-08  3.009E-07  1.617E-06  4.316E-07  8.122E-07  1.177E-08
                9.749E-06  3.369E-07  2.417E-07  1.790E-07  1.106E-08  7.213E-08
                1.802E-07  1.857E-07  3.121E-06  2.046E-07  2.250E-07  1.104E-06
                1.602E-07  6.396E-08  9.605E-07  5.898E-06  3.385E-07  8.972E-07
                7.262E-07  2.016E-08  4.798E-08  8.817E-08  1.006E-07  1.293E-08
                3.984E-08  9.874E-08  2.356E-07  8.411E-08  1.529E-08  1.038E-07
                4.822E-07  2.080E-06  4.060E-08  5.712E-08  2.111E-07  5.168E-07
                1.001E-07  2.254E-06  9.780E-07  1.129E-07  1.559E-07  2.543E-08
                1.336E-06  1.478E-07  2.854E-08  2.554E-07  9.356E-08  6.184E-08
                2.427E-07  2.897E-07  7.442E-07  3.341E-06  6.814E-08  7.610E-08
                3.689E-08  1.261E-08  8.041E-08  4.091E-08  6.927E-08  3.742E-07
                1.439E-07  5.448E-08  2.106E-07  6.360E-07  1.729E-06  9.626E-08
                1.511E-07  9.864E-08  8.079E-08  1.163E-07  1.692E-07  5.501E-08
                3.325E-08  6.484E-08  1.494E-06  1.592E-07  3.923E-07  5.219E-06
                4.931E-08  1.717E-08  1.009E-07  2.936E-07  6.893E-07  8.123E-08
                1.201E-07  1.521E-07  7.218E-09  2.374E-08  3.477E-08  2.070E-08
                7.758E-07  2.376E-07  3.747E-07  2.246E-07  1.410E-06  9.319E-09
                1.805E-08  1.233E-07  1.821E-08  1.436E-06  1.299E-07
1.80079899E+02  1.359E-03  4.394E-04  1.431E-03  1.225E-04  6.016E-04  4.276E-03
                5.001E-04  6.442E-07  3.982E-05  1.399E-05  4.592E-07  2.239E-03
                7.092E-07  3.916E-05  5.665E-06  1.869E-07  3.292E-07  5.831E-07
                1.999E-07  6.712E-07  3.418E-07  3.084E-08  4.135E-07  3.209E-07
                5.697E-07  6.289E-07  4.605E-07  1.789E-07  5.394E-07  5.707E-07
                5.428E-07  6.296E-08  1.630E-06  7.137E-07  6.299E-08  4.366E-07
                2.151E-10  2.686E-08  1.387E-07  7.168E-07  1.940E-06  1.024E-07
                8.253E-07  6.483E-08  7.533E-08  7.641E-08  8.208E-08  1.270E-06
                4.294E-06  1.007E-08  2.582E-07  4.320E-07  1.842E-08  1.956E-08
                3.937E-07  1.157E-07  1.303E-07  2.720E-06  7.704E-07  3.230E-07
                2.103E-07  7.685E-10  2.555E-09  1.129E-10  6.080E-08  2.488E-07
                3.025E-08  3.041E-08  1.688E-07  5.599E-07  9.317E-07  1.628E-06
                5.614E-07  2.239E-07  2.291E-08  6.204E-08  1.253E-07  3.267E-08
                7.946E-08  1.228E-08  2.783E-07  7.617E-07  1.476E-07  4.597E-08
                9.516E-07  4.196E-06  4.676E-11  2.919E-10  6.139E-10  5.428E-10
                9.908E-11  2.464E-08  1.616E-07  3.510E-07  1.024E-07  2.428E-08
                3.549E-07  1.060E-06  3.406E-07  1.951E-06  7.264E-09  3.703E-08
                8.619E-08  1.832E-07  5.027E-08  1.486E-08  3.415E-08  9.278E-08
                1.319E-08  2.110E-07  9.784E-07  2.648E-07  7.240E-07  9.504E-09
                8.775E-06  2.569E-07  1.938E-07  1.386E-07  8.032E-09  5.088E-08
                1.330E-07  1.318E-07  2.204E-06  1.326E-07  1.497E-07  8.685E-07
                1.234E-07  4.595E-08  8.581E-07  5.354E-06  2.145E-07  5.615E-07
                4.440E-07  1.525E-08  3.628E-08  6.663E-08  7.395E-08  9.967E-09
                3.052E-08  7.563E-08  1.805E-07  6.269E-08  1.255E-08  8.472E-08
                3.932E-07  1.700E-06  3.611E-08  4.045E-08  1.487E-07  4.127E-07
                7.900E-08  1.828E-06  7.926E-07  9.128E-08  1.313E-07  2.022E-08
                1.074E-06  1.255E-07  2.178E-08  1.842E-07  6.777E-08  4.566E-08
                1.971E-07  1.678E-07  5.358E-07  2.962E-06  4.914E-08  5.761E-08
                2.766E-08  9.401E-09  4.941E-08  3.314E-08  5.633E-08  2.353E-07
                1.170E-07  4.133E-08  1.671E-07  5.147E-07  1.402E-06  8.548E-08
                1.269E-07  6.999E-08  5.860E-08  8.184E-08  1.189E-07  4.090E-08
                2.652E-08  4.955E-08  1.326E-06  1.018E-07  3.455E-07  4.639E-06
                3.684E-08  1.226E-08  7.043E-08  2.153E-07  5.219E-07  5.453E-08
                8.343E-08  1.100E-07  5.800E-09  2.242E-08  2.683E-08  1.708E-08
                6.376E-07  1.947E-07  3.066E-07  1.776E-07  1.145E-06  7.331E-09
                1.433E-08  1.004E-07  1.419E-08  1.180E-06  1.039E-07
1.93687899E+02  9.530E-04  3.088E-04  1.007E-03  8.632E-05  4.249E-04  3.690E-03
                4.315E-04  2.964E-07  3.473E-05  1.142E-05  3.321E-07  2.014E-03
                5.427E-07  3.156E-05  4.586E-06  1.289E-07  2.342E-07  4.890E-07
                1.393E-07  5.523E-07  2.500E-07  2.540E-08  3.532E-07  2.018E-07
                3.644E-07  4.118E-07  3.186E-07  1.205E-07  3.832E-07  4.214E-07
                3.584E-07  4.512E-08  1.128E-06  5.015E-07  4.039E-08  3.007E-07
                1.834E-10  1.953E-08  1.067E-07  4.766E-07  1.290E-06  6.704E-08
                5.470E-07  5.803E-08  6.637E-08  6.463E-08  6.129E-08  1.120E-06
                2.980E-06  7.114E-09  2.171E-07  3.797E-07  1.379E-08  1.305E-08
                2.575E-07  7.631E-08  1.085E-07  2.308E-06  5.809E-07  2.301E-07
                1.446E-07  7.138E-10  2.265E-09  9.063E-11  4.540E-08  1.547E-07
                2.186E-08  2.121E-08  1.224E-07  4.032E-07  6.593E-07  1.241E-06
                4.849E-07  2.113E-07  1.819E-08  4.234E-08  8.547E-08  1.926E-08
                6.764E-08  1.052E-08  2.401E-07  6.564E-07  9.938E-08  3.183E-08
                6.631E-07  2.939E-06  3.523E-11  2.216E-10  4.665E-10  4.114E-10
                7.087E-11  2.072E-08  1.333E-07  2.857E-07  8.027E-08  1.878E-08
                2.792E-07  8.348E-07  2.367E-07  1.351E-06  5.796E-09  3.047E-08
                6.733E-08  1.410E-07  5.057E-08  1.484E-08  2.937E-08  7.720E-08
                1.080E-08  1.736E-07  9.719E-07  2.633E-07  5.203E-07  7.358E-09
                6.284E-06  1.996E-07  1.511E-07  1.108E-07  6.566E-09  4.108E-08
                1.043E-07  1.038E-07  1.590E-06  1.245E-07  1.417E-07  6.218E-07
                8.693E-08  3.650E-08  6.261E-07  3.881E-06  2.035E-07  5.408E-07
                3.682E-07  1.196E-08  2.823E-08  5.154E-08  5.653E-08  7.517E-09
                2.373E-08  5.941E-08  1.427E-07  4.774E-08  9.431E-09  6.462E-08
                3.003E-07  1.305E-06  2.638E-08  3.495E-08  1.309E-07  2.952E-07
                5.549E-08  1.385E-06  5.984E-07  6.872E-08  1.067E-07  1.528E-08
                8.156E-07  9.232E-08  1.497E-08  1.362E-07  5.068E-08  3.686E-08
                1.601E-07  1.547E-07  4.386E-07  2.239E-06  3.648E-08  4.428E-08
                2.163E-08  7.293E-09  4.970E-08  2.541E-08  4.270E-08  2.436E-07
                8.754E-08  3.241E-08  1.294E-07  3.933E-07  1.065E-06  6.416E-08
                9.566E-08  5.764E-08  4.276E-08  6.478E-08  9.232E-08  3.045E-08
                2.516E-08  3.802E-08  1.013E-06  1.011E-07  2.618E-07  3.507E-06
                2.845E-08  9.820E-09  5.855E-08  1.637E-07  3.872E-07  4.934E-08
                7.194E-08  8.694E-08  3.963E-09  1.214E-08  1.765E-08  1.268E-08
                5.145E-07  1.556E-07  2.408E-07  1.378E-07  9.127E-07  5.332E-09
                1.017E-08  8.171E-08  1.145E-08  9.460E-07  8.308E-08
