2.80104995E+01  4.172E-01
2.83506995E+01  4.604E+00
2.86908995E+01  3.364E-01
2.90310995E+01  1.809E+00
2.93712995E+01  2.947E-01
2.97114995E+01  2.529E-01
3.00516995E+01  2.940E-01
3.03918995E+01  6.894E-01
3.07320995E+01  2.745E-01
3.10722995E+01  2.737E-01
3.14124995E+01  2.521E-01
3.17526995E+01  2.440E-01
3.20928995E+01  2.453E-01
3.24330995E+01  2.348E-01
3.27732995E+01  2.285E-01
3.31134995E+01  2.218E-01
3.34536995E+01  2.164E-01
3.37938995E+01  2.155E-01
3.41340995E+01  2.068E-01
3.44742995E+01  2.014E-01
3.48144995E+01  1.959E-01
3.51546995E+01  1.923E-01
3.54948995E+01  1.862E-01
3.58350995E+01  1.834E-01
3.61752995E+01  1.786E-01
3.65154995E+01  1.735E-01
3.68556995E+01  1.714E-01
3.71958995E+01  1.682E-01
3.75360995E+01  1.652E-01
3.78762995E+01  1.626E-01
3.82164995E+01  1.625E-01
3.85566995E+01  1.269E-01
3.88968995E+01  1.543E-01
3.92370995E+01  1.432E-01
3.95772995E+01  1.292E-01
3.99174995E+01  1.337E-01
4.02576995E+01  1.325E-01
4.05978995E+01  1.312E-01
4.09380995E+01  1.302E-01
4.12782995E+01  1.264E-01
4.16184995E+01  1.118E-01
4.19586995E+01  1.270E-01
4.22988995E+01  1.199E-01
4.26390995E+01  1.180E-01
4.29792995E+01  1.157E-01
4.33194995E+01  1.112E-01
4.36596995E+01  1.120E-01
4.39998995E+01  1.041E-01
4.43400995E+01  1.000E-01
4.46802995E+01  1.019E-01
4.50204995E+01  9.892E-02
4.53606995E+01  9.825E-02
4.57008995E+01  9.751E-02
4.60410995E+01  7.966E-02
4.63812995E+01  9.057E-02
4.67214995E+01  9.047E-02
4.70616995E+01  8.023E-02
4.74018995E+01  8.616E-02
4.77420995E+01  7.973E-02
4.80822995E+01  8.391E-02
4.84224995E+01  8.105E-02
4.87626995E+01  7.511E-02
4.91028995E+01  7.694E-02
4.94430995E+01  7.639E-02
4.97832995E+01  7.396E-02
5.01234995E+01  7.272E-02
5.04636995E+01  7.063E-02
5.08038995E+01  6.984E-02
5.11440995E+01  6.892E-02
5.14842995E+01  6.747E-02
5.18244995E+01  6.606E-02
5.21646995E+01  6.494E-02
5.25048995E+01  6.349E-02
5.28450995E+01  6.166E-02
5.31852995E+01  6.134E-02
5.35254995E+01  6.030E-02
5.38656995E+01  5.927E-02
5.42058995E+01  5.769E-02
5.45460995E+01  5.715E-02
5.48862995E+01  5.615E-02
5.52264995E+01  5.518E-02
5.55666995E+01  5.423E-02
5.59068995E+01  5.329E-02
5.62470995E+01  5.238E-02
5.65872995E+01  5.149E-02
5.69274995E+01  5.062E-02
5.72676995E+01  4.976E-02
5.76078995E+01  4.891E-02
5.79480995E+01  4.811E-02
5.82882995E+01  4.730E-02
5.86284995E+01  4.651E-02
5.89686995E+01  4.573E-02
5.93088995E+01  4.498E-02
5.96490995E+01  4.423E-02
5.99892995E+01  4.351E-02
6.03294995E+01  4.284E-02
6.06696995E+01  4.210E-02
6.10098995E+01  4.142E-02
6.13500995E+01  4.078E-02
6.16902995E+01  4.011E-02
6.20304995E+01  3.946E-02
6.23706995E+01  3.883E-02
6.27108995E+01  3.821E-02
6.30510995E+01  3.761E-02
6.33912995E+01  3.703E-02
6.37314995E+01  3.646E-02
6.40716995E+01  3.589E-02
6.44118995E+01  3.533E-02
6.47520995E+01  3.479E-02
6.50922995E+01  3.426E-02
6.54324995E+01  3.374E-02
6.57726995E+01  3.323E-02
6.61128995E+01  3.273E-02
6.64530995E+01  3.224E-02
6.67932995E+01  3.176E-02
6.71334995E+01  3.128E-02
6.74736995E+01  3.082E-02
6.78138995E+01  3.036E-02
6.81540995E+01  2.992E-02
6.84942995E+01  2.948E-02
6.88344995E+01  2.904E-02
6.91746995E+01  2.862E-02
6.95148995E+01  2.821E-02
6.98550995E+01  2.780E-02
7.01952995E+01  2.740E-02
7.05354995E+01  2.700E-02
7.08756995E+01  2.662E-02
7.12158995E+01  2.624E-02
7.15560995E+01  2.587E-02
7.18962995E+01  2.550E-02
7.22364995E+01  2.514E-02
7.25766995E+01  2.479E-02
7.29168995E+01  2.444E-02
7.32570995E+01  2.410E-02
7.35972995E+01  2.377E-02
7.39374995E+01  2.344E-02
7.42776995E+01  2.312E-02
7.46178995E+01  2.280E-02
7.49580995E+01  2.249E-02
7.52982995E+01  2.218E-02
7.56384995E+01  2.188E-02
7.59786995E+01  2.158E-02
7.63188995E+01  2.129E-02
7.66590995E+01  2.101E-02
7.69992995E+01  2.072E-02
7.73394995E+01  2.044E-02
7.76796995E+01  2.017E-02
7.80198995E+01  1.990E-02
7.83600995E+01  1.964E-02
7.87002995E+01  1.938E-02
7.90404995E+01  1.912E-02
7.93806995E+01  1.887E-02
7.97208995E+01  1.862E-02
8.00610995E+01  1.837E-02
8.04012995E+01  1.813E-02
8.07414995E+01  1.790E-02
8.10816995E+01  1.767E-02
8.14218995E+01  1.744E-02
8.17620995E+01  1.722E-02
8.21022995E+01  1.700E-02
8.24424995E+01  1.678E-02
8.27826995E+01  1.657E-02
8.31228995E+01  1.636E-02
8.34630995E+01  1.616E-02
8.38032995E+01  1.596E-02
8.41434995E+01  1.576E-02
8.44836995E+01  1.556E-02
8.48238995E+01  1.537E-02
8.51640995E+01  1.519E-02
8.55042995E+01  1.500E-02
8.58444995E+01  1.482E-02
8.61846995E+01  1.464E-02
8.65248995E+01  1.447E-02
8.68650995E+01  1.429E-02
8.72052995E+01  1.412E-02
8.75454995E+01  1.396E-02
8.78856995E+01  1.379E-02
8.82258995E+01  1.363E-02
8.85660995E+01  1.347E-02
8.89062995E+01  1.331E-02
8.92464995E+01  1.315E-02
8.95866995E+01  1.300E-02
8.99268995E+01  1.285E-02
9.02670995E+01  1.270E-02
9.06072995E+01  1.255E-02
9.09474995E+01  1.240E-02
9.12876995E+01  1.226E-02
9.16278995E+01  1.212E-02
9.19680995E+01  1.198E-02
9.23082995E+01  1.184E-02
9.26484995E+01  1.170E-02
9.29886995E+01  1.157E-02
9.33288995E+01  1.144E-02
9.36690995E+01  1.131E-02
9.40092995E+01  1.118E-02
9.43494995E+01  1.105E-02
9.46896995E+01  1.093E-02
9.50298995E+01  1.080E-02
9.53700995E+01  1.068E-02
9.57102995E+01  1.056E-02
9.60504995E+01  1.044E-02
9.63906995E+01  1.032E-02
9.67308995E+01  1.021E-02
9.70710995E+01  1.009E-02
9.74112995E+01  9.982E-03
9.77514995E+01  9.871E-03
9.80916995E+01  9.761E-03
9.84318995E+01  9.653E-03
9.87720995E+01  9.545E-03
9.91122995E+01  9.440E-03
9.94524995E+01  9.335E-03
9.97926995E+01  9.232E-03
1.00132899E+02  9.131E-03
1.00473099E+02  9.030E-03
1.00813299E+02  8.931E-03
1.01153499E+02  8.833E-03
1.01493699E+02  8.737E-03
1.01833899E+02  8.642E-03
1.02174099E+02  8.548E-03
1.02514299E+02  8.456E-03
1.02854499E+02  8.365E-03
1.03194699E+02  8.275E-03
1.03534899E+02  8.187E-03
1.03875099E+02  8.100E-03
1.04215299E+02  8.014E-03
1.04555499E+02  7.930E-03
1.04895699E+02  7.847E-03
1.05235899E+02  7.765E-03
1.05576099E+02  7.685E-03
1.05916299E+02  7.606E-03
1.06256499E+02  7.529E-03
1.06596699E+02  7.452E-03
1.06936899E+02  7.377E-03
1.07277099E+02  7.303E-03
1.07617299E+02  7.231E-03
1.07957499E+02  7.159E-03
1.08297699E+02  7.089E-03
1.08637899E+02  7.020E-03
1.08978099E+02  6.952E-03
1.09318299E+02  6.884E-03
1.09658499E+02  6.818E-03
1.09998699E+02  6.753E-03
1.10338899E+02  6.688E-03
1.10679099E+02  6.625E-03
1.11019299E+02  6.562E-03
1.11359499E+02  6.500E-03
1.11699699E+02  6.439E-03
1.12039899E+02  6.379E-03
1.12380099E+02  6.319E-03
1.12720299E+02  6.260E-03
1.13060499E+02  6.202E-03
1.13400699E+02  6.144E-03
1.13740899E+02  6.086E-03
1.14081099E+02  6.030E-03
1.14421299E+02  5.973E-03
1.14761499E+02  5.918E-03
1.15101699E+02  5.863E-03
1.15441899E+02  5.808E-03
1.15782099E+02  5.754E-03
1.16122299E+02  5.700E-03
1.16462499E+02  5.647E-03
1.16802699E+02  5.594E-03
1.17142899E+02  5.542E-03
1.17483099E+02  5.490E-03
1.17823299E+02  5.439E-03
1.18163499E+02  5.388E-03
1.18503699E+02  5.337E-03
1.18843899E+02  5.287E-03
1.19184099E+02  5.237E-03
1.19524299E+02  5.188E-03
1.19864499E+02  5.140E-03
1.20204699E+02  5.091E-03
1.20544899E+02  5.043E-03
1.20885099E+02  4.996E-03
1.21225299E+02  4.949E-03
1.21565499E+02  4.902E-03
1.21905699E+02  4.856E-03
1.22245899E+02  4.810E-03
1.22586099E+02  4.765E-03
1.22926299E+02  4.720E-03
1.23266499E+02  4.675E-03
1.23606699E+02  4.631E-03
1.23946899E+02  4.587E-03
1.24287099E+02  4.544E-03
1.24627299E+02  4.501E-03
1.24967499E+02  4.458E-03
1.25307699E+02  4.416E-03
1.25647899E+02  4.375E-03
1.25988099E+02  4.333E-03
1.26328299E+02  4.293E-03
1.26668499E+02  4.252E-03
1.27008699E+02  4.212E-03
1.27348899E+02  4.173E-03
1.27689099E+02  4.134E-03
1.28029299E+02  4.096E-03
1.28369499E+02  4.058E-03
1.28709699E+02  4.020E-03
1.29049899E+02  3.983E-03
1.29390099E+02  3.947E-03
1.29730299E+02  3.911E-03
1.30070499E+02  3.876E-03
1.30410699E+02  3.841E-03
1.30750899E+02  3.807E-03
1.31091099E+02  3.773E-03
1.31431299E+02  3.740E-03
1.31771499E+02  3.707E-03
1.32111699E+02  3.675E-03
1.32451899E+02  3.644E-03
1.32792099E+02  3.613E-03
1.33132299E+02  3.582E-03
1.33472499E+02  3.553E-03
1.33812699E+02  3.523E-03
1.34152899E+02  3.495E-03
1.34493099E+02  3.466E-03
1.34833299E+02  3.439E-03
1.35173499E+02  3.411E-03
1.35513699E+02  3.385E-03
1.35853899E+02  3.358E-03
1.36194099E+02  3.333E-03
1.36534299E+02  3.307E-03
1.36874499E+02  3.282E-03
1.37214699E+02  3.258E-03
1.37554899E+02  3.234E-03
1.37895099E+02  3.210E-03
1.38235299E+02  3.186E-03
1.38575499E+02  3.163E-03
1.38915699E+02  3.141E-03
1.39255899E+02  3.118E-03
1.39596099E+02  3.096E-03
1.39936299E+02  3.074E-03
1.40276499E+02  3.052E-03
1.40616699E+02  3.030E-03
1.40956899E+02  3.008E-03
1.41297099E+02  2.987E-03
1.41637299E+02  2.966E-03
1.41977499E+02  2.945E-03
1.42317699E+02  2.924E-03
1.42657899E+02  2.903E-03
1.42998099E+02  2.882E-03
1.43338299E+02  2.861E-03
1.43678499E+02  2.840E-03
1.44018699E+02  2.820E-03
1.44358899E+02  2.799E-03
1.44699099E+02  2.778E-03
1.45039299E+02  2.758E-03
1.45379499E+02  2.737E-03
1.45719699E+02  2.717E-03
1.46059899E+02  2.696E-03
1.46400099E+02  2.675E-03
1.46740299E+02  2.655E-03
1.47080499E+02  2.634E-03
1.47420699E+02  2.614E-03
1.47760899E+02  2.593E-03
1.48101099E+02  2.573E-03
1.48441299E+02  2.553E-03
1.48781499E+02  2.532E-03
1.49121699E+02  2.512E-03
1.49461899E+02  2.492E-03
1.49802099E+02  2.471E-03
1.50142299E+02  2.451E-03
1.50482499E+02  2.431E-03
1.50822699E+02  2.411E-03
1.51162899E+02  2.391E-03
1.51503099E+02  2.371E-03
1.51843299E+02  2.351E-03
1.52183499E+02  2.331E-03
1.52523699E+02  2.311E-03
1.52863899E+02  2.292E-03
1.53204099E+02  2.272E-03
1.53544299E+02  2.252E-03
1.53884499E+02  2.233E-03
1.54224699E+02  2.214E-03
1.54564899E+02  2.195E-03
1.54905099E+02  2.176E-03
1.55245299E+02  2.157E-03
1.55585499E+02  2.138E-03
1.55925699E+02  2.120E-03
1.56265899E+02  2.101E-03
1.56606099E+02  2.083E-03
1.56946299E+02  2.065E-03
1.57286499E+02  2.047E-03
1.57626699E+02  2.029E-03
1.57966899E+02  2.012E-03
1.58307099E+02  1.995E-03
1.58647299E+02  1.978E-03
1.58987499E+02  1.961E-03
1.59327699E+02  1.944E-03
1.59667899E+02  1.928E-03
1.60008099E+02  1.912E-03
1.60348299E+02  1.896E-03
1.60688499E+02  1.881E-03
1.61028699E+02  1.866E-03
1.61368899E+02  1.851E-03
1.61709099E+02  1.836E-03
1.62049299E+02  1.822E-03
1.62389499E+02  1.808E-03
1.62729699E+02  1.794E-03
1.63069899E+02  1.781E-03
1.63410099E+02  1.768E-03
1.63750299E+02  1.755E-03
1.64090499E+02  1.743E-03
1.64430699E+02  1.731E-03
1.64770899E+02  1.719E-03
1.65111099E+02  1.708E-03
1.65451299E+02  1.697E-03
1.65791499E+02  1.686E-03
1.66131699E+02  1.676E-03
1.66471899E+02  1.666E-03
1.66812099E+02  1.656E-03
1.67152299E+02  1.646E-03
1.67492499E+02  1.637E-03
1.67832699E+02  1.628E-03
1.68172899E+02  1.620E-03
1.68513099E+02  1.611E-03
1.68853299E+02  1.603E-03
1.69193499E+02  1.595E-03
1.69533699E+02  1.587E-03
1.69873899E+02  1.580E-03
1.70214099E+02  1.572E-03
1.70554299E+02  1.565E-03
1.70894499E+02  1.558E-03
1.71234699E+02  1.551E-03
1.71574899E+02  1.544E-03
1.71915099E+02  1.537E-03
1.72255299E+02  1.530E-03
1.72595499E+02  1.524E-03
1.72935699E+02  1.517E-03
1.73275899E+02  1.510E-03
1.73616099E+02  1.504E-03
1.73956299E+02  1.497E-03
1.74296499E+02  1.490E-03
1.74636699E+02  1.483E-03
1.74976899E+02  1.477E-03
1.75317099E+02  1.470E-03
1.75657299E+02  1.463E-03
1.75997499E+02  1.456E-03
1.76337699E+02  1.448E-03
1.76677899E+02  1.441E-03
1.77018099E+02  1.433E-03
1.77358299E+02  1.426E-03
1.77698499E+02  1.418E-03
1.78038699E+02  1.410E-03
1.78378899E+02  1.402E-03
1.78719099E+02  1.394E-03
1.79059299E+02  1.385E-03
1.79399499E+02  1.377E-03
1.79739699E+02  1.368E-03
1.80079899E+02  1.359E-03
1.80420099E+02  1.350E-03
1.80760299E+02  1.341E-03
1.81100499E+02  1.332E-03
1.81440699E+02  1.323E-03
1.81780899E+02  1.313E-03
1.82121099E+02  1.303E-03
1.82461299E+02  1.294E-03
1.82801499E+02  1.284E-03
1.83141699E+02  1.274E-03
1.83481899E+02  1.264E-03
1.83822099E+02  1.253E-03
1.84162299E+02  1.243E-03
1.84502499E+02  1.233E-03
1.84842699E+02  1.222E-03
1.85182899E+02  1.212E-03
1.85523099E+02  1.201E-03
1.85863299E+02  1.191E-03
1.86203499E+02  1.180E-03
1.86543699E+02  1.169E-03
1.86883899E+02  1.159E-03
1.87224099E+02  1.148E-03
1.87564299E+02  1.137E-03
1.87904499E+02  1.126E-03
1.88244699E+02  1.116E-03
1.88584899E+02  1.105E-03
1.88925099E+02  1.094E-03
1.89265299E+02  1.084E-03
1.89605499E+02  1.073E-03
1.89945699E+02  1.063E-03
1.90285899E+02  1.052E-03
1.90626099E+02  1.042E-03
1.90966299E+02  1.031E-03
1.91306499E+02  1.021E-03
1.91646699E+02  1.011E-03
1.91986899E+02  1.001E-03
1.92327099E+02  9.911E-04
1.92667299E+02  9.814E-04
1.93007499E+02  9.718E-04
1.93347699E+02  9.623E-04
1.93687899E+02  9.530E-04
1.94028099E+02  9.439E-04
1.94368299E+02  9.350E-04
1.94708499E+02  9.263E-04
1.95048699E+02  9.178E-04
1.95388899E+02  9.095E-04
1.95729099E+02  9.014E-04
1.96069299E+02  8.936E-04
1.96409499E+02  8.860E-04
1.96749699E+02  8.787E-04
1.97089899E+02  8.717E-04
1.97430099E+02  8.650E-04
1.97770299E+02  8.585E-04
1.98110499E+02  8.524E-04
1.98450699E+02  8.465E-04
1.98790899E+02  8.410E-04
1.99131099E+02  8.358E-04
1.99471299E+02  8.309E-04
1.99811499E+02  8.263E-04
2.00151699E+02  8.221E-04
2.00491899E+02  8.182E-04
2.00832099E+02  8.146E-04
2.01172299E+02  8.114E-04
2.01512499E+02  8.085E-04
2.01852699E+02  8.059E-04
2.02192899E+02  8.037E-04
2.02533099E+02  8.018E-04
2.02873299E+02  8.002E-04
2.03213499E+02  7.990E-04
2.03553699E+02  7.980E-04
2.03893899E+02  7.974E-04
2.04234099E+02  7.970E-04
2.04574299E+02  7.969E-04
