          16           7
         215          13           1           1
           0          -4           0          -4           0          -6           0          -2           0          -4           0           6           0           4           0           2           0           4           0           6           0           2           0           4           0           2           0          -4           0          -2           0           2           0           4           0           6           0           2           0           4           0           6           0           4           0          -2           0          -2           0          -4           0          -6           0          -8           0          -2           0          -4           0          -6           0          -4           0           2           0          -4           0          -6           0          -2           0          -4           0          -6           0          -6           0          -8           0          -4           0          -6           0          -2           0          -4           0           4           0           6           0           8           0          10           0           4           0          -4           0           2           0           6           0           4           0           8           0           2           0          -4           0          -2           0           6           0           6           0           4           0           2           0           8           0           4           0           6           0           8           0           4           0           6           0           8           0          10           0           4           0           6           0           8           0           6           0           4           0           2           0           6           0           2           0           4           0           2           0          -4           0          -2           0          -6           0          -8           0           6           0           4           0          -4           0          -6           0          -2           0          -4           0          -6           0          -8           0         -10           0          -2           0          -4           0          -6           0          -4           0          -2           0          -6           0          -8           0          -2           0          -4           0           2           0           4           0           6           0           8           0           4           0           4           0           6           0           8           0           2           0          10           0           8           0           6           0           4           0           2           0           6           0           6           0           4           0           4           0           2           0           4           0           6           0           8           0          -4           0           2           0           4           0          -6           0          -4           0           2           0           4           0           6           0           4           0           6           0          -2           0          -4           0          -6           0          -8           0         -10           0          -6           0          -8           0         -10           0         -12           0           2           0          -2           0          -4           0          -6           0          -8           0          -2           0          -8           0         -10           0          -4           0          -2           0          -6           0          -4           0          -2           0          -4           0          -2           0          -4           0          -6           0          -4           0          -8           0          -6           0           2           0           4           0           2           0           4           0           6           0         -10           0          -8           0          -6           0          -4           0           6           0          -2           0          -4           0           8           0          -6           0          -2           0          -4           0          -6           0          -8           0           4           0           6           0          -4           0          -6           0          -6           0          -8           0          -2           0           2           0          -4           0           4           0           6           0           4           0           4           0           2           0           2           0          -4           0          -6           0          -8           0          -2           0          -4           0          -6           0          -8           0         -10           0          -8           0          -6           0          -4           0          -2           0          -2           0          -4           0          -6           0          -6           0          -8           0          -4           0          -2           0          -6           0          -4
    0.000000E+00    9.645106E-03    9.843162E-03    1.435602E-02    1.458263E-02
    4.247197E-02    4.320385E-02    4.360158E-02    5.944295E-02    5.948713E-02
    6.922989E-02    7.316769E-02    7.411300E-02    1.134727E-01    1.147319E-01
    2.354040E-01    2.358931E-01    2.366026E-01    2.382857E-01    2.391328E-01
    2.438023E-01    2.438287E-01    2.461520E-01    2.471700E-01    2.474363E-01
    2.479076E-01    2.485433E-01    2.486026E-01    2.487216E-01    2.491410E-01
    2.502551E-01    2.507374E-01    2.510783E-01    2.511300E-01    2.524691E-01
    2.524772E-01    2.554279E-01    2.561102E-01    2.563381E-01    2.591442E-01
    2.591854E-01    2.609226E-01    2.615363E-01    2.619649E-01    2.622131E-01
    2.625883E-01    2.631076E-01    2.632646E-01    2.633261E-01    2.634365E-01
    2.637297E-01    2.638533E-01    2.640096E-01    2.643758E-01    2.644930E-01
    2.645338E-01    2.648466E-01    2.652759E-01    2.655531E-01    2.656939E-01
    2.657640E-01    2.676748E-01    2.677713E-01    2.679166E-01    2.688115E-01
    2.690337E-01    2.711118E-01    2.712141E-01    2.720014E-01    2.721113E-01
    2.724223E-01    2.724984E-01    2.725578E-01    2.726085E-01    2.727219E-01
    2.737570E-01    2.740430E-01    2.746587E-01    2.763855E-01    2.763956E-01
    2.763957E-01    2.764682E-01    2.789238E-01    2.791446E-01    2.808157E-01
    2.808428E-01    2.816082E-01    2.816156E-01    2.816277E-01    2.816445E-01
    2.816660E-01    2.832213E-01    2.832636E-01    2.833497E-01    2.872720E-01
    2.872722E-01    2.872783E-01    2.873017E-01    2.873787E-01    2.874354E-01
    2.875828E-01    2.876419E-01    2.877951E-01    2.879672E-01    2.884374E-01
    2.885530E-01    2.886000E-01    2.886971E-01    2.887362E-01    2.888178E-01
    2.901974E-01    2.902310E-01    2.934227E-01    2.936053E-01    2.936679E-01
    2.948139E-01    2.948751E-01    2.949134E-01    2.954910E-01    2.955387E-01
    2.955818E-01    2.956302E-01    2.974080E-01    2.974265E-01    2.978254E-01
    2.979930E-01    2.980044E-01    2.981863E-01    2.981951E-01    2.982014E-01
    2.986863E-01    2.989406E-01    2.997979E-01    3.013547E-01    3.014398E-01
    3.015665E-01    3.017420E-01    3.025165E-01    3.025355E-01    3.025686E-01
    3.026262E-01    3.032771E-01    3.036433E-01    3.036673E-01    3.036996E-01
    3.037196E-01    3.041292E-01    3.046134E-01    3.046301E-01    3.048276E-01
    3.048611E-01    3.049614E-01    3.051740E-01    3.052844E-01    3.060373E-01
    3.062721E-01    3.065126E-01    3.067251E-01    3.072820E-01    3.083217E-01
    3.083847E-01    3.085481E-01    3.086063E-01    3.093086E-01    3.093690E-01
    3.093750E-01    3.093804E-01    3.094500E-01    3.095030E-01    3.095365E-01
    3.096086E-01    3.096683E-01    3.098305E-01    3.098337E-01    3.100372E-01
    3.110986E-01    3.111053E-01    3.111248E-01    3.111449E-01    3.124031E-01
    3.124222E-01    3.126400E-01    3.132139E-01    3.132929E-01    3.134326E-01
    3.163175E-01    3.165548E-01    3.167011E-01    3.167161E-01    3.173537E-01
    3.174815E-01    3.194473E-01    3.198310E-01    3.206567E-01    3.235572E-01
    3.235827E-01    3.236877E-01    3.236885E-01    3.238034E-01    3.239013E-01
    3.239634E-01    3.240075E-01    3.245628E-01    3.245933E-01    3.263728E-01
    3.264517E-01    3.271738E-01    3.284075E-01    3.287843E-01    3.314323E-01
    3.314556E-01    3.324856E-01    3.325179E-01    3.327131E-01    3.333147E-01
           0           4           0           1
  -28.010499495533246               13
3.95772995E+01  1.292E-01  4.467E-02  1.457E-01  1.211E-02  5.909E-02  9.206E-02
                1.082E-02  5.406E-05  9.094E-04  6.387E-04  1.202E-04  3.903E-02
                8.838E-05  2.810E-03  4.101E-04
5.31852995E+01  6.134E-02  1.985E-02  6.480E-02  5.525E-03  2.706E-02  5.588E-02
                6.549E-03  2.977E-05  5.508E-04  3.319E-04  5.260E-05  2.464E-02
                4.516E-05  1.399E-03  2.014E-04  1.426E-05  2.238E-05  2.036E-05
                1.515E-05  2.116E-05  1.017E-05  7.148E-07  2.638E-05  3.204E-06
                7.985E-06  1.020E-05  9.457E-06  1.523E-05  4.543E-05  4.590E-05
                1.744E-05  1.990E-06  1.912E-04  4.533E-05  4.002E-06  2.994E-05
                1.009E-08  3.307E-06  1.985E-05  5.215E-05  1.448E-04  8.498E-06
                6.077E-05  3.121E-06  3.034E-06  4.553E-06  9.457E-06  2.114E-05
                1.678E-04  9.525E-07  1.343E-05  8.982E-06  2.878E-06  1.421E-06
                3.542E-05  1.094E-05  5.705E-06  1.068E-04  6.238E-05  3.292E-05
                2.029E-05  1.904E-08  3.999E-08  6.244E-09  6.413E-06  5.664E-05
                2.786E-06  1.429E-06  8.630E-06  2.586E-05  6.324E-05  1.915E-05
                1.012E-05  5.164E-06  2.139E-06  6.520E-06  1.681E-05  9.486E-06
                2.753E-06  4.720E-07  9.631E-06  2.765E-05  2.086E-05  3.514E-06
                2.710E-05  1.215E-04  4.110E-08  5.999E-08  6.710E-08  2.575E-08
                1.537E-08  9.526E-07  6.589E-06  1.038E-05  1.473E-06  6.165E-07
                3.398E-06  7.989E-06  1.003E-05  5.797E-05  3.827E-07  1.866E-06
                2.928E-06  5.230E-06  8.440E-06  1.865E-06  1.203E-06  3.296E-06
                4.311E-07  7.804E-06  3.738E-05  9.757E-06  1.492E-05  6.093E-07
                1.649E-04  5.330E-06  1.877E-06  2.789E-06  2.716E-06  4.054E-06
                6.523E-06  7.499E-06  7.712E-05  5.831E-06  4.732E-06  1.251E-05
                4.564E-06  4.200E-06  1.614E-05  1.230E-04  3.845E-06  1.904E-05
                5.596E-05  1.515E-06  2.948E-06  5.398E-06  9.050E-06  4.825E-07
                2.164E-06  5.625E-06  1.318E-05  1.779E-06  1.186E-06  3.952E-06
                1.135E-05  3.571E-05  1.803E-06  7.981E-06  3.017E-05  3.815E-05
                2.721E-06  4.776E-05  1.994E-05  2.848E-06  5.455E-06  1.542E-06
                2.354E-05  9.406E-06  2.368E-06  1.341E-05  4.820E-06  1.558E-06
                8.271E-06  1.612E-05  3.427E-05  1.109E-04  5.319E-06  4.763E-06
                1.716E-06  1.222E-06  2.853E-06  1.225E-06  3.463E-06  7.201E-06
                4.534E-06
6.67932995E+01  3.176E-02  1.019E-02  3.327E-02  2.829E-03  1.386E-02  3.684E-02
                4.318E-03  1.534E-05  3.562E-04  1.916E-04  2.139E-05  1.756E-02
                2.170E-05  7.665E-04  1.111E-04  7.348E-06  1.175E-05  1.089E-05
                8.512E-06  1.390E-05  8.825E-06  4.938E-07  1.130E-05  1.873E-06
                4.309E-06  5.167E-06  3.831E-06  8.099E-06  2.165E-05  2.288E-05
                8.480E-06  1.695E-06  7.016E-05  2.074E-05  2.247E-06  1.499E-05
                7.488E-09  1.373E-06  8.268E-06  2.315E-05  6.711E-05  3.717E-06
                2.728E-05  3.964E-07  8.067E-07  1.450E-06  3.457E-06  6.389E-06
                9.337E-05  4.511E-07  4.582E-06  2.820E-06  8.326E-07  5.532E-07
                1.448E-05  4.752E-06  2.138E-06  3.849E-05  2.604E-05  1.414E-05
                8.700E-06  1.338E-08  2.128E-08  2.172E-09  2.046E-06  1.734E-05
                6.573E-07  1.180E-07  4.280E-06  1.411E-05  2.763E-05  1.540E-05
                6.139E-06  2.758E-06  9.037E-07  2.068E-06  5.380E-06  2.412E-06
                1.715E-06  2.582E-07  6.150E-06  1.719E-05  6.788E-06  1.434E-06
                1.715E-05  7.663E-05  6.120E-10  3.314E-09  7.585E-09  9.256E-09
                4.484E-09  5.623E-07  3.337E-06  6.699E-06  8.049E-07  2.518E-07
                2.451E-06  7.243E-06  5.989E-06  3.400E-05  9.245E-08  4.991E-07
                9.354E-07  1.964E-06  1.130E-06  2.933E-07  5.395E-07  1.487E-06
                2.632E-07  3.205E-06  1.846E-05  4.842E-06  8.704E-06  1.233E-07
                1.037E-04  3.047E-06  2.330E-06  1.528E-06  7.984E-08  6.523E-07
                1.649E-06  1.419E-06  4.365E-05  1.908E-06  2.056E-06  1.496E-05
                2.267E-06  6.355E-07  9.010E-06  5.570E-05  3.566E-06  9.680E-06
                9.346E-06  6.535E-07  1.458E-06  2.581E-06  3.519E-06  3.115E-07
                1.134E-06  3.005E-06  7.232E-06  1.110E-06  4.369E-07  1.730E-06
                5.968E-06  2.044E-05  8.594E-07  2.617E-06  1.048E-05  6.718E-06
                1.312E-06  2.223E-05  1.049E-05  1.425E-06  2.474E-06  6.263E-07
                1.372E-05  3.946E-06  7.453E-07  6.764E-06  2.332E-06  6.266E-07
                2.884E-06  3.821E-06  8.594E-06  3.633E-05  2.359E-06  1.649E-06
                8.469E-07  3.271E-07  9.246E-07  6.104E-07  1.075E-06  3.491E-06
                1.587E-06  1.188E-06  2.964E-06  6.731E-06  1.670E-05  1.110E-06
                9.483E-07  2.489E-06  2.160E-06  2.909E-06  4.845E-06  1.220E-06
                2.760E-07  1.225E-06  1.208E-05  1.861E-06  3.378E-06  3.813E-05
                4.137E-07  2.595E-07  4.504E-06  9.139E-06  1.809E-05  4.184E-06
                5.013E-06  5.166E-06  6.701E-07  9.538E-07  1.260E-06  4.609E-07
                5.329E-06  1.559E-06  2.639E-06  2.860E-06  1.275E-05  2.313E-07
                4.334E-07  7.634E-07  1.758E-07  1.017E-05  1.319E-06
8.04012995E+01  1.813E-02  5.802E-03  1.896E-02  1.606E-03  7.879E-03  2.574E-02
                3.014E-03  8.348E-06  2.461E-04  1.189E-04  1.117E-05  1.263E-02
                1.227E-05  4.601E-04  6.669E-05  4.101E-06  6.703E-06  6.530E-06
                4.975E-06  8.589E-06  6.066E-06  3.426E-07  5.749E-06  1.191E-06
                2.634E-06  3.087E-06  2.044E-06  4.718E-06  1.203E-05  1.299E-05
                4.791E-06  1.160E-06  3.189E-05  1.090E-05  1.316E-06  8.104E-06
                4.811E-09  6.984E-07  4.105E-06  1.159E-05  3.377E-05  1.848E-06
                1.401E-05  2.159E-07  3.943E-07  6.588E-07  1.539E-06  4.271E-06
                5.444E-05  2.263E-07  2.231E-06  1.731E-06  4.163E-07  2.598E-07
                7.438E-06  2.432E-06  1.158E-06  1.954E-05  1.306E-05  7.352E-06
                4.505E-06  8.004E-09  1.402E-08  1.455E-09  8.145E-07  6.605E-06
                3.948E-07  1.621E-07  2.465E-06  8.220E-06  1.546E-05  1.161E-05
                4.392E-06  1.886E-06  4.232E-07  1.046E-06  2.327E-06  9.687E-07
                1.128E-06  1.535E-07  4.157E-06  1.154E-05  3.041E-06  7.357E-07
                1.064E-05  4.746E-05  4.166E-10  2.452E-09  5.713E-09  6.406E-09
                1.659E-09  3.900E-07  2.304E-06  4.747E-06  5.521E-07  1.423E-07
                1.798E-06  5.228E-06  3.746E-06  2.127E-05  5.649E-08  2.795E-07
                6.930E-07  1.453E-06  2.492E-07  1.040E-07  3.585E-07  9.221E-07
                1.408E-07  1.894E-06  1.245E-05  3.224E-06  5.422E-06  8.473E-08
                6.520E-05  2.083E-06  1.574E-06  1.023E-06  6.186E-08  4.807E-07
                1.151E-06  1.080E-06  2.741E-05  1.220E-06  1.297E-06  9.663E-06
                1.416E-06  4.749E-07  5.895E-06  3.582E-05  2.497E-06  6.477E-06
                6.186E-06  2.592E-07  6.348E-07  1.200E-06  1.698E-06  1.527E-07
                5.476E-07  1.413E-06  3.358E-06  7.243E-07  1.599E-07  7.909E-07
                3.200E-06  1.247E-05  4.751E-07  9.633E-07  3.870E-06  4.389E-06
                8.444E-07  1.379E-05  6.067E-06  7.436E-07  1.296E-06  3.267E-07
                7.774E-06  1.884E-06  4.697E-07  3.480E-06  1.167E-06  3.479E-07
                1.370E-06  2.395E-06  5.435E-06  2.142E-05  1.064E-06  8.262E-07
                3.980E-07  1.419E-07  5.654E-07  3.064E-07  5.434E-07  2.255E-06
                1.007E-06  5.169E-07  1.512E-06  3.977E-06  1.056E-05  5.995E-07
                7.452E-07  1.174E-06  1.146E-06  1.414E-06  2.232E-06  7.307E-07
                1.096E-07  7.495E-07  8.134E-06  1.057E-06  2.201E-06  2.743E-05
                2.427E-07  1.193E-07  1.876E-06  4.279E-06  8.498E-06  1.631E-06
                2.182E-06  2.332E-06  1.213E-07  1.812E-07  5.136E-07  2.541E-07
                3.477E-06  1.111E-06  1.896E-06  1.578E-06  7.627E-06  1.080E-07
                1.960E-07  6.236E-07  1.525E-07  6.969E-06  7.092E-07
9.40092995E+01  1.118E-02  3.581E-03  1.169E-02  9.918E-04  4.866E-03  1.869E-02
                2.188E-03  5.181E-06  1.775E-04  7.972E-05  6.294E-06  9.318E-03
                7.444E-06  2.930E-04  4.244E-05  2.307E-06  3.832E-06  3.925E-06
                2.895E-06  5.358E-06  4.012E-06  2.309E-07  3.504E-06  8.672E-07
                1.849E-06  2.150E-06  1.378E-06  2.890E-06  7.269E-06  7.933E-06
                2.994E-06  7.651E-07  1.705E-05  6.367E-06  8.191E-07  4.851E-06
                3.093E-09  3.954E-07  2.274E-06  6.617E-06  1.918E-05  1.051E-06
                8.109E-06  1.499E-07  2.373E-07  3.564E-07  7.870E-07  3.566E-06
                3.408E-05  1.274E-07  1.382E-06  1.342E-06  2.303E-07  1.459E-07
                4.239E-06  1.385E-06  7.416E-07  1.280E-05  7.627E-06  4.255E-06
                2.592E-06  5.199E-09  1.011E-08  1.014E-09  4.315E-07  3.262E-06
                2.574E-07  1.543E-07  1.538E-06  5.157E-06  9.479E-06  8.642E-06
                3.224E-06  1.355E-06  2.417E-07  6.286E-07  1.282E-06  4.798E-07
                7.848E-07  1.040E-07  2.912E-06  8.069E-06  1.676E-06  4.413E-07
                7.008E-06  3.135E-05  2.744E-10  1.658E-09  3.820E-09  4.124E-09
                9.447E-10  2.725E-07  1.639E-06  3.364E-06  4.018E-07  9.459E-08
                1.372E-06  4.066E-06  2.499E-06  1.413E-05  4.212E-08  1.984E-07
                5.209E-07  1.099E-06  1.118E-07  6.417E-08  2.599E-07  6.660E-07
                9.242E-08  1.364E-06  8.703E-06  2.260E-06  3.653E-06  5.773E-08
                4.395E-05  1.499E-06  1.115E-06  7.443E-07  4.751E-08  3.582E-07
                8.541E-07  8.430E-07  1.835E-05  9.125E-07  9.706E-07  6.358E-06
                9.270E-07  3.389E-07  4.069E-06  2.459E-05  1.781E-06  4.643E-06
                4.326E-06  1.421E-07  3.465E-07  6.529E-07  8.911E-07  8.434E-08
                2.904E-07  7.417E-07  1.759E-06  4.757E-07  9.588E-08  5.109E-07
                2.147E-06  8.622E-06  2.843E-07  4.041E-07  1.623E-06  2.903E-06
                5.576E-07  9.468E-06  4.158E-06  4.981E-07  8.140E-07  1.933E-07
                5.539E-06  1.079E-06  2.621E-07  2.078E-06  6.606E-07  2.497E-07
                9.111E-07  1.655E-06  3.743E-06  1.409E-05  5.868E-07  4.838E-07
                2.314E-07  8.275E-08  3.875E-07  1.950E-07  3.386E-07  1.575E-06
                6.542E-07  3.099E-07  9.841E-07  2.718E-06  7.292E-06  4.032E-07
                5.418E-07  6.521E-07  6.478E-07  7.674E-07  1.184E-06  4.454E-07
                7.321E-08  4.628E-07  5.806E-06  6.997E-07  1.563E-06  2.013E-05
                1.888E-07  8.215E-08  9.148E-07  2.285E-06  4.804E-06  7.521E-07
                1.060E-06  1.222E-06  4.606E-08  6.709E-08  2.975E-07  1.411E-07
                2.697E-06  8.569E-07  1.457E-06  1.046E-06  5.478E-06  6.490E-08
                1.170E-07  4.634E-07  1.016E-07  5.216E-06  4.968E-07
1.07617299E+02  7.231E-03  2.312E-03  7.559E-03  6.390E-04  3.138E-03  1.393E-02
                1.630E-03  3.362E-06  1.320E-04  5.576E-05  3.863E-06  7.085E-03
                4.733E-06  1.938E-04  2.809E-05  1.387E-06  2.338E-06  2.535E-06
                1.778E-06  3.512E-06  2.671E-06  1.579E-07  2.384E-06  7.319E-07
                1.488E-06  1.715E-06  1.109E-06  1.821E-06  4.606E-06  5.059E-06
                2.083E-06  5.056E-07  9.882E-06  4.008E-06  5.265E-07  3.063E-06
                2.081E-09  2.385E-07  1.345E-06  4.003E-06  1.144E-05  6.299E-07
                4.958E-06  1.121E-07  1.596E-07  2.172E-07  4.430E-07  2.923E-06
                2.231E-05  7.437E-08  9.351E-07  1.056E-06  1.324E-07  8.850E-08
                2.536E-06  8.294E-07  5.070E-07  9.056E-06  4.829E-06  2.651E-06
                1.601E-06  3.816E-09  7.899E-09  7.075E-10  2.595E-07  1.799E-06
                1.770E-07  1.278E-07  1.030E-06  3.459E-06  6.210E-06  6.476E-06
                2.516E-06  1.078E-06  1.470E-07  4.039E-07  7.788E-07  2.641E-07
                5.521E-07  7.337E-08  2.050E-06  5.666E-06  1.017E-06  2.856E-07
                4.732E-06  2.118E-05  1.918E-10  1.186E-09  2.706E-09  2.835E-09
                6.108E-10  1.907E-07  1.153E-06  2.371E-06  3.098E-07  7.080E-08
                1.075E-06  3.207E-06  1.691E-06  9.553E-06  3.210E-08  1.493E-07
                3.958E-07  8.356E-07  7.806E-08  4.651E-08  1.934E-07  4.981E-07
                6.707E-08  1.027E-06  6.560E-06  1.709E-06  2.547E-06  4.139E-08
                3.059E-05  1.118E-06  8.142E-07  5.625E-07  3.678E-08  2.687E-07
                6.380E-07  6.456E-07  1.235E-05  7.137E-07  7.582E-07  4.337E-06
                6.268E-07  2.495E-07  2.899E-06  1.744E-05  1.331E-06  3.490E-06
                3.003E-06  9.281E-08  2.240E-07  4.178E-07  5.482E-07  5.508E-08
                1.839E-07  4.656E-07  1.105E-06  3.299E-07  6.156E-08  3.503E-07
                1.519E-06  6.240E-06  1.801E-07  2.354E-07  9.347E-07  1.986E-06
                3.788E-07  6.837E-06  2.994E-06  3.548E-07  5.430E-07  1.217E-07
                4.023E-06  6.721E-07  1.573E-07  1.344E-06  4.281E-07  1.904E-07
                6.659E-07  1.209E-06  2.711E-06  9.894E-06  3.691E-07  3.222E-07
                1.556E-07  5.553E-08  2.869E-07  1.343E-07  2.305E-07  1.199E-06
                4.571E-07  2.151E-07  7.040E-07  1.967E-06  5.263E-06  2.873E-07
                4.162E-07  4.343E-07  4.052E-07  5.038E-07  7.578E-07  2.867E-07
                6.110E-08  3.023E-07  4.260E-06  5.143E-07  1.142E-06  1.495E-05
                1.479E-07  5.968E-08  5.359E-07  1.403E-06  3.035E-06  4.331E-07
                6.245E-07  7.452E-07  2.451E-08  3.816E-08  1.850E-07  8.760E-08
                2.069E-06  6.525E-07  1.090E-06  7.397E-07  4.062E-06  4.206E-08
                7.786E-08  3.469E-07  6.945E-08  3.950E-06  3.714E-07
1.21225299E+02  4.949E-03  1.588E-03  5.188E-03  4.403E-04  2.162E-03  1.083E-02
                1.267E-03  2.224E-06  1.020E-04  4.079E-05  2.382E-06  5.546E-03
                3.140E-06  1.386E-04  2.008E-05  8.534E-07  1.454E-06  1.699E-06
                1.084E-06  2.332E-06  1.736E-06  1.082E-07  1.590E-06  6.480E-07
                1.253E-06  1.419E-06  9.350E-07  1.145E-06  2.941E-06  3.216E-06
                1.545E-06  3.283E-07  6.311E-06  2.676E-06  3.422E-07  2.010E-06
                1.315E-09  1.488E-07  8.229E-07  2.653E-06  7.484E-06  4.129E-07
                3.295E-06  1.054E-07  1.363E-07  1.650E-07  2.859E-07  2.507E-06
                1.551E-05  4.544E-08  6.857E-07  8.809E-07  8.136E-08  5.928E-08
                1.655E-06  5.322E-07  3.705E-07  6.852E-06  3.155E-06  1.661E-06
                1.020E-06  2.569E-09  6.024E-09  4.873E-10  1.783E-07  1.112E-06
                1.201E-07  1.027E-07  6.895E-07  2.307E-06  4.055E-06  4.878E-06
                1.811E-06  7.522E-07  9.366E-08  2.598E-07  5.038E-07  1.616E-07
                3.731E-07  5.043E-08  1.373E-06  3.790E-06  6.500E-07  1.887E-07
                3.374E-06  1.511E-05  1.416E-10  8.787E-10  1.968E-09  1.984E-09
                4.106E-10  1.267E-07  7.820E-07  1.614E-06  2.444E-07  5.524E-08
                8.566E-07  2.567E-06  1.214E-06  6.867E-06  2.380E-08  1.107E-07
                2.913E-07  6.171E-07  6.609E-08  3.388E-08  1.333E-07  3.482E-07
                4.766E-08  7.296E-07  4.321E-06  1.131E-06  1.955E-06  2.904E-08
                2.354E-05  8.188E-07  6.028E-07  4.190E-07  2.713E-08  1.921E-07
                4.641E-07  4.747E-07  8.731E-06  5.043E-07  5.402E-07  3.067E-06
                4.440E-07  1.821E-07  2.255E-06  1.363E-05  9.001E-07  2.359E-06
                2.059E-06  6.091E-08  1.464E-07  2.722E-07  3.445E-07  3.766E-08
                1.202E-07  3.005E-07  7.119E-07  2.296E-07  4.285E-08  2.557E-07
                1.133E-06  4.724E-06  1.242E-07  1.392E-07  5.419E-07  1.413E-06
                2.718E-07  5.153E-06  2.252E-06  2.640E-07  3.900E-07  8.072E-08
                3.069E-06  4.510E-07  1.010E-07  8.569E-07  2.772E-07  1.388E-07
                5.020E-07  7.867E-07  1.888E-06  7.542E-06  2.361E-07  2.181E-07
                1.052E-07  3.735E-08  1.913E-07  9.870E-08  1.678E-07  8.155E-07
                3.386E-07  1.463E-07  5.093E-07  1.471E-06  3.965E-06  2.218E-07
                3.339E-07  2.788E-07  2.622E-07  3.243E-07  4.829E-07  1.861E-07
                5.031E-08  2.016E-07  3.360E-06  3.497E-07  8.931E-07  1.186E-05
                1.145E-07  4.344E-08  3.186E-07  8.930E-07  2.014E-06  2.469E-07
                3.690E-07  4.654E-07  1.407E-08  3.070E-08  1.211E-07  5.935E-08
                1.631E-06  5.109E-07  8.503E-07  5.486E-07  3.138E-06  2.733E-08
                5.012E-08  2.674E-07  4.786E-08  3.094E-06  2.854E-07
1.34833299E+02  3.439E-03  1.101E-03  3.600E-03  3.043E-04  1.496E-03  8.391E-03
                9.817E-04  1.570E-06  7.916E-05  3.047E-05  1.602E-06  4.377E-03
                2.133E-06  9.649E-05  1.398E-05  5.276E-07  9.196E-07  1.199E-06
                6.829E-07  1.645E-06  1.203E-06  7.855E-08  1.225E-06  4.728E-07
                9.132E-07  1.046E-06  7.179E-07  7.480E-07  1.982E-06  2.168E-06
                1.079E-06  2.256E-07  4.345E-06  1.831E-06  2.292E-07  1.381E-06
                9.210E-10  9.658E-08  5.307E-07  1.804E-06  5.021E-06  2.771E-07
                2.238E-06  8.878E-08  1.097E-07  1.245E-07  1.905E-07  2.084E-06
                1.098E-05  2.937E-08  5.144E-07  7.222E-07  5.069E-08  4.304E-08
                1.098E-06  3.504E-07  2.773E-07  5.271E-06  2.188E-06  1.119E-06
                6.781E-07  2.043E-09  5.008E-09  3.456E-10  1.270E-07  7.062E-07
                8.661E-08  7.585E-08  4.892E-07  1.642E-06  2.848E-06  3.694E-06
                1.439E-06  6.146E-07  6.558E-08  1.847E-07  3.456E-07  1.010E-07
                2.784E-07  3.807E-08  1.021E-06  2.815E-06  4.395E-07  1.322E-07
                2.431E-06  1.090E-05  1.056E-10  6.644E-10  1.480E-09  1.463E-09
                2.831E-10  9.318E-08  5.810E-07  1.194E-06  1.982E-07  4.614E-08
                6.879E-07  2.058E-06  8.776E-07  4.943E-06  1.861E-08  8.717E-08
                2.254E-07  4.780E-07  6.006E-08  2.888E-08  1.042E-07  2.709E-07
                3.543E-08  5.718E-07  3.446E-06  9.069E-07  1.429E-06  2.255E-08
                1.713E-05  6.239E-07  4.544E-07  3.266E-07  2.093E-08  1.455E-07
                3.515E-07  3.637E-07  6.274E-06  4.059E-07  4.350E-07  2.194E-06
                3.173E-07  1.340E-07  1.665E-06  1.006E-05  7.088E-07  1.872E-06
                1.524E-06  4.408E-08  1.052E-07  1.941E-07  2.375E-07  2.708E-08
                8.599E-08  2.149E-07  5.110E-07  1.664E-07  3.033E-08  1.902E-07
                8.599E-07  3.639E-06  8.497E-08  1.056E-07  4.060E-07  1.014E-06
                1.948E-07  3.969E-06  1.729E-06  2.018E-07  2.862E-07  5.519E-08
                2.347E-06  3.103E-07  6.657E-08  5.935E-07  1.986E-07  1.111E-07
                3.989E-07  6.235E-07  1.457E-06  5.652E-06  1.629E-07  1.590E-07
                7.748E-08  2.731E-08  1.578E-07  7.407E-08  1.258E-07  6.954E-07
                2.569E-07  1.104E-07  3.906E-07  1.133E-06  3.049E-06  1.650E-07
                2.571E-07  2.076E-07  1.808E-07  2.413E-07  3.534E-07  1.276E-07
                4.587E-08  1.414E-07  2.529E-06  2.915E-07  6.699E-07  8.917E-06
                9.028E-08  3.329E-08  2.259E-07  6.318E-07  1.431E-06  1.796E-07
                2.659E-07  3.311E-07  1.125E-08  2.732E-08  8.043E-08  4.085E-08
                1.294E-06  4.023E-07  6.541E-07  4.151E-07  2.438E-06  1.949E-08
                3.687E-08  2.092E-07  3.538E-08  2.432E-06  2.251E-07
1.48441299E+02  2.553E-03  8.221E-04  2.683E-03  2.285E-04  1.122E-03  6.812E-03
                7.968E-04  1.168E-06  6.377E-05  2.372E-05  1.057E-06  3.537E-03
                1.500E-06  7.375E-05  1.068E-05  3.716E-07  6.482E-07  9.223E-07
                4.522E-07  1.195E-06  7.963E-07  5.676E-08  8.345E-07  4.609E-07
                8.492E-07  9.498E-07  6.619E-07  4.784E-07  1.306E-06  1.410E-06
                9.005E-07  1.492E-07  3.130E-06  1.352E-06  1.534E-07  9.553E-07
                5.664E-10  6.396E-08  3.427E-07  1.343E-06  3.700E-06  2.022E-07
                1.635E-06  8.551E-08  1.026E-07  1.102E-07  1.455E-07  1.798E-06
                8.168E-06  2.005E-08  4.106E-07  6.169E-07  3.561E-08  3.290E-08
                7.954E-07  2.463E-07  2.171E-07  4.252E-06  1.546E-06  7.451E-07
                4.652E-07  1.421E-09  3.950E-09  2.403E-10  1.010E-07  5.089E-07
                6.148E-08  5.932E-08  3.468E-07  1.156E-06  1.970E-06  2.875E-06
                1.037E-06  4.236E-07  4.513E-08  1.273E-07  2.480E-07  7.130E-08
                1.832E-07  2.601E-08  6.615E-07  1.820E-06  3.089E-07  9.383E-08
                1.817E-06  8.108E-06  8.237E-11  5.155E-10  1.122E-09  1.063E-09
                2.056E-10  5.994E-08  3.812E-07  7.962E-07  1.614E-07  3.723E-08
                5.644E-07  1.692E-06  6.562E-07  3.721E-06  1.361E-08  6.505E-08
                1.644E-07  3.498E-07  5.652E-08  2.182E-08  6.997E-08  1.860E-07
                2.567E-08  4.028E-07  2.165E-06  5.745E-07  1.189E-06  1.666E-08
                1.434E-05  4.658E-07  3.474E-07  2.463E-07  1.532E-08  1.027E-07
                2.560E-07  2.618E-07  4.529E-06  2.732E-07  2.978E-07  1.642E-06
                2.366E-07  9.642E-08  1.393E-06  8.530E-06  4.604E-07  1.209E-06
                1.018E-06  3.118E-08  7.437E-08  1.370E-07  1.622E-07  1.997E-08
                6.164E-08  1.528E-07  3.632E-07  1.206E-07  2.296E-08  1.478E-07
                6.754E-07  2.881E-06  6.543E-08  7.379E-08  2.784E-07  7.673E-07
                1.479E-07  3.129E-06  1.362E-06  1.579E-07  2.224E-07  3.965E-08
                1.852E-06  2.313E-07  4.645E-08  4.007E-07  1.378E-07  8.168E-08
                3.139E-07  3.847E-07  1.025E-06  4.680E-06  1.106E-07  1.143E-07
                5.534E-08  1.931E-08  1.013E-07  5.779E-08  9.794E-08  4.553E-07
                2.015E-07  7.961E-08  2.975E-07  8.866E-07  2.401E-06  1.377E-07
                2.115E-07  1.420E-07  1.251E-07  1.658E-07  2.424E-07  8.774E-08
                3.820E-08  1.002E-07  2.126E-06  1.946E-07  5.583E-07  7.498E-06
                6.804E-08  2.397E-08  1.490E-07  4.384E-07  1.026E-06  1.152E-07
                1.746E-07  2.261E-07  8.485E-09  2.660E-08  5.683E-08  3.104E-08
                1.044E-06  3.229E-07  5.235E-07  3.194E-07  1.939E-06  1.381E-08
                2.590E-08  1.667E-07  2.594E-08  1.956E-06  1.771E-07
1.62049299E+02  1.822E-03  5.852E-04  1.913E-03  1.622E-04  7.984E-04  5.521E-03
                6.458E-04  7.298E-07  5.197E-05  1.844E-05  7.416E-07  2.947E-03
                1.071E-06  5.470E-05  7.935E-06  2.503E-07  4.461E-07  7.271E-07
                3.038E-07  9.166E-07  5.622E-07  4.358E-08  6.744E-07  3.197E-07
                5.942E-07  6.751E-07  4.931E-07  3.176E-07  9.063E-07  9.869E-07
                6.285E-07  1.039E-07  2.258E-06  9.614E-07  1.027E-07  6.717E-07
                4.268E-10  4.375E-08  2.372E-07  9.397E-07  2.569E-06  1.390E-07
                1.137E-06  7.243E-08  8.518E-08  8.822E-08  1.045E-07  1.523E-06
                5.904E-06  1.396E-08  3.264E-07  5.202E-07  2.451E-08  2.416E-08
                5.428E-07  1.669E-07  1.704E-07  3.426E-06  1.127E-06  5.244E-07
                3.195E-07  1.213E-09  3.385E-09  1.807E-10  7.564E-08  3.324E-07
                4.510E-08  4.262E-08  2.525E-07  8.425E-07  1.419E-06  2.184E-06
                8.498E-07  3.653E-07  3.387E-08  9.124E-08  1.736E-07  4.519E-08
                1.420E-07  2.044E-08  5.129E-07  1.409E-06  2.141E-07  6.683E-08
                1.322E-06  5.904E-06  6.247E-11  3.947E-10  8.569E-10  8.033E-10
                1.464E-10  4.571E-08  2.910E-07  6.065E-07  1.298E-07  3.050E-08
                4.503E-07  1.347E-06  4.761E-07  2.693E-06  1.077E-08  5.259E-08
                1.285E-07  2.718E-07  5.520E-08  2.012E-08  5.706E-08  1.498E-07
                1.975E-08  3.260E-07  1.863E-06  4.964E-07  8.774E-07  1.296E-08
                1.054E-05  3.558E-07  2.662E-07  1.943E-07  1.212E-08  7.980E-08
                1.973E-07  2.029E-07  3.303E-06  2.305E-07  2.523E-07  1.203E-06
                1.721E-07  7.223E-08  1.038E-06  6.353E-06  3.861E-07  1.023E-06
                7.787E-07  2.374E-08  5.625E-08  1.029E-07  1.189E-07  1.485E-08
                4.658E-08  1.162E-07  2.776E-07  8.905E-08  1.695E-08  1.128E-07
                5.209E-07  2.241E-06  4.577E-08  6.238E-08  2.357E-07  5.626E-07
                1.076E-07  2.423E-06  1.051E-06  1.216E-07  1.705E-07  2.836E-08
                1.425E-06  1.646E-07  3.173E-08  2.887E-07  1.025E-07  6.616E-08
                2.560E-07  3.224E-07  8.172E-07  3.599E-06  7.970E-08  8.638E-08
                4.230E-08  1.464E-08  8.980E-08  4.432E-08  7.496E-08  4.167E-07
                1.545E-07  6.198E-08  2.321E-07  6.892E-07  1.861E-06  1.045E-07
                1.616E-07  1.116E-07  9.005E-08  1.289E-07  1.860E-07  6.271E-08
                3.523E-08  7.332E-08  1.628E-06  1.737E-07  4.256E-07  5.701E-06
                5.309E-08  1.868E-08  1.167E-07  3.290E-07  7.625E-07  9.520E-08
                1.401E-07  1.729E-07  6.988E-09  2.024E-08  3.883E-08  2.277E-08
                8.352E-07  2.564E-07  4.065E-07  2.464E-07  1.531E-06  1.027E-08
                1.967E-08  1.332E-07  2.017E-08  1.555E-06  1.410E-07
1.75657299E+02  1.463E-03  4.701E-04  1.533E-03  1.305E-04  6.415E-04  4.409E-03
                5.158E-04  7.383E-07  4.130E-05  1.478E-05  5.177E-07  2.321E-03
                7.651E-07  4.009E-05  5.798E-06  1.937E-07  3.444E-07  6.117E-07
                2.147E-07  7.255E-07  3.964E-07  3.412E-08  4.780E-07  2.647E-07
                4.827E-07  5.426E-07  4.062E-07  2.081E-07  6.202E-07  6.538E-07
                4.932E-07  7.336E-08  1.874E-06  7.410E-07  7.248E-08  5.020E-07
                2.531E-10  2.978E-08  1.588E-07  7.816E-07  2.131E-06  1.142E-07
                9.250E-07  6.915E-08  8.075E-08  8.256E-08  9.051E-08  1.343E-06
                4.762E-06  1.143E-08  2.752E-07  4.571E-07  2.017E-08  2.220E-08
                4.390E-07  1.302E-07  1.427E-07  2.894E-06  8.540E-07  3.680E-07
                2.382E-07  8.186E-10  2.733E-09  1.250E-10  6.438E-08  2.659E-07
                3.426E-08  3.368E-08  1.902E-07  6.343E-07  1.060E-06  1.728E-06
                5.972E-07  2.351E-07  2.604E-08  6.981E-08  1.370E-07  3.507E-08
                9.353E-08  1.375E-08  3.307E-07  9.091E-07  1.632E-07  5.146E-08
                1.071E-06  4.748E-06  4.981E-11  3.127E-10  6.676E-10  6.035E-10
                1.015E-10  2.956E-08  1.953E-07  4.127E-07  1.118E-07  2.860E-08
                3.739E-07  1.106E-06  3.870E-07  2.197E-06  8.122E-09  4.104E-08
                9.619E-08  2.055E-07  5.356E-08  1.629E-08  3.885E-08  1.052E-07
                1.460E-08  2.377E-07  1.088E-06  2.926E-07  7.522E-07  9.993E-09
                9.080E-06  2.860E-07  2.046E-07  1.498E-07  8.867E-09  5.648E-08
                1.464E-07  1.477E-07  2.554E-06  1.469E-07  1.645E-07  9.480E-07
                1.373E-07  5.006E-08  8.891E-07  5.528E-06  2.370E-07  6.223E-07
                5.350E-07  1.570E-08  3.754E-08  6.928E-08  7.716E-08  1.047E-08
                3.152E-08  7.755E-08  1.846E-07  7.071E-08  1.318E-08  9.007E-08
                4.195E-07  1.814E-06  3.660E-08  4.585E-08  1.654E-07  4.479E-07
                8.698E-08  1.962E-06  8.512E-07  9.805E-08  1.367E-07  2.152E-08
                1.164E-06  1.306E-07  2.387E-08  2.024E-07  7.625E-08  5.086E-08
                2.136E-07  1.974E-07  5.886E-07  3.074E-06  5.229E-08  6.121E-08
                2.919E-08  9.851E-09  5.553E-08  3.541E-08  6.019E-08  2.608E-07
                1.259E-07  4.367E-08  1.776E-07  5.496E-07  1.505E-06  8.827E-08
                1.355E-07  7.687E-08  6.501E-08  9.207E-08  1.353E-07  4.398E-08
                2.803E-08  5.276E-08  1.361E-06  1.148E-07  3.573E-07  4.755E-06
                4.083E-08  1.367E-08  7.611E-08  2.357E-07  5.699E-07  5.880E-08
                8.916E-08  1.191E-07  7.043E-09  2.755E-08  2.962E-08  1.829E-08
                6.762E-07  2.067E-07  3.255E-07  1.900E-07  1.215E-06  7.966E-09
                1.587E-08  1.066E-07  1.510E-08  1.249E-06  1.112E-07
1.89265299E+02  1.084E-03  3.518E-04  1.146E-03  9.858E-05  4.846E-04  3.976E-03
                4.650E-04  3.742E-07  3.718E-05  1.238E-05  3.684E-07  2.132E-03
                6.115E-07  3.566E-05  5.177E-06  1.527E-07  2.714E-07  5.176E-07
                1.622E-07  5.815E-07  2.670E-07  2.627E-08  3.573E-07  2.892E-07
                5.107E-07  5.648E-07  4.179E-07  1.350E-07  4.216E-07  4.600E-07
                4.765E-07  4.842E-08  1.219E-06  5.911E-07  4.621E-08  3.306E-07
                1.896E-10  2.190E-08  1.138E-07  5.491E-07  1.480E-06  7.640E-08
                6.179E-07  5.712E-08  6.556E-08  6.472E-08  6.469E-08  1.146E-06
                3.334E-06  7.619E-09  2.266E-07  3.889E-07  1.473E-08  1.407E-08
                2.940E-07  8.655E-08  1.107E-07  2.403E-06  6.279E-07  2.533E-07
                1.595E-07  7.547E-10  2.344E-09  9.781E-11  5.046E-08  1.866E-07
                2.359E-08  2.369E-08  1.329E-07  4.365E-07  7.167E-07  1.374E-06
                5.226E-07  2.259E-07  1.863E-08  4.695E-08  9.688E-08  2.393E-08
                6.896E-08  1.114E-08  2.425E-07  6.602E-07  1.129E-07  3.521E-08
                7.284E-07  3.209E-06  3.913E-11  2.442E-10  5.094E-10  4.446E-10
                8.484E-11  2.093E-08  1.339E-07  2.944E-07  8.513E-08  1.841E-08
                3.061E-07  9.246E-07  2.580E-07  1.485E-06  6.118E-09  3.172E-08
                7.180E-08  1.505E-07  4.843E-08  1.434E-08  3.020E-08  8.008E-08
                1.139E-08  1.804E-07  9.963E-07  2.705E-07  5.923E-07  8.310E-09
                7.179E-06  2.110E-07  1.675E-07  1.194E-07  6.971E-09  4.384E-08
                1.124E-07  1.107E-07  1.687E-06  1.284E-07  1.459E-07  6.961E-07
                9.616E-08  4.007E-08  7.097E-07  4.410E-06  2.110E-07  5.578E-07
                3.673E-07  1.389E-08  3.272E-08  5.956E-08  6.590E-08  8.648E-09
                2.751E-08  6.907E-08  1.659E-07  5.040E-08  1.068E-08  7.172E-08
                3.317E-07  1.439E-06  3.107E-08  3.632E-08  1.383E-07  3.317E-07
                6.186E-08  1.528E-06  6.604E-07  7.604E-08  1.170E-07  1.704E-08
                8.899E-07  1.064E-07  1.701E-08  1.513E-07  5.466E-08  3.860E-08
                1.685E-07  1.542E-07  4.663E-07  2.496E-06  4.235E-08  5.012E-08
                2.457E-08  8.382E-09  4.982E-08  2.806E-08  4.732E-08  2.439E-07
                9.682E-08  3.660E-08  1.440E-07  4.352E-07  1.174E-06  7.226E-08
                1.051E-07  6.289E-08  4.729E-08  6.993E-08  9.845E-08  3.424E-08
                2.590E-08  4.250E-08  1.143E-06  1.004E-07  2.944E-07  3.979E-06
                3.043E-08  1.038E-08  6.485E-08  1.820E-07  4.317E-07  5.371E-08
                7.953E-08  9.676E-08  3.894E-09  1.180E-08  2.032E-08  1.427E-08
                5.601E-07  1.701E-07  2.650E-07  1.523E-07  1.001E-06  5.926E-09
                1.112E-08  8.866E-08  1.252E-08  1.037E-06  9.063E-08
2.02873299E+02  8.002E-04  2.562E-04  8.338E-04  7.048E-05  3.474E-04  2.968E-03
                3.472E-04  3.248E-07  2.821E-05  9.482E-06  2.554E-07  1.640E-03
                4.077E-07  2.217E-05  3.215E-06  1.043E-07  1.937E-07  4.562E-07
                1.090E-07  5.079E-07  2.157E-07  2.369E-08  3.106E-07  9.091E-08
                1.763E-07  2.116E-07  1.911E-07  9.382E-08  3.112E-07  3.296E-07
                2.007E-07  3.895E-08  1.108E-06  3.832E-07  3.285E-08  2.645E-07
                1.395E-10  1.505E-08  8.758E-08  4.096E-07  1.107E-06  5.888E-08
                4.853E-07  5.227E-08  5.924E-08  5.794E-08  5.453E-08  1.083E-06
                2.611E-06  7.039E-09  2.017E-07  3.666E-07  1.249E-08  1.413E-08
                2.223E-07  6.537E-08  9.865E-08  2.158E-06  5.023E-07  1.853E-07
                1.204E-07  5.275E-10  2.048E-09  7.160E-11  3.804E-08  1.202E-07
                1.904E-08  1.724E-08  1.047E-07  3.488E-07  5.704E-07  9.948E-07
                3.598E-07  1.429E-07  1.680E-08  3.683E-08  7.234E-08  1.416E-08
                5.587E-08  8.143E-09  1.971E-07  5.435E-07  8.119E-08  2.725E-08
                6.087E-07  2.701E-06  2.936E-11  1.860E-10  3.971E-10  3.541E-10
                4.663E-11  1.732E-08  1.167E-07  2.399E-07  7.872E-08  2.391E-08
                2.382E-07  6.789E-07  2.203E-07  1.236E-06  5.075E-09  2.825E-08
                5.847E-08  1.246E-07  5.737E-08  1.518E-08  2.461E-08  6.615E-08
                9.308E-09  1.527E-07  6.660E-07  1.802E-07  4.292E-07  5.494E-09
                5.152E-06  1.848E-07  1.171E-07  9.229E-08  5.415E-09  3.325E-08
                8.672E-08  8.761E-08  1.497E-06  9.126E-08  1.068E-07  5.221E-07
                7.778E-08  2.693E-08  5.167E-07  3.226E-06  1.424E-07  3.773E-07
                3.292E-07  7.818E-09  1.879E-08  3.490E-08  3.680E-08  5.354E-09
                1.593E-08  3.894E-08  9.312E-08  4.509E-08  7.362E-09  5.348E-08
                2.525E-07  1.102E-06  1.759E-08  3.697E-08  1.287E-07  2.468E-07
                4.872E-08  1.181E-06  5.112E-07  5.847E-08  8.426E-08  1.190E-08
                7.150E-07  6.836E-08  1.213E-08  1.090E-07  4.706E-08  3.287E-08
                1.503E-07  1.215E-07  3.550E-07  1.899E-06  2.460E-08  3.297E-08
                1.553E-08  4.969E-09  3.630E-08  2.114E-08  3.587E-08  1.762E-07
                7.561E-08  2.374E-08  1.035E-07  3.288E-07  9.091E-07  5.266E-08
                8.351E-08  4.772E-08  3.595E-08  5.844E-08  8.850E-08  2.250E-08
                2.054E-08  2.811E-08  8.101E-07  7.979E-08  2.147E-07  2.785E-06
                2.451E-08  8.137E-09  4.384E-08  1.335E-07  3.223E-07  3.642E-08
                5.180E-08  6.690E-08  6.091E-09  2.429E-08  1.563E-08  1.096E-08
                4.281E-07  1.288E-07  1.957E-07  1.116E-07  7.476E-07  4.749E-09
                1.027E-08  6.759E-08  9.066E-09  7.753E-07  6.923E-08
