          16           7
         215          13           1           1
           0          -4           0          -4           0          -6           0          -2           0          -4           0           6           0           4           0           2           0           4           0           6           0           2           0           4           0           2           0          -4           0          -2           0           2           0           4           0           6           0           2           0           4           0           6           0           4           0          -2           0          -2           0          -4           0          -6           0          -8           0          -2           0          -4           0          -6           0          -4           0           2           0          -4           0          -6           0          -2           0          -4           0          -6           0          -6           0          -8           0          -4           0          -6           0          -2           0          -4           0           4           0           6           0           8           0          10           0           4           0          -4           0           2           0           6           0           4           0           8           0           2           0          -4           0          -2           0           6           0           6           0           4           0           2           0           8           0           4           0           6           0           8           0           4           0           6           0           8           0          10           0           4           0           6           0           8           0           6           0           4           0           2           0           6           0           2           0           4           0           2           0          -4           0          -2           0          -6           0          -8           0           6           0           4           0          -4           0          -6           0          -2           0          -4           0          -6           0          -8           0         -10           0          -2           0          -4           0          -6           0          -4           0          -2           0          -6           0          -8           0          -2           0          -4           0           2           0           4           0           6           0           8           0           4           0           4           0           6           0           8           0           2           0          10           0           8           0           6           0           4           0           2           0           6           0           6           0           4           0           4           0           2           0           4           0           6           0           8           0          -4           0           2           0           4           0          -6           0          -4           0           2           0           4           0           6           0           4           0           6           0          -2           0          -4           0          -6           0          -8           0         -10           0          -6           0          -8           0         -10           0         -12           0           2           0          -2           0          -4           0          -6           0          -8           0          -2           0          -8           0         -10           0          -4           0          -2           0          -6           0          -4           0          -2           0          -4           0          -2           0          -4           0          -6           0          -4           0          -8           0          -6           0           2           0           4           0           2           0           4           0           6           0         -10           0          -8           0          -6           0          -4           0           6           0          -2           0          -4           0           8           0          -6           0          -2           0          -4           0          -6           0          -8           0           4           0           6           0          -4           0          -6           0          -6           0          -8           0          -2           0           2           0          -4           0           4           0           6           0           4           0           4           0           2           0           2           0          -4           0          -6           0          -8           0          -2           0          -4           0          -6           0          -8           0         -10           0          -8           0          -6           0          -4           0          -2           0          -2           0          -4           0          -6           0          -6           0          -8           0          -4           0          -2           0          -6           0          -4
    0.000000E+00    9.645106E-03    9.843162E-03    1.435602E-02    1.458263E-02
    4.247197E-02    4.320385E-02    4.360158E-02    5.944295E-02    5.948713E-02
    6.922989E-02    7.316769E-02    7.411300E-02    1.134727E-01    1.147319E-01
    2.354040E-01    2.358931E-01    2.366026E-01    2.382857E-01    2.391328E-01
    2.438023E-01    2.438287E-01    2.461520E-01    2.471700E-01    2.474363E-01
    2.479076E-01    2.485433E-01    2.486026E-01    2.487216E-01    2.491410E-01
    2.502551E-01    2.507374E-01    2.510783E-01    2.511300E-01    2.524691E-01
    2.524772E-01    2.554279E-01    2.561102E-01    2.563381E-01    2.591442E-01
    2.591854E-01    2.609226E-01    2.615363E-01    2.619649E-01    2.622131E-01
    2.625883E-01    2.631076E-01    2.632646E-01    2.633261E-01    2.634365E-01
    2.637297E-01    2.638533E-01    2.640096E-01    2.643758E-01    2.644930E-01
    2.645338E-01    2.648466E-01    2.652759E-01    2.655531E-01    2.656939E-01
    2.657640E-01    2.676748E-01    2.677713E-01    2.679166E-01    2.688115E-01
    2.690337E-01    2.711118E-01    2.712141E-01    2.720014E-01    2.721113E-01
    2.724223E-01    2.724984E-01    2.725578E-01    2.726085E-01    2.727219E-01
    2.737570E-01    2.740430E-01    2.746587E-01    2.763855E-01    2.763956E-01
    2.763957E-01    2.764682E-01    2.789238E-01    2.791446E-01    2.808157E-01
    2.808428E-01    2.816082E-01    2.816156E-01    2.816277E-01    2.816445E-01
    2.816660E-01    2.832213E-01    2.832636E-01    2.833497E-01    2.872720E-01
    2.872722E-01    2.872783E-01    2.873017E-01    2.873787E-01    2.874354E-01
    2.875828E-01    2.876419E-01    2.877951E-01    2.879672E-01    2.884374E-01
    2.885530E-01    2.886000E-01    2.886971E-01    2.887362E-01    2.888178E-01
    2.901974E-01    2.902310E-01    2.934227E-01    2.936053E-01    2.936679E-01
    2.948139E-01    2.948751E-01    2.949134E-01    2.954910E-01    2.955387E-01
    2.955818E-01    2.956302E-01    2.974080E-01    2.974265E-01    2.978254E-01
    2.979930E-01    2.980044E-01    2.981863E-01    2.981951E-01    2.982014E-01
    2.986863E-01    2.989406E-01    2.997979E-01    3.013547E-01    3.014398E-01
    3.015665E-01    3.017420E-01    3.025165E-01    3.025355E-01    3.025686E-01
    3.026262E-01    3.032771E-01    3.036433E-01    3.036673E-01    3.036996E-01
    3.037196E-01    3.041292E-01    3.046134E-01    3.046301E-01    3.048276E-01
    3.048611E-01    3.049614E-01    3.051740E-01    3.052844E-01    3.060373E-01
    3.062721E-01    3.065126E-01    3.067251E-01    3.072820E-01    3.083217E-01
    3.083847E-01    3.085481E-01    3.086063E-01    3.093086E-01    3.093690E-01
    3.093750E-01    3.093804E-01    3.094500E-01    3.095030E-01    3.095365E-01
    3.096086E-01    3.096683E-01    3.098305E-01    3.098337E-01    3.100372E-01
    3.110986E-01    3.111053E-01    3.111248E-01    3.111449E-01    3.124031E-01
    3.124222E-01    3.126400E-01    3.132139E-01    3.132929E-01    3.134326E-01
    3.163175E-01    3.165548E-01    3.167011E-01    3.167161E-01    3.173537E-01
    3.174815E-01    3.194473E-01    3.198310E-01    3.206567E-01    3.235572E-01
    3.235827E-01    3.236877E-01    3.236885E-01    3.238034E-01    3.239013E-01
    3.239634E-01    3.240075E-01    3.245628E-01    3.245933E-01    3.263728E-01
    3.264517E-01    3.271738E-01    3.284075E-01    3.287843E-01    3.314323E-01
    3.314556E-01    3.324856E-01    3.325179E-01    3.327131E-01    3.333147E-01
           0           4           0           1
  -28.010499495533246               13
3.75360995E+01  1.652E-01  5.335E-02  1.740E-01  1.491E-02  7.261E-02  1.010E-01
                1.186E-02  7.755E-05  1.002E-03  7.610E-04  1.393E-04  4.162E-02
                1.063E-04  3.017E-03  4.389E-04
5.11440995E+01  6.892E-02  2.217E-02  7.224E-02  6.221E-03  3.030E-02  5.864E-02
                6.901E-03  5.166E-05  7.399E-04  4.157E-04  6.296E-05  2.736E-02
                5.259E-05  1.559E-03  2.264E-04  1.232E-05  2.020E-05  1.913E-05
                1.703E-05  2.351E-05  1.384E-05  2.559E-06  3.008E-05  3.841E-06
                1.092E-05  1.612E-05  1.315E-05  1.611E-05  5.028E-05  5.140E-05
                6.292E-05  2.085E-06  2.282E-04  5.928E-05  6.462E-06  4.474E-05
                9.315E-08  5.201E-06  2.295E-05  7.383E-05  1.681E-04  1.011E-05
                7.528E-05  2.238E-06  8.139E-06  1.427E-05  3.329E-05  3.238E-05
                1.694E-04  2.176E-06  1.681E-05  1.736E-05  1.024E-05  2.978E-06
                3.749E-05  7.253E-06  2.626E-05  1.233E-04  8.260E-05  4.590E-05
                3.154E-05  4.728E-07  1.619E-07  1.765E-07  9.243E-06  9.919E-05
                1.990E-05  1.328E-05  1.650E-05  4.302E-05  1.463E-04  4.430E-05
                2.192E-05  1.577E-05  1.908E-05  2.509E-05  3.709E-05  3.551E-05
                2.606E-05  4.603E-06  6.480E-05  3.061E-05  6.946E-05  8.989E-06
                5.260E-05  3.398E-04  5.373E-07  1.895E-06  1.863E-07  3.823E-07
                1.368E-06  2.223E-06  1.608E-05  2.422E-05
6.47520995E+01  3.479E-02  1.117E-02  3.647E-02  3.101E-03  1.519E-02  3.908E-02
                4.581E-03  1.690E-05  3.785E-04  2.069E-04  2.384E-05  1.855E-02
                2.378E-05  8.367E-04  1.213E-04  8.074E-06  1.295E-05  1.211E-05
                9.180E-06  1.472E-05  9.127E-06  5.088E-07  1.266E-05  2.069E-06
                4.750E-06  5.656E-06  4.283E-06  8.843E-06  2.381E-05  2.486E-05
                9.132E-06  1.815E-06  8.007E-05  2.285E-05  2.475E-06  1.664E-05
                7.513E-09  1.521E-06  9.173E-06  2.599E-05  7.509E-05  4.125E-06
                3.015E-05  4.614E-07  9.393E-07  1.655E-06  3.939E-06  7.079E-06
                1.005E-04  5.189E-07  5.228E-06  3.161E-06  1.010E-06  6.347E-07
                1.627E-05  5.309E-06  2.349E-06  4.325E-05  2.877E-05  1.537E-05
                9.665E-06  1.356E-08  2.259E-08  3.156E-09  2.352E-06  2.021E-05
                6.556E-07  1.146E-07  4.524E-06  1.483E-05  2.880E-05  1.618E-05
                6.543E-06  2.908E-06  9.406E-07  2.226E-06  6.107E-06  2.881E-06
                1.874E-06  2.655E-07  6.779E-06  1.916E-05  7.519E-06  1.491E-06
                1.849E-05  8.127E-05  1.309E-09  2.955E-09  7.949E-09  1.630E-08
                3.691E-09  6.113E-07  3.389E-06  6.681E-06  9.366E-07  3.011E-07
                2.714E-06  7.530E-06  6.447E-06  3.667E-05  1.434E-07  7.734E-07
                1.642E-06  3.458E-06  1.506E-06  3.784E-07  6.374E-07  1.851E-06
                2.401E-07  4.260E-06  2.058E-05  5.386E-06  9.322E-06  1.794E-07
                1.113E-04  3.377E-06  2.515E-06  1.570E-06  6.570E-08  5.313E-07
                1.457E-06  1.266E-06  4.689E-05  2.054E-06  2.073E-06  1.493E-05
                2.378E-06  7.747E-07  9.989E-06  6.124E-05  4.072E-06  1.017E-05
                9.706E-06  6.401E-07  1.506E-06  2.924E-06  4.461E-06  3.521E-07
                1.375E-06  3.347E-06  7.904E-06  1.017E-06  4.819E-07  1.830E-06
                6.452E-06  2.296E-05  9.523E-07  2.817E-06  1.131E-05  6.829E-06
                1.381E-06  2.359E-05  1.063E-05  1.457E-06  2.361E-06  7.102E-07
                1.220E-05  3.901E-06  8.302E-07  8.360E-06  2.787E-06  7.362E-07
                2.987E-06  3.924E-06  8.668E-06  3.891E-05  2.464E-06  1.843E-06
                9.974E-07  3.298E-07  1.109E-06  6.111E-07  1.327E-06  4.204E-06
                2.527E-06  1.089E-06  2.865E-06  7.520E-06  1.871E-05  1.164E-06
                1.298E-06  2.463E-06  2.375E-06  3.508E-06  5.424E-06  1.403E-06
                3.093E-07  1.407E-06  1.217E-05  1.608E-06  3.270E-06  4.023E-05
                3.654E-07  2.446E-07  4.954E-06  1.051E-05  1.954E-05  4.522E-06
                5.864E-06  5.869E-06  4.678E-07  8.521E-07  8.810E-07  5.661E-07
                4.357E-06  1.463E-06  2.753E-06  3.076E-06  1.265E-05  2.300E-07
                4.525E-07  1.090E-06  2.768E-07  1.080E-05  1.255E-06
7.83600995E+01  1.964E-02  6.284E-03  2.053E-02  1.741E-03  8.537E-03  2.711E-02
                3.175E-03  9.018E-06  2.596E-04  1.270E-04  1.217E-05  1.326E-02
                1.332E-05  4.963E-04  7.196E-05  4.454E-06  7.261E-06  7.031E-06
                5.365E-06  9.194E-06  6.432E-06  3.627E-07  6.252E-06  1.227E-06
                2.747E-06  3.230E-06  2.163E-06  5.086E-06  1.303E-05  1.402E-05
                5.136E-06  1.233E-06  3.559E-05  1.189E-05  1.419E-06  8.828E-06
                5.085E-09  7.650E-07  4.514E-06  1.278E-05  3.725E-05  2.039E-06
                1.538E-05  2.373E-07  4.384E-07  7.377E-07  1.723E-06  4.496E-06
                5.874E-05  2.496E-07  2.446E-06  1.842E-06  4.600E-07  2.877E-07
                8.194E-06  2.674E-06  1.262E-06  2.127E-05  1.431E-05  8.039E-06
                4.955E-06  8.483E-09  1.475E-08  1.528E-09  9.147E-07  7.479E-06
                4.258E-07  1.579E-07  2.673E-06  8.916E-06  1.686E-05  1.214E-05
                4.583E-06  1.969E-06  4.698E-07  1.150E-06  2.598E-06  1.094E-06
                1.196E-06  1.642E-07  4.393E-06  1.221E-05  3.387E-06  8.079E-07
                1.139E-05  5.088E-05  4.457E-10  2.603E-09  6.080E-09  6.869E-09
                1.808E-09  4.116E-07  2.436E-06  4.997E-06  5.791E-07  1.529E-07
                1.863E-06  5.394E-06  4.017E-06  2.278E-05  5.978E-08  3.003E-07
                7.286E-07  1.528E-06  3.066E-07  1.191E-07  3.777E-07  9.706E-07
                1.505E-07  1.994E-06  1.308E-05  3.390E-06  5.806E-06  9.068E-08
                6.970E-05  2.190E-06  1.664E-06  1.081E-06  6.411E-08  5.022E-07
                1.207E-06  1.126E-06  2.945E-05  1.276E-06  1.357E-06  1.024E-05
                1.511E-06  5.040E-07  6.274E-06  3.814E-05  2.627E-06  6.810E-06
                6.581E-06  2.835E-07  6.955E-07  1.317E-06  1.877E-06  1.671E-07
                6.023E-07  1.556E-06  3.698E-06  7.713E-07  1.744E-07  8.512E-07
                3.419E-06  1.324E-05  5.217E-07  1.088E-06  4.367E-06  4.648E-06
                8.995E-07  1.467E-05  6.458E-06  7.953E-07  1.413E-06  3.567E-07
                8.227E-06  2.080E-06  5.168E-07  3.767E-06  1.277E-06  3.703E-07
                1.494E-06  2.546E-06  5.778E-06  2.302E-05  1.175E-06  9.016E-07
                4.342E-07  1.548E-07  6.021E-07  3.319E-07  5.905E-07  2.394E-06
                1.085E-06  5.599E-07  1.620E-06  4.232E-06  1.123E-05  6.391E-07
                7.872E-07  1.282E-06  1.255E-06  1.555E-06  2.466E-06  7.901E-07
                1.175E-07  8.113E-07  8.558E-06  1.138E-06  2.317E-06  2.868E-05
                2.546E-07  1.280E-07  2.100E-06  4.741E-06  9.350E-06  1.835E-06
                2.440E-06  2.589E-06  1.405E-07  2.147E-07  5.546E-07  2.761E-07
                3.643E-06  1.166E-06  1.990E-06  1.706E-06  8.124E-06  1.170E-07
                2.117E-07  6.553E-07  1.618E-07  7.368E-06  7.621E-07
9.19680995E+01  1.198E-02  3.837E-03  1.253E-02  1.063E-03  5.213E-03  1.952E-02
                2.286E-03  5.625E-06  1.856E-04  8.445E-05  6.842E-06  9.706E-03
                7.999E-06  3.103E-04  4.495E-05  2.493E-06  4.134E-06  4.208E-06
                3.128E-06  5.743E-06  4.293E-06  2.455E-07  3.795E-06  8.871E-07
                1.915E-06  2.236E-06  1.439E-06  3.117E-06  7.851E-06  8.564E-06
                3.178E-06  8.186E-07  1.869E-05  6.878E-06  8.801E-07  5.234E-06
                3.313E-09  4.300E-07  2.481E-06  7.178E-06  2.083E-05  1.140E-06
                8.770E-06  1.538E-07  2.497E-07  3.835E-07  8.608E-07  3.648E-06
                3.643E-05  1.386E-07  1.469E-06  1.385E-06  2.498E-07  1.597E-07
                4.597E-06  1.504E-06  7.846E-07  1.351E-05  8.213E-06  4.595E-06
                2.795E-06  5.584E-09  1.066E-08  1.071E-09  4.702E-07  3.597E-06
                2.737E-07  1.561E-07  1.642E-06  5.507E-06  1.017E-05  9.065E-06
                3.404E-06  1.439E-06  2.625E-07  6.815E-07  1.397E-06  5.293E-07
                8.369E-07  1.111E-07  3.106E-06  8.608E-06  1.823E-06  4.752E-07
                7.442E-06  3.328E-05  2.920E-10  1.760E-09  4.065E-09  4.412E-09
                1.022E-09  2.910E-07  1.744E-06  3.577E-06  4.215E-07  1.003E-07
                1.432E-06  4.236E-06  2.650E-06  1.498E-05  4.416E-08  2.086E-07
                5.464E-07  1.153E-06  1.196E-07  6.868E-08  2.760E-07  7.056E-07
                9.763E-08  1.442E-06  9.332E-06  2.422E-06  3.846E-06  6.194E-08
                4.626E-05  1.574E-06  1.177E-06  7.828E-07  4.962E-08  3.769E-07
                8.973E-07  8.805E-07  1.946E-05  9.651E-07  1.026E-06  6.744E-06
                9.836E-07  3.570E-07  4.271E-06  2.581E-05  1.901E-06  4.956E-06
                4.593E-06  1.549E-07  3.780E-07  7.125E-07  9.772E-07  9.149E-08
                3.179E-07  8.137E-07  1.931E-06  5.044E-07  1.028E-07  5.434E-07
                2.275E-06  9.109E-06  3.061E-07  4.586E-07  1.843E-06  3.077E-06
                5.908E-07  1.002E-05  4.403E-06  5.291E-07  8.684E-07  2.084E-07
                5.828E-06  1.167E-06  2.849E-07  2.250E-06  7.195E-07  2.642E-07
                9.607E-07  1.778E-06  3.989E-06  1.487E-05  6.394E-07  5.232E-07
                2.506E-07  8.957E-08  4.170E-07  2.075E-07  3.616E-07  1.693E-06
                6.961E-07  3.354E-07  1.051E-06  2.879E-06  7.707E-06  4.243E-07
                5.629E-07  7.150E-07  7.037E-07  8.431E-07  1.303E-06  4.797E-07
                7.730E-08  4.975E-07  6.069E-06  7.517E-07  1.634E-06  2.098E-05
                1.960E-07  8.675E-08  1.019E-06  2.505E-06  5.213E-06  8.480E-07
                1.184E-06  1.346E-06  5.334E-08  7.569E-08  3.200E-07  1.519E-07
                2.804E-06  8.921E-07  1.515E-06  1.106E-06  5.732E-06  7.014E-08
                1.268E-07  4.850E-07  1.085E-07  5.436E-06  5.223E-07
1.05576099E+02  7.685E-03  2.457E-03  8.034E-03  6.792E-04  3.336E-03  1.456E-02
                1.704E-03  3.502E-06  1.379E-04  5.854E-05  4.134E-06  7.396E-03
                5.046E-06  2.067E-04  2.995E-05  1.514E-06  2.544E-06  2.721E-06
                1.927E-06  3.743E-06  2.823E-06  1.664E-07  2.495E-06  7.786E-07
                1.580E-06  1.817E-06  1.170E-06  1.945E-06  4.905E-06  5.386E-06
                2.224E-06  5.345E-07  1.055E-05  4.283E-06  5.597E-07  3.253E-06
                2.219E-09  2.562E-07  1.447E-06  4.271E-06  1.223E-05  6.724E-07
                5.285E-06  1.152E-07  1.668E-07  2.308E-07  4.787E-07  2.990E-06
                2.363E-05  7.987E-08  9.843E-07  1.086E-06  1.433E-07  9.334E-08
                2.712E-06  8.877E-07  5.326E-07  9.468E-06  5.148E-06  2.838E-06
                1.713E-06  4.001E-09  8.166E-09  7.504E-10  2.767E-07  1.945E-06
                1.864E-07  1.329E-07  1.091E-06  3.658E-06  6.574E-06  6.744E-06
                2.613E-06  1.120E-06  1.560E-07  4.250E-07  8.278E-07  2.860E-07
                5.769E-07  7.668E-08  2.143E-06  5.924E-06  1.085E-06  3.021E-07
                4.984E-06  2.230E-05  2.015E-10  1.243E-09  2.838E-09  2.982E-09
                6.545E-10  1.996E-07  1.202E-06  2.480E-06  3.211E-07  7.307E-08
                1.116E-06  3.325E-06  1.777E-06  1.005E-05  3.323E-08  1.551E-07
                4.113E-07  8.675E-07  8.115E-08  4.769E-08  2.010E-07  5.185E-07
                7.072E-08  1.069E-06  6.830E-06  1.777E-06  2.682E-06  4.284E-08
                3.223E-05  1.162E-06  8.506E-07  5.841E-07  3.834E-08  2.804E-07
                6.655E-07  6.709E-07  1.298E-05  7.388E-07  7.852E-07  4.600E-06
                6.634E-07  2.608E-07  3.047E-06  1.834E-05  1.384E-06  3.624E-06
                3.137E-06  9.935E-08  2.399E-07  4.478E-07  5.906E-07  5.891E-08
                1.975E-07  5.006E-07  1.188E-06  3.474E-07  6.549E-08  3.692E-07
                1.594E-06  6.528E-06  1.906E-07  2.575E-07  1.025E-06  2.105E-06
                4.008E-07  7.147E-06  3.131E-06  3.716E-07  5.716E-07  1.297E-07
                4.200E-06  7.142E-07  1.689E-07  1.434E-06  4.563E-07  1.972E-07
                6.930E-07  1.255E-06  2.828E-06  1.042E-05  3.952E-07  3.420E-07
                1.652E-07  5.895E-08  2.968E-07  1.414E-07  2.430E-07  1.234E-06
                4.799E-07  2.274E-07  7.395E-07  2.060E-06  5.506E-06  3.027E-07
                4.338E-07  4.623E-07  4.339E-07  5.361E-07  8.095E-07  3.058E-07
                6.268E-08  3.212E-07  4.476E-06  5.322E-07  1.200E-06  1.569E-05
                1.528E-07  6.219E-08  5.789E-07  1.504E-06  3.240E-06  4.696E-07
                6.742E-07  7.997E-07  2.670E-08  4.002E-08  1.993E-07  9.451E-08
                2.142E-06  6.762E-07  1.133E-06  7.751E-07  4.233E-06  4.470E-08
                8.263E-08  3.608E-07  7.336E-08  4.101E-06  3.859E-07
1.19184099E+02  5.237E-03  1.681E-03  5.489E-03  4.659E-04  2.287E-03  1.121E-02
                1.311E-03  2.411E-06  1.056E-04  4.270E-05  2.553E-06  5.720E-03
                3.326E-06  1.447E-04  2.096E-05  9.007E-07  1.535E-06  1.780E-06
                1.152E-06  2.462E-06  1.855E-06  1.145E-07  1.689E-06  6.371E-07
                1.247E-06  1.418E-06  9.323E-07  1.228E-06  3.147E-06  3.439E-06
                1.584E-06  3.514E-07  6.798E-06  2.828E-06  3.658E-07  2.148E-06
                1.397E-09  1.592E-07  8.841E-07  2.833E-06  8.016E-06  4.426E-07
                3.521E-06  1.082E-07  1.413E-07  1.732E-07  3.061E-07  2.575E-06
                1.642E-05  4.913E-08  7.176E-07  9.077E-07  8.753E-08  6.366E-08
                1.773E-06  5.711E-07  3.892E-07  7.140E-06  3.353E-06  1.774E-06
                1.089E-06  2.681E-09  6.235E-09  5.127E-10  1.889E-07  1.198E-06
                1.269E-07  1.064E-07  7.287E-07  2.441E-06  4.308E-06  5.084E-06
                1.881E-06  7.790E-07  1.006E-07  2.785E-07  5.391E-07  1.743E-07
                3.975E-07  5.340E-08  1.465E-06  4.044E-06  6.948E-07  2.005E-07
                3.569E-06  1.599E-05  1.482E-10  9.188E-10  2.064E-09  2.091E-09
                4.292E-10  1.353E-07  8.360E-07  1.720E-06  2.541E-07  5.796E-08
                8.873E-07  2.656E-06  1.286E-06  7.264E-06  2.496E-08  1.159E-07
                3.055E-07  6.474E-07  6.785E-08  3.578E-08  1.408E-07  3.668E-07
                4.970E-08  7.667E-07  4.549E-06  1.190E-06  2.036E-06  3.060E-08
                2.449E-05  8.590E-07  6.294E-07  4.375E-07  2.831E-08  2.016E-07
                4.866E-07  4.979E-07  9.270E-06  5.282E-07  5.650E-07  3.226E-06
                4.682E-07  1.906E-07  2.341E-06  1.414E-05  9.485E-07  2.487E-06
                2.200E-06  6.355E-08  1.531E-07  2.853E-07  3.631E-07  3.926E-08
                1.256E-07  3.142E-07  7.440E-07  2.424E-07  4.524E-08  2.683E-07
                1.185E-06  4.935E-06  1.315E-07  1.445E-07  5.629E-07  1.486E-06
                2.862E-07  5.388E-06  2.356E-06  2.764E-07  4.102E-07  8.570E-08
                3.212E-06  4.785E-07  1.078E-07  9.095E-07  2.931E-07  1.455E-07
                5.242E-07  8.383E-07  1.990E-06  7.833E-06  2.496E-07  2.290E-07
                1.101E-07  3.910E-08  2.026E-07  1.035E-07  1.762E-07  8.602E-07
                3.549E-07  1.528E-07  5.315E-07  1.536E-06  4.146E-06  2.297E-07
                3.450E-07  2.924E-07  2.783E-07  3.409E-07  5.090E-07  1.975E-07
                5.133E-08  2.134E-07  3.467E-06  3.696E-07  9.233E-07  1.224E-05
                1.196E-07  4.576E-08  3.377E-07  9.463E-07  2.131E-06  2.610E-07
                3.902E-07  4.930E-07  1.493E-08  3.259E-08  1.285E-07  6.252E-08
                1.697E-06  5.321E-07  8.870E-07  5.739E-07  3.270E-06  2.901E-08
                5.308E-08  2.787E-07  5.044E-08  3.219E-06  2.969E-07
1.32792099E+02  3.613E-03  1.157E-03  3.784E-03  3.199E-04  1.573E-03  8.735E-03
                1.022E-03  1.600E-06  8.237E-05  3.172E-05  1.695E-06  4.554E-03
                2.257E-06  1.023E-04  1.483E-05  5.735E-07  9.942E-07  1.267E-06
                7.381E-07  1.732E-06  1.262E-06  8.191E-08  1.271E-06  5.123E-07
                9.849E-07  1.123E-06  7.650E-07  7.959E-07  2.097E-06  2.299E-06
                1.157E-06  2.368E-07  4.517E-06  1.938E-06  2.423E-07  1.449E-06
                9.805E-10  1.029E-07  5.650E-07  1.891E-06  5.270E-06  2.903E-07
                2.343E-06  8.903E-08  1.108E-07  1.268E-07  1.989E-07  2.126E-06
                1.146E-05  3.096E-08  5.337E-07  7.382E-07  5.387E-08  4.409E-08
                1.154E-06  3.694E-07  2.870E-07  5.452E-06  2.307E-06  1.189E-06
                7.179E-07  2.149E-09  5.161E-09  3.660E-10  1.323E-07  7.496E-07
                9.085E-08  7.903E-08  5.150E-07  1.726E-06  2.997E-06  3.842E-06
                1.505E-06  6.467E-07  6.837E-08  1.932E-07  3.629E-07  1.076E-07
                2.904E-07  3.976E-08  1.067E-06  2.939E-06  4.638E-07  1.388E-07
                2.525E-06  1.131E-05  1.101E-10  6.916E-10  1.541E-09  1.528E-09
                3.031E-10  9.738E-08  6.036E-07  1.245E-06  2.035E-07  4.662E-08
                7.108E-07  2.129E-06  9.088E-07  5.128E-06  1.927E-08  9.032E-08
                2.344E-07  4.965E-07  6.044E-08  2.947E-08  1.087E-07  2.826E-07
                3.717E-08  5.952E-07  3.629E-06  9.540E-07  1.488E-06  2.340E-08
                1.784E-05  6.446E-07  4.740E-07  3.391E-07  2.186E-08  1.523E-07
                3.670E-07  3.792E-07  6.510E-06  4.243E-07  4.544E-07  2.301E-06
                3.314E-07  1.408E-07  1.733E-06  1.047E-05  7.437E-07  1.963E-06
                1.583E-06  4.713E-08  1.124E-07  2.072E-07  2.548E-07  2.877E-08
                9.186E-08  2.300E-07  5.470E-07  1.730E-07  3.188E-08  1.983E-07
                8.939E-07  3.775E-06  8.926E-08  1.129E-07  4.363E-07  1.063E-06
                2.034E-07  4.116E-06  1.794E-06  2.095E-07  2.983E-07  5.824E-08
                2.428E-06  3.261E-07  7.045E-08  6.308E-07  2.097E-07  1.151E-07
                4.119E-07  6.507E-07  1.520E-06  5.886E-06  1.741E-07  1.682E-07
                8.212E-08  2.901E-08  1.640E-07  7.712E-08  1.310E-07  7.203E-07
                2.667E-07  1.168E-07  4.086E-07  1.178E-06  3.164E-06  1.722E-07
                2.663E-07  2.205E-07  1.916E-07  2.552E-07  3.740E-07  1.356E-07
                4.673E-08  1.495E-07  2.637E-06  3.013E-07  6.981E-07  9.302E-06
                9.334E-08  3.457E-08  2.416E-07  6.694E-07  1.509E-06  1.931E-07
                2.847E-07  3.519E-07  1.166E-08  2.656E-08  8.547E-08  4.317E-08
                1.337E-06  4.162E-07  6.785E-07  4.329E-07  2.531E-06  2.055E-08
                3.887E-08  2.168E-07  3.715E-08  2.520E-06  2.335E-07
1.46400099E+02  2.675E-03  8.609E-04  2.810E-03  2.390E-04  1.174E-03  6.979E-03
                8.164E-04  1.264E-06  6.540E-05  2.458E-05  1.125E-06  3.619E-03
                1.572E-06  7.584E-05  1.098E-05  3.846E-07  6.724E-07  9.506E-07
                4.742E-07  1.248E-06  8.515E-07  5.973E-08  8.853E-07  4.442E-07
                8.273E-07  9.304E-07  6.485E-07  5.124E-07  1.393E-06  1.503E-06
                9.011E-07  1.598E-07  3.338E-06  1.406E-06  1.637E-07  1.017E-06
                6.036E-10  6.779E-08  3.655E-07  1.416E-06  3.911E-06  2.145E-07
                1.733E-06  8.791E-08  1.058E-07  1.144E-07  1.535E-07  1.845E-06
                8.598E-06  2.143E-08  4.254E-07  6.339E-07  3.771E-08  3.495E-08
                8.434E-07  2.619E-07  2.269E-07  4.397E-06  1.629E-06  7.911E-07
                4.942E-07  1.470E-09  4.074E-09  2.520E-10  1.051E-07  5.369E-07
                6.489E-08  6.198E-08  3.655E-07  1.221E-06  2.086E-06  2.981E-06
                1.074E-06  4.364E-07  4.808E-08  1.354E-07  2.619E-07  7.544E-08
                1.957E-07  2.746E-08  7.082E-07  1.950E-06  3.266E-07  9.914E-08
                1.918E-06  8.567E-06  8.544E-11  5.351E-10  1.170E-09  1.116E-09
                2.116E-10  6.435E-08  4.098E-07  8.512E-07  1.677E-07  3.939E-08
                5.816E-07  1.740E-06  6.945E-07  3.929E-06  1.430E-08  6.808E-08
                1.726E-07  3.677E-07  5.746E-08  2.275E-08  7.396E-08  1.962E-07
                2.682E-08  4.239E-07  2.274E-06  6.025E-07  1.225E-06  1.736E-08
                1.475E-05  4.898E-07  3.601E-07  2.565E-07  1.601E-08  1.078E-07
                2.681E-07  2.752E-07  4.813E-06  2.862E-07  3.112E-07  1.719E-06
                2.487E-07  1.008E-07  1.432E-06  8.758E-06  4.838E-07  1.272E-06
                1.094E-06  3.204E-08  7.657E-08  1.413E-07  1.681E-07  2.060E-08
                6.337E-08  1.569E-07  3.725E-07  1.275E-07  2.387E-08  1.535E-07
                7.009E-07  2.987E-06  6.800E-08  7.600E-08  2.857E-07  8.019E-07
                1.550E-07  3.250E-06  1.415E-06  1.641E-07  2.308E-07  4.160E-08
                1.929E-06  2.416E-07  4.910E-08  4.218E-07  1.451E-07  8.567E-08
                3.264E-07  4.113E-07  1.075E-06  4.809E-06  1.154E-07  1.186E-07
                5.727E-08  1.997E-08  1.069E-07  6.006E-08  1.018E-07  4.782E-07
                2.096E-07  8.225E-08  3.079E-07  9.192E-07  2.493E-06  1.412E-07
                2.185E-07  1.478E-07  1.317E-07  1.736E-07  2.544E-07  9.211E-08
                3.901E-08  1.048E-07  2.172E-06  2.052E-07  5.721E-07  7.662E-06
                7.131E-08  2.524E-08  1.551E-07  4.588E-07  1.074E-06  1.191E-07
                1.810E-07  2.360E-07  8.978E-09  2.853E-08  5.984E-08  3.228E-08
                1.080E-06  3.342E-07  5.423E-07  3.315E-07  2.006E-06  1.448E-08
                2.718E-08  1.726E-07  2.701E-08  2.021E-06  1.834E-07
1.60008099E+02  1.912E-03  6.148E-04  2.010E-03  1.706E-04  8.395E-04  5.739E-03
                6.713E-04  7.487E-07  5.396E-05  1.916E-05  7.779E-07  3.055E-03
                1.132E-06  5.807E-05  8.425E-06  2.698E-07  4.776E-07  7.549E-07
                3.260E-07  9.507E-07  5.843E-07  4.485E-08  6.901E-07  3.597E-07
                6.627E-07  7.476E-07  5.387E-07  3.363E-07  9.521E-07  1.038E-06
                6.894E-07  1.081E-07  2.322E-06  1.020E-06  1.083E-07  6.999E-07
                4.471E-10  4.634E-08  2.495E-07  9.841E-07  2.692E-06  1.453E-07
                1.187E-06  7.277E-08  8.576E-08  8.922E-08  1.077E-07  1.550E-06
                6.148E-06  1.444E-08  3.358E-07  5.296E-07  2.556E-08  2.455E-08
                5.690E-07  1.752E-07  1.745E-07  3.519E-06  1.176E-06  5.511E-07
                3.350E-07  1.263E-09  3.467E-09  1.897E-10  7.853E-08  3.533E-07
                4.686E-08  4.449E-08  2.633E-07  8.772E-07  1.478E-06  2.275E-06
                8.859E-07  3.822E-07  3.472E-08  9.479E-08  1.817E-07  4.837E-08
                1.464E-07  2.120E-08  5.287E-07  1.452E-06  2.249E-07  6.972E-08
                1.368E-06  6.105E-06  6.517E-11  4.107E-10  8.903E-10  8.342E-10
                1.576E-10  4.714E-08  2.984E-07  6.255E-07  1.330E-07  3.042E-08
                4.665E-07  1.400E-06  4.913E-07  2.787E-06  1.109E-08  5.404E-08
                1.329E-07  2.808E-07  5.500E-08  2.025E-08  5.880E-08  1.545E-07
                2.052E-08  3.354E-07  1.938E-06  5.163E-07  9.178E-07  1.352E-08
                1.104E-05  3.658E-07  2.781E-07  2.012E-07  1.257E-08  8.301E-08
                2.050E-07  2.104E-07  3.402E-06  2.389E-07  2.613E-07  1.258E-06
                1.791E-07  7.597E-08  1.086E-06  6.641E-06  4.015E-07  1.063E-06
                7.972E-07  2.539E-08  6.009E-08  1.098E-07  1.274E-07  1.579E-08
                4.975E-08  1.243E-07  2.970E-07  9.183E-08  1.783E-08  1.176E-07
                5.417E-07  2.328E-06  4.864E-08  6.498E-08  2.471E-07  5.885E-07
                1.121E-07  2.516E-06  1.091E-06  1.264E-07  1.778E-07  2.985E-08
                1.475E-06  1.737E-07  3.348E-08  3.048E-07  1.071E-07  6.790E-08
                2.625E-07  3.310E-07  8.457E-07  3.749E-06  8.515E-08  9.127E-08
                4.481E-08  1.557E-08  9.216E-08  4.614E-08  7.803E-08  4.267E-07
                1.605E-07  6.542E-08  2.426E-07  7.171E-07  1.932E-06  1.093E-07
                1.678E-07  1.174E-07  9.472E-08  1.349E-07  1.942E-07  6.642E-08
                3.586E-08  7.738E-08  1.706E-06  1.770E-07  4.451E-07  5.982E-06
                5.479E-08  1.930E-08  1.235E-07  3.461E-07  7.999E-07  1.008E-07
                1.484E-07  1.823E-07  7.001E-09  1.950E-08  4.113E-08  2.395E-08
                8.650E-07  2.659E-07  4.230E-07  2.573E-07  1.592E-06  1.075E-08
                2.051E-08  1.380E-07  2.107E-08  1.615E-06  1.464E-07
1.73616099E+02  1.504E-03  4.823E-04  1.574E-03  1.337E-04  6.573E-04  4.506E-03
                5.271E-04  7.578E-07  4.232E-05  1.521E-05  5.483E-07  2.383E-03
                7.990E-07  4.099E-05  5.930E-06  1.964E-07  3.511E-07  6.245E-07
                2.224E-07  7.520E-07  4.237E-07  3.572E-08  5.128E-07  2.440E-07
                4.518E-07  5.132E-07  3.883E-07  2.230E-07  6.612E-07  6.987E-07
                4.772E-07  7.849E-08  1.969E-06  7.568E-07  7.684E-08  5.311E-07
                2.770E-10  3.140E-08  1.696E-07  8.039E-07  2.196E-06  1.184E-07
                9.621E-07  7.020E-08  8.209E-08  8.420E-08  9.327E-08  1.376E-06
                4.949E-06  1.195E-08  2.828E-07  4.685E-07  2.081E-08  2.304E-08
                4.553E-07  1.358E-07  1.476E-07  2.974E-06  8.922E-07  3.893E-07
                2.498E-07  8.603E-10  2.831E-09  1.319E-10  6.571E-08  2.714E-07
                3.595E-08  3.502E-08  1.993E-07  6.659E-07  1.114E-06  1.778E-06
                6.237E-07  2.470E-07  2.747E-08  7.303E-08  1.416E-07  3.588E-08
                1.016E-07  1.470E-08  3.611E-07  9.938E-07  1.696E-07  5.368E-08
                1.119E-06  4.974E-06  5.129E-11  3.229E-10  6.940E-10  6.338E-10
                1.039E-10  3.234E-08  2.134E-07  4.461E-07  1.157E-07  3.015E-08
                3.830E-07  1.129E-06  4.057E-07  2.294E-06  8.555E-09  4.299E-08
                1.012E-07  2.163E-07  5.493E-08  1.711E-08  4.157E-08  1.120E-07
                1.535E-08  2.516E-07  1.177E-06  3.158E-07  7.613E-07  1.028E-08
                9.172E-06  2.992E-07  2.108E-07  1.557E-07  9.317E-09  5.959E-08
                1.533E-07  1.560E-07  2.709E-06  1.573E-07  1.754E-07  9.824E-07
                1.431E-07  5.252E-08  8.993E-07  5.577E-06  2.545E-07  6.698E-07
                5.827E-07  1.622E-08  3.883E-08  7.171E-08  8.015E-08  1.083E-08
                3.253E-08  7.997E-08  1.903E-07  7.430E-08  1.352E-08  9.273E-08
                4.322E-07  1.869E-06  3.685E-08  4.868E-08  1.754E-07  4.628E-07
                9.021E-08  2.025E-06  8.786E-07  1.012E-07  1.397E-07  2.216E-08
                1.204E-06  1.329E-07  2.479E-08  2.120E-07  8.022E-08  5.338E-08
                2.207E-07  2.160E-07  6.186E-07  3.115E-06  5.459E-08  6.357E-08
                3.033E-08  1.023E-08  6.012E-08  3.652E-08  6.204E-08  2.813E-07
                1.299E-07  4.532E-08  1.835E-07  5.669E-07  1.553E-06  8.937E-08
                1.390E-07  8.101E-08  6.821E-08  9.739E-08  1.432E-07  4.573E-08
                2.907E-08  5.465E-08  1.378E-06  1.238E-07  3.625E-07  4.811E-06
                4.272E-08  1.441E-08  8.017E-08  2.468E-07  5.940E-07  6.236E-08
                9.392E-08  1.249E-07  7.370E-09  2.830E-08  3.069E-08  1.877E-08
                6.961E-07  2.128E-07  3.351E-07  1.965E-07  1.253E-06  8.232E-09
                1.638E-08  1.099E-07  1.564E-08  1.285E-06  1.150E-07
1.87224099E+02  1.148E-03  3.727E-04  1.213E-03  1.044E-04  5.130E-04  4.074E-03
                4.764E-04  4.266E-07  3.799E-05  1.278E-05  3.860E-07  2.167E-03
                6.378E-07  3.703E-05  5.371E-06  1.631E-07  2.879E-07  5.324E-07
                1.722E-07  5.982E-07  2.784E-07  2.694E-08  3.616E-07  3.210E-07
                5.641E-07  6.207E-07  4.544E-07  1.428E-07  4.424E-07  4.793E-07
                5.202E-07  5.066E-08  1.286E-06  6.299E-07  4.942E-08  3.487E-07
                1.917E-10  2.299E-08  1.177E-07  5.863E-07  1.577E-06  8.156E-08
                6.581E-07  5.747E-08  6.610E-08  6.576E-08  6.735E-08  1.166E-06
                3.526E-06  8.010E-09  2.324E-07  3.961E-07  1.537E-08  1.498E-08
                3.138E-07  9.219E-08  1.129E-07  2.461E-06  6.535E-07  2.652E-07
                1.681E-07  7.599E-10  2.380E-09  1.006E-10  5.290E-08  2.022E-07
                2.464E-08  2.502E-08  1.388E-07  4.562E-07  7.513E-07  1.436E-06
                5.333E-07  2.272E-07  1.912E-08  4.967E-08  1.029E-07  2.616E-08
                6.973E-08  1.134E-08  2.442E-07  6.645E-07  1.200E-07  3.715E-08
                7.689E-07  3.382E-06  4.101E-11  2.555E-10  5.317E-10  4.631E-10
                9.014E-11  2.115E-08  1.356E-07  3.001E-07  8.835E-08  1.899E-08
                3.185E-07  9.630E-07  2.722E-07  1.570E-06  6.299E-09  3.251E-08
                7.424E-08  1.560E-07  4.810E-08  1.421E-08  3.058E-08  8.160E-08
                1.170E-08  1.843E-07  9.852E-07  2.677E-07  6.274E-07  8.661E-09
                7.613E-06  2.185E-07  1.744E-07  1.234E-07  7.152E-09  4.505E-08
                1.163E-07  1.142E-07  1.764E-06  1.283E-07  1.458E-07  7.335E-07
                1.015E-07  4.139E-08  7.499E-07  4.668E-06  2.106E-07  5.549E-07
                3.717E-07  1.450E-08  3.420E-08  6.229E-08  6.904E-08  9.073E-09
                2.876E-08  7.215E-08  1.731E-07  5.234E-08  1.121E-08  7.499E-08
                3.467E-07  1.502E-06  3.280E-08  3.690E-08  1.404E-07  3.498E-07
                6.538E-08  1.598E-06  6.912E-07  7.962E-08  1.209E-07  1.781E-08
                9.295E-07  1.120E-07  1.804E-08  1.584E-07  5.697E-08  3.964E-08
                1.735E-07  1.532E-07  4.786E-07  2.620E-06  4.449E-08  5.234E-08
                2.560E-08  8.751E-09  4.907E-08  2.929E-08  4.951E-08  2.395E-07
                1.015E-07  3.809E-08  1.501E-07  4.546E-07  1.227E-06  7.599E-08
                1.100E-07  6.454E-08  4.960E-08  7.208E-08  1.017E-07  3.586E-08
                2.599E-08  4.432E-08  1.199E-06  9.907E-08  3.091E-07  4.183E-06
                3.155E-08  1.067E-08  6.656E-08  1.897E-07  4.522E-07  5.431E-08
                8.122E-08  1.002E-07  4.068E-09  1.298E-08  2.169E-08  1.494E-08
                5.793E-07  1.762E-07  2.754E-07  1.586E-07  1.037E-06  6.223E-09
                1.167E-08  9.155E-08  1.294E-08  1.074E-06  9.377E-08
2.00832099E+02  8.146E-04  2.619E-04  8.524E-04  7.225E-05  3.562E-04  3.120E-03
                3.649E-04  2.955E-07  2.962E-05  9.851E-06  2.722E-07  1.726E-03
                4.328E-07  2.397E-05  3.479E-06  1.056E-07  1.968E-07  4.615E-07
                1.126E-07  5.182E-07  2.256E-07  2.428E-08  3.264E-07  1.027E-07
                1.971E-07  2.347E-07  2.061E-07  9.971E-08  3.277E-07  3.519E-07
                2.188E-07  4.072E-08  1.104E-06  3.992E-07  3.413E-08  2.713E-07
                1.531E-10  1.597E-08  9.270E-08  4.123E-07  1.115E-06  5.924E-08
                4.892E-07  5.432E-08  6.168E-08  6.010E-08  5.611E-08  1.098E-06
                2.650E-06  7.011E-09  2.056E-07  3.716E-07  1.276E-08  1.373E-08
                2.246E-07  6.648E-08  1.015E-07  2.197E-06  5.180E-07  1.943E-07
                1.248E-07  5.723E-10  2.107E-09  7.582E-11  3.916E-08  1.230E-07
                1.959E-08  1.800E-08  1.080E-07  3.590E-07  5.867E-07  1.043E-06
                3.883E-07  1.588E-07  1.722E-08  3.755E-08  7.386E-08  1.456E-08
                5.997E-08  8.789E-09  2.127E-07  5.858E-07  8.365E-08  2.794E-08
                6.152E-07  2.737E-06  3.043E-11  1.930E-10  4.121E-10  3.680E-10
                5.057E-11  1.860E-08  1.239E-07  2.552E-07  7.902E-08  2.299E-08
                2.457E-07  7.073E-07  2.228E-07  1.251E-06  5.255E-09  2.883E-08
                6.052E-08  1.284E-07  5.642E-08  1.536E-08  2.600E-08  6.919E-08
                9.705E-09  1.583E-07  7.480E-07  2.024E-07  4.413E-07  5.796E-09
                5.302E-06  1.886E-07  1.238E-07  9.622E-08  5.695E-09  3.510E-08
                9.061E-08  9.149E-08  1.527E-06  1.003E-07  1.165E-07  5.368E-07
                7.898E-08  2.900E-08  5.317E-07  3.310E-06  1.585E-07  4.211E-07
                3.478E-07  8.581E-09  2.053E-08  3.797E-08  4.044E-08  5.750E-09
                1.735E-08  4.267E-08  1.022E-07  4.584E-08  7.705E-09  5.548E-08
                2.613E-07  1.140E-06  1.888E-08  3.638E-08  1.285E-07  2.537E-07
                4.961E-08  1.218E-06  5.270E-07  6.028E-08  8.837E-08  1.248E-08
                7.348E-07  7.157E-08  1.254E-08  1.142E-07  4.762E-08  3.386E-08
                1.520E-07  1.320E-07  3.749E-07  1.945E-06  2.679E-08  3.507E-08
                1.668E-08  5.404E-09  4.033E-08  2.194E-08  3.707E-08  1.963E-07
                7.760E-08  2.536E-08  1.083E-07  3.405E-07  9.369E-07  5.437E-08
                8.547E-08  4.943E-08  3.724E-08  5.934E-08  8.886E-08  2.406E-08
                2.181E-08  3.007E-08  8.431E-07  8.682E-08  2.220E-07  2.899E-06
                2.541E-08  8.563E-09  4.648E-08  1.384E-07  3.327E-07  3.888E-08
                5.563E-08  7.052E-08  5.470E-09  2.084E-08  1.551E-08  1.102E-08
                4.451E-07  1.340E-07  2.045E-07  1.165E-07  7.796E-07  4.771E-09
                9.905E-09  7.052E-08  9.563E-09  8.076E-07  7.182E-08
