          16           7
         215          13           1           1
           0          -4           0          -4           0          -6           0          -2           0          -4           0           6           0           4           0           2           0           4           0           6           0           2           0           4           0           2           0          -4           0          -2           0           2           0           4           0           6           0           2           0           4           0           6           0           4           0          -2           0          -2           0          -4           0          -6           0          -8           0          -2           0          -4           0          -6           0          -4           0           2           0          -4           0          -6           0          -2           0          -4           0          -6           0          -6           0          -8           0          -4           0          -6           0          -2           0          -4           0           4           0           6           0           8           0          10           0           4           0          -4           0           2           0           6           0           4           0           8           0           2           0          -4           0          -2           0           6           0           6           0           4           0           2           0           8           0           4           0           6           0           8           0           4           0           6           0           8           0          10           0           4           0           6           0           8           0           6           0           4           0           2           0           6           0           2           0           4           0           2           0          -4           0          -2           0          -6           0          -8           0           6           0           4           0          -4           0          -6           0          -2           0          -4           0          -6           0          -8           0         -10           0          -2           0          -4           0          -6           0          -4           0          -2           0          -6           0          -8           0          -2           0          -4           0           2           0           4           0           6           0           8           0           4           0           4           0           6           0           8           0           2           0          10           0           8           0           6           0           4           0           2           0           6           0           6           0           4           0           4           0           2           0           4           0           6           0           8           0          -4           0           2           0           4           0          -6           0          -4           0           2           0           4           0           6           0           4           0           6           0          -2           0          -4           0          -6           0          -8           0         -10           0          -6           0          -8           0         -10           0         -12           0           2           0          -2           0          -4           0          -6           0          -8           0          -2           0          -8           0         -10           0          -4           0          -2           0          -6           0          -4           0          -2           0          -4           0          -2           0          -4           0          -6           0          -4           0          -8           0          -6           0           2           0           4           0           2           0           4           0           6           0         -10           0          -8           0          -6           0          -4           0           6           0          -2           0          -4           0           8           0          -6           0          -2           0          -4           0          -6           0          -8           0           4           0           6           0          -4           0          -6           0          -6           0          -8           0          -2           0           2           0          -4           0           4           0           6           0           4           0           4           0           2           0           2           0          -4           0          -6           0          -8           0          -2           0          -4           0          -6           0          -8           0         -10           0          -8           0          -6           0          -4           0          -2           0          -2           0          -4           0          -6           0          -6           0          -8           0          -4           0          -2           0          -6           0          -4
    0.000000E+00    9.645106E-03    9.843162E-03    1.435602E-02    1.458263E-02
    4.247197E-02    4.320385E-02    4.360158E-02    5.944295E-02    5.948713E-02
    6.922989E-02    7.316769E-02    7.411300E-02    1.134727E-01    1.147319E-01
    2.354040E-01    2.358931E-01    2.366026E-01    2.382857E-01    2.391328E-01
    2.438023E-01    2.438287E-01    2.461520E-01    2.471700E-01    2.474363E-01
    2.479076E-01    2.485433E-01    2.486026E-01    2.487216E-01    2.491410E-01
    2.502551E-01    2.507374E-01    2.510783E-01    2.511300E-01    2.524691E-01
    2.524772E-01    2.554279E-01    2.561102E-01    2.563381E-01    2.591442E-01
    2.591854E-01    2.609226E-01    2.615363E-01    2.619649E-01    2.622131E-01
    2.625883E-01    2.631076E-01    2.632646E-01    2.633261E-01    2.634365E-01
    2.637297E-01    2.638533E-01    2.640096E-01    2.643758E-01    2.644930E-01
    2.645338E-01    2.648466E-01    2.652759E-01    2.655531E-01    2.656939E-01
    2.657640E-01    2.676748E-01    2.677713E-01    2.679166E-01    2.688115E-01
    2.690337E-01    2.711118E-01    2.712141E-01    2.720014E-01    2.721113E-01
    2.724223E-01    2.724984E-01    2.725578E-01    2.726085E-01    2.727219E-01
    2.737570E-01    2.740430E-01    2.746587E-01    2.763855E-01    2.763956E-01
    2.763957E-01    2.764682E-01    2.789238E-01    2.791446E-01    2.808157E-01
    2.808428E-01    2.816082E-01    2.816156E-01    2.816277E-01    2.816445E-01
    2.816660E-01    2.832213E-01    2.832636E-01    2.833497E-01    2.872720E-01
    2.872722E-01    2.872783E-01    2.873017E-01    2.873787E-01    2.874354E-01
    2.875828E-01    2.876419E-01    2.877951E-01    2.879672E-01    2.884374E-01
    2.885530E-01    2.886000E-01    2.886971E-01    2.887362E-01    2.888178E-01
    2.901974E-01    2.902310E-01    2.934227E-01    2.936053E-01    2.936679E-01
    2.948139E-01    2.948751E-01    2.949134E-01    2.954910E-01    2.955387E-01
    2.955818E-01    2.956302E-01    2.974080E-01    2.974265E-01    2.978254E-01
    2.979930E-01    2.980044E-01    2.981863E-01    2.981951E-01    2.982014E-01
    2.986863E-01    2.989406E-01    2.997979E-01    3.013547E-01    3.014398E-01
    3.015665E-01    3.017420E-01    3.025165E-01    3.025355E-01    3.025686E-01
    3.026262E-01    3.032771E-01    3.036433E-01    3.036673E-01    3.036996E-01
    3.037196E-01    3.041292E-01    3.046134E-01    3.046301E-01    3.048276E-01
    3.048611E-01    3.049614E-01    3.051740E-01    3.052844E-01    3.060373E-01
    3.062721E-01    3.065126E-01    3.067251E-01    3.072820E-01    3.083217E-01
    3.083847E-01    3.085481E-01    3.086063E-01    3.093086E-01    3.093690E-01
    3.093750E-01    3.093804E-01    3.094500E-01    3.095030E-01    3.095365E-01
    3.096086E-01    3.096683E-01    3.098305E-01    3.098337E-01    3.100372E-01
    3.110986E-01    3.111053E-01    3.111248E-01    3.111449E-01    3.124031E-01
    3.124222E-01    3.126400E-01    3.132139E-01    3.132929E-01    3.134326E-01
    3.163175E-01    3.165548E-01    3.167011E-01    3.167161E-01    3.173537E-01
    3.174815E-01    3.194473E-01    3.198310E-01    3.206567E-01    3.235572E-01
    3.235827E-01    3.236877E-01    3.236885E-01    3.238034E-01    3.239013E-01
    3.239634E-01    3.240075E-01    3.245628E-01    3.245933E-01    3.263728E-01
    3.264517E-01    3.271738E-01    3.284075E-01    3.287843E-01    3.314323E-01
    3.314556E-01    3.324856E-01    3.325179E-01    3.327131E-01    3.333147E-01
           0           4           0           1
  -28.010499495533246               13
3.27732995E+01  2.285E-01  7.531E-02  2.452E-01  2.107E-02  1.030E-01  1.281E-01
                1.520E-02  1.816E-04
4.63812995E+01  9.057E-02  3.019E-02  9.791E-02  8.144E-03  4.012E-02  7.504E-02
                8.990E-03  9.990E-05  8.472E-04  7.290E-04  1.028E-04  3.170E-02
                7.842E-05  2.441E-03  3.734E-04
5.99892995E+01  4.351E-02  1.400E-02  4.569E-02  3.889E-03  1.904E-02  4.507E-02
                5.282E-03  2.055E-05  4.375E-04  2.486E-04  3.042E-05  2.112E-02
                2.963E-05  1.031E-03  1.497E-04  1.116E-05  1.607E-05  1.359E-05
                1.032E-05  1.677E-05  9.979E-06  5.932E-07  1.783E-05  2.685E-06
                5.998E-06  7.469E-06  6.055E-06  1.215E-05  3.091E-05  3.765E-05
                1.297E-05  2.257E-06  1.049E-04  3.199E-05  3.215E-06  2.095E-05
                7.459E-09  1.810E-06  1.193E-05  3.330E-05  1.004E-04  4.565E-06
                3.826E-05  5.910E-07  1.181E-06  2.174E-06  5.922E-06  1.069E-05
                1.272E-04  7.602E-07  7.048E-06  4.740E-06  1.894E-06  8.398E-07
                2.331E-05  6.633E-06  3.206E-06  6.003E-05  3.749E-05  1.945E-05
                1.259E-05  2.837E-08  7.348E-08  1.284E-08  3.283E-06  3.137E-05
                7.384E-07  5.538E-08  5.791E-06  1.876E-05  3.539E-05  1.766E-05
                7.769E-06  3.632E-06  1.056E-06  3.347E-06  9.570E-06  4.850E-06
                2.192E-06  3.443E-07  7.582E-06  2.071E-05  1.224E-05  2.617E-06
                2.222E-05  9.783E-05  1.057E-09  6.226E-09  1.440E-08  2.063E-08
                5.967E-09  6.583E-07  4.143E-06  8.213E-06  1.155E-06  4.222E-07
                2.999E-06  7.869E-06  7.984E-06  4.394E-05  1.718E-07  1.055E-06
                1.575E-06  3.307E-06  3.852E-06  9.199E-07  6.825E-07  1.932E-06
                4.149E-07  4.283E-06  2.609E-05  6.648E-06  1.252E-05  1.901E-07
                1.361E-04  4.135E-06  3.590E-06  2.207E-06  1.133E-07  1.019E-06
                2.252E-06  2.033E-06  5.775E-05  2.359E-06  2.478E-06  1.714E-05
                2.707E-06  1.167E-06  1.218E-05  7.343E-05  5.274E-06  1.300E-05
                1.156E-05  7.585E-07  1.911E-06  3.650E-06  5.554E-06  4.409E-07
                1.663E-06  4.302E-06  1.013E-05  1.186E-06  4.470E-07  1.995E-06
                7.722E-06  2.802E-05  1.156E-06  4.331E-06  1.696E-05  7.845E-06
                1.658E-06  3.060E-05  1.352E-05  1.858E-06  3.398E-06  9.248E-07
                1.463E-05  5.979E-06  1.440E-06  8.644E-06  3.591E-06  8.665E-07
                4.137E-06  5.121E-06  1.134E-05  4.904E-05  3.491E-06  2.501E-06
                1.207E-06  4.068E-07  1.299E-06  8.403E-07  1.577E-06  5.147E-06
                2.546E-06  1.473E-06  3.802E-06  9.136E-06  2.406E-05  1.325E-06
                1.546E-06  3.697E-06  3.490E-06  4.946E-06  7.987E-06  1.739E-06
                3.470E-07  1.810E-06  1.432E-05  2.768E-06  3.825E-06  4.511E-05
                5.143E-07  3.411E-07  6.817E-06  1.451E-05  2.670E-05  6.263E-06
                7.799E-06  7.845E-06  7.283E-07  1.464E-06  1.278E-06  7.204E-07
                4.405E-06  1.454E-06  2.414E-06  3.860E-06  1.634E-05  2.646E-07
                5.633E-07  9.579E-07  2.506E-07  1.233E-05  1.732E-06
7.35972995E+01  2.377E-02  7.618E-03  2.487E-02  2.113E-03  1.036E-02  3.067E-02
                3.592E-03  1.114E-05  2.946E-04  1.496E-04  1.517E-05  1.483E-02
                1.619E-05  5.911E-04  8.568E-05  5.390E-06  8.742E-06  8.369E-06
                6.395E-06  1.081E-05  7.395E-06  4.142E-07  7.920E-06  1.383E-06
                3.170E-06  3.768E-06  2.622E-06  6.138E-06  1.596E-05  1.707E-05
                6.188E-06  1.420E-06  4.679E-05  1.481E-05  1.711E-06  1.091E-05
                5.827E-09  9.607E-07  5.717E-06  1.621E-05  4.732E-05  2.587E-06
                1.929E-05  2.837E-07  5.492E-07  9.528E-07  2.254E-06  5.014E-06
                7.050E-05  3.162E-07  3.085E-06  2.119E-06  5.815E-07  3.728E-07
                1.034E-05  3.374E-06  1.533E-06  2.638E-05  1.799E-05  1.001E-05
                6.165E-06  1.010E-08  1.703E-08  1.733E-09  1.237E-06  1.036E-05
                4.998E-07  1.434E-07  3.192E-06  1.060E-05  2.035E-05  1.339E-05
                5.143E-06  2.242E-06  5.982E-07  1.457E-06  3.447E-06  1.510E-06
                1.402E-06  1.973E-07  5.112E-06  1.422E-05  4.421E-06  1.001E-06
                1.341E-05  5.996E-05  5.453E-10  3.109E-09  7.248E-09  8.266E-09
                2.285E-09  4.776E-07  2.821E-06  5.730E-06  6.761E-07  1.893E-07
                2.111E-06  6.054E-06  4.728E-06  2.676E-05  6.968E-08  3.658E-07
                8.373E-07  1.754E-06  5.113E-07  1.698E-07  4.388E-07  1.130E-06
                1.791E-07  2.332E-06  1.530E-05  3.960E-06  6.805E-06  1.065E-07
                8.143E-05  2.423E-06  1.909E-06  1.240E-06  7.117E-08  5.668E-07
                1.366E-06  1.260E-06  3.470E-05  1.468E-06  1.562E-06  1.188E-05
                1.770E-06  5.888E-07  7.267E-06  4.418E-05  3.048E-06  7.907E-06
                7.664E-06  3.639E-07  8.950E-07  1.698E-06  2.449E-06  2.138E-07
                7.803E-07  2.022E-06  4.805E-06  8.843E-07  2.160E-07  1.035E-06
                4.118E-06  1.578E-05  6.441E-07  1.534E-06  6.137E-06  5.396E-06
                1.050E-06  1.762E-05  7.752E-06  9.670E-07  1.715E-06  4.392E-07
                9.536E-06  2.615E-06  6.549E-07  4.621E-06  1.636E-06  4.428E-07
                1.834E-06  3.029E-06  6.811E-06  2.735E-05  1.520E-06  1.145E-06
                5.538E-07  1.961E-07  7.226E-07  4.124E-07  7.421E-07  2.874E-06
                1.338E-06  7.098E-07  1.987E-06  5.075E-06  1.340E-05  7.508E-07
                9.055E-07  1.669E-06  1.604E-06  2.064E-06  3.290E-06  9.550E-07
                1.490E-07  9.836E-07  9.743E-06  1.395E-06  2.628E-06  3.218E-05
                2.872E-07  1.536E-07  2.836E-06  6.217E-06  1.199E-05  2.533E-06
                3.300E-06  3.412E-06  2.114E-07  3.377E-07  6.718E-07  3.410E-07
                4.002E-06  1.289E-06  2.197E-06  2.056E-06  9.439E-06  1.422E-07
                2.599E-07  7.325E-07  1.873E-07  8.334E-06  9.114E-07
8.72052995E+01  1.412E-02  4.520E-03  1.476E-02  1.251E-03  6.137E-03  2.173E-02
                2.545E-03  6.736E-06  2.074E-04  9.699E-05  8.406E-06  1.076E-02
                9.521E-06  3.600E-04  5.216E-05  3.076E-06  5.075E-06  5.065E-06
                3.820E-06  6.827E-06  5.013E-06  2.839E-07  4.535E-06  9.998E-07
                2.184E-06  2.558E-06  1.661E-06  3.710E-06  9.379E-06  1.021E-05
                3.752E-06  9.551E-07  2.310E-05  8.287E-06  1.040E-06  6.249E-06
                3.884E-09  5.243E-07  3.047E-06  8.677E-06  2.523E-05  1.380E-06
                1.054E-05  1.673E-07  2.891E-07  4.652E-07  1.077E-06  3.880E-06
                4.259E-05  1.693E-07  1.734E-06  1.510E-06  3.068E-07  1.926E-07
                5.562E-06  1.823E-06  9.181E-07  1.565E-05  9.991E-06  5.636E-06
                3.429E-06  6.641E-09  1.209E-08  1.219E-09  5.818E-07  4.566E-06
                3.254E-07  1.602E-07  1.980E-06  6.633E-06  1.233E-05  1.010E-05
                3.856E-06  1.654E-06  3.204E-07  8.266E-07  1.724E-06  6.710E-07
                9.541E-07  1.276E-07  3.537E-06  9.811E-06  2.258E-06  5.767E-07
                8.549E-06  3.820E-05  3.342E-10  2.003E-09  4.658E-09  5.143E-09
                1.250E-09  3.324E-07  1.971E-06  4.049E-06  4.659E-07  1.136E-07
                1.561E-06  4.591E-06  3.029E-06  1.715E-05  4.877E-08  2.338E-07
                6.048E-07  1.274E-06  1.496E-07  7.873E-08  3.108E-07  7.949E-07
                1.137E-07  1.623E-06  1.072E-05  2.779E-06  4.368E-06  7.167E-08
                5.252E-05  1.766E-06  1.322E-06  8.736E-07  5.505E-08  4.203E-07
                9.991E-07  9.651E-07  2.220E-05  1.074E-06  1.140E-06  7.787E-06
                1.135E-06  4.010E-07  4.811E-06  2.911E-05  2.153E-06  5.602E-06
                5.203E-06  1.929E-07  4.706E-07  8.865E-07  1.231E-06  1.131E-07
                3.998E-07  1.028E-06  2.442E-06  5.844E-07  1.215E-07  6.252E-07
                2.584E-06  1.024E-05  3.670E-07  6.330E-07  2.547E-06  3.549E-06
                6.793E-07  1.132E-05  4.975E-06  6.033E-07  1.016E-06  2.493E-07
                6.480E-06  1.415E-06  3.460E-07  2.715E-06  8.828E-07  2.985E-07
                1.101E-06  2.037E-06  4.548E-06  1.706E-05  7.885E-07  6.314E-07
                3.041E-07  1.086E-07  4.774E-07  2.399E-07  4.214E-07  1.924E-06
                7.997E-07  4.047E-07  1.221E-06  3.266E-06  8.685E-06  4.837E-07
                6.230E-07  8.893E-07  8.547E-07  1.053E-06  1.634E-06  5.717E-07
                8.881E-08  5.893E-07  6.763E-06  8.690E-07  1.825E-06  2.316E-05
                2.105E-07  9.729E-08  1.319E-06  3.116E-06  6.325E-06  1.127E-06
                1.539E-06  1.690E-06  7.567E-08  1.046E-07  3.860E-07  1.868E-07
                3.068E-06  9.778E-07  1.655E-06  1.268E-06  6.400E-06  8.459E-08
                1.540E-07  5.378E-07  1.251E-07  6.011E-06  5.904E-07
1.00813299E+02  8.931E-03  2.857E-03  9.339E-03  7.905E-04  3.881E-03  1.616E-02
                1.891E-03  3.975E-06  1.531E-04  6.604E-05  4.849E-06  8.158E-03
                5.904E-06  2.400E-04  3.479E-05  1.826E-06  3.045E-06  3.179E-06
                2.294E-06  4.330E-06  3.228E-06  1.891E-07  2.792E-06  8.561E-07
                1.747E-06  2.005E-06  1.282E-06  2.272E-06  5.706E-06  6.251E-06
                2.548E-06  6.132E-07  1.259E-05  5.015E-06  6.493E-07  3.790E-06
                2.544E-09  3.043E-07  1.729E-06  5.051E-06  1.453E-05  7.978E-07
                6.241E-06  1.286E-07  1.922E-07  2.743E-07  5.834E-07  3.220E-06
                2.738E-05  9.556E-08  1.120E-06  1.184E-06  1.738E-07  1.095E-07
                3.226E-06  1.055E-06  6.047E-07  1.062E-05  5.965E-06  3.304E-06
                2.009E-06  4.381E-09  8.814E-09  8.513E-10  3.258E-07  2.356E-06
                2.101E-07  1.452E-07  1.242E-06  4.158E-06  7.519E-06  7.470E-06
                2.830E-06  1.199E-06  1.826E-07  4.830E-07  9.659E-07  3.468E-07
                6.411E-07  8.513E-08  2.380E-06  6.585E-06  1.271E-06  3.470E-07
                5.710E-06  2.552E-05  2.271E-10  1.390E-09  3.181E-09  3.375E-09
                7.598E-10  2.222E-07  1.335E-06  2.762E-06  3.488E-07  7.982E-08
                1.207E-06  3.591E-06  2.031E-06  1.152E-05  3.620E-08  1.692E-07
                4.483E-07  9.440E-07  8.985E-08  5.159E-08  2.187E-07  5.653E-07
                7.935E-08  1.165E-06  7.387E-06  1.920E-06  3.058E-06  4.720E-08
                3.684E-05  1.292E-06  9.489E-07  6.409E-07  4.169E-08  3.076E-07
                7.324E-07  7.300E-07  1.485E-05  7.931E-07  8.442E-07  5.263E-06
                7.612E-07  2.901E-07  3.455E-06  2.085E-05  1.506E-06  3.929E-06
                3.508E-06  1.140E-07  2.763E-07  5.176E-07  6.921E-07  6.799E-08
                2.293E-07  5.822E-07  1.380E-06  3.962E-07  7.611E-08  4.186E-07
                1.786E-06  7.253E-06  2.225E-07  3.053E-07  1.219E-06  2.404E-06
                4.592E-07  7.933E-06  3.481E-06  4.141E-07  6.558E-07  1.521E-07
                4.682E-06  8.388E-07  2.017E-07  1.653E-06  5.244E-07  2.129E-07
                7.646E-07  1.362E-06  3.120E-06  1.183E-05  4.594E-07  3.895E-07
                1.872E-07  6.690E-08  3.205E-07  1.596E-07  2.749E-07  1.317E-06
                5.387E-07  2.541E-07  8.205E-07  2.283E-06  6.116E-06  3.430E-07
                4.800E-07  5.228E-07  5.070E-07  6.088E-07  9.294E-07  3.543E-07
                6.611E-08  3.697E-07  5.031E-06  5.766E-07  1.350E-06  1.757E-05
                1.657E-07  6.889E-08  6.844E-07  1.759E-06  3.765E-06  5.549E-07
                7.931E-07  9.350E-07  3.204E-08  4.685E-08  2.362E-07  1.123E-07
                2.331E-06  7.371E-07  1.246E-06  8.678E-07  4.665E-06  5.138E-08
                9.378E-08  3.971E-07  8.293E-08  4.484E-06  4.223E-07
1.14421299E+02  5.973E-03  1.914E-03  6.253E-03  5.299E-04  2.601E-03  1.216E-02
                1.423E-03  2.851E-06  1.148E-04  4.756E-05  3.025E-06  6.189E-03
                3.831E-06  1.605E-04  2.324E-05  1.042E-06  1.776E-06  2.016E-06
                1.351E-06  2.826E-06  2.173E-06  1.310E-07  1.971E-06  6.279E-07
                1.265E-06  1.457E-06  9.526E-07  1.450E-06  3.697E-06  4.045E-06
                1.712E-06  4.118E-07  8.014E-06  3.241E-06  4.268E-07  2.501E-06
                1.646E-09  1.876E-07  1.051E-06  3.278E-06  9.323E-06  5.148E-07
                4.073E-06  1.100E-07  1.480E-07  1.890E-07  3.547E-07  2.719E-06
                1.869E-05  5.852E-08  7.948E-07  9.672E-07  1.030E-07  7.451E-08
                2.062E-06  6.686E-07  4.319E-07  7.834E-06  3.864E-06  2.073E-06
                1.265E-06  3.081E-09  6.880E-09  5.823E-10  2.143E-07  1.410E-06
                1.444E-07  1.143E-07  8.307E-07  2.790E-06  4.972E-06  5.618E-06
                2.118E-06  8.869E-07  1.184E-07  3.268E-07  6.279E-07  2.060E-07
                4.629E-07  6.162E-08  1.712E-06  4.730E-06  8.093E-07  2.310E-07
                4.036E-06  1.809E-05  1.652E-10  1.023E-09  2.317E-09  2.381E-09
                4.858E-10  1.587E-07  9.748E-07  1.998E-06  2.780E-07  6.432E-08
                9.638E-07  2.880E-06  1.454E-06  8.196E-06  2.801E-08  1.296E-07
                3.425E-07  7.258E-07  7.213E-08  4.111E-08  1.627E-07  4.202E-07
                5.559E-08  8.715E-07  5.348E-06  1.397E-06  2.216E-06  3.513E-08
                2.661E-05  9.640E-07  7.009E-07  4.879E-07  3.148E-08  2.280E-07
                5.463E-07  5.579E-07  1.054E-05  6.048E-07  6.444E-07  3.633E-06
                5.282E-07  2.134E-07  2.536E-06  1.528E-05  1.106E-06  2.904E-06
                2.547E-06  7.268E-08  1.756E-07  3.279E-07  4.227E-07  4.417E-08
                1.436E-07  3.610E-07  8.552E-07  2.759E-07  5.127E-08  3.000E-07
                1.318E-06  5.462E-06  1.495E-07  1.696E-07  6.650E-07  1.669E-06
                3.212E-07  5.978E-06  2.615E-06  3.078E-07  4.604E-07  9.891E-08
                3.552E-06  5.489E-07  1.260E-07  1.064E-06  3.407E-07  1.639E-07
                5.790E-07  9.981E-07  2.283E-06  8.531E-06  2.904E-07  2.615E-07
                1.256E-07  4.467E-08  2.395E-07  1.154E-07  1.971E-07  1.012E-06
                3.957E-07  1.740E-07  5.950E-07  1.705E-06  4.597E-06  2.486E-07
                3.707E-07  3.402E-07  3.236E-07  3.969E-07  5.942E-07  2.296E-07
                5.519E-08  2.459E-07  3.730E-06  4.327E-07  9.970E-07  1.314E-05
                1.321E-07  5.174E-08  4.033E-07  1.107E-06  2.459E-06  3.158E-07
                4.670E-07  5.801E-07  1.802E-08  3.555E-08  1.479E-07  7.058E-08
                1.849E-06  5.811E-07  9.684E-07  6.366E-07  3.577E-06  3.376E-08
                6.205E-08  3.057E-07  5.760E-08  3.505E-06  3.257E-07
1.28029299E+02  4.096E-03  1.313E-03  4.293E-03  3.635E-04  1.787E-03  9.586E-03
                1.122E-03  1.745E-06  9.029E-05  3.504E-05  1.928E-06  4.973E-03
                2.585E-06  1.172E-04  1.700E-05  6.926E-07  1.187E-06  1.441E-06
                8.776E-07  1.955E-06  1.417E-06  9.073E-08  1.370E-06  6.081E-07
                1.158E-06  1.309E-06  8.764E-07  9.190E-07  2.390E-06  2.621E-06
                1.353E-06  2.665E-07  5.052E-06  2.221E-06  2.769E-07  1.634E-06
                1.112E-09  1.194E-07  6.549E-07  2.147E-06  6.007E-06  3.303E-07
                2.656E-06  9.292E-08  1.174E-07  1.377E-07  2.266E-07  2.255E-06
                1.287E-05  3.554E-08  5.868E-07  7.869E-07  6.312E-08  4.808E-08
                1.321E-06  4.239E-07  3.139E-07  5.943E-06  2.605E-06  1.357E-06
                8.208E-07  2.335E-09  5.494E-09  4.147E-10  1.476E-07  8.713E-07
                1.009E-07  8.829E-08  5.767E-07  1.928E-06  3.354E-06  4.228E-06
                1.636E-06  6.995E-07  7.580E-08  2.134E-07  4.084E-07  1.260E-07
                3.171E-07  4.347E-08  1.166E-06  3.213E-06  5.260E-07  1.554E-07
                2.807E-06  1.256E-05  1.221E-10  7.628E-10  1.699E-09  1.692E-09
                3.505E-10  1.069E-07  6.571E-07  1.364E-06  2.184E-07  4.882E-08
                7.692E-07  2.309E-06  1.006E-06  5.699E-06  2.083E-08  9.759E-08
                2.553E-07  5.399E-07  6.242E-08  3.059E-08  1.173E-07  3.063E-07
                4.137E-08  6.437E-07  3.919E-06  1.029E-06  1.664E-06  2.530E-08
                2.000E-05  7.017E-07  5.232E-07  3.685E-07  2.394E-08  1.674E-07
                4.033E-07  4.146E-07  7.210E-06  4.565E-07  4.892E-07  2.591E-06
                3.717E-07  1.572E-07  1.934E-06  1.169E-05  8.051E-07  2.117E-06
                1.724E-06  5.360E-08  1.280E-07  2.361E-07  2.936E-07  3.269E-08
                1.047E-07  2.624E-07  6.236E-07  1.920E-07  3.597E-08  2.199E-07
                9.843E-07  4.137E-06  1.014E-07  1.274E-07  4.955E-07  1.196E-06
                2.282E-07  4.505E-06  1.965E-06  2.301E-07  3.306E-07  6.634E-08
                2.659E-06  3.693E-07  8.128E-08  7.186E-07  2.361E-07  1.234E-07
                4.431E-07  6.950E-07  1.652E-06  6.531E-06  1.995E-07  1.891E-07
                9.217E-08  3.265E-08  1.732E-07  8.520E-08  1.448E-07  7.525E-07
                2.934E-07  1.300E-07  4.502E-07  1.292E-06  3.466E-06  1.923E-07
                2.928E-07  2.467E-07  2.185E-07  2.847E-07  4.194E-07  1.549E-07
                4.830E-08  1.693E-07  2.940E-06  3.163E-07  7.779E-07  1.039E-05
                1.007E-07  3.761E-08  2.745E-07  7.578E-07  1.703E-06  2.184E-07
                3.221E-07  3.980E-07  1.257E-08  2.646E-08  9.893E-08  4.944E-08
                1.445E-06  4.510E-07  7.420E-07  4.767E-07  2.762E-06  2.306E-08
                4.321E-08  2.356E-07  4.127E-08  2.736E-06  2.533E-07
1.41637299E+02  2.966E-03  9.514E-04  3.108E-03  2.635E-04  1.294E-03  7.439E-03
                8.703E-04  1.446E-06  7.000E-05  2.677E-05  1.305E-06  3.867E-03
                1.773E-06  8.181E-05  1.184E-05  4.220E-07  7.411E-07  1.027E-06
                5.382E-07  1.390E-06  9.940E-07  6.729E-08  1.027E-06  4.145E-07
                7.937E-07  9.060E-07  6.323E-07  6.015E-07  1.620E-06  1.754E-06
                9.188E-07  1.868E-07  3.805E-06  1.549E-06  1.894E-07  1.168E-06
                7.199E-10  7.813E-08  4.268E-07  1.575E-06  4.371E-06  2.412E-07
                1.948E-06  8.990E-08  1.093E-07  1.203E-07  1.694E-07  1.948E-06
                9.591E-06  2.467E-08  4.594E-07  6.715E-07  4.251E-08  3.918E-08
                9.489E-07  2.978E-07  2.480E-07  4.735E-06  1.835E-06  9.096E-07
                5.630E-07  1.659E-09  4.437E-09  2.853E-10  1.136E-07  5.980E-07
                7.314E-08  6.754E-08  4.109E-07  1.378E-06  2.373E-06  3.245E-06
                1.199E-06  4.933E-07  5.544E-08  1.550E-07  2.940E-07  8.461E-08
                2.305E-07  3.170E-08  8.394E-07  2.314E-06  3.685E-07  1.117E-07
                2.145E-06  9.604E-06  9.308E-11  5.846E-10  1.292E-09  1.254E-09
                2.313E-10  7.654E-08  4.858E-07  9.985E-07  1.817E-07  4.372E-08
                6.232E-07  1.860E-06  7.791E-07  4.386E-06  1.611E-08  7.600E-08
                1.940E-07  4.136E-07  5.950E-08  2.558E-08  8.592E-08  2.258E-07
                2.998E-08  4.830E-07  2.691E-06  7.105E-07  1.295E-06  1.936E-08
                1.555E-05  5.480E-07  3.941E-07  2.839E-07  1.787E-08  1.221E-07
                3.004E-07  3.106E-07  5.472E-06  3.308E-07  3.571E-07  1.903E-06
                2.770E-07  1.129E-07  1.511E-06  9.190E-06  5.663E-07  1.493E-06
                1.286E-06  3.537E-08  8.472E-08  1.568E-07  1.885E-07  2.252E-08
                6.969E-08  1.728E-07  4.099E-07  1.440E-07  2.619E-08  1.676E-07
                7.634E-07  3.247E-06  7.389E-08  8.480E-08  3.192E-07  8.841E-07
                1.714E-07  3.542E-06  1.542E-06  1.793E-07  2.514E-07  4.654E-08
                2.108E-06  2.664E-07  5.565E-08  4.816E-07  1.647E-07  9.621E-08
                3.563E-07  4.966E-07  1.223E-06  5.088E-06  1.305E-07  1.319E-07
                6.365E-08  2.222E-08  1.269E-07  6.555E-08  1.112E-07  5.636E-07
                2.289E-07  9.115E-08  3.371E-07  1.001E-06  2.718E-06  1.487E-07
                2.335E-07  1.674E-07  1.495E-07  1.972E-07  2.896E-07  1.043E-07
                4.182E-08  1.175E-07  2.281E-06  2.406E-07  6.036E-07  8.041E-06
                7.938E-08  2.859E-08  1.773E-07  5.192E-07  1.205E-06  1.368E-07
                2.066E-07  2.677E-07  1.003E-08  3.030E-08  6.718E-08  3.522E-08
                1.166E-06  3.613E-07  5.862E-07  3.626E-07  2.172E-06  1.628E-08
                3.064E-08  1.869E-07  3.001E-08  2.179E-06  1.993E-07
1.55245299E+02  2.157E-03  6.948E-04  2.269E-03  1.932E-04  9.498E-04  6.225E-03
                7.281E-04  8.656E-07  5.836E-05  2.098E-05  8.741E-07  3.279E-03
                1.282E-06  6.556E-05  9.508E-06  3.179E-07  5.555E-07  8.256E-07
                3.801E-07  1.041E-06  6.497E-07  4.862E-08  7.272E-07  4.444E-07
                8.087E-07  9.018E-07  6.352E-07  3.855E-07  1.073E-06  1.167E-06
                8.236E-07  1.208E-07  2.558E-06  1.164E-06  1.240E-07  7.828E-07
                4.883E-10  5.293E-08  2.814E-07  1.114E-06  3.049E-06  1.648E-07
                1.339E-06  7.568E-08  8.976E-08  9.467E-08  1.194E-07  1.635E-06
                6.864E-06  1.613E-08  3.626E-07  5.598E-07  2.893E-08  2.681E-08
                6.474E-07  1.996E-07  1.872E-07  3.783E-06  1.305E-06  6.180E-07
                3.786E-07  1.338E-09  3.648E-09  2.095E-10  8.683E-08  4.120E-07
                5.164E-08  4.998E-08  2.917E-07  9.698E-07  1.638E-06  2.513E-06
                9.525E-07  4.050E-07  3.751E-08  1.048E-07  2.047E-07  5.713E-08
                1.566E-07  2.282E-08  5.645E-07  1.549E-06  2.544E-07  7.781E-08
                1.517E-06  6.754E-06  7.217E-11  4.524E-10  9.780E-10  9.158E-10
                1.819E-10  5.057E-08  3.188E-07  6.734E-07  1.429E-07  3.173E-08
                5.073E-07  1.528E-06  5.432E-07  3.093E-06  1.190E-08  5.761E-08
                1.436E-07  3.040E-07  5.510E-08  2.045E-08  6.207E-08  1.641E-07
                2.244E-08  3.558E-07  2.023E-06  5.387E-07  1.031E-06  1.476E-08
                1.243E-05  3.975E-07  3.066E-07  2.180E-07  1.357E-08  9.006E-08
                2.234E-07  2.281E-07  3.739E-06  2.512E-07  2.749E-07  1.405E-06
                1.995E-07  8.421E-08  1.216E-06  7.449E-06  4.230E-07  1.115E-06
                8.503E-07  2.854E-08  6.759E-08  1.236E-07  1.447E-07  1.781E-08
                5.602E-08  1.399E-07  3.338E-07  1.010E-07  1.997E-08  1.298E-07
                5.951E-07  2.549E-06  5.578E-08  6.973E-08  2.664E-07  6.576E-07
                1.252E-07  2.757E-06  1.197E-06  1.388E-07  1.955E-07  3.362E-08
                1.615E-06  1.966E-07  3.826E-08  3.423E-07  1.185E-07  7.210E-08
                2.796E-07  3.424E-07  9.063E-07  4.145E-06  9.667E-08  1.017E-07
                4.985E-08  1.740E-08  9.426E-08  5.076E-08  8.593E-08  4.325E-07
                1.764E-07  7.226E-08  2.664E-07  7.860E-07  2.116E-06  1.220E-07
                1.852E-07  1.285E-07  1.064E-07  1.475E-07  2.128E-07  7.499E-08
                3.680E-08  8.668E-08  1.903E-06  1.803E-07  4.962E-07  6.698E-06
                5.919E-08  2.079E-08  1.358E-07  3.842E-07  8.901E-07  1.091E-07
                1.622E-07  2.015E-07  7.302E-09  2.036E-08  4.718E-08  2.688E-08
                9.365E-07  2.887E-07  4.634E-07  2.826E-07  1.734E-06  1.192E-08
                2.248E-08  1.495E-07  2.305E-08  1.755E-06  1.588E-07
1.68853299E+02  1.603E-03  5.133E-04  1.677E-03  1.420E-04  6.987E-04  4.842E-03
                5.665E-04  7.518E-07  4.567E-05  1.637E-05  6.258E-07  2.584E-03
                8.960E-07  4.495E-05  6.511E-06  2.072E-07  3.736E-07  6.572E-07
                2.464E-07  8.163E-07  4.866E-07  3.931E-08  5.931E-07  2.348E-07
                4.444E-07  5.122E-07  3.899E-07  2.601E-07  7.609E-07  8.143E-07
                4.883E-07  9.009E-08  2.118E-06  8.146E-07  8.684E-08  5.913E-07
                3.415E-10  3.592E-08  1.971E-07  8.458E-07  2.312E-06  1.257E-07
                1.028E-06  7.145E-08  8.370E-08  8.620E-08  9.780E-08  1.445E-06
                5.315E-06  1.285E-08  3.002E-07  4.926E-07  2.212E-08  2.393E-08
                4.852E-07  1.471E-07  1.575E-07  3.157E-06  9.820E-07  4.407E-07
                2.757E-07  9.962E-10  3.073E-09  1.506E-10  6.881E-08  2.862E-07
                3.963E-08  3.788E-08  2.197E-07  7.355E-07  1.235E-06  1.921E-06
                7.090E-07  2.909E-07  3.056E-08  8.021E-08  1.525E-07  3.812E-08
                1.211E-07  1.723E-08  4.346E-07  1.197E-06  1.848E-07  5.859E-08
                1.208E-06  5.395E-06  5.522E-11  3.494E-10  7.585E-10  7.054E-10
                1.154E-10  3.890E-08  2.537E-07  5.236E-07  1.223E-07  3.163E-08
                4.065E-07  1.200E-06  4.389E-07  2.471E-06  9.553E-09  4.733E-08
                1.129E-07  2.407E-07  5.631E-08  1.885E-08  4.855E-08  1.289E-07
                1.718E-08  2.850E-07  1.460E-06  3.902E-07  7.892E-07  1.119E-08
                9.478E-06  3.260E-07  2.298E-07  1.709E-07  1.046E-08  6.780E-08
                1.710E-07  1.759E-07  3.009E-06  1.881E-07  2.077E-07  1.061E-06
                1.548E-07  5.973E-08  9.328E-07  5.745E-06  3.087E-07  8.169E-07
                6.859E-07  1.851E-08  4.417E-08  8.137E-08  9.214E-08  1.207E-08
                3.677E-08  9.078E-08  2.163E-07  8.133E-08  1.458E-08  9.975E-08
                4.644E-07  2.006E-06  3.870E-08  5.453E-08  1.991E-07  4.973E-07
                9.681E-08  2.175E-06  9.437E-07  1.088E-07  1.493E-07  2.412E-08
                1.294E-06  1.412E-07  2.713E-08  2.392E-07  8.912E-08  5.916E-08
                2.357E-07  2.657E-07  7.007E-07  3.242E-06  6.270E-08  7.123E-08
                3.430E-08  1.164E-08  7.361E-08  3.934E-08  6.668E-08  3.430E-07
                1.391E-07  5.088E-08  2.004E-07  6.112E-07  1.669E-06  9.319E-08
                1.467E-07  9.224E-08  7.631E-08  1.099E-07  1.607E-07  5.136E-08
                3.190E-08  6.082E-08  1.443E-06  1.480E-07  3.795E-07  5.036E-06
                4.715E-08  1.625E-08  9.297E-08  2.765E-07  6.551E-07  7.402E-08
                1.100E-07  1.419E-07  7.405E-09  2.601E-08  3.316E-08  1.992E-08
                7.473E-07  2.287E-07  3.601E-07  2.143E-07  1.353E-06  8.901E-09
                1.740E-08  1.185E-07  1.724E-08  1.380E-06  1.246E-07
1.82461299E+02  1.294E-03  4.192E-04  1.364E-03  1.171E-04  5.750E-04  4.223E-03
                4.938E-04  5.727E-07  3.927E-05  1.360E-05  4.322E-07  2.215E-03
                6.861E-07  3.877E-05  5.613E-06  1.812E-07  3.184E-07  5.668E-07
                1.918E-07  6.445E-07  3.167E-07  2.929E-08  3.886E-07  3.405E-07
                5.995E-07  6.587E-07  4.795E-07  1.652E-07  5.023E-07  5.349E-07
                5.578E-07  5.812E-08  1.499E-06  6.948E-07  5.811E-08  4.034E-07
                2.030E-10  2.552E-08  1.302E-07  6.749E-07  1.819E-06  9.523E-08
                7.668E-07  6.178E-08  7.153E-08  7.219E-08  7.670E-08  1.232E-06
                4.028E-06  9.298E-09  2.490E-07  4.189E-07  1.734E-08  1.791E-08
                3.661E-07  1.075E-07  1.234E-07  2.627E-06  7.272E-07  3.008E-07
                1.948E-07  7.608E-10  2.484E-09  1.080E-10  5.839E-08  2.355E-07
                2.811E-08  2.854E-08  1.574E-07  5.202E-07  8.632E-07  1.570E-06
                5.508E-07  2.241E-07  2.135E-08  5.761E-08  1.180E-07  3.083E-08
                7.455E-08  1.184E-08  2.604E-07  7.105E-07  1.383E-07  4.281E-08
                8.857E-07  3.898E-06  4.503E-11  2.805E-10  5.862E-10  5.136E-10
                9.757E-11  2.287E-08  1.488E-07  3.273E-07  9.737E-08  2.205E-08
                3.441E-07  1.034E-06  3.154E-07  1.814E-06  6.878E-09  3.520E-08
                8.156E-08  1.727E-07  4.896E-08  1.441E-08  3.244E-08  8.780E-08
                1.260E-08  1.995E-07  9.630E-07  2.613E-07  6.989E-07  9.264E-09
                8.482E-06  2.423E-07  1.880E-07  1.332E-07  7.678E-09  4.854E-08
                1.268E-07  1.248E-07  2.031E-06  1.293E-07  1.464E-07  8.235E-07
                1.158E-07  4.428E-08  8.304E-07  5.182E-06  2.101E-07  5.504E-07
                4.086E-07  1.515E-08  3.593E-08  6.576E-08  7.296E-08  9.739E-09
                3.023E-08  7.528E-08  1.800E-07  5.871E-08  1.218E-08  8.177E-08
                3.788E-07  1.638E-06  3.546E-08  3.863E-08  1.441E-07  3.922E-07
                7.440E-08  1.754E-06  7.604E-07  8.758E-08  1.283E-07  1.948E-08
                1.026E-06  1.220E-07  2.056E-08  1.754E-07  6.366E-08  4.324E-08
                1.884E-07  1.586E-07  5.135E-07  2.871E-06  4.787E-08  5.609E-08
                2.711E-08  9.249E-09  4.828E-08  3.193E-08  5.421E-08  2.320E-07
                1.120E-07  4.042E-08  1.620E-07  4.960E-07  1.346E-06  8.311E-08
                1.216E-07  6.767E-08  5.543E-08  7.773E-08  1.118E-07  3.932E-08
                2.616E-08  4.795E-08  1.297E-06  9.878E-08  3.364E-07  4.537E-06
                3.486E-08  1.163E-08  6.888E-08  2.063E-07  4.983E-07  5.403E-08
                8.244E-08  1.066E-07  5.064E-09  1.874E-08  2.510E-08  1.637E-08
                6.187E-07  1.888E-07  2.968E-07  1.715E-07  1.110E-06  6.958E-09
                1.336E-08  9.751E-08  1.379E-08  1.147E-06  1.004E-07
1.96069299E+02  8.936E-04  2.891E-04  9.423E-04  8.051E-05  3.966E-04  3.505E-03
                4.099E-04  2.778E-07  3.310E-05  1.087E-05  3.124E-07  1.926E-03
                5.035E-07  2.898E-05  4.211E-06  1.180E-07  2.172E-07  4.772E-07
                1.281E-07  5.400E-07  2.429E-07  2.510E-08  3.488E-07  1.592E-07
                2.930E-07  3.367E-07  2.707E-07  1.134E-07  3.646E-07  3.999E-07
                2.998E-07  4.379E-08  1.106E-06  4.592E-07  3.790E-08  2.889E-07
                1.767E-10  1.830E-08  1.027E-07  4.460E-07  1.208E-06  6.328E-08
                5.193E-07  5.788E-08  6.606E-08  6.413E-08  5.982E-08  1.114E-06
                2.834E-06  7.007E-09  2.132E-07  3.773E-07  1.343E-08  1.302E-08
                2.423E-07  7.200E-08  1.071E-07  2.271E-06  5.585E-07  2.178E-07
                1.376E-07  6.739E-10  2.219E-09  8.596E-11  4.297E-08  1.405E-07
                2.105E-08  2.005E-08  1.173E-07  3.873E-07  6.329E-07  1.172E-06
                4.560E-07  1.965E-07  1.800E-08  4.038E-08  8.053E-08  1.716E-08
                6.619E-08  1.004E-08  2.356E-07  6.458E-07  9.308E-08  3.031E-08
                6.404E-07  2.846E-06  3.341E-11  2.110E-10  4.470E-10  3.967E-10
                6.326E-11  2.040E-08  1.324E-07  2.792E-07  7.917E-08  1.990E-08
                2.665E-07  7.881E-07  2.300E-07  1.304E-06  5.627E-09  2.992E-08
                6.508E-08  1.367E-07  5.245E-08  1.512E-08  2.857E-08  7.510E-08
                1.048E-08  1.694E-07  9.190E-07  2.488E-07  4.879E-07  6.793E-09
                5.882E-06  1.956E-07  1.418E-07  1.059E-07  6.306E-09  3.929E-08
                9.984E-08  9.997E-08  1.566E-06  1.187E-07  1.357E-07  5.878E-07
                8.340E-08  3.413E-08  5.879E-07  3.645E-06  1.924E-07  5.120E-07
                3.676E-07  1.077E-08  2.551E-08  4.673E-08  5.087E-08  6.879E-09
                2.146E-08  5.348E-08  1.284E-07  4.699E-08  8.781E-09  6.117E-08
                2.855E-07  1.242E-06  2.363E-08  3.479E-08  1.280E-07  2.785E-07
                5.293E-08  1.321E-06  5.706E-07  6.541E-08  1.004E-07  1.430E-08
                7.842E-07  8.442E-08  1.401E-08  1.284E-07  4.921E-08  3.595E-08
                1.568E-07  1.508E-07  4.201E-07  2.120E-06  3.305E-08  4.097E-08
                1.989E-08  6.632E-09  4.783E-08  2.412E-08  4.053E-08  2.341E-07
                8.350E-08  2.993E-08  1.216E-07  3.732E-07  1.015E-06  6.030E-08
                9.157E-08  5.446E-08  4.067E-08  6.227E-08  9.013E-08  2.830E-08
                2.432E-08  3.537E-08  9.483E-07  9.867E-08  2.462E-07  3.273E-06
                2.747E-08  9.470E-09  5.427E-08  1.539E-07  3.656E-07  4.578E-08
                6.638E-08  8.103E-08  4.266E-09  1.399E-08  1.651E-08  1.189E-08
                4.898E-07  1.479E-07  2.279E-07  1.301E-07  8.651E-07  5.067E-09
                9.829E-09  7.784E-08  1.082E-08  8.962E-07  7.898E-08
