          16           7
         215          13           1           1
           0          -4           0          -4           0          -6           0          -2           0          -4           0           6           0           4           0           2           0           4           0           6           0           2           0           4           0           2           0          -4           0          -2           0           2           0           4           0           6           0           2           0           4           0           6           0           4           0          -2           0          -2           0          -4           0          -6           0          -8           0          -2           0          -4           0          -6           0          -4           0           2           0          -4           0          -6           0          -2           0          -4           0          -6           0          -6           0          -8           0          -4           0          -6           0          -2           0          -4           0           4           0           6           0           8           0          10           0           4           0          -4           0           2           0           6           0           4           0           8           0           2           0          -4           0          -2           0           6           0           6           0           4           0           2           0           8           0           4           0           6           0           8           0           4           0           6           0           8           0          10           0           4           0           6           0           8           0           6           0           4           0           2           0           6           0           2           0           4           0           2           0          -4           0          -2           0          -6           0          -8           0           6           0           4           0          -4           0          -6           0          -2           0          -4           0          -6           0          -8           0         -10           0          -2           0          -4           0          -6           0          -4           0          -2           0          -6           0          -8           0          -2           0          -4           0           2           0           4           0           6           0           8           0           4           0           4           0           6           0           8           0           2           0          10           0           8           0           6           0           4           0           2           0           6           0           6           0           4           0           4           0           2           0           4           0           6           0           8           0          -4           0           2           0           4           0          -6           0          -4           0           2           0           4           0           6           0           4           0           6           0          -2           0          -4           0          -6           0          -8           0         -10           0          -6           0          -8           0         -10           0         -12           0           2           0          -2           0          -4           0          -6           0          -8           0          -2           0          -8           0         -10           0          -4           0          -2           0          -6           0          -4           0          -2           0          -4           0          -2           0          -4           0          -6           0          -4           0          -8           0          -6           0           2           0           4           0           2           0           4           0           6           0         -10           0          -8           0          -6           0          -4           0           6           0          -2           0          -4           0           8           0          -6           0          -2           0          -4           0          -6           0          -8           0           4           0           6           0          -4           0          -6           0          -6           0          -8           0          -2           0           2           0          -4           0           4           0           6           0           4           0           4           0           2           0           2           0          -4           0          -6           0          -8           0          -2           0          -4           0          -6           0          -8           0         -10           0          -8           0          -6           0          -4           0          -2           0          -2           0          -4           0          -6           0          -6           0          -8           0          -4           0          -2           0          -6           0          -4
    0.000000E+00    9.645106E-03    9.843162E-03    1.435602E-02    1.458263E-02
    4.247197E-02    4.320385E-02    4.360158E-02    5.944295E-02    5.948713E-02
    6.922989E-02    7.316769E-02    7.411300E-02    1.134727E-01    1.147319E-01
    2.354040E-01    2.358931E-01    2.366026E-01    2.382857E-01    2.391328E-01
    2.438023E-01    2.438287E-01    2.461520E-01    2.471700E-01    2.474363E-01
    2.479076E-01    2.485433E-01    2.486026E-01    2.487216E-01    2.491410E-01
    2.502551E-01    2.507374E-01    2.510783E-01    2.511300E-01    2.524691E-01
    2.524772E-01    2.554279E-01    2.561102E-01    2.563381E-01    2.591442E-01
    2.591854E-01    2.609226E-01    2.615363E-01    2.619649E-01    2.622131E-01
    2.625883E-01    2.631076E-01    2.632646E-01    2.633261E-01    2.634365E-01
    2.637297E-01    2.638533E-01    2.640096E-01    2.643758E-01    2.644930E-01
    2.645338E-01    2.648466E-01    2.652759E-01    2.655531E-01    2.656939E-01
    2.657640E-01    2.676748E-01    2.677713E-01    2.679166E-01    2.688115E-01
    2.690337E-01    2.711118E-01    2.712141E-01    2.720014E-01    2.721113E-01
    2.724223E-01    2.724984E-01    2.725578E-01    2.726085E-01    2.727219E-01
    2.737570E-01    2.740430E-01    2.746587E-01    2.763855E-01    2.763956E-01
    2.763957E-01    2.764682E-01    2.789238E-01    2.791446E-01    2.808157E-01
    2.808428E-01    2.816082E-01    2.816156E-01    2.816277E-01    2.816445E-01
    2.816660E-01    2.832213E-01    2.832636E-01    2.833497E-01    2.872720E-01
    2.872722E-01    2.872783E-01    2.873017E-01    2.873787E-01    2.874354E-01
    2.875828E-01    2.876419E-01    2.877951E-01    2.879672E-01    2.884374E-01
    2.885530E-01    2.886000E-01    2.886971E-01    2.887362E-01    2.888178E-01
    2.901974E-01    2.902310E-01    2.934227E-01    2.936053E-01    2.936679E-01
    2.948139E-01    2.948751E-01    2.949134E-01    2.954910E-01    2.955387E-01
    2.955818E-01    2.956302E-01    2.974080E-01    2.974265E-01    2.978254E-01
    2.979930E-01    2.980044E-01    2.981863E-01    2.981951E-01    2.982014E-01
    2.986863E-01    2.989406E-01    2.997979E-01    3.013547E-01    3.014398E-01
    3.015665E-01    3.017420E-01    3.025165E-01    3.025355E-01    3.025686E-01
    3.026262E-01    3.032771E-01    3.036433E-01    3.036673E-01    3.036996E-01
    3.037196E-01    3.041292E-01    3.046134E-01    3.046301E-01    3.048276E-01
    3.048611E-01    3.049614E-01    3.051740E-01    3.052844E-01    3.060373E-01
    3.062721E-01    3.065126E-01    3.067251E-01    3.072820E-01    3.083217E-01
    3.083847E-01    3.085481E-01    3.086063E-01    3.093086E-01    3.093690E-01
    3.093750E-01    3.093804E-01    3.094500E-01    3.095030E-01    3.095365E-01
    3.096086E-01    3.096683E-01    3.098305E-01    3.098337E-01    3.100372E-01
    3.110986E-01    3.111053E-01    3.111248E-01    3.111449E-01    3.124031E-01
    3.124222E-01    3.126400E-01    3.132139E-01    3.132929E-01    3.134326E-01
    3.163175E-01    3.165548E-01    3.167011E-01    3.167161E-01    3.173537E-01
    3.174815E-01    3.194473E-01    3.198310E-01    3.206567E-01    3.235572E-01
    3.235827E-01    3.236877E-01    3.236885E-01    3.238034E-01    3.239013E-01
    3.239634E-01    3.240075E-01    3.245628E-01    3.245933E-01    3.263728E-01
    3.264517E-01    3.271738E-01    3.284075E-01    3.287843E-01    3.314323E-01
    3.314556E-01    3.324856E-01    3.325179E-01    3.327131E-01    3.333147E-01
           0           4           0           1
  -28.010499495533246               13
3.99174995E+01  1.337E-01  4.442E-02  1.448E-01  1.241E-02  6.047E-02  9.137E-02
                1.073E-02  5.858E-05  9.067E-04  6.220E-04  1.165E-04  3.855E-02
                1.011E-04  2.715E-03  3.955E-04
5.35254995E+01  6.030E-02  1.947E-02  6.356E-02  5.431E-03  2.654E-02  5.521E-02
                6.474E-03  2.841E-05  5.443E-04  3.287E-04  4.457E-05  2.536E-02
                4.094E-05  1.374E-03  1.994E-04  1.434E-05  2.246E-05  2.085E-05
                1.455E-05  2.171E-05  1.050E-05  6.781E-07  2.846E-05  3.374E-06
                8.229E-06  1.048E-05  9.394E-06  1.482E-05  4.375E-05  4.379E-05
                1.712E-05  2.086E-06  1.844E-04  4.406E-05  4.142E-06  3.088E-05
                9.450E-09  3.005E-06  1.809E-05  5.121E-05  1.475E-04  8.047E-06
                5.899E-05  9.140E-07  2.343E-06  4.386E-06  5.560E-06  1.992E-05
                1.672E-04  8.231E-07  1.131E-05  9.987E-06  2.092E-06  1.091E-06
                3.203E-05  1.048E-05  4.037E-06  9.851E-05  6.543E-05  3.047E-05
                2.056E-05  2.157E-08  3.547E-08  4.006E-09  5.537E-06  6.649E-05
                1.360E-06  1.673E-07  7.548E-06  2.560E-05  5.668E-05  2.156E-05
                1.044E-05  5.168E-06  1.869E-06  3.742E-06  1.812E-05  7.638E-06
                2.778E-06  4.838E-07  9.216E-06  2.597E-05  1.991E-05  4.190E-06
                2.759E-05  1.251E-04  2.195E-09  9.945E-09  1.870E-08  2.387E-08
                7.198E-09  8.570E-07  5.206E-06  9.138E-06  1.691E-06  7.111E-07
                3.687E-06  8.608E-06  1.010E-05  5.567E-05  2.686E-07  1.821E-06
                2.428E-06  4.541E-06  6.989E-06  1.609E-06  9.518E-07  2.898E-06
                4.293E-07  7.114E-06  3.438E-05  8.491E-06  1.519E-05  1.034E-07
                1.786E-04  4.510E-06  3.627E-06  3.362E-06  1.555E-07  1.211E-06
                2.907E-06  2.606E-06  7.847E-05  3.366E-06  4.158E-06  2.060E-05
                3.636E-06  1.872E-06  1.582E-05  9.329E-05  6.259E-06  1.682E-05
                1.481E-05  1.306E-06  3.049E-06  5.628E-06  8.225E-06  6.935E-07
                2.562E-06  5.897E-06  1.253E-05  1.868E-06  7.721E-07  3.449E-06
                1.206E-05  3.941E-05  1.711E-06  6.254E-06  2.703E-05  6.525E-06
                1.816E-06  4.593E-05  2.027E-05  2.849E-06  4.843E-06  1.425E-06
                2.293E-05  9.055E-06  2.054E-06  1.240E-05  5.362E-06  2.219E-06
                1.104E-05  8.251E-06  1.634E-05  9.698E-05  5.815E-06  3.520E-06
                1.575E-06  5.273E-07  2.264E-06  1.525E-06  2.837E-06  6.974E-06
                5.035E-06  2.300E-06  5.506E-06  1.244E-05  3.240E-05  3.911E-06
                3.479E-06  5.408E-06  5.624E-06  7.476E-06  1.262E-05
6.71334995E+01  3.128E-02  1.004E-02  3.277E-02  2.786E-03  1.365E-02  3.649E-02
                4.276E-03  1.512E-05  3.528E-04  1.892E-04  2.104E-05  1.741E-02
                2.150E-05  7.560E-04  1.097E-04  7.206E-06  1.157E-05  1.082E-05
                8.406E-06  1.364E-05  8.610E-06  4.865E-07  1.119E-05  1.839E-06
                4.208E-06  5.026E-06  3.704E-06  7.924E-06  2.118E-05  2.235E-05
                8.368E-06  1.683E-06  6.864E-05  2.041E-05  2.210E-06  1.483E-05
                7.273E-09  1.319E-06  8.026E-06  2.263E-05  6.595E-05  3.639E-06
                2.663E-05  3.859E-07  8.020E-07  1.435E-06  3.369E-06  6.337E-06
                9.161E-05  4.545E-07  4.524E-06  2.793E-06  8.607E-07  5.218E-07
                1.443E-05  4.697E-06  2.103E-06  3.772E-05  2.555E-05  1.390E-05
                8.644E-06  1.288E-08  2.064E-08  2.260E-09  1.965E-06  1.667E-05
                6.447E-07  1.170E-07  4.237E-06  1.384E-05  2.715E-05  1.511E-05
                5.963E-06  2.645E-06  8.346E-07  2.035E-06  5.227E-06  2.407E-06
                1.638E-06  2.792E-07  5.683E-06  1.579E-05  6.595E-06  1.411E-06
                1.687E-05  7.570E-05  8.181E-10  4.967E-09  1.100E-08  1.135E-08
                6.279E-09  5.718E-07  3.363E-06  6.784E-06  8.733E-07  2.717E-07
                2.557E-06  7.163E-06  6.071E-06  3.352E-05  1.030E-07  5.498E-07
                1.029E-06  2.032E-06  1.242E-06  3.788E-07  5.318E-07  1.280E-06
                2.378E-07  2.561E-06  1.830E-05  4.724E-06  8.711E-06  1.677E-07
                1.032E-04  3.024E-06  2.360E-06  1.555E-06  7.814E-08  6.719E-07
                1.650E-06  1.577E-06  4.242E-05  1.723E-06  1.883E-06  1.475E-05
                2.331E-06  7.828E-07  9.200E-06  5.546E-05  3.758E-06  9.571E-06
                9.048E-06  5.813E-07  1.356E-06  2.456E-06  3.426E-06  2.444E-07
                7.335E-07  2.025E-06  5.298E-06  1.100E-06  3.043E-07  1.459E-06
                5.632E-06  2.060E-05  8.750E-07  3.004E-06  1.065E-05  6.552E-06
                1.278E-06  2.304E-05  1.032E-05  1.345E-06  2.290E-06  6.488E-07
                1.143E-05  3.484E-06  8.027E-07  6.104E-06  2.251E-06  6.199E-07
                2.607E-06  3.709E-06  8.442E-06  3.558E-05  2.350E-06  1.576E-06
                7.360E-07  2.552E-07  8.620E-07  6.667E-07  1.181E-06  3.886E-06
                1.812E-06  9.486E-07  2.510E-06  6.257E-06  1.671E-05  9.853E-07
                1.240E-06  2.373E-06  2.320E-06  3.432E-06  5.118E-06  1.111E-06
                2.561E-07  1.221E-06  1.154E-05  1.736E-06  3.155E-06  3.737E-05
                3.685E-07  2.744E-07  4.434E-06  9.444E-06  1.789E-05  3.849E-06
                4.956E-06  4.943E-06  5.216E-07  1.126E-06  1.121E-06  3.879E-07
                4.929E-06  1.798E-06  2.562E-06  2.831E-06  1.295E-05  2.458E-07
                5.669E-07  7.844E-07  4.475E-07  9.637E-06  1.313E-06
8.07414995E+01  1.790E-02  5.726E-03  1.871E-02  1.585E-03  7.776E-03  2.551E-02
                2.988E-03  8.252E-06  2.440E-04  1.176E-04  1.102E-05  1.253E-02
                1.211E-05  4.543E-04  6.586E-05  4.046E-06  6.615E-06  6.451E-06
                4.913E-06  8.493E-06  6.010E-06  3.394E-07  5.675E-06  1.184E-06
                2.615E-06  3.063E-06  2.026E-06  4.661E-06  1.187E-05  1.283E-05
                4.735E-06  1.149E-06  3.133E-05  1.075E-05  1.300E-06  7.993E-06
                4.764E-09  6.881E-07  4.042E-06  1.141E-05  3.324E-05  1.819E-06
                1.380E-05  2.125E-07  3.874E-07  6.466E-07  1.511E-06  4.239E-06
                5.375E-05  2.227E-07  2.200E-06  1.715E-06  4.097E-07  2.554E-07
                7.322E-06  2.395E-06  1.143E-06  1.929E-05  1.288E-05  7.254E-06
                4.440E-06  7.933E-09  1.391E-08  1.443E-09  7.999E-07  6.479E-06
                3.904E-07  1.625E-07  2.436E-06  8.121E-06  1.526E-05  1.152E-05
                4.361E-06  1.872E-06  4.165E-07  1.031E-06  2.288E-06  9.506E-07
                1.118E-06  1.520E-07  4.122E-06  1.145E-05  2.991E-06  7.253E-07
                1.052E-05  4.692E-05  4.121E-10  2.428E-09  5.655E-09  6.333E-09
                1.637E-09  3.868E-07  2.284E-06  4.709E-06  5.479E-07  1.406E-07
                1.788E-06  5.202E-06  3.704E-06  2.104E-05  5.600E-08  2.766E-07
                6.878E-07  1.442E-06  2.418E-07  1.020E-07  3.557E-07  9.149E-07
                1.392E-07  1.879E-06  1.235E-05  3.198E-06  5.360E-06  8.381E-08
                6.446E-05  2.064E-06  1.559E-06  1.014E-06  6.153E-08  4.774E-07
                1.143E-06  1.074E-06  2.709E-05  1.211E-06  1.288E-06  9.571E-06
                1.401E-06  4.703E-07  5.833E-06  3.544E-05  2.477E-06  6.425E-06
                6.127E-06  2.555E-07  6.256E-07  1.182E-06  1.671E-06  1.505E-07
                5.393E-07  1.392E-06  3.307E-06  7.164E-07  1.577E-07  7.817E-07
                3.167E-06  1.235E-05  4.679E-07  9.445E-07  3.795E-06  4.348E-06
                8.356E-07  1.366E-05  6.008E-06  7.359E-07  1.278E-06  3.220E-07
                7.702E-06  1.854E-06  4.623E-07  3.436E-06  1.151E-06  3.447E-07
                1.351E-06  2.373E-06  5.383E-06  2.117E-05  1.048E-06  8.150E-07
                3.926E-07  1.400E-07  5.599E-07  3.026E-07  5.364E-07  2.234E-06
                9.954E-07  5.107E-07  1.497E-06  3.939E-06  1.046E-05  5.930E-07
                7.382E-07  1.159E-06  1.129E-06  1.394E-06  2.198E-06  7.216E-07
                1.084E-07  7.402E-07  8.063E-06  1.045E-06  2.181E-06  2.721E-05
                2.407E-07  1.180E-07  1.843E-06  4.210E-06  8.369E-06  1.601E-06
                2.143E-06  2.294E-06  1.185E-07  1.762E-07  5.070E-07  2.506E-07
                3.452E-06  1.103E-06  1.882E-06  1.558E-06  7.552E-06  1.067E-07
                1.936E-07  6.185E-07  1.511E-07  6.910E-06  7.015E-07
9.43494995E+01  1.105E-02  3.540E-03  1.156E-02  9.805E-04  4.811E-03  1.856E-02
                2.172E-03  5.110E-06  1.762E-04  7.896E-05  6.209E-06  9.256E-03
                7.357E-06  2.902E-04  4.204E-05  2.279E-06  3.786E-06  3.882E-06
                2.860E-06  5.299E-06  3.968E-06  2.285E-07  3.458E-06  8.657E-07
                1.841E-06  2.139E-06  1.371E-06  2.854E-06  7.177E-06  7.834E-06
                2.967E-06  7.566E-07  1.679E-05  6.287E-06  8.094E-07  4.790E-06
                3.059E-09  3.901E-07  2.242E-06  6.527E-06  1.892E-05  1.036E-06
                8.003E-06  1.492E-07  2.353E-07  3.521E-07  7.754E-07  3.553E-06
                3.370E-05  1.256E-07  1.368E-06  1.335E-06  2.273E-07  1.437E-07
                4.182E-06  1.366E-06  7.348E-07  1.269E-05  7.534E-06  4.202E-06
                2.561E-06  5.141E-09  1.003E-08  1.004E-09  4.253E-07  3.209E-06
                2.549E-07  1.540E-07  1.522E-06  5.104E-06  9.373E-06  8.576E-06
                3.198E-06  1.343E-06  2.384E-07  6.202E-07  1.264E-06  4.719E-07
                7.762E-07  1.029E-07  2.880E-06  7.980E-06  1.652E-06  4.360E-07
                6.937E-06  3.103E-05  2.716E-10  1.642E-09  3.781E-09  4.078E-09
                9.331E-10  2.695E-07  1.622E-06  3.329E-06  3.985E-07  9.365E-08
                1.362E-06  4.036E-06  2.474E-06  1.399E-05  4.178E-08  1.967E-07
                5.167E-07  1.091E-06  1.104E-07  6.340E-08  2.573E-07  6.597E-07
                9.165E-08  1.351E-06  8.606E-06  2.235E-06  3.622E-06  5.708E-08
                4.357E-05  1.488E-06  1.106E-06  7.382E-07  4.717E-08  3.552E-07
                8.471E-07  8.367E-07  1.816E-05  9.042E-07  9.619E-07  6.295E-06
                9.178E-07  3.361E-07  4.037E-06  2.440E-05  1.762E-06  4.593E-06
                4.281E-06  1.402E-07  3.417E-07  6.439E-07  8.780E-07  8.328E-08
                2.863E-07  7.309E-07  1.733E-06  4.714E-07  9.477E-08  5.056E-07
                2.125E-06  8.540E-06  2.809E-07  3.964E-07  1.591E-06  2.874E-06
                5.522E-07  9.376E-06  4.117E-06  4.930E-07  8.054E-07  1.909E-07
                5.491E-06  1.066E-06  2.586E-07  2.051E-06  6.516E-07  2.474E-07
                9.032E-07  1.635E-06  3.704E-06  1.397E-05  5.787E-07  4.777E-07
                2.285E-07  8.171E-08  3.828E-07  1.929E-07  3.348E-07  1.556E-06
                6.473E-07  3.060E-07  9.735E-07  2.692E-06  7.222E-06  3.999E-07
                5.385E-07  6.427E-07  6.390E-07  7.560E-07  1.166E-06  4.399E-07
                7.262E-08  4.573E-07  5.764E-06  6.914E-07  1.551E-06  1.999E-05
                1.875E-07  8.138E-08  8.990E-07  2.251E-06  4.739E-06  7.379E-07
                1.041E-06  1.203E-06  4.500E-08  6.577E-08  2.940E-07  1.395E-07
                2.679E-06  8.508E-07  1.446E-06  1.036E-06  5.435E-06  6.408E-08
                1.155E-07  4.599E-07  1.005E-07  5.179E-06  4.926E-07
1.07957499E+02  7.159E-03  2.289E-03  7.484E-03  6.327E-04  3.107E-03  1.383E-02
                1.618E-03  3.340E-06  1.310E-04  5.532E-05  3.819E-06  7.035E-03
                4.683E-06  1.918E-04  2.779E-05  1.366E-06  2.305E-06  2.505E-06
                1.753E-06  3.475E-06  2.647E-06  1.565E-07  2.366E-06  7.242E-07
                1.473E-06  1.698E-06  1.099E-06  1.801E-06  4.558E-06  5.006E-06
                2.060E-06  5.009E-07  9.778E-06  3.964E-06  5.212E-07  3.033E-06
                2.058E-09  2.356E-07  1.329E-06  3.961E-06  1.132E-05  6.233E-07
                4.908E-06  1.117E-07  1.586E-07  2.152E-07  4.376E-07  2.912E-06
                2.211E-05  7.349E-08  9.271E-07  1.052E-06  1.307E-07  8.778E-08
                2.509E-06  8.203E-07  5.029E-07  8.989E-06  4.776E-06  2.619E-06
                1.583E-06  3.783E-09  7.853E-09  7.005E-10  2.568E-07  1.775E-06
                1.754E-07  1.270E-07  1.020E-06  3.425E-06  6.147E-06  6.433E-06
                2.498E-06  1.070E-06  1.456E-07  4.002E-07  7.708E-07  2.606E-07
                5.480E-07  7.282E-08  2.034E-06  5.622E-06  1.006E-06  2.828E-07
                4.693E-06  2.101E-05  1.903E-10  1.177E-09  2.685E-09  2.811E-09
                6.036E-10  1.892E-07  1.144E-06  2.353E-06  3.080E-07  7.046E-08
                1.069E-06  3.189E-06  1.678E-06  9.476E-06  3.191E-08  1.483E-07
                3.932E-07  8.302E-07  7.761E-08  4.632E-08  1.921E-07  4.946E-07
                6.646E-08  1.020E-06  6.511E-06  1.696E-06  2.527E-06  4.114E-08
                3.034E-05  1.110E-06  8.084E-07  5.589E-07  3.651E-08  2.667E-07
                6.334E-07  6.413E-07  1.225E-05  7.093E-07  7.535E-07  4.296E-06
                6.210E-07  2.476E-07  2.877E-06  1.730E-05  1.322E-06  3.466E-06
                2.981E-06  9.171E-08  2.213E-07  4.129E-07  5.412E-07  5.445E-08
                1.816E-07  4.598E-07  1.091E-06  3.272E-07  6.095E-08  3.473E-07
                1.507E-06  6.195E-06  1.785E-07  2.317E-07  9.196E-07  1.967E-06
                3.754E-07  6.788E-06  2.973E-06  3.522E-07  5.385E-07  1.205E-07
                3.996E-06  6.654E-07  1.555E-07  1.329E-06  4.234E-07  1.892E-07
                6.614E-07  1.200E-06  2.691E-06  9.811E-06  3.648E-07  3.189E-07
                1.541E-07  5.496E-08  2.851E-07  1.332E-07  2.286E-07  1.192E-06
                4.535E-07  2.130E-07  6.981E-07  1.953E-06  5.224E-06  2.849E-07
                4.135E-07  4.295E-07  4.006E-07  4.983E-07  7.492E-07  2.835E-07
                6.083E-08  2.993E-07  4.227E-06  5.111E-07  1.133E-06  1.483E-05
                1.471E-07  5.927E-08  5.288E-07  1.387E-06  3.003E-06  4.270E-07
                6.162E-07  7.363E-07  2.415E-08  3.791E-08  1.827E-07  8.652E-08
                2.057E-06  6.486E-07  1.083E-06  7.339E-07  4.035E-06  4.163E-08
                7.706E-08  3.446E-07  6.882E-08  3.925E-06  3.690E-07
1.21565499E+02  4.902E-03  1.573E-03  5.139E-03  4.362E-04  2.142E-03  1.077E-02
                1.260E-03  2.194E-06  1.014E-04  4.048E-05  2.355E-06  5.517E-03
                3.110E-06  1.375E-04  1.993E-05  8.458E-07  1.441E-06  1.686E-06
                1.074E-06  2.311E-06  1.717E-06  1.072E-07  1.575E-06  6.493E-07
                1.253E-06  1.418E-06  9.352E-07  1.132E-06  2.909E-06  3.180E-06
                1.539E-06  3.246E-07  6.234E-06  2.652E-06  3.384E-07  1.988E-06
                1.303E-09  1.471E-07  8.132E-07  2.624E-06  7.398E-06  4.081E-07
                3.258E-06  1.048E-07  1.354E-07  1.635E-07  2.825E-07  2.495E-06
                1.537E-05  4.485E-08  6.804E-07  8.763E-07  8.034E-08  5.858E-08
                1.636E-06  5.260E-07  3.674E-07  6.803E-06  3.124E-06  1.644E-06
                1.009E-06  2.554E-09  5.992E-09  4.833E-10  1.765E-07  1.098E-06
                1.190E-07  1.021E-07  6.831E-07  2.285E-06  4.014E-06  4.845E-06
                1.800E-06  7.486E-07  9.256E-08  2.569E-07  4.981E-07  1.595E-07
                3.694E-07  4.998E-08  1.359E-06  3.751E-06  6.428E-07  1.868E-07
                3.342E-06  1.496E-05  1.406E-10  8.723E-10  1.953E-09  1.967E-09
                4.076E-10  1.254E-07  7.737E-07  1.598E-06  2.429E-07  5.482E-08
                8.517E-07  2.553E-06  1.202E-06  6.802E-06  2.361E-08  1.099E-07
                2.892E-07  6.124E-07  6.584E-08  3.361E-08  1.322E-07  3.454E-07
                4.734E-08  7.240E-07  4.290E-06  1.123E-06  1.942E-06  2.880E-08
                2.337E-05  8.123E-07  5.986E-07  4.161E-07  2.695E-08  1.906E-07
                4.606E-07  4.711E-07  8.644E-06  5.009E-07  5.367E-07  3.041E-06
                4.401E-07  1.808E-07  2.240E-06  1.354E-05  8.932E-07  2.341E-06
                2.037E-06  6.052E-08  1.454E-07  2.702E-07  3.416E-07  3.741E-08
                1.194E-07  2.985E-07  7.071E-07  2.275E-07  4.247E-08  2.537E-07
                1.124E-06  4.691E-06  1.230E-07  1.385E-07  5.392E-07  1.402E-06
                2.694E-07  5.116E-06  2.236E-06  2.621E-07  3.867E-07  7.992E-08
                3.046E-06  4.465E-07  9.990E-08  8.489E-07  2.748E-07  1.378E-07
                4.985E-07  7.794E-07  1.873E-06  7.493E-06  2.340E-07  2.165E-07
                1.045E-07  3.708E-08  1.898E-07  9.793E-08  1.665E-07  8.096E-07
                3.360E-07  1.454E-07  5.060E-07  1.461E-06  3.937E-06  2.205E-07
                3.319E-07  2.768E-07  2.597E-07  3.219E-07  4.791E-07  1.843E-07
                5.018E-08  1.997E-07  3.342E-06  3.469E-07  8.879E-07  1.180E-05
                1.137E-07  4.308E-08  3.159E-07  8.850E-07  1.996E-06  2.451E-07
                3.660E-07  4.613E-07  1.396E-08  3.038E-08  1.199E-07  5.883E-08
                1.621E-06  5.074E-07  8.443E-07  5.445E-07  3.117E-06  2.707E-08
                4.968E-08  2.656E-07  4.747E-08  3.074E-06  2.835E-07
1.35173499E+02  3.411E-03  1.092E-03  3.571E-03  3.019E-04  1.484E-03  8.335E-03
                9.753E-04  1.566E-06  7.864E-05  3.027E-05  1.587E-06  4.349E-03
                2.113E-06  9.557E-05  1.385E-05  5.205E-07  9.080E-07  1.188E-06
                6.742E-07  1.631E-06  1.193E-06  7.800E-08  1.216E-06  4.669E-07
                9.024E-07  1.034E-06  7.106E-07  7.403E-07  1.964E-06  2.147E-06
                1.067E-06  2.237E-07  4.318E-06  1.814E-06  2.271E-07  1.370E-06
                9.109E-10  9.556E-08  5.252E-07  1.791E-06  4.983E-06  2.750E-07
                2.222E-06  8.879E-08  1.096E-07  1.242E-07  1.892E-07  2.077E-06
                1.090E-05  2.912E-08  5.113E-07  7.197E-07  5.020E-08  4.287E-08
                1.090E-06  3.475E-07  2.758E-07  5.242E-06  2.168E-06  1.107E-06
                6.717E-07  2.024E-09  4.981E-09  3.423E-10  1.262E-07  6.995E-07
                8.590E-08  7.536E-08  4.850E-07  1.628E-06  2.823E-06  3.670E-06
                1.427E-06  6.088E-07  6.511E-08  1.832E-07  3.428E-07  1.000E-07
                2.763E-07  3.778E-08  1.013E-06  2.793E-06  4.356E-07  1.311E-07
                2.416E-06  1.083E-05  1.049E-10  6.601E-10  1.470E-09  1.453E-09
                2.799E-10  9.245E-08  5.770E-07  1.186E-06  1.973E-07  4.607E-08
                6.843E-07  2.046E-06  8.727E-07  4.915E-06  1.849E-08  8.664E-08
                2.239E-07  4.749E-07  6.002E-08  2.877E-08  1.033E-07  2.688E-07
                3.514E-08  5.677E-07  3.412E-06  8.981E-07  1.420E-06  2.240E-08
                1.702E-05  6.204E-07  4.512E-07  3.245E-07  2.077E-08  1.443E-07
                3.489E-07  3.611E-07  6.236E-06  4.025E-07  4.315E-07  2.178E-06
                3.151E-07  1.329E-07  1.655E-06  1.000E-05  7.024E-07  1.855E-06
                1.514E-06  4.357E-08  1.040E-07  1.919E-07  2.347E-07  2.680E-08
                8.503E-08  2.124E-07  5.050E-07  1.653E-07  3.009E-08  1.890E-07
                8.546E-07  3.617E-06  8.430E-08  1.044E-07  4.009E-07  1.007E-06
                1.935E-07  3.946E-06  1.719E-06  2.005E-07  2.842E-07  5.471E-08
                2.334E-06  3.078E-07  6.595E-08  5.874E-07  1.968E-07  1.105E-07
                3.967E-07  6.184E-07  1.446E-06  5.616E-06  1.611E-07  1.575E-07
                7.671E-08  2.702E-08  1.566E-07  7.359E-08  1.250E-07  6.904E-07
                2.553E-07  1.094E-07  3.877E-07  1.126E-06  3.031E-06  1.639E-07
                2.557E-07  2.054E-07  1.791E-07  2.389E-07  3.500E-07  1.263E-07
                4.572E-08  1.400E-07  2.513E-06  2.896E-07  6.656E-07  8.859E-06
                8.977E-08  3.307E-08  2.233E-07  6.257E-07  1.419E-06  1.773E-07
                2.627E-07  3.277E-07  1.119E-08  2.748E-08  7.965E-08  4.049E-08
                1.287E-06  4.000E-07  6.502E-07  4.122E-07  2.423E-06  1.932E-08
                3.653E-08  2.080E-07  3.509E-08  2.418E-06  2.237E-07
1.48781499E+02  2.532E-03  8.157E-04  2.662E-03  2.267E-04  1.114E-03  6.784E-03
                7.936E-04  1.152E-06  6.351E-05  2.358E-05  1.047E-06  3.524E-03
                1.488E-06  7.340E-05  1.063E-05  3.694E-07  6.442E-07  9.177E-07
                4.486E-07  1.187E-06  7.875E-07  5.629E-08  8.269E-07  4.632E-07
                8.521E-07  9.524E-07  6.637E-07  4.730E-07  1.292E-06  1.396E-06
                9.000E-07  1.475E-07  3.096E-06  1.343E-06  1.518E-07  9.453E-07
                5.609E-10  6.335E-08  3.391E-07  1.331E-06  3.665E-06  2.002E-07
                1.619E-06  8.503E-08  1.019E-07  1.094E-07  1.441E-07  1.789E-06
                8.097E-06  1.982E-08  4.081E-07  6.140E-07  3.526E-08  3.256E-08
                7.874E-07  2.437E-07  2.154E-07  4.228E-06  1.532E-06  7.377E-07
                4.604E-07  1.415E-09  3.932E-09  2.385E-10  1.003E-07  5.041E-07
                6.092E-08  5.886E-08  3.437E-07  1.146E-06  1.951E-06  2.857E-06
                1.032E-06  4.220E-07  4.466E-08  1.260E-07  2.457E-07  7.060E-08
                1.813E-07  2.579E-08  6.546E-07  1.800E-06  3.060E-07  9.295E-08
                1.801E-06  8.032E-06  8.186E-11  5.123E-10  1.114E-09  1.055E-09
                2.046E-10  5.928E-08  3.768E-07  7.878E-07  1.604E-07  3.688E-08
                5.615E-07  1.684E-06  6.498E-07  3.686E-06  1.351E-08  6.458E-08
                1.631E-07  3.470E-07  5.639E-08  2.169E-08  6.938E-08  1.845E-07
                2.548E-08  3.996E-07  2.150E-06  5.708E-07  1.182E-06  1.655E-08
                1.426E-05  4.619E-07  3.453E-07  2.447E-07  1.522E-08  1.019E-07
                2.541E-07  2.597E-07  4.483E-06  2.713E-07  2.960E-07  1.630E-06
                2.346E-07  9.573E-08  1.386E-06  8.487E-06  4.572E-07  1.201E-06
                1.007E-06  3.106E-08  7.405E-08  1.363E-07  1.614E-07  1.987E-08
                6.138E-08  1.523E-07  3.618E-07  1.195E-07  2.281E-08  1.469E-07
                6.713E-07  2.863E-06  6.499E-08  7.350E-08  2.776E-07  7.616E-07
                1.467E-07  3.110E-06  1.353E-06  1.569E-07  2.210E-07  3.933E-08
                1.840E-06  2.296E-07  4.601E-08  3.974E-07  1.367E-07  8.106E-08
                3.119E-07  3.809E-07  1.017E-06  4.657E-06  1.098E-07  1.136E-07
                5.505E-08  1.921E-08  1.005E-07  5.743E-08  9.731E-08  4.524E-07
                2.002E-07  7.921E-08  2.958E-07  8.814E-07  2.386E-06  1.371E-07
                2.103E-07  1.411E-07  1.241E-07  1.647E-07  2.405E-07  8.705E-08
                3.808E-08  9.949E-08  2.118E-06  1.932E-07  5.558E-07  7.468E-06
                6.752E-08  2.377E-08  1.482E-07  4.353E-07  1.019E-06  1.147E-07
                1.738E-07  2.246E-07  8.405E-09  2.624E-08  5.633E-08  3.083E-08
                1.038E-06  3.211E-07  5.204E-07  3.174E-07  1.929E-06  1.371E-08
                2.569E-08  1.658E-07  2.578E-08  1.946E-06  1.761E-07
1.62389499E+02  1.808E-03  5.806E-04  1.898E-03  1.609E-04  7.920E-04  5.484E-03
                6.415E-04  7.283E-07  5.164E-05  1.833E-05  7.357E-07  2.928E-03
                1.061E-06  5.415E-05  7.854E-06  2.473E-07  4.412E-07  7.228E-07
                3.003E-07  9.112E-07  5.586E-07  4.338E-08  6.715E-07  3.134E-07
                5.834E-07  6.636E-07  4.858E-07  3.146E-07  8.988E-07  9.783E-07
                6.188E-07  1.033E-07  2.249E-06  9.523E-07  1.018E-07  6.673E-07
                4.232E-10  4.332E-08  2.352E-07  9.330E-07  2.551E-06  1.381E-07
                1.130E-06  7.239E-08  8.511E-08  8.810E-08  1.041E-07  1.519E-06
                5.867E-06  1.389E-08  3.249E-07  5.187E-07  2.435E-08  2.412E-08
                5.388E-07  1.657E-07  1.698E-07  3.412E-06  1.119E-06  5.200E-07
                3.170E-07  1.203E-09  3.370E-09  1.792E-10  7.520E-08  3.292E-07
                4.482E-08  4.233E-08  2.507E-07  8.369E-07  1.409E-06  2.170E-06
                8.434E-07  3.621E-07  3.373E-08  9.067E-08  1.724E-07  4.471E-08
                1.412E-07  2.030E-08  5.100E-07  1.402E-06  2.124E-07  6.637E-08
                1.315E-06  5.874E-06  6.205E-11  3.921E-10  8.516E-10  7.984E-10
                1.446E-10  4.546E-08  2.897E-07  6.032E-07  1.293E-07  3.055E-08
                4.477E-07  1.338E-06  4.739E-07  2.680E-06  1.071E-08  5.235E-08
                1.277E-07  2.703E-07  5.525E-08  2.009E-08  5.674E-08  1.489E-07
                1.962E-08  3.243E-07  1.848E-06  4.924E-07  8.713E-07  1.287E-08
                1.047E-05  3.543E-07  2.643E-07  1.931E-07  1.204E-08  7.924E-08
                1.960E-07  2.016E-07  3.288E-06  2.288E-07  2.505E-07  1.194E-06
                1.711E-07  7.159E-08  1.031E-06  6.310E-06  3.830E-07  1.015E-06
                7.754E-07  2.346E-08  5.559E-08  1.017E-07  1.174E-07  1.469E-08
                4.604E-08  1.148E-07  2.743E-07  8.863E-08  1.681E-08  1.120E-07
                5.176E-07  2.228E-06  4.531E-08  6.195E-08  2.337E-07  5.585E-07
                1.069E-07  2.409E-06  1.045E-06  1.209E-07  1.693E-07  2.811E-08
                1.418E-06  1.631E-07  3.145E-08  2.861E-07  1.018E-07  6.586E-08
                2.549E-07  3.206E-07  8.122E-07  3.576E-06  7.878E-08  8.556E-08
                4.188E-08  1.448E-08  8.928E-08  4.403E-08  7.447E-08  4.144E-07
                1.536E-07  6.140E-08  2.303E-07  6.848E-07  1.850E-06  1.037E-07
                1.606E-07  1.106E-07  8.929E-08  1.279E-07  1.846E-07  6.210E-08
                3.510E-08  7.264E-08  1.616E-06  1.729E-07  4.226E-07  5.658E-06
                5.281E-08  1.858E-08  1.155E-07  3.261E-07  7.564E-07  9.418E-08
                1.386E-07  1.713E-07  6.993E-09  2.043E-08  3.846E-08  2.258E-08
                8.303E-07  2.548E-07  4.038E-07  2.446E-07  1.521E-06  1.019E-08
                1.953E-08  1.324E-07  2.001E-08  1.546E-06  1.401E-07
1.75997499E+02  1.456E-03  4.680E-04  1.526E-03  1.300E-04  6.387E-04  4.396E-03
                5.142E-04  7.336E-07  4.115E-05  1.471E-05  5.129E-07  2.312E-03
                7.600E-07  3.997E-05  5.781E-06  1.932E-07  3.434E-07  6.096E-07
                2.135E-07  7.211E-07  3.920E-07  3.386E-08  4.724E-07  2.688E-07
                4.890E-07  5.488E-07  4.100E-07  2.057E-07  6.135E-07  6.467E-07
                4.967E-07  7.252E-08  1.857E-06  7.387E-07  7.174E-08  4.971E-07
                2.495E-10  2.953E-08  1.571E-07  7.774E-07  2.119E-06  1.134E-07
                9.182E-07  6.892E-08  8.046E-08  8.221E-08  8.998E-08  1.337E-06
                4.729E-06  1.134E-08  2.739E-07  4.552E-07  2.005E-08  2.204E-08
                4.360E-07  1.291E-07  1.418E-07  2.881E-06  8.476E-07  3.645E-07
                2.362E-07  8.128E-10  2.717E-09  1.240E-10  6.415E-08  2.648E-07
                3.396E-08  3.344E-08  1.886E-07  6.288E-07  1.050E-06  1.720E-06
                5.935E-07  2.335E-07  2.580E-08  6.925E-08  1.362E-07  3.492E-08
                9.225E-08  1.361E-08  3.259E-07  8.957E-07  1.621E-07  5.107E-08
                1.063E-06  4.708E-06  4.957E-11  3.110E-10  6.633E-10  5.985E-10
                1.013E-10  2.912E-08  1.924E-07  4.073E-07  1.111E-07  2.830E-08
                3.724E-07  1.102E-06  3.837E-07  2.179E-06  8.052E-09  4.071E-08
                9.537E-08  2.037E-07  5.331E-08  1.616E-08  3.842E-08  1.041E-07
                1.448E-08  2.354E-07  1.075E-06  2.894E-07  7.506E-07  9.950E-09
                9.064E-06  2.837E-07  2.037E-07  1.489E-07  8.795E-09  5.599E-08
                1.452E-07  1.464E-07  2.527E-06  1.454E-07  1.629E-07  9.422E-07
                1.363E-07  4.969E-08  8.873E-07  5.519E-06  2.346E-07  6.156E-07
                5.272E-07  1.563E-08  3.738E-08  6.897E-08  7.677E-08  1.042E-08
                3.139E-08  7.726E-08  1.839E-07  7.010E-08  1.313E-08  8.965E-08
                4.174E-07  1.805E-06  3.657E-08  4.538E-08  1.638E-07  4.453E-07
                8.641E-08  1.951E-06  8.467E-07  9.752E-08  1.363E-07  2.142E-08
                1.157E-06  1.302E-07  2.372E-08  2.009E-07  7.558E-08  5.044E-08
                2.124E-07  1.946E-07  5.839E-07  3.067E-06  5.197E-08  6.086E-08
                2.903E-08  9.800E-09  5.486E-08  3.523E-08  5.988E-08  2.578E-07
                1.252E-07  4.343E-08  1.767E-07  5.468E-07  1.497E-06  8.809E-08
                1.349E-07  7.623E-08  6.450E-08  9.120E-08  1.339E-07  4.371E-08
                2.787E-08  5.248E-08  1.358E-06  1.135E-07  3.565E-07  4.747E-06
                4.051E-08  1.355E-08  7.553E-08  2.340E-07  5.660E-07  5.830E-08
                8.850E-08  1.183E-07  6.970E-09  2.731E-08  2.944E-08  1.820E-08
                6.730E-07  2.057E-07  3.240E-07  1.890E-07  1.210E-06  7.920E-09
                1.577E-08  1.061E-07  1.502E-08  1.243E-06  1.106E-07
1.89605499E+02  1.073E-03  3.484E-04  1.135E-03  9.760E-05  4.798E-04  3.958E-03
                4.628E-04  3.664E-07  3.702E-05  1.231E-05  3.656E-07  2.126E-03
                6.067E-07  3.540E-05  5.139E-06  1.509E-07  2.685E-07  5.152E-07
                1.605E-07  5.789E-07  2.653E-07  2.618E-08  3.568E-07  2.830E-07
                5.003E-07  5.539E-07  4.108E-07  1.338E-07  4.184E-07  4.569E-07
                4.681E-07  4.810E-08  1.210E-06  5.843E-07  4.571E-08  3.278E-07
                1.892E-10  2.171E-08  1.132E-07  5.430E-07  1.464E-06  7.558E-08
                6.117E-07  5.715E-08  6.557E-08  6.465E-08  6.434E-08  1.143E-06
                3.304E-06  7.564E-09  2.257E-07  3.879E-07  1.464E-08  1.395E-08
                2.908E-07  8.566E-08  1.104E-07  2.394E-06  6.240E-07  2.514E-07
                1.582E-07  7.531E-10  2.338E-09  9.732E-11  5.006E-08  1.840E-07
                2.343E-08  2.348E-08  1.320E-07  4.336E-07  7.116E-07  1.363E-06
                5.205E-07  2.254E-07  1.857E-08  4.654E-08  9.592E-08  2.356E-08
                6.886E-08  1.110E-08  2.423E-07  6.599E-07  1.118E-07  3.492E-08
                7.222E-07  3.183E-06  3.882E-11  2.424E-10  5.058E-10  4.417E-10
                8.385E-11  2.091E-08  1.337E-07  2.936E-07  8.464E-08  1.836E-08
                3.040E-07  9.179E-07  2.559E-07  1.473E-06  6.091E-09  3.160E-08
                7.143E-08  1.497E-07  4.853E-08  1.437E-08  3.015E-08  7.986E-08
                1.135E-08  1.798E-07  9.972E-07  2.707E-07  5.864E-07  8.246E-09
                7.106E-06  2.099E-07  1.663E-07  1.187E-07  6.942E-09  4.364E-08
                1.118E-07  1.102E-07  1.677E-06  1.284E-07  1.458E-07  6.900E-07
                9.533E-08  3.984E-08  7.030E-07  4.367E-06  2.110E-07  5.579E-07
                3.671E-07  1.377E-08  3.243E-08  5.903E-08  6.529E-08  8.570E-09
                2.726E-08  6.846E-08  1.644E-07  5.012E-08  1.059E-08  7.116E-08
                3.292E-07  1.428E-06  3.075E-08  3.621E-08  1.378E-07  3.288E-07
                6.130E-08  1.516E-06  6.553E-07  7.544E-08  1.163E-07  1.691E-08
                8.836E-07  1.054E-07  1.684E-08  1.501E-07  5.431E-08  3.844E-08
                1.677E-07  1.544E-07  4.644E-07  2.475E-06  4.195E-08  4.971E-08
                2.438E-08  8.310E-09  4.992E-08  2.785E-08  4.695E-08  2.445E-07
                9.605E-08  3.631E-08  1.429E-07  4.319E-07  1.165E-06  7.162E-08
                1.043E-07  6.257E-08  4.691E-08  6.956E-08  9.793E-08  3.396E-08
                2.588E-08  4.218E-08  1.133E-06  1.006E-07  2.919E-07  3.943E-06
                3.026E-08  1.033E-08  6.449E-08  1.807E-07  4.283E-07  5.353E-08
                7.914E-08  9.611E-08  3.878E-09  1.168E-08  2.010E-08  1.415E-08
                5.567E-07  1.690E-07  2.632E-07  1.512E-07  9.944E-07  5.878E-09
                1.103E-08  8.815E-08  1.244E-08  1.030E-06  9.008E-08
2.03213499E+02  7.990E-04  2.557E-04  8.319E-04  7.029E-05  3.465E-04  2.944E-03
                3.444E-04  3.306E-07  2.798E-05  9.425E-06  2.526E-07  1.626E-03
                4.039E-07  2.190E-05  3.175E-06  1.043E-07  1.934E-07  4.553E-07
                1.085E-07  5.061E-07  2.139E-07  2.358E-08  3.076E-07  8.973E-08
                1.741E-07  2.091E-07  1.894E-07  9.283E-08  3.084E-07  3.259E-07
                1.987E-07  3.863E-08  1.109E-06  3.811E-07  3.265E-08  2.634E-07
                1.371E-10  1.490E-08  8.669E-08  4.097E-07  1.108E-06  5.888E-08
                4.850E-07  5.196E-08  5.888E-08  5.762E-08  5.430E-08  1.080E-06
                2.606E-06  7.041E-09  2.010E-07  3.655E-07  1.245E-08  1.419E-08
                2.222E-07  6.524E-08  9.820E-08  2.150E-06  4.998E-07  1.839E-07
                1.198E-07  5.203E-10  2.038E-09  7.091E-11  3.789E-08  1.200E-07
                1.896E-08  1.712E-08  1.042E-07  3.471E-07  5.678E-07  9.873E-07
                3.553E-07  1.404E-07  1.674E-08  3.674E-08  7.215E-08  1.413E-08
                5.511E-08  8.031E-09  1.942E-07  5.357E-07  8.087E-08  2.715E-08
                6.076E-07  2.695E-06  2.918E-11  1.849E-10  3.946E-10  3.516E-10
                4.607E-11  1.708E-08  1.154E-07  2.372E-07  7.860E-08  2.401E-08
                2.370E-07  6.746E-07  2.199E-07  1.234E-06  5.044E-09  2.814E-08
                5.812E-08  1.240E-07  5.744E-08  1.513E-08  2.437E-08  6.563E-08
                9.237E-09  1.517E-07  6.527E-07  1.766E-07  4.277E-07  5.454E-09
                5.133E-06  1.841E-07  1.161E-07  9.166E-08  5.368E-09  3.294E-08
                8.609E-08  8.695E-08  1.490E-06  8.975E-08  1.052E-07  5.200E-07
                7.759E-08  2.661E-08  5.147E-07  3.216E-06  1.398E-07  3.702E-07
                3.256E-07  7.704E-09  1.853E-08  3.444E-08  3.625E-08  5.294E-09
                1.571E-08  3.839E-08  9.178E-08  4.494E-08  7.312E-09  5.318E-08
                2.511E-07  1.096E-06  1.743E-08  3.699E-08  1.285E-07  2.458E-07
                4.859E-08  1.175E-06  5.086E-07  5.817E-08  8.368E-08  1.182E-08
                7.116E-07  6.800E-08  1.208E-08  1.082E-07  4.695E-08  3.270E-08
                1.500E-07  1.197E-07  3.518E-07  1.893E-06  2.427E-08  3.265E-08
                1.535E-08  4.903E-09  3.563E-08  2.101E-08  3.568E-08  1.728E-07
                7.529E-08  2.349E-08  1.028E-07  3.269E-07  9.046E-07  5.242E-08
                8.321E-08  4.743E-08  3.574E-08  5.825E-08  8.837E-08  2.227E-08
                2.032E-08  2.782E-08  8.054E-07  7.857E-08  2.136E-07  2.769E-06
                2.437E-08  8.067E-09  4.343E-08  1.327E-07  3.206E-07  3.603E-08
                5.120E-08  6.634E-08  6.188E-09  2.483E-08  1.567E-08  1.096E-08
                4.254E-07  1.280E-07  1.943E-07  1.108E-07  7.425E-07  4.750E-09
                1.034E-08  6.712E-08  8.987E-09  7.702E-07  6.882E-08
