          16           7
         215          13           1           1
           0          -4           0          -4           0          -6           0          -2           0          -4           0           6           0           4           0           2           0           4           0           6           0           2           0           4           0           2           0          -4           0          -2           0           2           0           4           0           6           0           2           0           4           0           6           0           4           0          -2           0          -2           0          -4           0          -6           0          -8           0          -2           0          -4           0          -6           0          -4           0           2           0          -4           0          -6           0          -2           0          -4           0          -6           0          -6           0          -8           0          -4           0          -6           0          -2           0          -4           0           4           0           6           0           8           0          10           0           4           0          -4           0           2           0           6           0           4           0           8           0           2           0          -4           0          -2           0           6           0           6           0           4           0           2           0           8           0           4           0           6           0           8           0           4           0           6           0           8           0          10           0           4           0           6           0           8           0           6           0           4           0           2           0           6           0           2           0           4           0           2           0          -4           0          -2           0          -6           0          -8           0           6           0           4           0          -4           0          -6           0          -2           0          -4           0          -6           0          -8           0         -10           0          -2           0          -4           0          -6           0          -4           0          -2           0          -6           0          -8           0          -2           0          -4           0           2           0           4           0           6           0           8           0           4           0           4           0           6           0           8           0           2           0          10           0           8           0           6           0           4           0           2           0           6           0           6           0           4           0           4           0           2           0           4           0           6           0           8           0          -4           0           2           0           4           0          -6           0          -4           0           2           0           4           0           6           0           4           0           6           0          -2           0          -4           0          -6           0          -8           0         -10           0          -6           0          -8           0         -10           0         -12           0           2           0          -2           0          -4           0          -6           0          -8           0          -2           0          -8           0         -10           0          -4           0          -2           0          -6           0          -4           0          -2           0          -4           0          -2           0          -4           0          -6           0          -4           0          -8           0          -6           0           2           0           4           0           2           0           4           0           6           0         -10           0          -8           0          -6           0          -4           0           6           0          -2           0          -4           0           8           0          -6           0          -2           0          -4           0          -6           0          -8           0           4           0           6           0          -4           0          -6           0          -6           0          -8           0          -2           0           2           0          -4           0           4           0           6           0           4           0           4           0           2           0           2           0          -4           0          -6           0          -8           0          -2           0          -4           0          -6           0          -8           0         -10           0          -8           0          -6           0          -4           0          -2           0          -2           0          -4           0          -6           0          -6           0          -8           0          -4           0          -2           0          -6           0          -4
    0.000000E+00    9.645106E-03    9.843162E-03    1.435602E-02    1.458263E-02
    4.247197E-02    4.320385E-02    4.360158E-02    5.944295E-02    5.948713E-02
    6.922989E-02    7.316769E-02    7.411300E-02    1.134727E-01    1.147319E-01
    2.354040E-01    2.358931E-01    2.366026E-01    2.382857E-01    2.391328E-01
    2.438023E-01    2.438287E-01    2.461520E-01    2.471700E-01    2.474363E-01
    2.479076E-01    2.485433E-01    2.486026E-01    2.487216E-01    2.491410E-01
    2.502551E-01    2.507374E-01    2.510783E-01    2.511300E-01    2.524691E-01
    2.524772E-01    2.554279E-01    2.561102E-01    2.563381E-01    2.591442E-01
    2.591854E-01    2.609226E-01    2.615363E-01    2.619649E-01    2.622131E-01
    2.625883E-01    2.631076E-01    2.632646E-01    2.633261E-01    2.634365E-01
    2.637297E-01    2.638533E-01    2.640096E-01    2.643758E-01    2.644930E-01
    2.645338E-01    2.648466E-01    2.652759E-01    2.655531E-01    2.656939E-01
    2.657640E-01    2.676748E-01    2.677713E-01    2.679166E-01    2.688115E-01
    2.690337E-01    2.711118E-01    2.712141E-01    2.720014E-01    2.721113E-01
    2.724223E-01    2.724984E-01    2.725578E-01    2.726085E-01    2.727219E-01
    2.737570E-01    2.740430E-01    2.746587E-01    2.763855E-01    2.763956E-01
    2.763957E-01    2.764682E-01    2.789238E-01    2.791446E-01    2.808157E-01
    2.808428E-01    2.816082E-01    2.816156E-01    2.816277E-01    2.816445E-01
    2.816660E-01    2.832213E-01    2.832636E-01    2.833497E-01    2.872720E-01
    2.872722E-01    2.872783E-01    2.873017E-01    2.873787E-01    2.874354E-01
    2.875828E-01    2.876419E-01    2.877951E-01    2.879672E-01    2.884374E-01
    2.885530E-01    2.886000E-01    2.886971E-01    2.887362E-01    2.888178E-01
    2.901974E-01    2.902310E-01    2.934227E-01    2.936053E-01    2.936679E-01
    2.948139E-01    2.948751E-01    2.949134E-01    2.954910E-01    2.955387E-01
    2.955818E-01    2.956302E-01    2.974080E-01    2.974265E-01    2.978254E-01
    2.979930E-01    2.980044E-01    2.981863E-01    2.981951E-01    2.982014E-01
    2.986863E-01    2.989406E-01    2.997979E-01    3.013547E-01    3.014398E-01
    3.015665E-01    3.017420E-01    3.025165E-01    3.025355E-01    3.025686E-01
    3.026262E-01    3.032771E-01    3.036433E-01    3.036673E-01    3.036996E-01
    3.037196E-01    3.041292E-01    3.046134E-01    3.046301E-01    3.048276E-01
    3.048611E-01    3.049614E-01    3.051740E-01    3.052844E-01    3.060373E-01
    3.062721E-01    3.065126E-01    3.067251E-01    3.072820E-01    3.083217E-01
    3.083847E-01    3.085481E-01    3.086063E-01    3.093086E-01    3.093690E-01
    3.093750E-01    3.093804E-01    3.094500E-01    3.095030E-01    3.095365E-01
    3.096086E-01    3.096683E-01    3.098305E-01    3.098337E-01    3.100372E-01
    3.110986E-01    3.111053E-01    3.111248E-01    3.111449E-01    3.124031E-01
    3.124222E-01    3.126400E-01    3.132139E-01    3.132929E-01    3.134326E-01
    3.163175E-01    3.165548E-01    3.167011E-01    3.167161E-01    3.173537E-01
    3.174815E-01    3.194473E-01    3.198310E-01    3.206567E-01    3.235572E-01
    3.235827E-01    3.236877E-01    3.236885E-01    3.238034E-01    3.239013E-01
    3.239634E-01    3.240075E-01    3.245628E-01    3.245933E-01    3.263728E-01
    3.264517E-01    3.271738E-01    3.284075E-01    3.287843E-01    3.314323E-01
    3.314556E-01    3.324856E-01    3.325179E-01    3.327131E-01    3.333147E-01
           0           4           0           1
  -28.010499495533246               13
3.41340995E+01  2.068E-01  6.775E-02  2.211E-01  1.895E-02  9.236E-02  1.157E-01
                1.356E-02  7.442E-05  1.221E-03  9.628E-04  1.817E-04  4.540E-02
                1.577E-04
4.77420995E+01  7.973E-02  2.640E-02  8.824E-02  7.092E-03  3.591E-02  6.779E-02
                7.967E-03  3.227E-05  7.720E-04  5.656E-04  7.131E-05  3.100E-02
                8.157E-05  1.815E-03  2.752E-04  1.822E-05  7.786E-05  1.676E-04
                7.174E-05  1.135E-04
6.13500995E+01  4.078E-02  1.310E-02  4.277E-02  3.640E-03  1.783E-02  4.329E-02
                5.067E-03  1.907E-05  4.197E-04  2.348E-04  2.842E-05  2.035E-02
                2.784E-05  9.697E-04  1.407E-04  9.377E-06  1.490E-05  1.373E-05
                1.004E-05  1.639E-05  8.960E-06  5.628E-07  1.687E-05  2.133E-06
                5.088E-06  6.274E-06  5.414E-06  9.446E-06  2.556E-05  2.409E-05
                8.849E-06  1.684E-06  9.570E-05  2.209E-05  1.854E-06  1.565E-05
                2.390E-08  1.411E-06  7.102E-06  3.055E-05  9.141E-05  4.561E-06
                3.158E-05  5.347E-07  1.106E-06  2.199E-06  5.167E-06  9.071E-06
                6.544E-05  5.514E-07  5.209E-06  3.945E-06  2.035E-06  8.153E-07
                1.882E-05  5.906E-06  2.599E-06  4.434E-05  2.902E-05  1.537E-05
                1.021E-05  3.718E-08  1.082E-07  3.914E-08  2.525E-06  1.652E-05
                7.739E-07  1.250E-07  4.943E-06  1.609E-05  3.280E-05  2.200E-05
                9.500E-06  4.716E-06  1.674E-06  2.628E-06  7.159E-06  3.844E-06
                2.355E-06  4.706E-07  8.064E-06  2.016E-05  7.804E-06  1.490E-06
                2.129E-05  9.187E-05  1.412E-09  5.228E-09  1.859E-08  7.250E-08
                4.262E-09  6.470E-07  3.613E-06  6.167E-06  1.417E-06  3.926E-07
                5.162E-06  1.616E-05  6.052E-06  3.138E-05  1.420E-07  7.943E-07
                1.505E-06  2.979E-06  2.220E-06  4.966E-07  8.440E-07  2.184E-06
                4.290E-07  6.354E-06  2.699E-05  7.331E-06  1.305E-05  4.053E-07
                1.162E-04  3.235E-06  2.951E-06  2.249E-06  1.230E-07  9.648E-07
                3.290E-06  5.082E-06  5.382E-05  3.004E-06  4.083E-06  1.834E-05
                2.901E-06  1.075E-06  1.272E-05  5.828E-05  5.031E-06  1.519E-05
                9.747E-06  6.443E-07  1.583E-06  2.963E-06  4.307E-06  3.535E-07
                1.298E-06  3.432E-06  7.868E-06  9.464E-07  3.955E-07  1.820E-06
                7.521E-06  2.495E-05  1.313E-06  4.033E-06  1.655E-05  7.317E-06
                1.369E-06  2.613E-05  1.122E-05  1.503E-06  3.681E-06  7.111E-07
                1.594E-05  4.116E-06  1.402E-06  6.457E-06  2.977E-06  8.213E-07
                3.216E-06  4.688E-06  1.052E-05  4.376E-05  3.038E-06  2.143E-06
                1.010E-06  3.553E-07  1.280E-06  8.165E-07  1.454E-06  4.777E-06
                2.468E-06  1.391E-06  3.555E-06  7.610E-06  2.110E-05  1.108E-06
                1.889E-06  3.674E-06  3.368E-06  5.159E-06  7.109E-06  1.751E-06
                3.078E-07  2.055E-06  1.329E-05  3.587E-06  3.238E-06  4.887E-05
                6.303E-07  3.837E-07  6.419E-06  1.470E-05  2.518E-05  5.715E-06
                7.096E-06  8.126E-06  5.591E-07  1.075E-06  1.075E-06  6.211E-07
                3.885E-06  1.403E-06  2.452E-06  3.709E-06  1.676E-05  2.531E-07
                5.289E-07  9.285E-07  2.517E-07  1.149E-05  1.586E-06
7.49580995E+01  2.249E-02  7.204E-03  2.352E-02  1.997E-03  9.792E-03  2.960E-02
                3.467E-03  1.047E-05  2.841E-04  1.427E-04  1.422E-05  1.436E-02
                1.530E-05  5.627E-04  8.158E-05  5.102E-06  8.288E-06  7.961E-06
                6.077E-06  1.032E-05  7.118E-06  3.995E-07  7.371E-06  1.318E-06
                3.009E-06  3.567E-06  2.454E-06  5.808E-06  1.503E-05  1.610E-05
                5.839E-06  1.367E-06  4.326E-05  1.388E-05  1.620E-06  1.026E-05
                5.585E-09  8.986E-07  5.335E-06  1.514E-05  4.420E-05  2.416E-06
                1.807E-05  2.712E-07  5.164E-07  8.856E-07  2.085E-06  4.877E-06
                6.683E-05  2.952E-07  2.890E-06  2.040E-06  5.434E-07  3.446E-07
                9.677E-06  3.155E-06  1.456E-06  2.485E-05  1.690E-05  9.434E-06
                5.813E-06  9.566E-09  1.629E-08  1.668E-09  1.134E-06  9.434E-06
                4.800E-07  1.478E-07  3.047E-06  1.014E-05  1.938E-05  1.298E-05
                4.951E-06  2.145E-06  5.606E-07  1.367E-06  3.183E-06  1.376E-06
                1.339E-06  1.870E-07  4.894E-06  1.361E-05  4.102E-06  9.434E-07
                1.280E-05  5.723E-05  5.123E-10  2.941E-09  6.863E-09  7.812E-09
                2.127E-09  4.575E-07  2.707E-06  5.509E-06  6.447E-07  1.771E-07
                2.033E-06  5.849E-06  4.515E-06  2.556E-05  6.654E-08  3.455E-07
                8.033E-07  1.685E-06  4.475E-07  1.544E-07  4.198E-07  1.079E-06
                1.696E-07  2.221E-06  1.455E-05  3.768E-06  6.493E-06  1.015E-07
                7.773E-05  2.349E-06  1.829E-06  1.189E-06  6.890E-08  5.464E-07
                1.316E-06  1.220E-06  3.315E-05  1.404E-06  1.494E-06  1.138E-05
                1.692E-06  5.606E-07  6.950E-06  4.226E-05  2.911E-06  7.549E-06
                7.350E-06  3.371E-07  8.288E-07  1.572E-06  2.261E-06  1.983E-07
                7.214E-07  1.868E-06  4.438E-06  8.492E-07  2.032E-07  9.789E-07
                3.903E-06  1.501E-05  6.064E-07  1.378E-06  5.519E-06  5.169E-06
                1.005E-06  1.671E-05  7.349E-06  9.132E-07  1.625E-06  4.137E-07
                9.135E-06  2.447E-06  6.109E-07  4.354E-06  1.518E-06  4.199E-07
                1.728E-06  2.879E-06  6.486E-06  2.598E-05  1.407E-06  1.066E-06
                5.145E-07  1.826E-07  6.845E-07  3.872E-07  6.946E-07  2.722E-06
                1.259E-06  6.606E-07  1.871E-06  4.818E-06  1.275E-05  7.142E-07
                8.647E-07  1.539E-06  1.492E-06  1.893E-06  3.013E-06  9.055E-07
                1.382E-07  9.317E-07  9.366E-06  1.313E-06  2.531E-06  3.107E-05
                2.773E-07  1.457E-07  2.593E-06  5.739E-06  1.115E-05  2.299E-06
                3.015E-06  3.144E-06  1.867E-07  2.943E-07  6.344E-07  3.191E-07
                3.916E-06  1.259E-06  2.150E-06  1.948E-06  9.046E-06  1.340E-07
                2.437E-07  7.092E-07  1.799E-07  8.061E-06  8.657E-07
8.85660995E+01  1.347E-02  4.311E-03  1.408E-02  1.193E-03  5.854E-03  2.105E-02
                2.465E-03  6.415E-06  2.007E-04  9.318E-05  7.917E-06  1.043E-02
                9.056E-06  3.441E-04  4.984E-05  2.890E-06  4.776E-06  4.795E-06
                3.604E-06  6.497E-06  4.802E-06  2.725E-07  4.321E-06  9.605E-07
                2.095E-06  2.454E-06  1.589E-06  3.533E-06  8.922E-06  9.722E-06
                3.570E-06  9.150E-07  2.174E-05  7.854E-06  9.921E-07  5.942E-06
                3.715E-09  4.955E-07  2.874E-06  8.216E-06  2.388E-05  1.307E-06
                9.998E-06  1.621E-07  2.753E-07  4.381E-07  1.007E-06  3.811E-06
                4.071E-05  1.599E-07  1.648E-06  1.472E-06  2.887E-07  1.832E-07
                5.265E-06  1.725E-06  8.748E-07  1.497E-05  9.416E-06  5.299E-06
                3.225E-06  6.336E-09  1.169E-08  1.175E-09  5.458E-07  4.251E-06
                3.093E-07  1.591E-07  1.873E-06  6.280E-06  1.166E-05  9.818E-06
                3.737E-06  1.598E-06  3.025E-07  7.829E-07  1.621E-06  6.250E-07
                9.212E-07  1.229E-07  3.417E-06  9.476E-06  2.120E-06  5.455E-07
                8.212E-06  3.671E-05  3.216E-10  1.932E-09  4.485E-09  4.929E-09
                1.178E-09  3.209E-07  1.908E-06  3.917E-06  4.524E-07  1.096E-07
                1.522E-06  4.484E-06  2.914E-06  1.649E-05  4.747E-08  2.262E-07
                5.882E-07  1.239E-06  1.378E-07  7.567E-08  3.015E-07  7.702E-07
                1.087E-07  1.572E-06  1.037E-05  2.689E-06  4.206E-06  6.919E-08
                5.059E-05  1.712E-06  1.282E-06  8.486E-07  5.346E-08  4.083E-07
                9.703E-07  9.414E-07  2.137E-05  1.047E-06  1.111E-06  7.458E-06
                1.088E-06  3.887E-07  4.645E-06  2.809E-05  2.089E-06  5.441E-06
                5.027E-06  1.811E-07  4.418E-07  8.322E-07  1.151E-06  1.063E-07
                3.741E-07  9.610E-07  2.283E-06  5.605E-07  1.155E-07  5.994E-07
                2.488E-06  9.894E-06  3.488E-07  5.775E-07  2.323E-06  3.399E-06
                6.515E-07  1.093E-05  4.801E-06  5.806E-07  9.714E-07  2.370E-07
                6.285E-06  1.339E-06  3.272E-07  2.575E-06  8.331E-07  2.889E-07
                1.058E-06  1.970E-06  4.393E-06  1.637E-05  7.423E-07  5.982E-07
                2.878E-07  1.028E-07  4.619E-07  2.295E-07  4.023E-07  1.867E-06
                7.673E-07  3.839E-07  1.169E-06  3.146E-06  8.382E-06  4.651E-07
                6.044E-07  8.370E-07  8.077E-07  9.892E-07  1.533E-06  5.436E-07
                8.527E-08  5.614E-07  6.548E-06  8.366E-07  1.766E-06  2.249E-05
                2.063E-07  9.411E-08  1.226E-06  2.926E-06  5.978E-06  1.041E-06
                1.430E-06  1.584E-06  6.855E-08  9.451E-08  3.646E-07  1.752E-07
                2.988E-06  9.518E-07  1.611E-06  1.218E-06  6.190E-06  8.022E-08
                1.458E-07  5.223E-07  1.202E-07  5.833E-06  5.696E-07
1.02174099E+02  8.548E-03  2.734E-03  8.939E-03  7.562E-04  3.714E-03  1.568E-02
                1.836E-03  3.808E-06  1.486E-04  6.372E-05  4.625E-06  7.937E-03
                5.639E-06  2.300E-04  3.334E-05  1.736E-06  2.900E-06  3.045E-06
                2.186E-06  4.153E-06  3.101E-06  1.820E-07  2.696E-06  8.416E-07
                1.711E-06  1.963E-06  1.258E-06  2.172E-06  5.457E-06  5.983E-06
                2.460E-06  5.885E-07  1.192E-05  4.792E-06  6.215E-07  3.620E-06
                2.452E-09  2.894E-07  1.642E-06  4.803E-06  1.379E-05  7.577E-07
                5.937E-06  1.240E-07  1.838E-07  2.602E-07  5.502E-07  3.143E-06
                2.622E-05  9.053E-08  1.077E-06  1.152E-06  1.642E-07  1.041E-07
                3.062E-06  1.002E-06  5.813E-07  1.025E-05  5.708E-06  3.158E-06
                1.914E-06  4.271E-09  8.617E-09  8.226E-10  3.100E-07  2.224E-06
                2.024E-07  1.419E-07  1.194E-06  3.997E-06  7.210E-06  7.248E-06
                2.767E-06  1.178E-06  1.736E-07  4.632E-07  9.204E-07  3.275E-07
                6.209E-07  8.249E-08  2.306E-06  6.378E-06  1.211E-06  3.323E-07
                5.484E-06  2.451E-05  2.195E-10  1.347E-09  3.079E-09  3.255E-09
                7.292E-10  2.152E-07  1.292E-06  2.674E-06  3.409E-07  7.772E-08
                1.182E-06  3.518E-06  1.950E-06  1.106E-05  3.527E-08  1.649E-07
                4.372E-07  9.209E-07  8.713E-08  5.018E-08  2.133E-07  5.513E-07
                7.686E-08  1.137E-06  7.226E-06  1.879E-06  2.944E-06  4.570E-08
                3.545E-05  1.251E-06  9.192E-07  6.235E-07  4.074E-08  2.995E-07
                7.125E-07  7.123E-07  1.425E-05  7.773E-07  8.271E-07  5.070E-06
                7.319E-07  2.813E-07  3.333E-06  2.010E-05  1.469E-06  3.838E-06
                3.387E-06  1.098E-07  2.659E-07  4.974E-07  6.623E-07  6.537E-08
                2.201E-07  5.585E-07  1.325E-06  3.811E-07  7.286E-08  4.039E-07
                1.730E-06  7.042E-06  2.121E-07  2.921E-07  1.165E-06  2.317E-06
                4.418E-07  7.701E-06  3.378E-06  4.016E-07  6.287E-07  1.452E-07
                4.537E-06  7.986E-07  1.916E-07  1.588E-06  5.043E-07  2.080E-07
                7.416E-07  1.328E-06  3.031E-06  1.141E-05  4.402E-07  3.755E-07
                1.808E-07  6.457E-08  3.130E-07  1.542E-07  2.654E-07  1.291E-06
                5.212E-07  2.465E-07  7.973E-07  2.218E-06  5.937E-06  3.313E-07
                4.667E-07  5.056E-07  4.852E-07  5.878E-07  8.946E-07  3.398E-07
                6.520E-08  3.550E-07  4.872E-06  5.623E-07  1.307E-06  1.704E-05
                1.618E-07  6.684E-08  6.527E-07  1.682E-06  3.607E-06  5.295E-07
                7.575E-07  8.942E-07  3.043E-08  4.447E-08  2.254E-07  1.070E-07
                2.272E-06  7.181E-07  1.211E-06  8.391E-07  4.533E-06  4.933E-08
                9.045E-08  3.860E-07  8.009E-08  4.365E-06  4.109E-07
1.15782099E+02  5.754E-03  1.845E-03  6.026E-03  5.109E-04  2.508E-03  1.187E-02
                1.389E-03  2.729E-06  1.120E-04  4.610E-05  2.879E-06  6.043E-03
                3.675E-06  1.556E-04  2.252E-05  9.949E-07  1.696E-06  1.939E-06
                1.286E-06  2.712E-06  2.077E-06  1.260E-07  1.885E-06  6.248E-07
                1.249E-06  1.435E-06  9.397E-07  1.383E-06  3.530E-06  3.861E-06
                1.666E-06  3.937E-07  7.663E-06  3.113E-06  4.086E-07  2.396E-06
                1.567E-09  1.789E-07  9.994E-07  3.148E-06  8.944E-06  4.939E-07
                3.913E-06  1.100E-07  1.466E-07  1.849E-07  3.405E-07  2.679E-06
                1.803E-05  5.572E-08  7.718E-07  9.500E-07  9.832E-08  7.143E-08
                1.978E-06  6.399E-07  4.195E-07  7.627E-06  3.708E-06  1.981E-06
                1.211E-06  2.947E-09  6.677E-09  5.609E-10  2.069E-07  1.347E-06
                1.390E-07  1.120E-07  7.988E-07  2.682E-06  4.766E-06  5.456E-06
                2.040E-06  8.498E-07  1.131E-07  3.122E-07  6.015E-07  1.966E-07
                4.437E-07  5.917E-08  1.639E-06  4.529E-06  7.745E-07  2.216E-07
                3.903E-06  1.749E-05  1.602E-10  9.925E-10  2.241E-09  2.294E-09
                4.671E-10  1.518E-07  9.350E-07  1.917E-06  2.713E-07  6.265E-08
                9.421E-07  2.816E-06  1.407E-06  7.933E-06  2.712E-08  1.256E-07
                3.316E-07  7.031E-07  7.104E-08  3.959E-08  1.560E-07  4.040E-07
                5.369E-08  8.398E-07  5.090E-06  1.330E-06  2.164E-06  3.374E-08
                2.599E-05  9.323E-07  6.792E-07  4.727E-07  3.052E-08  2.200E-07
                5.285E-07  5.404E-07  1.018E-05  5.808E-07  6.196E-07  3.513E-06
                5.107E-07  2.065E-07  2.479E-06  1.495E-05  1.056E-06  2.773E-06
                2.449E-06  6.958E-08  1.680E-07  3.137E-07  4.030E-07  4.254E-08
                1.375E-07  3.451E-07  8.173E-07  2.657E-07  4.950E-08  2.909E-07
                1.280E-06  5.312E-06  1.441E-07  1.603E-07  6.271E-07  1.615E-06
                3.111E-07  5.810E-06  2.541E-06  2.988E-07  4.455E-07  9.489E-08
                3.458E-06  5.275E-07  1.205E-07  1.015E-06  3.256E-07  1.584E-07
                5.630E-07  9.492E-07  2.194E-06  8.321E-06  2.773E-07  2.512E-07
                1.206E-07  4.285E-08  2.281E-07  1.120E-07  1.911E-07  9.648E-07
                3.841E-07  1.670E-07  5.755E-07  1.656E-06  4.469E-06  2.428E-07
                3.631E-07  3.243E-07  3.096E-07  3.784E-07  5.664E-07  2.196E-07
                5.393E-08  2.359E-07  3.650E-06  4.134E-07  9.746E-07  1.287E-05
                1.286E-07  5.002E-08  3.815E-07  1.056E-06  2.359E-06  2.968E-07
                4.411E-07  5.520E-07  1.699E-08  3.500E-08  1.420E-07  6.812E-08
                1.807E-06  5.675E-07  9.461E-07  6.183E-07  3.491E-06  3.229E-08
                5.922E-08  2.980E-07  5.543E-08  3.425E-06  3.173E-07
1.29390099E+02  3.947E-03  1.265E-03  4.136E-03  3.501E-04  1.721E-03  9.339E-03
                1.093E-03  1.688E-06  8.799E-05  3.403E-05  1.857E-06  4.854E-03
                2.485E-06  1.129E-04  1.636E-05  6.580E-07  1.131E-06  1.390E-06
                8.369E-07  1.888E-06  1.369E-06  8.798E-08  1.341E-06  5.833E-07
                1.112E-06  1.260E-06  8.475E-07  8.816E-07  2.301E-06  2.525E-06
                1.299E-06  2.571E-07  4.875E-06  2.136E-06  2.662E-07  1.576E-06
                1.076E-09  1.144E-07  6.273E-07  2.066E-06  5.773E-06  3.175E-07
                2.556E-06  9.125E-08  1.148E-07  1.337E-07  2.174E-07  2.212E-06
                1.242E-05  3.407E-08  5.703E-07  7.709E-07  6.017E-08  4.664E-08
                1.268E-06  4.066E-07  3.053E-07  5.790E-06  2.516E-06  1.307E-06
                7.892E-07  2.290E-09  5.400E-09  4.008E-10  1.428E-07  8.333E-07
                9.790E-08  8.541E-08  5.584E-07  1.868E-06  3.247E-06  4.110E-06
                1.601E-06  6.874E-07  7.339E-08  2.072E-07  3.942E-07  1.203E-07
                3.092E-07  4.240E-08  1.137E-06  3.133E-06  5.069E-07  1.503E-07
                2.716E-06  1.216E-05  1.185E-10  7.415E-10  1.651E-09  1.642E-09
                3.372E-10  1.041E-07  6.406E-07  1.328E-06  2.138E-07  4.801E-08
                7.523E-07  2.257E-06  9.740E-07  5.513E-06  2.037E-08  9.548E-08
                2.493E-07  5.273E-07  6.178E-08  3.026E-08  1.150E-07  2.998E-07
                4.015E-08  6.302E-07  3.852E-06  1.011E-06  1.609E-06  2.475E-08
                1.932E-05  6.833E-07  5.086E-07  3.599E-07  2.336E-08  1.632E-07
                3.928E-07  4.045E-07  6.981E-06  4.485E-07  4.805E-07  2.503E-06
                3.592E-07  1.524E-07  1.872E-06  1.131E-05  7.897E-07  2.079E-06
                1.680E-06  5.190E-08  1.238E-07  2.284E-07  2.830E-07  3.161E-08
                1.013E-07  2.538E-07  6.035E-07  1.859E-07  3.474E-08  2.135E-07
                9.573E-07  4.030E-06  9.761E-08  1.239E-07  4.814E-07  1.156E-06
                2.205E-07  4.389E-06  1.914E-06  2.239E-07  3.207E-07  6.387E-08
                2.587E-06  3.559E-07  7.792E-08  6.935E-07  2.286E-07  1.210E-07
                4.339E-07  6.838E-07  1.614E-06  6.335E-06  1.924E-07  1.833E-07
                8.946E-08  3.167E-08  1.711E-07  8.279E-08  1.407E-07  7.456E-07
                2.854E-07  1.266E-07  4.387E-07  1.259E-06  3.376E-06  1.862E-07
                2.846E-07  2.399E-07  2.106E-07  2.768E-07  4.070E-07  1.493E-07
                4.790E-08  1.635E-07  2.848E-06  3.125E-07  7.537E-07  1.006E-05
                9.852E-08  3.671E-08  2.658E-07  7.328E-07  1.647E-06  2.122E-07
                3.126E-07  3.853E-07  1.233E-08  2.624E-08  9.488E-08  4.757E-08
                1.413E-06  4.407E-07  7.231E-07  4.639E-07  2.695E-06  2.233E-08
                4.202E-08  2.301E-07  4.010E-08  2.673E-06  2.476E-07
1.42998099E+02  2.882E-03  9.253E-04  3.022E-03  2.564E-04  1.260E-03  7.293E-03
                8.532E-04  1.402E-06  6.854E-05  2.611E-05  1.250E-06  3.786E-03
                1.711E-06  7.983E-05  1.156E-05  4.094E-07  7.183E-07  1.003E-06
                5.174E-07  1.346E-06  9.518E-07  6.506E-08  9.846E-07  4.188E-07
                7.962E-07  9.053E-07  6.320E-07  5.748E-07  1.552E-06  1.678E-06
                9.080E-07  1.788E-07  3.679E-06  1.504E-06  1.819E-07  1.125E-06
                6.830E-10  7.495E-08  4.082E-07  1.532E-06  4.246E-06  2.340E-07
                1.890E-06  8.981E-08  1.088E-07  1.192E-07  1.652E-07  1.920E-06
                9.312E-06  2.375E-08  4.496E-07  6.610E-07  4.113E-08  3.809E-08
                9.200E-07  2.877E-07  2.422E-07  4.637E-06  1.774E-06  8.739E-07
                5.430E-07  1.594E-09  4.325E-09  2.750E-10  1.113E-07  5.806E-07
                7.072E-08  6.602E-08  3.974E-07  1.331E-06  2.288E-06  3.166E-06
                1.158E-06  4.732E-07  5.330E-08  1.493E-07  2.847E-07  8.199E-08
                2.201E-07  3.040E-08  8.002E-07  2.205E-06  3.562E-07  1.080E-07
                2.083E-06  9.319E-06  9.082E-11  5.699E-10  1.256E-09  1.213E-09
                2.245E-10  7.292E-08  4.637E-07  9.553E-07  1.779E-07  4.269E-08
                6.112E-07  1.825E-06  7.563E-07  4.263E-06  1.558E-08  7.368E-08
                1.877E-07  4.002E-07  5.905E-08  2.474E-08  8.222E-08  2.168E-07
                2.901E-08  4.651E-07  2.551E-06  6.742E-07  1.276E-06  1.874E-08
                1.533E-05  5.313E-07  3.836E-07  2.757E-07  1.730E-08  1.177E-07
                2.907E-07  3.001E-07  5.290E-06  3.163E-07  3.422E-07  1.850E-06
                2.690E-07  1.092E-07  1.488E-06  9.070E-06  5.393E-07  1.421E-06
                1.231E-06  3.418E-08  8.185E-08  1.514E-07  1.815E-07  2.188E-08
                6.747E-08  1.671E-07  3.964E-07  1.393E-07  2.550E-08  1.635E-07
                7.453E-07  3.172E-06  7.215E-08  8.175E-08  3.071E-07  8.605E-07
                1.668E-07  3.458E-06  1.506E-06  1.749E-07  2.453E-07  4.505E-08
                2.058E-06  2.590E-07  5.371E-08  4.628E-07  1.587E-07  9.310E-08
                3.478E-07  4.698E-07  1.177E-06  5.006E-06  1.255E-07  1.276E-07
                6.152E-08  2.146E-08  1.204E-07  6.396E-08  1.085E-07  5.357E-07
                2.234E-07  8.817E-08  3.280E-07  9.772E-07  2.653E-06  1.464E-07
                2.293E-07  1.610E-07  1.440E-07  1.896E-07  2.786E-07  1.005E-07
                4.092E-08  1.136E-07  2.247E-06  2.294E-07  5.941E-07  7.923E-06
                7.706E-08  2.760E-08  1.697E-07  5.001E-07  1.165E-06  1.305E-07
                1.977E-07  2.573E-07  9.756E-09  3.026E-08  6.501E-08  3.436E-08
                1.141E-06  3.535E-07  5.738E-07  3.534E-07  2.124E-06  1.573E-08
                2.957E-08  1.827E-07  2.908E-08  2.134E-06  1.946E-07
1.56606099E+02  2.083E-03  6.707E-04  2.191E-03  1.864E-04  9.168E-04  6.092E-03
                7.125E-04  8.218E-07  5.715E-05  2.044E-05  8.444E-07  3.220E-03
                1.238E-06  6.353E-05  9.216E-06  3.045E-07  5.335E-07  8.051E-07
                3.647E-07  1.013E-06  6.282E-07  4.739E-08  7.151E-07  4.240E-07
                7.732E-07  8.642E-07  6.118E-07  3.704E-07  1.035E-06  1.128E-06
                7.895E-07  1.166E-07  2.477E-06  1.123E-06  1.191E-07  7.562E-07
                4.768E-10  5.097E-08  2.715E-07  1.073E-06  2.938E-06  1.586E-07
                1.290E-06  7.441E-08  8.809E-08  9.253E-08  1.154E-07  1.607E-06
                6.640E-06  1.556E-08  3.542E-07  5.499E-07  2.782E-08  2.596E-08
                6.226E-07  1.919E-07  1.829E-07  3.700E-06  1.265E-06  5.977E-07
                3.647E-07  1.321E-09  3.597E-09  2.040E-10  8.425E-08  3.940E-07
                5.012E-08  4.826E-08  2.829E-07  9.407E-07  1.587E-06  2.442E-06
                9.356E-07  4.006E-07  3.653E-08  1.016E-07  1.975E-07  5.447E-08
                1.534E-07  2.236E-08  5.533E-07  1.518E-06  2.452E-07  7.524E-08
                1.468E-06  6.541E-06  7.011E-11  4.401E-10  9.516E-10  8.909E-10
                1.755E-10  4.947E-08  3.118E-07  6.581E-07  1.397E-07  3.113E-08
                4.955E-07  1.492E-06  5.258E-07  2.992E-06  1.165E-08  5.652E-08
                1.404E-07  2.969E-07  5.501E-08  2.038E-08  6.114E-08  1.613E-07
                2.187E-08  3.497E-07  2.008E-06  5.347E-07  9.970E-07  1.441E-08
                1.201E-05  3.870E-07  2.984E-07  2.130E-07  1.328E-08  8.804E-08
                2.180E-07  2.229E-07  3.624E-06  2.484E-07  2.717E-07  1.361E-06
                1.931E-07  8.191E-08  1.177E-06  7.206E-06  4.182E-07  1.104E-06
                8.318E-07  2.778E-08  6.573E-08  1.201E-07  1.403E-07  1.728E-08
                5.446E-08  1.361E-07  3.249E-07  9.796E-08  1.936E-08  1.262E-07
                5.794E-07  2.484E-06  5.372E-08  6.866E-08  2.624E-07  6.369E-07
                1.211E-07  2.685E-06  1.166E-06  1.352E-07  1.904E-07  3.251E-08
                1.572E-06  1.899E-07  3.680E-08  3.315E-07  1.151E-07  7.080E-08
                2.743E-07  3.393E-07  8.888E-07  4.028E-06  9.361E-08  9.892E-08
                4.856E-08  1.694E-08  9.390E-08  4.941E-08  8.361E-08  4.322E-07
                1.717E-07  7.052E-08  2.599E-07  7.661E-07  2.062E-06  1.183E-07
                1.799E-07  1.258E-07  1.029E-07  1.441E-07  2.076E-07  7.255E-08
                3.659E-08  8.406E-08  1.846E-06  1.795E-07  4.814E-07  6.494E-06
                5.782E-08  2.033E-08  1.329E-07  3.737E-07  8.643E-07  1.075E-07
                1.591E-07  1.965E-07  7.179E-09  1.975E-08  4.538E-08  2.604E-08
                9.160E-07  2.821E-07  4.518E-07  2.755E-07  1.694E-06  1.158E-08
                2.191E-08  1.462E-07  2.250E-08  1.716E-06  1.553E-07
1.70214099E+02  1.572E-03  5.035E-04  1.645E-03  1.393E-04  6.853E-04  4.731E-03
                5.534E-04  7.589E-07  4.459E-05  1.601E-05  6.031E-07  2.519E-03
                8.660E-07  4.354E-05  6.304E-06  2.030E-07  3.655E-07  6.470E-07
                2.384E-07  7.976E-07  4.692E-07  3.833E-08  5.712E-07  2.312E-07
                4.363E-07  5.019E-07  3.828E-07  2.492E-07  7.321E-07  7.802E-07
                4.774E-07  8.691E-08  2.085E-06  7.946E-07  8.398E-08  5.751E-07
                3.226E-10  3.454E-08  1.890E-07  8.340E-07  2.280E-06  1.238E-07
                1.011E-06  7.117E-08  8.334E-08  8.577E-08  9.666E-08  1.427E-06
                5.216E-06  1.263E-08  2.952E-07  4.862E-07  2.175E-08  2.381E-08
                4.770E-07  1.440E-07  1.548E-07  3.105E-06  9.558E-07  4.255E-07
                2.682E-07  9.531E-10  3.004E-09  1.449E-10  6.786E-08  2.811E-07
                3.859E-08  3.707E-08  2.138E-07  7.156E-07  1.201E-06  1.876E-06
                6.819E-07  2.765E-07  2.972E-08  7.815E-08  1.492E-07  3.734E-08
                1.157E-07  1.650E-08  4.142E-07  1.141E-06  1.802E-07  5.717E-08
                1.186E-06  5.289E-06  5.402E-11  3.414E-10  7.398E-10  6.852E-10
                1.112E-10  3.710E-08  2.431E-07  5.025E-07  1.208E-07  3.152E-08
                3.993E-07  1.178E-06  4.308E-07  2.427E-06  9.275E-09  4.615E-08
                1.096E-07  2.339E-07  5.621E-08  1.841E-08  4.653E-08  1.240E-07
                1.665E-08  2.755E-07  1.371E-06  3.669E-07  7.792E-07  1.089E-08
                9.364E-06  3.190E-07  2.237E-07  1.664E-07  1.013E-08  6.536E-08
                1.658E-07  1.702E-07  2.934E-06  1.787E-07  1.979E-07  1.038E-06
                1.516E-07  5.748E-08  9.207E-07  5.682E-06  2.918E-07  7.713E-07
                6.589E-07  1.770E-08  4.231E-08  7.803E-08  8.800E-08  1.165E-08
                3.529E-08  8.695E-08  2.071E-07  7.954E-08  1.423E-08  9.760E-08
                4.548E-07  1.965E-06  3.793E-08  5.299E-08  1.924E-07  4.871E-07
                9.500E-08  2.132E-06  9.249E-07  1.066E-07  1.461E-07  2.348E-08
                1.269E-06  1.382E-07  2.641E-08  2.307E-07  8.661E-08  5.756E-08
                2.316E-07  2.512E-07  6.760E-07  3.198E-06  5.998E-08  6.874E-08
                3.299E-08  1.116E-08  6.956E-08  3.849E-08  6.530E-08  3.244E-07
                1.365E-07  4.905E-08  1.951E-07  5.979E-07  1.635E-06  9.182E-08
                1.444E-07  8.882E-08  7.389E-08  1.063E-07  1.559E-07  4.951E-08
                3.108E-08  5.879E-08  1.419E-06  1.410E-07  3.737E-07  4.954E-06
                4.590E-08  1.572E-08  8.887E-08  2.675E-07  6.368E-07  7.026E-08
                1.047E-07  1.365E-07  7.477E-09  2.711E-08  3.240E-08  1.956E-08
                7.320E-07  2.239E-07  3.525E-07  2.088E-07  1.322E-06  8.692E-09
                1.709E-08  1.159E-07  1.674E-08  1.351E-06  1.218E-07
1.83822099E+02  1.253E-03  4.065E-04  1.323E-03  1.137E-04  5.583E-04  4.189E-03
                4.898E-04  5.295E-07  3.896E-05  1.338E-05  4.181E-07  2.203E-03
                6.734E-07  3.845E-05  5.570E-06  1.770E-07  3.110E-07  5.571E-07
                1.867E-07  6.303E-07  3.041E-07  2.851E-08  3.779E-07  3.436E-07
                6.036E-07  6.625E-07  4.819E-07  1.582E-07  4.833E-07  5.170E-07
                5.572E-07  5.567E-08  1.430E-06  6.804E-07  5.547E-08  3.860E-07
                1.983E-10  2.479E-08  1.260E-07  6.498E-07  1.749E-06  9.115E-08
                7.340E-07  6.015E-08  6.950E-08  6.990E-08  7.369E-08  1.212E-06
                3.879E-06  8.885E-09  2.439E-07  4.117E-07  1.673E-08  1.699E-08
                3.505E-07  1.028E-07  1.198E-07  2.576E-06  7.042E-07  2.894E-07
                1.863E-07  7.601E-10  2.450E-09  1.056E-10  5.689E-08  2.267E-07
                2.698E-08  2.748E-08  1.514E-07  4.994E-07  8.270E-07  1.534E-06
                5.460E-07  2.251E-07  2.057E-08  5.515E-08  1.137E-07  2.961E-08
                7.257E-08  1.166E-08  2.534E-07  6.905E-07  1.329E-07  4.106E-08
                8.497E-07  3.736E-06  4.396E-11  2.736E-10  5.705E-10  4.982E-10
                9.616E-11  2.216E-08  1.435E-07  3.169E-07  9.461E-08  2.095E-08
                3.374E-07  1.016E-06  3.018E-07  1.739E-06  6.686E-09  3.430E-08
                7.920E-08  1.674E-07  4.847E-08  1.427E-08  3.171E-08  8.554E-08
                1.230E-08  1.942E-07  9.645E-07  2.620E-07  6.810E-07  9.115E-09
                8.267E-06  2.347E-07  1.844E-07  1.303E-07  7.505E-09  4.740E-08
                1.235E-07  1.213E-07  1.943E-06  1.284E-07  1.457E-07  7.977E-07
                1.115E-07  4.343E-08  8.104E-07  5.055E-06  2.094E-07  5.493E-07
                3.935E-07  1.506E-08  3.564E-08  6.511E-08  7.224E-08  9.589E-09
                2.998E-08  7.486E-08  1.792E-07  5.664E-08  1.194E-08  7.997E-08
                3.701E-07  1.601E-06  3.490E-08  3.795E-08  1.427E-07  3.803E-07
                7.176E-08  1.711E-06  7.413E-07  8.539E-08  1.264E-07  1.902E-08
                9.981E-07  1.196E-07  1.984E-08  1.705E-07  6.154E-08  4.203E-08
                1.837E-07  1.554E-07  5.023E-07  2.807E-06  4.709E-08  5.518E-08
                2.677E-08  9.148E-09  4.818E-08  3.121E-08  5.294E-08  2.328E-07
                1.091E-07  3.988E-08  1.589E-07  4.848E-07  1.313E-06  8.138E-08
                1.184E-07  6.669E-08  5.370E-08  7.585E-08  1.084E-07  3.838E-08
                2.607E-08  4.699E-08  1.275E-06  9.815E-08  3.298E-07  4.457E-06
                3.382E-08  1.131E-08  6.826E-08  2.015E-07  4.852E-07  5.411E-08
                8.220E-08  1.048E-07  4.698E-09  1.675E-08  2.410E-08  1.597E-08
                6.080E-07  1.853E-07  2.910E-07  1.680E-07  1.091E-06  6.744E-09
                1.282E-08  9.587E-08  1.356E-08  1.127E-06  9.856E-08
1.97430099E+02  8.650E-04  2.794E-04  9.105E-04  7.762E-05  3.825E-04  3.394E-03
                3.970E-04  2.752E-07  3.211E-05  1.056E-05  3.010E-07  1.871E-03
                4.818E-07  2.749E-05  3.993E-06  1.130E-07  2.093E-07  4.718E-07
                1.226E-07  5.337E-07  2.386E-07  2.492E-08  3.445E-07  1.389E-07
                2.589E-07  3.007E-07  2.479E-07  1.095E-07  3.542E-07  3.869E-07
                2.713E-07  4.303E-08  1.101E-06  4.386E-07  3.667E-08  2.833E-07
                1.713E-10  1.762E-08  1.001E-07  4.324E-07  1.171E-06  6.163E-08
                5.072E-07  5.727E-08  6.527E-08  6.336E-08  5.886E-08  1.110E-06
                2.766E-06  6.986E-09  2.111E-07  3.761E-07  1.324E-08  1.315E-08
                2.354E-07  6.998E-08  1.058E-07  2.251E-06  5.463E-07  2.108E-07
                1.337E-07  6.468E-10  2.190E-09  8.311E-11  4.173E-08  1.339E-07
                2.061E-08  1.943E-08  1.145E-07  3.787E-07  6.187E-07  1.133E-06
                4.374E-07  1.864E-07  1.783E-08  3.941E-08  7.816E-08  1.618E-08
                6.490E-08  9.727E-09  2.311E-07  6.344E-07  8.989E-08  2.953E-08
                6.308E-07  2.807E-06  3.248E-11  2.056E-10  4.367E-10  3.887E-10
                5.921E-11  2.006E-08  1.311E-07  2.740E-07  7.897E-08  2.075E-08
                2.599E-07  7.631E-07  2.273E-07  1.285E-06  5.526E-09  2.962E-08
                6.380E-08  1.343E-07  5.364E-08  1.526E-08  2.796E-08  7.363E-08
                1.028E-08  1.666E-07  8.770E-07  2.373E-07  4.720E-07  6.479E-09
                5.684E-06  1.936E-07  1.365E-07  1.031E-07  6.141E-09  3.815E-08
                9.723E-08  9.765E-08  1.556E-06  1.142E-07  1.311E-07  5.708E-07
                8.181E-08  3.268E-08  5.690E-07  3.530E-06  1.840E-07  4.896E-07
                3.650E-07  1.010E-08  2.399E-08  4.405E-08  4.769E-08  6.531E-09
                2.020E-08  5.016E-08  1.204E-07  4.666E-08  8.438E-09  5.938E-08
                2.779E-07  1.210E-06  2.211E-08  3.504E-08  1.275E-07  2.701E-07
                5.176E-08  1.288E-06  5.567E-07  6.377E-08  9.683E-08  1.375E-08
                7.688E-07  8.018E-08  1.353E-08  1.241E-07  4.861E-08  3.539E-08
                1.553E-07  1.468E-07  4.080E-07  2.061E-06  3.114E-08  3.916E-08
                1.891E-08  6.259E-09  4.613E-08  2.345E-08  3.943E-08  2.255E-07
                8.155E-08  2.854E-08  1.175E-07  3.629E-07  9.900E-07  5.835E-08
                8.957E-08  5.280E-08  3.960E-08  6.115E-08  8.941E-08  2.705E-08
                2.370E-08  3.382E-08  9.145E-07  9.618E-08  2.382E-07  3.152E-06
                2.690E-08  9.236E-09  5.185E-08  1.488E-07  3.547E-07  4.367E-08
                6.312E-08  7.777E-08  4.536E-09  1.557E-08  1.603E-08  1.153E-08
                4.763E-07  1.437E-07  2.208E-07  1.259E-07  8.391E-07  4.946E-09
                9.732E-09  7.568E-08  1.045E-08  8.691E-07  7.676E-08
