          16           7
         215          13           1           1
           0          -4           0          -4           0          -6           0          -2           0          -4           0           6           0           4           0           2           0           4           0           6           0           2           0           4           0           2           0          -4           0          -2           0           2           0           4           0           6           0           2           0           4           0           6           0           4           0          -2           0          -2           0          -4           0          -6           0          -8           0          -2           0          -4           0          -6           0          -4           0           2           0          -4           0          -6           0          -2           0          -4           0          -6           0          -6           0          -8           0          -4           0          -6           0          -2           0          -4           0           4           0           6           0           8           0          10           0           4           0          -4           0           2           0           6           0           4           0           8           0           2           0          -4           0          -2           0           6           0           6           0           4           0           2           0           8           0           4           0           6           0           8           0           4           0           6           0           8           0          10           0           4           0           6           0           8           0           6           0           4           0           2           0           6           0           2           0           4           0           2           0          -4           0          -2           0          -6           0          -8           0           6           0           4           0          -4           0          -6           0          -2           0          -4           0          -6           0          -8           0         -10           0          -2           0          -4           0          -6           0          -4           0          -2           0          -6           0          -8           0          -2           0          -4           0           2           0           4           0           6           0           8           0           4           0           4           0           6           0           8           0           2           0          10           0           8           0           6           0           4           0           2           0           6           0           6           0           4           0           4           0           2           0           4           0           6           0           8           0          -4           0           2           0           4           0          -6           0          -4           0           2           0           4           0           6           0           4           0           6           0          -2           0          -4           0          -6           0          -8           0         -10           0          -6           0          -8           0         -10           0         -12           0           2           0          -2           0          -4           0          -6           0          -8           0          -2           0          -8           0         -10           0          -4           0          -2           0          -6           0          -4           0          -2           0          -4           0          -2           0          -4           0          -6           0          -4           0          -8           0          -6           0           2           0           4           0           2           0           4           0           6           0         -10           0          -8           0          -6           0          -4           0           6           0          -2           0          -4           0           8           0          -6           0          -2           0          -4           0          -6           0          -8           0           4           0           6           0          -4           0          -6           0          -6           0          -8           0          -2           0           2           0          -4           0           4           0           6           0           4           0           4           0           2           0           2           0          -4           0          -6           0          -8           0          -2           0          -4           0          -6           0          -8           0         -10           0          -8           0          -6           0          -4           0          -2           0          -2           0          -4           0          -6           0          -6           0          -8           0          -4           0          -2           0          -6           0          -4
    0.000000E+00    9.645106E-03    9.843162E-03    1.435602E-02    1.458263E-02
    4.247197E-02    4.320385E-02    4.360158E-02    5.944295E-02    5.948713E-02
    6.922989E-02    7.316769E-02    7.411300E-02    1.134727E-01    1.147319E-01
    2.354040E-01    2.358931E-01    2.366026E-01    2.382857E-01    2.391328E-01
    2.438023E-01    2.438287E-01    2.461520E-01    2.471700E-01    2.474363E-01
    2.479076E-01    2.485433E-01    2.486026E-01    2.487216E-01    2.491410E-01
    2.502551E-01    2.507374E-01    2.510783E-01    2.511300E-01    2.524691E-01
    2.524772E-01    2.554279E-01    2.561102E-01    2.563381E-01    2.591442E-01
    2.591854E-01    2.609226E-01    2.615363E-01    2.619649E-01    2.622131E-01
    2.625883E-01    2.631076E-01    2.632646E-01    2.633261E-01    2.634365E-01
    2.637297E-01    2.638533E-01    2.640096E-01    2.643758E-01    2.644930E-01
    2.645338E-01    2.648466E-01    2.652759E-01    2.655531E-01    2.656939E-01
    2.657640E-01    2.676748E-01    2.677713E-01    2.679166E-01    2.688115E-01
    2.690337E-01    2.711118E-01    2.712141E-01    2.720014E-01    2.721113E-01
    2.724223E-01    2.724984E-01    2.725578E-01    2.726085E-01    2.727219E-01
    2.737570E-01    2.740430E-01    2.746587E-01    2.763855E-01    2.763956E-01
    2.763957E-01    2.764682E-01    2.789238E-01    2.791446E-01    2.808157E-01
    2.808428E-01    2.816082E-01    2.816156E-01    2.816277E-01    2.816445E-01
    2.816660E-01    2.832213E-01    2.832636E-01    2.833497E-01    2.872720E-01
    2.872722E-01    2.872783E-01    2.873017E-01    2.873787E-01    2.874354E-01
    2.875828E-01    2.876419E-01    2.877951E-01    2.879672E-01    2.884374E-01
    2.885530E-01    2.886000E-01    2.886971E-01    2.887362E-01    2.888178E-01
    2.901974E-01    2.902310E-01    2.934227E-01    2.936053E-01    2.936679E-01
    2.948139E-01    2.948751E-01    2.949134E-01    2.954910E-01    2.955387E-01
    2.955818E-01    2.956302E-01    2.974080E-01    2.974265E-01    2.978254E-01
    2.979930E-01    2.980044E-01    2.981863E-01    2.981951E-01    2.982014E-01
    2.986863E-01    2.989406E-01    2.997979E-01    3.013547E-01    3.014398E-01
    3.015665E-01    3.017420E-01    3.025165E-01    3.025355E-01    3.025686E-01
    3.026262E-01    3.032771E-01    3.036433E-01    3.036673E-01    3.036996E-01
    3.037196E-01    3.041292E-01    3.046134E-01    3.046301E-01    3.048276E-01
    3.048611E-01    3.049614E-01    3.051740E-01    3.052844E-01    3.060373E-01
    3.062721E-01    3.065126E-01    3.067251E-01    3.072820E-01    3.083217E-01
    3.083847E-01    3.085481E-01    3.086063E-01    3.093086E-01    3.093690E-01
    3.093750E-01    3.093804E-01    3.094500E-01    3.095030E-01    3.095365E-01
    3.096086E-01    3.096683E-01    3.098305E-01    3.098337E-01    3.100372E-01
    3.110986E-01    3.111053E-01    3.111248E-01    3.111449E-01    3.124031E-01
    3.124222E-01    3.126400E-01    3.132139E-01    3.132929E-01    3.134326E-01
    3.163175E-01    3.165548E-01    3.167011E-01    3.167161E-01    3.173537E-01
    3.174815E-01    3.194473E-01    3.198310E-01    3.206567E-01    3.235572E-01
    3.235827E-01    3.236877E-01    3.236885E-01    3.238034E-01    3.239013E-01
    3.239634E-01    3.240075E-01    3.245628E-01    3.245933E-01    3.263728E-01
    3.264517E-01    3.271738E-01    3.284075E-01    3.287843E-01    3.314323E-01
    3.314556E-01    3.324856E-01    3.325179E-01    3.327131E-01    3.333147E-01
           0           4           0           1
  -28.010499495533246               13
3.44742995E+01  2.014E-01  6.613E-02  2.158E-01  1.856E-02  9.036E-02  1.141E-01
                1.339E-02  8.004E-05  1.138E-03  9.038E-04  2.042E-04  4.713E-02
                1.288E-04
4.80822995E+01  8.391E-02  2.694E-02  8.679E-02  7.284E-03  3.666E-02  7.028E-02
                8.364E-03  1.169E-04  7.630E-04  4.777E-04  3.588E-04  2.855E-02
                2.174E-04  1.700E-03  2.200E-04  3.335E-05  6.771E-05  5.579E-05
                8.880E-05  1.237E-04  1.132E-04  2.017E-04  1.582E-04  4.533E-05
                3.659E-05
6.16902995E+01  4.011E-02  1.289E-02  4.207E-02  3.579E-03  1.753E-02  4.284E-02
                5.021E-03  1.907E-05  4.155E-04  2.331E-04  2.731E-05  2.016E-02
                2.733E-05  9.555E-04  1.386E-04  9.348E-06  1.485E-05  1.364E-05
                1.011E-05  1.606E-05  9.639E-06  5.725E-07  1.516E-05  2.082E-06
                4.979E-06  6.069E-06  4.809E-06  9.994E-06  2.753E-05  2.842E-05
                1.062E-05  1.932E-06  9.696E-05  2.617E-05  2.780E-06  1.928E-05
                1.006E-08  1.908E-06  1.104E-05  3.061E-05  8.913E-05  4.804E-06
                3.547E-05  5.530E-07  1.175E-06  2.153E-06  5.019E-06  8.258E-06
                1.121E-04  6.093E-07  6.427E-06  3.710E-06  1.187E-06  6.558E-07
                1.976E-05  6.304E-06  2.882E-06  5.290E-05  3.509E-05  1.872E-05
                1.178E-05  1.692E-08  2.454E-08  2.373E-09  2.965E-06  2.579E-05
                7.845E-07  8.088E-08  5.723E-06  1.842E-05  3.453E-05  1.537E-05
                6.077E-06  2.745E-06  1.115E-06  3.031E-06  8.439E-06  3.343E-06
                2.130E-06  3.795E-07  7.143E-06  1.953E-05  9.710E-06  1.922E-06
                2.049E-05  9.249E-05  9.032E-10  5.024E-09  1.166E-08  1.364E-08
                3.932E-09  6.488E-07  3.830E-06  7.446E-06  1.149E-06  3.909E-07
                3.199E-06  8.818E-06  7.071E-06  4.035E-05  1.633E-07  8.931E-07
                1.594E-06  3.227E-06  2.557E-06  6.308E-07  6.955E-07  1.933E-06
                3.042E-07  4.541E-06  2.424E-05  6.299E-06  1.037E-05  8.583E-08
                1.216E-04  1.871E-06  2.197E-06  1.417E-06  9.149E-08  5.852E-07
                1.617E-06  1.878E-06  5.302E-05  1.724E-06  2.718E-06  1.805E-05
                2.878E-06  8.724E-07  1.080E-05  6.715E-05  4.486E-06  1.176E-05
                1.061E-05  6.944E-07  1.717E-06  3.266E-06  4.859E-06  3.987E-07
                1.474E-06  3.811E-06  9.005E-06  2.286E-06  3.653E-07  1.685E-06
                6.603E-06  2.447E-05  1.102E-06  3.756E-06  1.472E-05  8.107E-06
                1.724E-06  2.698E-05  1.187E-05  1.544E-06  3.616E-06  8.876E-07
                1.451E-05  5.062E-06  1.254E-06  7.705E-06  3.154E-06  7.968E-07
                3.313E-06  4.745E-06  1.067E-05  4.492E-05  3.260E-06  2.266E-06
                1.094E-06  3.801E-07  1.163E-06  7.768E-07  1.383E-06  4.498E-06
                2.352E-06  1.321E-06  3.347E-06  7.952E-06  2.063E-05  1.355E-06
                2.038E-06  3.228E-06  3.196E-06  4.241E-06  7.280E-06  1.684E-06
                4.023E-07  1.672E-06  1.437E-05  1.945E-06  4.018E-06  4.309E-05
                5.292E-07  4.545E-07  6.057E-06  1.280E-05  2.389E-05  5.560E-06
                6.939E-06  7.015E-06  6.027E-07  1.173E-06  1.172E-06  6.553E-07
                5.450E-06  1.693E-06  2.663E-06  3.591E-06  1.501E-05  2.527E-07
                5.080E-07  1.114E-06  2.336E-07  1.181E-05  1.520E-06
7.52982995E+01  2.218E-02  7.105E-03  2.320E-02  1.970E-03  9.657E-03  2.934E-02
                3.436E-03  1.031E-05  2.815E-04  1.410E-04  1.400E-05  1.425E-02
                1.509E-05  5.558E-04  8.058E-05  5.034E-06  8.180E-06  7.863E-06
                6.001E-06  1.020E-05  7.048E-06  3.958E-07  7.242E-06  1.305E-06
                2.974E-06  3.523E-06  2.417E-06  5.729E-06  1.481E-05  1.587E-05
                5.758E-06  1.353E-06  4.242E-05  1.366E-05  1.598E-06  1.010E-05
                5.529E-09  8.838E-07  5.244E-06  1.488E-05  4.344E-05  2.375E-06
                1.778E-05  2.681E-07  5.085E-07  8.698E-07  2.045E-06  4.843E-06
                6.595E-05  2.903E-07  2.843E-06  2.021E-06  5.345E-07  3.380E-07
                9.517E-06  3.103E-06  1.437E-06  2.447E-05  1.663E-05  9.292E-06
                5.727E-06  9.440E-09  1.612E-08  1.653E-09  1.109E-06  9.214E-06
                4.750E-07  1.488E-07  3.012E-06  1.002E-05  1.914E-05  1.289E-05
                4.908E-06  2.123E-06  5.514E-07  1.344E-06  3.119E-06  1.344E-06
                1.324E-06  1.845E-07  4.840E-06  1.346E-05  4.026E-06  9.297E-07
                1.265E-05  5.656E-05  5.044E-10  2.901E-09  6.772E-09  7.705E-09
                2.090E-09  4.525E-07  2.679E-06  5.453E-06  6.370E-07  1.742E-07
                2.013E-06  5.796E-06  4.463E-06  2.527E-05  6.580E-08  3.406E-07
                7.952E-07  1.669E-06  4.320E-07  1.506E-07  4.151E-07  1.067E-06
                1.674E-07  2.195E-06  1.438E-05  3.723E-06  6.419E-06  1.003E-07
                7.686E-05  2.333E-06  1.811E-06  1.177E-06  6.836E-08  5.415E-07
                1.304E-06  1.210E-06  3.277E-05  1.389E-06  1.478E-06  1.126E-05
                1.672E-06  5.541E-07  6.876E-06  4.181E-05  2.878E-06  7.463E-06
                7.271E-06  3.309E-07  8.134E-07  1.543E-06  2.217E-06  1.947E-07
                7.076E-07  1.832E-06  4.353E-06  8.410E-07  2.001E-07  9.650E-07
                3.849E-06  1.481E-05  5.976E-07  1.342E-06  5.379E-06  5.113E-06
                9.934E-07  1.648E-05  7.249E-06  9.000E-07  1.603E-06  4.076E-07
                9.036E-06  2.408E-06  6.004E-07  4.290E-06  1.491E-06  4.144E-07
                1.704E-06  2.842E-06  6.407E-06  2.566E-05  1.381E-06  1.047E-06
                5.052E-07  1.794E-07  6.752E-07  3.810E-07  6.830E-07  2.684E-06
                1.239E-06  6.489E-07  1.843E-06  4.754E-06  1.258E-05  7.057E-07
                8.557E-07  1.508E-06  1.465E-06  1.853E-06  2.948E-06  8.934E-07
                1.357E-07  9.190E-07  9.275E-06  1.293E-06  2.507E-06  3.080E-05
                2.749E-07  1.438E-07  2.536E-06  5.626E-06  1.095E-05  2.245E-06
                2.948E-06  3.081E-06  1.811E-07  2.846E-07  6.256E-07  3.142E-07
                3.892E-06  1.251E-06  2.136E-06  1.923E-06  8.952E-06  1.321E-07
                2.400E-07  7.037E-07  1.780E-07  7.995E-06  8.549E-07
8.89062995E+01  1.331E-02  4.261E-03  1.391E-02  1.180E-03  5.786E-03  2.089E-02
                2.446E-03  6.335E-06  1.991E-04  9.226E-05  7.799E-06  1.036E-02
                8.943E-06  3.403E-04  4.930E-05  2.845E-06  4.705E-06  4.730E-06
                3.552E-06  6.416E-06  4.750E-06  2.697E-07  4.268E-06  9.513E-07
                2.074E-06  2.429E-06  1.572E-06  3.490E-06  8.810E-06  9.602E-06
                3.527E-06  9.051E-07  2.141E-05  7.749E-06  9.803E-07  5.867E-06
                3.674E-09  4.885E-07  2.832E-06  8.105E-06  2.356E-05  1.289E-06
                9.867E-06  1.610E-07  2.722E-07  4.318E-07  9.910E-07  3.794E-06
                4.026E-05  1.576E-07  1.628E-06  1.463E-06  2.844E-07  1.808E-07
                5.194E-06  1.702E-06  8.645E-07  1.480E-05  9.280E-06  5.219E-06
                3.176E-06  6.258E-09  1.158E-08  1.164E-09  5.373E-07  4.178E-06
                3.054E-07  1.588E-07  1.847E-06  6.193E-06  1.149E-05  9.745E-06
                3.705E-06  1.583E-06  2.982E-07  7.721E-07  1.597E-06  6.143E-07
                9.130E-07  1.218E-07  3.387E-06  9.391E-06  2.087E-06  5.378E-07
                8.131E-06  3.635E-05  3.186E-10  1.914E-09  4.442E-09  4.876E-09
                1.161E-09  3.180E-07  1.893E-06  3.884E-06  4.493E-07  1.087E-07
                1.513E-06  4.459E-06  2.886E-06  1.633E-05  4.714E-08  2.243E-07
                5.841E-07  1.231E-06  1.354E-07  7.496E-08  2.991E-07  7.640E-07
                1.075E-07  1.559E-06  1.027E-05  2.664E-06  4.168E-06  6.852E-08
                5.012E-05  1.698E-06  1.271E-06  8.422E-07  5.307E-08  4.053E-07
                9.631E-07  9.353E-07  2.117E-05  1.040E-06  1.104E-06  7.380E-06
                1.076E-06  3.856E-07  4.605E-06  2.784E-05  2.072E-06  5.398E-06
                4.983E-06  1.783E-07  4.349E-07  8.192E-07  1.132E-06  1.047E-07
                3.680E-07  9.449E-07  2.244E-06  5.546E-07  1.141E-07  5.934E-07
                2.465E-06  9.813E-06  3.443E-07  5.643E-07  2.270E-06  3.363E-06
                6.449E-07  1.083E-05  4.760E-06  5.753E-07  9.605E-07  2.339E-07
                6.239E-06  1.321E-06  3.228E-07  2.541E-06  8.210E-07  2.864E-07
                1.047E-06  1.952E-06  4.354E-06  1.620E-05  7.312E-07  5.902E-07
                2.838E-07  1.014E-07  4.578E-07  2.271E-07  3.979E-07  1.852E-06
                7.598E-07  3.788E-07  1.157E-06  3.118E-06  8.312E-06  4.607E-07
                5.999E-07  8.242E-07  7.966E-07  9.738E-07  1.509E-06  5.368E-07
                8.443E-08  5.547E-07  6.497E-06  8.285E-07  1.752E-06  2.233E-05
                2.053E-07  9.336E-08  1.204E-06  2.881E-06  5.896E-06  1.020E-06
                1.403E-06  1.559E-06  6.686E-08  9.225E-08  3.596E-07  1.725E-07
                2.968E-06  9.455E-07  1.601E-06  1.205E-06  6.140E-06  7.915E-08
                1.437E-07  5.185E-07  1.191E-07  5.790E-06  5.645E-07
1.02514299E+02  8.456E-03  2.704E-03  8.842E-03  7.479E-04  3.673E-03  1.557E-02
                1.822E-03  3.771E-06  1.475E-04  6.316E-05  4.573E-06  7.882E-03
                5.575E-06  2.276E-04  3.299E-05  1.713E-06  2.864E-06  3.012E-06
                2.160E-06  4.110E-06  3.071E-06  1.804E-07  2.674E-06  8.369E-07
                1.700E-06  1.950E-06  1.250E-06  2.147E-06  5.398E-06  5.919E-06
                2.437E-06  5.826E-07  1.177E-05  4.738E-06  6.149E-07  3.580E-06
                2.429E-09  2.859E-07  1.621E-06  4.744E-06  1.362E-05  7.482E-07
                5.865E-06  1.229E-07  1.818E-07  2.569E-07  5.423E-07  3.125E-06
                2.594E-05  8.935E-08  1.067E-06  1.144E-06  1.619E-07  1.029E-07
                3.023E-06  9.894E-07  5.759E-07  1.016E-05  5.648E-06  3.124E-06
                1.892E-06  4.245E-09  8.570E-09  8.154E-10  3.063E-07  2.194E-06
                2.007E-07  1.411E-07  1.183E-06  3.960E-06  7.139E-06  7.194E-06
                2.752E-06  1.172E-06  1.716E-07  4.588E-07  9.099E-07  3.230E-07
                6.161E-07  8.187E-08  2.289E-06  6.329E-06  1.197E-06  3.289E-07
                5.430E-06  2.427E-05  2.176E-10  1.336E-09  3.054E-09  3.226E-09
                7.217E-10  2.135E-07  1.282E-06  2.653E-06  3.389E-07  7.722E-08
                1.175E-06  3.500E-06  1.931E-06  1.095E-05  3.505E-08  1.639E-07
                4.346E-07  9.154E-07  8.649E-08  4.987E-08  2.120E-07  5.479E-07
                7.624E-08  1.130E-06  7.187E-06  1.869E-06  2.916E-06  4.537E-08
                3.510E-05  1.241E-06  9.119E-07  6.193E-07  4.050E-08  2.976E-07
                7.076E-07  7.081E-07  1.411E-05  7.735E-07  8.229E-07  5.022E-06
                7.248E-07  2.792E-07  3.303E-06  1.991E-05  1.461E-06  3.816E-06
                3.359E-06  1.088E-07  2.633E-07  4.924E-07  6.550E-07  6.473E-08
                2.178E-07  5.527E-07  1.311E-06  3.774E-07  7.208E-08  4.003E-07
                1.716E-06  6.990E-06  2.096E-07  2.888E-07  1.152E-06  2.296E-06
                4.375E-07  7.644E-06  3.352E-06  3.985E-07  6.223E-07  1.435E-07
                4.502E-06  7.891E-07  1.891E-07  1.573E-06  4.994E-07  2.069E-07
                7.363E-07  1.321E-06  3.010E-06  1.130E-05  4.355E-07  3.721E-07
                1.792E-07  6.400E-08  3.113E-07  1.528E-07  2.631E-07  1.285E-06
                5.170E-07  2.447E-07  7.916E-07  2.202E-06  5.893E-06  3.283E-07
                4.633E-07  5.014E-07  4.799E-07  5.827E-07  8.861E-07  3.363E-07
                6.496E-08  3.514E-07  4.832E-06  5.590E-07  1.296E-06  1.690E-05
                1.609E-07  6.635E-08  6.451E-07  1.664E-06  3.569E-06  5.234E-07
                7.490E-07  8.844E-07  3.005E-08  4.394E-08  2.227E-07  1.058E-07
                2.258E-06  7.136E-07  1.203E-06  8.323E-07  4.501E-06  4.884E-08
                8.965E-08  3.833E-07  7.940E-08  4.337E-06  4.083E-07
1.16122299E+02  5.700E-03  1.828E-03  5.970E-03  5.063E-04  2.485E-03  1.180E-02
                1.381E-03  2.697E-06  1.113E-04  4.575E-05  2.844E-06  6.008E-03
                3.638E-06  1.544E-04  2.236E-05  9.840E-07  1.677E-06  1.922E-06
                1.271E-06  2.685E-06  2.054E-06  1.248E-07  1.864E-06  6.249E-07
                1.247E-06  1.431E-06  9.375E-07  1.366E-06  3.490E-06  3.816E-06
                1.656E-06  3.892E-07  7.575E-06  3.083E-06  4.041E-07  2.371E-06
                1.549E-09  1.768E-07  9.871E-07  3.116E-06  8.850E-06  4.887E-07
                3.873E-06  1.100E-07  1.462E-07  1.838E-07  3.370E-07  2.668E-06
                1.786E-05  5.504E-08  7.662E-07  9.458E-07  9.719E-08  7.065E-08
                1.957E-06  6.329E-07  4.164E-07  7.577E-06  3.670E-06  1.959E-06
                1.199E-06  2.916E-09  6.628E-09  5.558E-10  2.051E-07  1.332E-06
                1.377E-07  1.114E-07  7.913E-07  2.656E-06  4.717E-06  5.416E-06
                2.022E-06  8.412E-07  1.118E-07  3.087E-07  5.950E-07  1.943E-07
                4.389E-07  5.857E-08  1.621E-06  4.479E-06  7.662E-07  2.194E-07
                3.869E-06  1.734E-05  1.590E-10  9.848E-10  2.223E-09  2.272E-09
                4.628E-10  1.501E-07  9.249E-07  1.897E-06  2.696E-07  6.220E-08
                9.366E-07  2.800E-06  1.395E-06  7.867E-06  2.690E-08  1.246E-07
                3.289E-07  6.974E-07  7.074E-08  3.920E-08  1.544E-07  4.000E-07
                5.325E-08  8.320E-07  5.028E-06  1.314E-06  2.151E-06  3.340E-08
                2.584E-05  9.246E-07  6.739E-07  4.690E-07  3.028E-08  2.181E-07
                5.241E-07  5.360E-07  1.009E-05  5.750E-07  6.135E-07  3.483E-06
                5.064E-07  2.048E-07  2.465E-06  1.487E-05  1.044E-06  2.741E-06
                2.424E-06  6.887E-08  1.663E-07  3.104E-07  3.984E-07  4.217E-08
                1.361E-07  3.415E-07  8.086E-07  2.632E-07  4.907E-08  2.886E-07
                1.270E-06  5.274E-06  1.428E-07  1.583E-07  6.187E-07  1.602E-06
                3.086E-07  5.767E-06  2.522E-06  2.965E-07  4.418E-07  9.392E-08
                3.433E-06  5.223E-07  1.192E-07  1.004E-06  3.220E-07  1.570E-07
                5.591E-07  9.372E-07  2.172E-06  8.270E-06  2.742E-07  2.487E-07
                1.194E-07  4.243E-08  2.253E-07  1.112E-07  1.896E-07  9.532E-07
                3.811E-07  1.654E-07  5.707E-07  1.644E-06  4.436E-06  2.415E-07
                3.613E-07  3.205E-07  3.062E-07  3.741E-07  5.598E-07  2.173E-07
                5.362E-08  2.335E-07  3.630E-06  4.086E-07  9.692E-07  1.280E-05
                1.277E-07  4.959E-08  3.764E-07  1.044E-06  2.334E-06  2.925E-07
                4.351E-07  5.454E-07  1.675E-08  3.483E-08  1.406E-07  6.753E-08
                1.796E-06  5.641E-07  9.405E-07  6.138E-07  3.469E-06  3.194E-08
                5.854E-08  2.961E-07  5.490E-08  3.404E-06  3.152E-07
1.29730299E+02  3.911E-03  1.253E-03  4.099E-03  3.468E-04  1.705E-03  9.277E-03
                1.085E-03  1.676E-06  8.742E-05  3.378E-05  1.840E-06  4.824E-03
                2.461E-06  1.118E-04  1.621E-05  6.493E-07  1.117E-06  1.377E-06
                8.268E-07  1.872E-06  1.357E-06  8.733E-08  1.334E-06  5.765E-07
                1.100E-06  1.247E-06  8.397E-07  8.726E-07  2.279E-06  2.501E-06
                1.285E-06  2.549E-07  4.834E-06  2.115E-06  2.637E-07  1.562E-06
                1.066E-09  1.132E-07  6.207E-07  2.046E-06  5.717E-06  3.144E-07
                2.532E-06  9.090E-08  1.142E-07  1.328E-07  2.153E-07  2.202E-06
                1.232E-05  3.372E-08  5.663E-07  7.672E-07  5.948E-08  4.632E-08
                1.255E-06  4.025E-07  3.033E-07  5.753E-06  2.494E-06  1.295E-06
                7.817E-07  2.278E-09  5.377E-09  3.973E-10  1.416E-07  8.242E-07
                9.718E-08  8.472E-08  5.540E-07  1.853E-06  3.221E-06  4.082E-06
                1.592E-06  6.841E-07  7.283E-08  2.058E-07  3.908E-07  1.189E-07
                3.073E-07  4.214E-08  1.130E-06  3.113E-06  5.024E-07  1.491E-07
                2.695E-06  1.206E-05  1.176E-10  7.363E-10  1.640E-09  1.630E-09
                3.339E-10  1.034E-07  6.367E-07  1.320E-06  2.127E-07  4.783E-08
                7.480E-07  2.244E-06  9.666E-07  5.469E-06  2.025E-08  9.496E-08
                2.478E-07  5.242E-07  6.162E-08  3.018E-08  1.144E-07  2.982E-07
                3.984E-08  6.268E-07  3.834E-06  1.007E-06  1.596E-06  2.461E-08
                1.916E-05  6.790E-07  5.050E-07  3.577E-07  2.321E-08  1.621E-07
                3.902E-07  4.020E-07  6.928E-06  4.464E-07  4.782E-07  2.482E-06
                3.561E-07  1.513E-07  1.857E-06  1.121E-05  7.856E-07  2.069E-06
                1.670E-06  5.146E-08  1.228E-07  2.263E-07  2.803E-07  3.133E-08
                1.004E-07  2.516E-07  5.982E-07  1.844E-07  3.444E-08  2.119E-07
                9.507E-07  4.003E-06  9.670E-08  1.229E-07  4.774E-07  1.146E-06
                2.186E-07  4.360E-06  1.901E-06  2.224E-07  3.183E-07  6.327E-08
                2.570E-06  3.526E-07  7.711E-08  6.872E-07  2.267E-07  1.204E-07
                4.316E-07  6.809E-07  1.605E-06  6.287E-06  1.906E-07  1.818E-07
                8.876E-08  3.142E-08  1.705E-07  8.220E-08  1.397E-07  7.437E-07
                2.834E-07  1.257E-07  4.357E-07  1.251E-06  3.354E-06  1.847E-07
                2.826E-07  2.381E-07  2.087E-07  2.748E-07  4.038E-07  1.479E-07
                4.779E-08  1.621E-07  2.826E-06  3.116E-07  7.478E-07  9.979E-06
                9.799E-08  3.649E-08  2.635E-07  7.265E-07  1.633E-06  2.105E-07
                3.101E-07  3.820E-07  1.227E-08  2.621E-08  9.389E-08  4.711E-08
                1.406E-06  4.382E-07  7.184E-07  4.608E-07  2.678E-06  2.216E-08
                4.172E-08  2.287E-07  3.980E-08  2.657E-06  2.462E-07
1.43338299E+02  2.861E-03  9.188E-04  3.000E-03  2.547E-04  1.251E-03  7.258E-03
                8.492E-04  1.390E-06  6.819E-05  2.595E-05  1.237E-06  3.767E-03
                1.696E-06  7.938E-05  1.149E-05  4.065E-07  7.131E-07  9.970E-07
                5.125E-07  1.336E-06  9.414E-07  6.451E-08  9.741E-07  4.206E-07
                7.979E-07  9.063E-07  6.326E-07  5.682E-07  1.536E-06  1.659E-06
                9.062E-07  1.769E-07  3.647E-06  1.494E-06  1.801E-07  1.114E-06
                6.742E-10  7.419E-08  4.037E-07  1.521E-06  4.214E-06  2.321E-07
                1.875E-06  8.973E-08  1.087E-07  1.189E-07  1.641E-07  1.912E-06
                9.242E-06  2.352E-08  4.472E-07  6.583E-07  4.079E-08  3.780E-08
                9.126E-07  2.852E-07  2.407E-07  4.613E-06  1.759E-06  8.652E-07
                5.381E-07  1.579E-09  4.297E-09  2.725E-10  1.107E-07  5.764E-07
                7.013E-08  6.563E-08  3.941E-07  1.320E-06  2.268E-06  3.146E-06
                1.148E-06  4.686E-07  5.277E-08  1.479E-07  2.824E-07  8.134E-08
                2.175E-07  3.009E-08  7.905E-07  2.178E-06  3.532E-07  1.071E-07
                2.067E-06  9.246E-06  9.026E-11  5.663E-10  1.247E-09  1.203E-09
                2.229E-10  7.202E-08  4.582E-07  9.445E-07  1.769E-07  4.240E-08
                6.082E-07  1.816E-06  7.504E-07  4.231E-06  1.545E-08  7.310E-08
                1.861E-07  3.968E-07  5.891E-08  2.453E-08  8.132E-08  2.146E-07
                2.877E-08  4.607E-07  2.518E-06  6.657E-07  1.271E-06  1.859E-08
                1.527E-05  5.271E-07  3.811E-07  2.736E-07  1.717E-08  1.167E-07
                2.883E-07  2.975E-07  5.243E-06  3.129E-07  3.386E-07  1.836E-06
                2.670E-07  1.083E-07  1.483E-06  9.040E-06  5.329E-07  1.403E-06
                1.217E-06  3.391E-08  8.120E-08  1.502E-07  1.799E-07  2.173E-08
                6.697E-08  1.658E-07  3.934E-07  1.381E-07  2.533E-08  1.625E-07
                7.408E-07  3.153E-06  7.172E-08  8.106E-08  3.044E-07  8.546E-07
                1.657E-07  3.437E-06  1.497E-06  1.738E-07  2.438E-07  4.469E-08
                2.045E-06  2.572E-07  5.324E-08  4.583E-07  1.573E-07  9.233E-08
                3.457E-07  4.633E-07  1.166E-06  4.986E-06  1.244E-07  1.266E-07
                6.102E-08  2.128E-08  1.189E-07  6.357E-08  1.078E-07  5.290E-07
                2.220E-07  8.748E-08  3.258E-07  9.712E-07  2.637E-06  1.459E-07
                2.283E-07  1.594E-07  1.427E-07  1.879E-07  2.759E-07  9.958E-08
                4.071E-08  1.126E-07  2.239E-06  2.267E-07  5.918E-07  7.895E-06
                7.648E-08  2.736E-08  1.680E-07  4.956E-07  1.156E-06  1.290E-07
                1.956E-07  2.549E-07  9.684E-09  3.019E-08  6.448E-08  3.415E-08
                1.135E-06  3.516E-07  5.707E-07  3.511E-07  2.112E-06  1.560E-08
                2.932E-08  1.817E-07  2.885E-08  2.122E-06  1.935E-07
1.56946299E+02  2.065E-03  6.648E-04  2.172E-03  1.848E-04  9.087E-04  6.058E-03
                7.085E-04  8.121E-07  5.684E-05  2.031E-05  8.373E-07  3.204E-03
                1.228E-06  6.301E-05  9.140E-06  3.010E-07  5.279E-07  8.000E-07
                3.608E-07  1.007E-06  6.232E-07  4.710E-08  7.123E-07  4.183E-07
                7.633E-07  8.537E-07  6.053E-07  3.668E-07  1.027E-06  1.119E-06
                7.802E-07  1.156E-07  2.459E-06  1.112E-06  1.179E-07  7.499E-07
                4.739E-10  5.048E-08  2.692E-07  1.064E-06  2.911E-06  1.571E-07
                1.279E-06  7.416E-08  8.774E-08  9.207E-08  1.145E-07  1.601E-06
                6.586E-06  1.542E-08  3.522E-07  5.476E-07  2.756E-08  2.577E-08
                6.167E-07  1.901E-07  1.819E-07  3.680E-06  1.255E-06  5.928E-07
                3.615E-07  1.317E-09  3.584E-09  2.026E-10  8.363E-08  3.896E-07
                4.977E-08  4.785E-08  2.808E-07  9.338E-07  1.575E-06  2.424E-06
                9.312E-07  3.992E-07  3.631E-08  1.008E-07  1.958E-07  5.383E-08
                1.526E-07  2.225E-08  5.507E-07  1.511E-06  2.430E-07  7.463E-08
                1.457E-06  6.491E-06  6.960E-11  4.370E-10  9.451E-10  8.848E-10
                1.738E-10  4.922E-08  3.103E-07  6.545E-07  1.390E-07  3.101E-08
                4.926E-07  1.483E-06  5.218E-07  2.969E-06  1.160E-08  5.626E-08
                1.396E-07  2.952E-07  5.500E-08  2.037E-08  6.091E-08  1.606E-07
                2.173E-08  3.482E-07  2.003E-06  5.335E-07  9.886E-07  1.433E-08
                1.191E-05  3.846E-07  2.964E-07  2.118E-07  1.321E-08  8.754E-08
                2.167E-07  2.216E-07  3.598E-06  2.476E-07  2.709E-07  1.350E-06
                1.915E-07  8.133E-08  1.168E-06  7.146E-06  4.169E-07  1.100E-06
                8.277E-07  2.757E-08  6.523E-08  1.192E-07  1.391E-07  1.714E-08
                5.404E-08  1.350E-07  3.225E-07  9.725E-08  1.921E-08  1.254E-07
                5.755E-07  2.468E-06  5.321E-08  6.835E-08  2.612E-07  6.319E-07
                1.201E-07  2.668E-06  1.158E-06  1.343E-07  1.891E-07  3.223E-08
                1.562E-06  1.882E-07  3.644E-08  3.289E-07  1.143E-07  7.049E-08
                2.730E-07  3.386E-07  8.845E-07  3.999E-06  9.281E-08  9.820E-08
                4.822E-08  1.681E-08  9.380E-08  4.908E-08  8.304E-08  4.321E-07
                1.705E-07  7.006E-08  2.582E-07  7.611E-07  2.048E-06  1.174E-07
                1.786E-07  1.250E-07  1.021E-07  1.432E-07  2.063E-07  7.194E-08
                3.653E-08  8.340E-08  1.832E-06  1.794E-07  4.777E-07  6.442E-06
                5.750E-08  2.022E-08  1.321E-07  3.710E-07  8.578E-07  1.070E-07
                1.583E-07  1.952E-07  7.153E-09  1.964E-08  4.493E-08  2.583E-08
                9.109E-07  2.805E-07  4.488E-07  2.736E-07  1.684E-06  1.149E-08
                2.177E-08  1.454E-07  2.236E-08  1.706E-06  1.544E-07
1.70554299E+02  1.565E-03  5.012E-04  1.637E-03  1.387E-04  6.822E-04  4.705E-03
                5.504E-04  7.602E-07  4.433E-05  1.593E-05  5.975E-07  2.504E-03
                8.588E-07  4.322E-05  6.257E-06  2.021E-07  3.637E-07  6.446E-07
                2.365E-07  7.929E-07  4.647E-07  3.808E-08  5.655E-07  2.311E-07
                4.356E-07  5.006E-07  3.818E-07  2.465E-07  7.250E-07  7.718E-07
                4.757E-07  8.609E-08  2.076E-06  7.901E-07  8.327E-08  5.710E-07
                3.178E-10  3.420E-08  1.870E-07  8.311E-07  2.272E-06  1.233E-07
                1.007E-06  7.109E-08  8.324E-08  8.565E-08  9.637E-08  1.422E-06
                5.191E-06  1.258E-08  2.940E-07  4.846E-07  2.166E-08  2.377E-08
                4.750E-07  1.432E-07  1.541E-07  3.092E-06  9.493E-07  4.218E-07
                2.663E-07  9.427E-10  2.987E-09  1.436E-10  6.763E-08  2.799E-07
                3.833E-08  3.687E-08  2.123E-07  7.107E-07  1.192E-06  1.865E-06
                6.753E-07  2.731E-07  2.951E-08  7.764E-08  1.484E-07  3.717E-08
                1.144E-07  1.631E-08  4.090E-07  1.127E-06  1.791E-07  5.682E-08
                1.180E-06  5.261E-06  5.373E-11  3.395E-10  7.352E-10  6.801E-10
                1.103E-10  3.664E-08  2.403E-07  4.970E-07  1.203E-07  3.145E-08
                3.976E-07  1.172E-06  4.286E-07  2.415E-06  9.205E-09  4.584E-08
                1.088E-07  2.322E-07  5.615E-08  1.829E-08  4.603E-08  1.228E-07
                1.652E-08  2.731E-07  1.350E-06  3.613E-07  7.770E-07  1.082E-08
                9.340E-06  3.172E-07  2.222E-07  1.653E-07  1.004E-08  6.476E-08
                1.645E-07  1.688E-07  2.914E-06  1.764E-07  1.954E-07  1.033E-06
                1.508E-07  5.694E-08  9.181E-07  5.668E-06  2.877E-07  7.602E-07
                6.517E-07  1.752E-08  4.188E-08  7.727E-08  8.705E-08  1.156E-08
                3.495E-08  8.608E-08  2.050E-07  7.907E-08  1.415E-08  9.709E-08
                4.524E-07  1.955E-06  3.777E-08  5.259E-08  1.907E-07  4.847E-07
                9.455E-08  2.121E-06  9.203E-07  1.061E-07  1.454E-07  2.333E-08
                1.263E-06  1.375E-07  2.624E-08  2.286E-07  8.599E-08  5.715E-08
                2.305E-07  2.476E-07  6.699E-07  3.188E-06  5.935E-08  6.815E-08
                3.268E-08  1.105E-08  6.856E-08  3.829E-08  6.496E-08  3.198E-07
                1.358E-07  4.862E-08  1.938E-07  5.947E-07  1.627E-06  9.152E-08
                1.439E-07  8.799E-08  7.330E-08  1.054E-07  1.546E-07  4.908E-08
                3.087E-08  5.831E-08  1.414E-06  1.392E-07  3.723E-07  4.936E-06
                4.558E-08  1.558E-08  8.790E-08  2.653E-07  6.324E-07  6.937E-08
                1.035E-07  1.352E-07  7.487E-09  2.734E-08  3.222E-08  1.948E-08
                7.282E-07  2.228E-07  3.506E-07  2.075E-07  1.315E-06  8.643E-09
                1.702E-08  1.153E-07  1.661E-08  1.344E-06  1.211E-07
1.84162299E+02  1.243E-03  4.033E-04  1.312E-03  1.128E-04  5.540E-04  4.180E-03
                4.888E-04  5.187E-07  3.888E-05  1.332E-05  4.146E-07  2.200E-03
                6.702E-07  3.835E-05  5.556E-06  1.758E-07  3.089E-07  5.547E-07
                1.854E-07  6.268E-07  3.011E-07  2.833E-08  3.757E-07  3.433E-07
                6.028E-07  6.616E-07  4.813E-07  1.565E-07  4.788E-07  5.128E-07
                5.558E-07  5.509E-08  1.414E-06  6.763E-07  5.482E-08  3.819E-07
                1.974E-10  2.461E-08  1.250E-07  6.434E-07  1.731E-06  9.015E-08
                7.260E-07  5.978E-08  6.903E-08  6.936E-08  7.296E-08  1.207E-06
                3.842E-06  8.786E-09  2.427E-07  4.100E-07  1.658E-08  1.677E-08
                3.467E-07  1.017E-07  1.189E-07  2.564E-06  6.986E-07  2.867E-07
                1.843E-07  7.601E-10  2.442E-09  1.051E-10  5.650E-08  2.244E-07
                2.671E-08  2.723E-08  1.500E-07  4.944E-07  8.184E-07  1.524E-06
                5.449E-07  2.254E-07  2.039E-08  5.456E-08  1.126E-07  2.929E-08
                7.216E-08  1.162E-08  2.520E-07  6.864E-07  1.315E-07  4.064E-08
                8.410E-07  3.698E-06  4.368E-11  2.719E-10  5.666E-10  4.944E-10
                9.572E-11  2.201E-08  1.423E-07  3.147E-07  9.394E-08  2.070E-08
                3.356E-07  1.012E-06  2.986E-07  1.720E-06  6.642E-09  3.409E-08
                7.865E-08  1.661E-07  4.838E-08  1.424E-08  3.156E-08  8.504E-08
                1.223E-08  1.929E-07  9.658E-07  2.624E-07  6.761E-07  9.076E-09
                8.209E-06  2.329E-07  1.835E-07  1.296E-07  7.465E-09  4.714E-08
                1.228E-07  1.205E-07  1.922E-06  1.283E-07  1.456E-07  7.912E-07
                1.104E-07  4.322E-08  8.050E-07  5.020E-06  2.094E-07  5.494E-07
                3.904E-07  1.503E-08  3.555E-08  6.492E-08  7.202E-08  9.547E-09
                2.991E-08  7.471E-08  1.789E-07  5.616E-08  1.188E-08  7.950E-08
                3.679E-07  1.592E-06  3.474E-08  3.781E-08  1.424E-07  3.772E-07
                7.111E-08  1.700E-06  7.364E-07  8.483E-08  1.259E-07  1.891E-08
                9.912E-07  1.189E-07  1.966E-08  1.692E-07  6.104E-08  4.175E-08
                1.826E-07  1.549E-07  4.997E-07  2.790E-06  4.688E-08  5.494E-08
                2.668E-08  9.119E-09  4.821E-08  3.103E-08  5.261E-08  2.332E-07
                1.083E-07  3.973E-08  1.581E-07  4.819E-07  1.305E-06  8.091E-08
                1.175E-07  6.647E-08  5.327E-08  7.543E-08  1.076E-07  3.814E-08
                2.605E-08  4.674E-08  1.269E-06  9.810E-08  3.280E-07  4.434E-06
                3.357E-08  1.124E-08  6.811E-08  2.004E-07  4.819E-07  5.414E-08
                8.215E-08  1.044E-07  4.615E-09  1.628E-08  2.386E-08  1.587E-08
                6.052E-07  1.845E-07  2.896E-07  1.671E-07  1.086E-06  6.690E-09
                1.269E-08  9.546E-08  1.350E-08  1.123E-06  9.809E-08
1.97770299E+02  8.585E-04  2.772E-04  9.033E-04  7.696E-05  3.792E-04  3.366E-03
                3.937E-04  2.755E-07  3.186E-05  1.049E-05  2.981E-07  1.857E-03
                4.766E-07  2.712E-05  3.939E-06  1.120E-07  2.076E-07  4.706E-07
                1.214E-07  5.321E-07  2.375E-07  2.487E-08  3.432E-07  1.344E-07
                2.512E-07  2.926E-07  2.427E-07  1.085E-07  3.516E-07  3.835E-07
                2.648E-07  4.282E-08  1.100E-06  4.339E-07  3.638E-08  2.820E-07
                1.698E-10  1.745E-08  9.946E-08  4.295E-07  1.163E-06  6.128E-08
                5.046E-07  5.705E-08  6.500E-08  6.311E-08  5.860E-08  1.110E-06
                2.751E-06  6.984E-09  2.106E-07  3.758E-07  1.319E-08  1.319E-08
                2.339E-07  6.953E-08  1.055E-07  2.246E-06  5.433E-07  2.091E-07
                1.327E-07  6.397E-10  2.182E-09  8.238E-11  4.143E-08  1.325E-07
                2.051E-08  1.928E-08  1.138E-07  3.766E-07  6.153E-07  1.124E-06
                4.326E-07  1.837E-07  1.778E-08  3.919E-08  7.763E-08  1.596E-08
                6.452E-08  9.642E-09  2.297E-07  6.309E-07  8.915E-08  2.935E-08
                6.288E-07  2.799E-06  3.226E-11  2.043E-10  4.342E-10  3.867E-10
                5.824E-11  1.995E-08  1.306E-07  2.725E-07  7.895E-08  2.098E-08
                2.584E-07  7.571E-07  2.267E-07  1.280E-06  5.501E-09  2.955E-08
                6.348E-08  1.338E-07  5.395E-08  1.528E-08  2.779E-08  7.323E-08
                1.022E-08  1.658E-07  8.654E-07  2.342E-07  4.684E-07  6.403E-09
                5.639E-06  1.931E-07  1.352E-07  1.024E-07  6.099E-09  3.786E-08
                9.657E-08  9.705E-08  1.554E-06  1.130E-07  1.298E-07  5.668E-07
                8.146E-08  3.232E-08  5.646E-07  3.504E-06  1.816E-07  4.834E-07
                3.640E-07  9.939E-09  2.362E-08  4.340E-08  4.691E-08  6.447E-09
                1.989E-08  4.936E-08  1.184E-07  4.659E-08  8.357E-09  5.895E-08
                2.761E-07  1.202E-06  2.174E-08  3.514E-08  1.274E-07  2.682E-07
                5.150E-08  1.280E-06  5.535E-07  6.338E-08  9.593E-08  1.361E-08
                7.651E-07  7.918E-08  1.341E-08  1.231E-07  4.849E-08  3.525E-08
                1.549E-07  1.456E-07  4.049E-07  2.047E-06  3.067E-08  3.872E-08
                1.868E-08  6.168E-09  4.564E-08  2.329E-08  3.917E-08  2.230E-07
                8.110E-08  2.820E-08  1.165E-07  3.605E-07  9.841E-07  5.789E-08
                8.910E-08  5.242E-08  3.934E-08  6.091E-08  8.928E-08  2.674E-08
                2.353E-08  3.343E-08  9.065E-07  9.543E-08  2.364E-07  3.123E-06
                2.675E-08  9.174E-09  5.126E-08  1.476E-07  3.522E-07  4.316E-08
                6.232E-08  7.698E-08  4.614E-09  1.602E-08  1.593E-08  1.145E-08
                4.730E-07  1.427E-07  2.191E-07  1.249E-07  8.328E-07  4.920E-09
                9.721E-09  7.515E-08  1.036E-08  8.625E-07  7.623E-08
