          16           7
         215          13           1           1
           0          -4           0          -4           0          -6           0          -2           0          -4           0           6           0           4           0           2           0           4           0           6           0           2           0           4           0           2           0          -4           0          -2           0           2           0           4           0           6           0           2           0           4           0           6           0           4           0          -2           0          -2           0          -4           0          -6           0          -8           0          -2           0          -4           0          -6           0          -4           0           2           0          -4           0          -6           0          -2           0          -4           0          -6           0          -6           0          -8           0          -4           0          -6           0          -2           0          -4           0           4           0           6           0           8           0          10           0           4           0          -4           0           2           0           6           0           4           0           8           0           2           0          -4           0          -2           0           6           0           6           0           4           0           2           0           8           0           4           0           6           0           8           0           4           0           6           0           8           0          10           0           4           0           6           0           8           0           6           0           4           0           2           0           6           0           2           0           4           0           2           0          -4           0          -2           0          -6           0          -8           0           6           0           4           0          -4           0          -6           0          -2           0          -4           0          -6           0          -8           0         -10           0          -2           0          -4           0          -6           0          -4           0          -2           0          -6           0          -8           0          -2           0          -4           0           2           0           4           0           6           0           8           0           4           0           4           0           6           0           8           0           2           0          10           0           8           0           6           0           4           0           2           0           6           0           6           0           4           0           4           0           2           0           4           0           6           0           8           0          -4           0           2           0           4           0          -6           0          -4           0           2           0           4           0           6           0           4           0           6           0          -2           0          -4           0          -6           0          -8           0         -10           0          -6           0          -8           0         -10           0         -12           0           2           0          -2           0          -4           0          -6           0          -8           0          -2           0          -8           0         -10           0          -4           0          -2           0          -6           0          -4           0          -2           0          -4           0          -2           0          -4           0          -6           0          -4           0          -8           0          -6           0           2           0           4           0           2           0           4           0           6           0         -10           0          -8           0          -6           0          -4           0           6           0          -2           0          -4           0           8           0          -6           0          -2           0          -4           0          -6           0          -8           0           4           0           6           0          -4           0          -6           0          -6           0          -8           0          -2           0           2           0          -4           0           4           0           6           0           4           0           4           0           2           0           2           0          -4           0          -6           0          -8           0          -2           0          -4           0          -6           0          -8           0         -10           0          -8           0          -6           0          -4           0          -2           0          -2           0          -4           0          -6           0          -6           0          -8           0          -4           0          -2           0          -6           0          -4
    0.000000E+00    9.645106E-03    9.843162E-03    1.435602E-02    1.458263E-02
    4.247197E-02    4.320385E-02    4.360158E-02    5.944295E-02    5.948713E-02
    6.922989E-02    7.316769E-02    7.411300E-02    1.134727E-01    1.147319E-01
    2.354040E-01    2.358931E-01    2.366026E-01    2.382857E-01    2.391328E-01
    2.438023E-01    2.438287E-01    2.461520E-01    2.471700E-01    2.474363E-01
    2.479076E-01    2.485433E-01    2.486026E-01    2.487216E-01    2.491410E-01
    2.502551E-01    2.507374E-01    2.510783E-01    2.511300E-01    2.524691E-01
    2.524772E-01    2.554279E-01    2.561102E-01    2.563381E-01    2.591442E-01
    2.591854E-01    2.609226E-01    2.615363E-01    2.619649E-01    2.622131E-01
    2.625883E-01    2.631076E-01    2.632646E-01    2.633261E-01    2.634365E-01
    2.637297E-01    2.638533E-01    2.640096E-01    2.643758E-01    2.644930E-01
    2.645338E-01    2.648466E-01    2.652759E-01    2.655531E-01    2.656939E-01
    2.657640E-01    2.676748E-01    2.677713E-01    2.679166E-01    2.688115E-01
    2.690337E-01    2.711118E-01    2.712141E-01    2.720014E-01    2.721113E-01
    2.724223E-01    2.724984E-01    2.725578E-01    2.726085E-01    2.727219E-01
    2.737570E-01    2.740430E-01    2.746587E-01    2.763855E-01    2.763956E-01
    2.763957E-01    2.764682E-01    2.789238E-01    2.791446E-01    2.808157E-01
    2.808428E-01    2.816082E-01    2.816156E-01    2.816277E-01    2.816445E-01
    2.816660E-01    2.832213E-01    2.832636E-01    2.833497E-01    2.872720E-01
    2.872722E-01    2.872783E-01    2.873017E-01    2.873787E-01    2.874354E-01
    2.875828E-01    2.876419E-01    2.877951E-01    2.879672E-01    2.884374E-01
    2.885530E-01    2.886000E-01    2.886971E-01    2.887362E-01    2.888178E-01
    2.901974E-01    2.902310E-01    2.934227E-01    2.936053E-01    2.936679E-01
    2.948139E-01    2.948751E-01    2.949134E-01    2.954910E-01    2.955387E-01
    2.955818E-01    2.956302E-01    2.974080E-01    2.974265E-01    2.978254E-01
    2.979930E-01    2.980044E-01    2.981863E-01    2.981951E-01    2.982014E-01
    2.986863E-01    2.989406E-01    2.997979E-01    3.013547E-01    3.014398E-01
    3.015665E-01    3.017420E-01    3.025165E-01    3.025355E-01    3.025686E-01
    3.026262E-01    3.032771E-01    3.036433E-01    3.036673E-01    3.036996E-01
    3.037196E-01    3.041292E-01    3.046134E-01    3.046301E-01    3.048276E-01
    3.048611E-01    3.049614E-01    3.051740E-01    3.052844E-01    3.060373E-01
    3.062721E-01    3.065126E-01    3.067251E-01    3.072820E-01    3.083217E-01
    3.083847E-01    3.085481E-01    3.086063E-01    3.093086E-01    3.093690E-01
    3.093750E-01    3.093804E-01    3.094500E-01    3.095030E-01    3.095365E-01
    3.096086E-01    3.096683E-01    3.098305E-01    3.098337E-01    3.100372E-01
    3.110986E-01    3.111053E-01    3.111248E-01    3.111449E-01    3.124031E-01
    3.124222E-01    3.126400E-01    3.132139E-01    3.132929E-01    3.134326E-01
    3.163175E-01    3.165548E-01    3.167011E-01    3.167161E-01    3.173537E-01
    3.174815E-01    3.194473E-01    3.198310E-01    3.206567E-01    3.235572E-01
    3.235827E-01    3.236877E-01    3.236885E-01    3.238034E-01    3.239013E-01
    3.239634E-01    3.240075E-01    3.245628E-01    3.245933E-01    3.263728E-01
    3.264517E-01    3.271738E-01    3.284075E-01    3.287843E-01    3.314323E-01
    3.314556E-01    3.324856E-01    3.325179E-01    3.327131E-01    3.333147E-01
           0           4           0           1
  -28.010499495533246               13
3.82164995E+01  1.625E-01  5.219E-02  1.696E-01  1.423E-02  6.962E-02  9.949E-02
                1.164E-02  7.923E-05  9.995E-04  6.982E-04  1.341E-04  4.087E-02
                1.093E-04  2.947E-03  4.289E-04
5.18244995E+01  6.606E-02  2.143E-02  7.007E-02  6.023E-03  2.922E-02  5.875E-02
                6.922E-03  3.051E-05  5.853E-04  3.721E-04  7.508E-05  2.677E-02
                5.131E-05  1.508E-03  2.221E-04  1.159E-05  1.955E-05  2.181E-05
                1.552E-05  2.184E-05  1.659E-05  1.015E-06  3.393E-05  3.202E-06
                8.226E-06  1.181E-05  2.309E-05  1.517E-05  4.835E-05  4.882E-05
                1.916E-05  1.246E-06  2.129E-04  4.732E-05  5.181E-06  3.198E-05
                2.632E-08  3.575E-06  2.956E-05  5.922E-05  1.604E-04  1.085E-05
                7.603E-05  2.029E-06  4.872E-06  6.656E-06  9.282E-06  2.191E-05
                1.766E-04  1.871E-06  4.262E-05  8.311E-06  1.285E-05  1.377E-06
                3.474E-05  1.161E-05  7.031E-06  1.480E-04  6.932E-05  3.485E-05
                2.087E-05  7.454E-08  3.516E-07  1.009E-07  8.109E-06  6.679E-05
                1.014E-06  1.327E-06  7.714E-06  3.268E-05  4.316E-05  2.765E-05
                1.276E-05  5.871E-06  6.444E-06  6.000E-06  2.963E-05  8.732E-06
                3.992E-06  1.087E-06  1.100E-05  2.831E-05  1.633E-05  7.539E-06
                3.338E-05  1.292E-04  1.388E-08  3.169E-08  1.382E-07  5.652E-07
                1.114E-07  5.447E-06  1.985E-05  3.568E-05  2.138E-06  8.566E-07
                5.126E-06  1.010E-05  7.904E-06  4.885E-05  3.034E-07  3.282E-06
                2.288E-06  1.795E-06  1.971E-05  4.488E-06  2.471E-06  8.469E-06
                8.802E-07  2.043E-05  3.559E-05  1.085E-05  1.876E-05  4.976E-07
                1.685E-04
6.54324995E+01  3.374E-02  1.083E-02  3.536E-02  3.006E-03  1.473E-02  3.832E-02
                4.491E-03  1.624E-05  3.707E-04  2.016E-04  2.308E-05  1.821E-02
                2.315E-05  8.123E-04  1.178E-04  7.864E-06  1.256E-05  1.169E-05
                8.997E-06  1.452E-05  9.037E-06  5.114E-07  1.226E-05  1.932E-06
                4.468E-06  5.414E-06  4.146E-06  8.571E-06  2.307E-05  2.416E-05
                9.071E-06  1.746E-06  7.576E-05  2.217E-05  2.381E-06  1.607E-05
                1.101E-08  1.455E-06  8.737E-06  2.479E-05  7.224E-05  3.946E-06
                2.911E-05  4.371E-07  8.729E-07  1.569E-06  3.812E-06  6.895E-06
                9.913E-05  5.016E-07  4.950E-06  3.016E-06  9.093E-07  5.876E-07
                1.592E-05  5.206E-06  2.313E-06  4.135E-05  2.770E-05  1.487E-05
                9.319E-06  1.379E-08  2.135E-08  2.363E-09  2.235E-06  1.927E-05
                6.604E-07  1.069E-07  4.493E-06  1.489E-05  2.948E-05  1.576E-05
                6.211E-06  2.740E-06  9.573E-07  2.260E-06  5.946E-06  2.748E-06
                1.756E-06  2.673E-07  6.280E-06  1.747E-05  7.619E-06  1.523E-06
                1.795E-05  8.007E-05  9.977E-10  5.390E-09  1.384E-08  1.178E-08
                3.869E-09  5.914E-07  3.484E-06  7.049E-06  8.583E-07  2.584E-07
                2.564E-06  7.331E-06  6.439E-06  3.591E-05  1.016E-07  6.046E-07
                1.089E-06  2.257E-06  1.497E-06  4.289E-07  6.386E-07  1.534E-06
                2.268E-07  3.195E-06  1.959E-05  4.995E-06  9.268E-06  1.678E-07
                1.091E-04  2.927E-06  2.541E-06  1.669E-06  7.175E-08  7.488E-07
                1.957E-06  2.006E-06  4.700E-05  1.891E-06  1.850E-06  1.501E-05
                2.399E-06  6.409E-07  9.814E-06  5.917E-05  3.696E-06  9.711E-06
                1.018E-05  6.580E-07  1.460E-06  2.685E-06  3.891E-06  3.829E-07
                1.226E-06  3.164E-06  7.704E-06  1.292E-06  3.035E-07  1.466E-06
                5.781E-06  2.126E-05  8.679E-07  2.933E-06  1.129E-05  7.269E-06
                1.497E-06  2.458E-05  1.113E-05  1.477E-06  2.434E-06  5.953E-07
                1.312E-05  4.089E-06  1.088E-06  7.266E-06  2.439E-06  5.949E-07
                2.807E-06  3.722E-06  8.285E-06  3.612E-05  1.912E-06  1.552E-06
                7.921E-07  2.233E-07  1.161E-06  7.021E-07  1.216E-06  4.352E-06
                1.984E-06  1.102E-06  2.924E-06  7.089E-06  1.807E-05  9.702E-07
                1.197E-06  2.222E-06  3.093E-06  3.840E-06  6.188E-06  9.965E-07
                7.057E-07  1.395E-06  1.321E-05  2.122E-06  3.511E-06  4.106E-05
                4.533E-07  2.171E-07  4.333E-06  1.022E-05  1.862E-05  4.514E-06
                4.886E-06  4.747E-06  5.348E-07  1.555E-06  1.203E-06  8.026E-07
                4.944E-06  1.618E-06  1.722E-06  2.418E-06  1.243E-05  1.809E-07
                6.412E-07  1.109E-06  3.927E-07  9.295E-06  1.162E-06
7.90404995E+01  1.912E-02  6.118E-03  1.999E-02  1.694E-03  8.311E-03  2.665E-02
                3.121E-03  8.777E-06  2.550E-04  1.242E-04  1.182E-05  1.305E-02
                1.296E-05  4.839E-04  7.016E-05  4.333E-06  7.070E-06  6.858E-06
                5.232E-06  8.986E-06  6.305E-06  3.557E-07  6.073E-06  1.215E-06
                2.709E-06  3.181E-06  2.122E-06  4.959E-06  1.268E-05  1.366E-05
                5.017E-06  1.208E-06  3.428E-05  1.154E-05  1.383E-06  8.576E-06
                4.994E-09  7.418E-07  4.371E-06  1.236E-05  3.603E-05  1.972E-06
                1.490E-05  2.301E-07  4.232E-07  7.104E-07  1.659E-06  4.416E-06
                5.727E-05  2.414E-07  2.369E-06  1.803E-06  4.448E-07  2.781E-07
                7.930E-06  2.590E-06  1.225E-06  2.064E-05  1.386E-05  7.791E-06
                4.795E-06  8.311E-09  1.449E-08  1.503E-09  8.787E-07  7.163E-06
                4.147E-07  1.596E-07  2.599E-06  8.668E-06  1.636E-05  1.197E-05
                4.519E-06  1.941E-06  4.532E-07  1.112E-06  2.499E-06  1.049E-06
                1.171E-06  1.604E-07  4.309E-06  1.197E-05  3.263E-06  7.822E-07
                1.114E-05  4.970E-05  4.355E-10  2.550E-09  5.953E-09  6.709E-09
                1.756E-09  4.039E-07  2.389E-06  4.909E-06  5.695E-07  1.492E-07
                1.839E-06  5.333E-06  3.924E-06  2.226E-05  5.861E-08  2.927E-07
                7.159E-07  1.501E-06  2.848E-07  1.135E-07  3.708E-07  9.532E-07
                1.472E-07  1.958E-06  1.286E-05  3.332E-06  5.677E-06  8.864E-08
                6.819E-05  2.156E-06  1.634E-06  1.061E-06  6.331E-08  4.947E-07
                1.188E-06  1.110E-06  2.875E-05  1.256E-06  1.336E-06  1.004E-05
                1.479E-06  4.941E-07  6.147E-06  3.737E-05  2.582E-06  6.693E-06
                6.442E-06  2.749E-07  6.741E-07  1.275E-06  1.813E-06  1.621E-07
                5.830E-07  1.506E-06  3.578E-06  7.558E-07  1.694E-07  8.299E-07
                3.341E-06  1.297E-05  5.056E-07  1.043E-06  4.191E-06  4.558E-06
                8.805E-07  1.436E-05  6.318E-06  7.767E-07  1.373E-06  3.464E-07
                8.071E-06  2.012E-06  5.005E-07  3.666E-06  1.238E-06  3.621E-07
                1.450E-06  2.491E-06  5.658E-06  2.248E-05  1.136E-06  8.748E-07
                4.213E-07  1.502E-07  5.890E-07  3.228E-07  5.736E-07  2.344E-06
                1.057E-06  5.443E-07  1.581E-06  4.139E-06  1.099E-05  6.257E-07
                7.733E-07  1.243E-06  1.216E-06  1.504E-06  2.382E-06  7.693E-07
                1.146E-07  7.897E-07  8.416E-06  1.109E-06  2.278E-06  2.826E-05
                2.505E-07  1.249E-07  2.021E-06  4.577E-06  9.048E-06  1.762E-06
                2.348E-06  2.497E-06  1.335E-07  2.027E-07  5.406E-07  2.685E-07
                3.584E-06  1.147E-06  1.957E-06  1.661E-06  7.949E-06  1.139E-07
                2.062E-07  6.446E-07  1.586E-07  7.229E-06  7.433E-07
9.26484995E+01  1.170E-02  3.749E-03  1.224E-02  1.038E-03  5.095E-03  1.924E-02
                2.253E-03  5.474E-06  1.829E-04  8.283E-05  6.652E-06  9.573E-03
                7.808E-06  3.044E-04  4.409E-05  2.427E-06  4.027E-06  4.108E-06
                3.046E-06  5.609E-06  4.197E-06  2.405E-07  3.695E-06  8.783E-07
                1.889E-06  2.203E-06  1.416E-06  3.039E-06  7.651E-06  8.347E-06
                3.112E-06  8.004E-07  1.813E-05  6.702E-06  8.592E-07  5.103E-06
                3.237E-09  4.180E-07  2.409E-06  6.986E-06  2.027E-05  1.110E-06
                8.544E-06  1.525E-07  2.455E-07  3.742E-07  8.353E-07  3.620E-06
                3.562E-05  1.348E-07  1.439E-06  1.370E-06  2.431E-07  1.550E-07
                4.475E-06  1.463E-06  7.697E-07  1.327E-05  8.010E-06  4.477E-06
                2.724E-06  5.448E-09  1.047E-08  1.052E-09  4.569E-07  3.482E-06
                2.679E-07  1.555E-07  1.605E-06  5.383E-06  9.926E-06  8.919E-06
                3.341E-06  1.409E-06  2.553E-07  6.633E-07  1.358E-06  5.124E-07
                8.195E-07  1.087E-07  3.042E-06  8.429E-06  1.772E-06  4.633E-07
                7.295E-06  3.263E-05  2.861E-10  1.726E-09  3.981E-09  4.313E-09
                9.945E-10  2.848E-07  1.709E-06  3.506E-06  4.150E-07  9.841E-08
                1.413E-06  4.181E-06  2.599E-06  1.470E-05  4.348E-08  2.052E-07
                5.379E-07  1.135E-06  1.170E-07  6.721E-08  2.706E-07  6.923E-07
                9.576E-08  1.415E-06  9.116E-06  2.366E-06  3.780E-06  6.049E-08
                4.547E-05  1.548E-06  1.156E-06  7.696E-07  4.890E-08  3.706E-07
                8.828E-07  8.680E-07  1.909E-05  9.473E-07  1.007E-06  6.613E-06
                9.644E-07  3.508E-07  4.201E-06  2.539E-05  1.861E-06  4.850E-06
                4.505E-06  1.504E-07  3.669E-07  6.915E-07  9.469E-07  8.896E-08
                3.082E-07  7.883E-07  1.870E-06  4.944E-07  1.004E-07  5.326E-07
                2.233E-06  8.949E-06  2.985E-07  4.389E-07  1.763E-06  3.018E-06
                5.796E-07  9.840E-06  4.322E-06  5.188E-07  8.497E-07  2.032E-07
                5.733E-06  1.136E-06  2.771E-07  2.190E-06  6.990E-07  2.593E-07
                9.437E-07  1.737E-06  3.906E-06  1.460E-05  6.211E-07  5.095E-07
                2.439E-07  8.719E-08  4.071E-07  2.033E-07  3.539E-07  1.654E-06
                6.821E-07  3.265E-07  1.028E-06  2.826E-06  7.571E-06  4.170E-07
                5.555E-07  6.929E-07  6.845E-07  8.166E-07  1.262E-06  4.679E-07
                7.585E-08  4.856E-07  5.979E-06  7.341E-07  1.609E-06  2.069E-05
                1.936E-07  8.523E-08  9.826E-07  2.429E-06  5.073E-06  8.141E-07
                1.140E-06  1.303E-06  5.075E-08  7.268E-08  3.123E-07  1.481E-07
                2.769E-06  8.806E-07  1.496E-06  1.085E-06  5.647E-06  6.833E-08
                1.234E-07  4.777E-07  1.062E-07  5.362E-06  5.137E-07
1.06256499E+02  7.529E-03  2.407E-03  7.871E-03  6.653E-04  3.268E-03  1.435E-02
                1.679E-03  3.453E-06  1.359E-04  5.759E-05  4.043E-06  7.291E-03
                4.939E-06  2.023E-04  2.931E-05  1.471E-06  2.474E-06  2.658E-06
                1.876E-06  3.665E-06  2.772E-06  1.635E-07  2.458E-06  7.632E-07
                1.549E-06  1.783E-06  1.150E-06  1.903E-06  4.803E-06  5.275E-06
                2.176E-06  5.247E-07  1.032E-05  4.189E-06  5.484E-07  3.188E-06
                2.173E-09  2.501E-07  1.412E-06  4.178E-06  1.196E-05  6.576E-07
                5.171E-06  1.140E-07  1.642E-07  2.259E-07  4.662E-07  2.966E-06
                2.317E-05  7.798E-08  9.675E-07  1.076E-06  1.395E-07  9.162E-08
                2.651E-06  8.675E-07  5.239E-07  9.328E-06  5.042E-06  2.776E-06
                1.675E-06  3.942E-09  8.078E-09  7.360E-10  2.708E-07  1.895E-06
                1.833E-07  1.311E-07  1.071E-06  3.593E-06  6.454E-06  6.652E-06
                2.582E-06  1.107E-06  1.529E-07  4.181E-07  8.113E-07  2.785E-07
                5.687E-07  7.558E-08  2.112E-06  5.838E-06  1.062E-06  2.966E-07
                4.896E-06  2.191E-05  1.981E-10  1.223E-09  2.793E-09  2.932E-09
                6.398E-10  1.967E-07  1.185E-06  2.443E-06  3.172E-07  7.227E-08
                1.102E-06  3.285E-06  1.747E-06  9.879E-06  3.285E-08  1.531E-07
                4.062E-07  8.569E-07  8.006E-08  4.729E-08  1.985E-07  5.119E-07
                6.950E-08  1.055E-06  6.745E-06  1.756E-06  2.635E-06  4.236E-08
                3.166E-05  1.147E-06  8.381E-07  5.768E-07  3.783E-08  2.765E-07
                6.563E-07  6.625E-07  1.276E-05  7.308E-07  7.765E-07  4.510E-06
                6.508E-07  2.569E-07  2.995E-06  1.803E-05  1.367E-06  3.580E-06
                3.092E-06  9.718E-08  2.346E-07  4.378E-07  5.764E-07  5.763E-08
                1.929E-07  4.890E-07  1.160E-06  3.414E-07  6.413E-08  3.627E-07
                1.568E-06  6.429E-06  1.870E-07  2.502E-07  9.949E-07  2.065E-06
                3.932E-07  7.041E-06  3.084E-06  3.659E-07  5.617E-07  1.270E-07
                4.138E-06  6.997E-07  1.649E-07  1.404E-06  4.468E-07  1.950E-07
                6.839E-07  1.240E-06  2.789E-06  1.024E-05  3.864E-07  3.354E-07
                1.620E-07  5.781E-08  2.936E-07  1.389E-07  2.387E-07  1.223E-06
                4.721E-07  2.234E-07  7.277E-07  2.028E-06  5.422E-06  2.974E-07
                4.277E-07  4.531E-07  4.241E-07  5.254E-07  7.923E-07  2.994E-07
                6.215E-08  3.148E-07  4.401E-06  5.264E-07  1.180E-06  1.543E-05
                1.511E-07  6.133E-08  5.645E-07  1.470E-06  3.170E-06  4.575E-07
                6.577E-07  7.813E-07  2.597E-08  3.933E-08  1.944E-07  9.214E-08
                2.118E-06  6.682E-07  1.118E-06  7.631E-07  4.175E-06  4.382E-08
                8.106E-08  3.561E-07  7.204E-08  4.050E-06  3.811E-07
1.19864499E+02  5.140E-03  1.650E-03  5.387E-03  4.573E-04  2.245E-03  1.108E-02
                1.296E-03  2.348E-06  1.043E-04  4.205E-05  2.495E-06  5.661E-03
                3.263E-06  1.427E-04  2.066E-05  8.845E-07  1.507E-06  1.752E-06
                1.129E-06  2.417E-06  1.814E-06  1.123E-07  1.654E-06  6.410E-07
                1.249E-06  1.419E-06  9.332E-07  1.200E-06  3.076E-06  3.362E-06
                1.571E-06  3.435E-07  6.632E-06  2.776E-06  3.577E-07  2.101E-06
                1.368E-09  1.557E-07  8.631E-07  2.772E-06  7.836E-06  4.325E-07
                3.444E-06  1.074E-07  1.398E-07  1.706E-07  2.993E-07  2.553E-06
                1.611E-05  4.787E-08  7.070E-07  8.990E-07  8.546E-08  6.217E-08
                1.733E-06  5.579E-07  3.830E-07  7.044E-06  3.286E-06  1.736E-06
                1.066E-06  2.640E-09  6.161E-09  5.039E-10  1.853E-07  1.169E-06
                1.246E-07  1.052E-07  7.155E-07  2.396E-06  4.223E-06  5.014E-06
                1.856E-06  7.689E-07  9.822E-08  2.721E-07  5.272E-07  1.700E-07
                3.890E-07  5.236E-08  1.433E-06  3.955E-06  6.797E-07  1.966E-07
                3.503E-06  1.569E-05  1.460E-10  9.050E-10  2.031E-09  2.054E-09
                4.227E-10  1.323E-07  8.173E-07  1.684E-06  2.508E-07  5.702E-08
                8.767E-07  2.626E-06  1.262E-06  7.131E-06  2.456E-08  1.141E-07
                3.006E-07  6.370E-07  6.723E-08  3.510E-08  1.381E-07  3.602E-07
                4.901E-08  7.537E-07  4.464E-06  1.168E-06  2.010E-06  3.006E-08
                2.418E-05  8.454E-07  6.203E-07  4.311E-07  2.790E-08  1.983E-07
                4.789E-07  4.899E-07  9.089E-06  5.196E-07  5.560E-07  3.172E-06
                4.600E-07  1.877E-07  2.313E-06  1.398E-05  9.309E-07  2.440E-06
                2.152E-06  6.260E-08  1.507E-07  2.806E-07  3.565E-07  3.871E-08
                1.237E-07  3.093E-07  7.325E-07  2.380E-07  4.443E-08  2.640E-07
                1.167E-06  4.862E-06  1.290E-07  1.424E-07  5.548E-07  1.461E-06
                2.813E-07  5.307E-06  2.320E-06  2.721E-07  4.034E-07  8.400E-08
                3.163E-06  4.692E-07  1.055E-07  8.911E-07  2.875E-07  1.431E-07
                5.167E-07  8.196E-07  1.954E-06  7.736E-06  2.449E-07  2.251E-07
                1.084E-07  3.848E-08  1.984E-07  1.019E-07  1.733E-07  8.435E-07
                3.493E-07  1.505E-07  5.238E-07  1.514E-06  4.084E-06  2.271E-07
                3.413E-07  2.875E-07  2.727E-07  3.349E-07  4.996E-07  1.936E-07
                5.095E-08  2.093E-07  3.432E-06  3.624E-07  9.133E-07  1.211E-05
                1.179E-07  4.496E-08  3.308E-07  9.275E-07  2.090E-06  2.557E-07
                3.824E-07  4.832E-07  1.461E-08  3.197E-08  1.260E-07  6.145E-08
                1.675E-06  5.249E-07  8.747E-07  5.653E-07  3.225E-06  2.843E-08
                5.203E-08  2.748E-07  4.954E-08  3.177E-06  2.930E-07
1.33472499E+02  3.553E-03  1.137E-03  3.720E-03  3.145E-04  1.546E-03  8.618E-03
                1.008E-03  1.589E-06  8.128E-05  3.130E-05  1.664E-06  4.494E-03
                2.214E-06  1.003E-04  1.454E-05  5.576E-07  9.685E-07  1.244E-06
                7.193E-07  1.703E-06  1.242E-06  8.078E-08  1.256E-06  4.985E-07
                9.600E-07  1.096E-06  7.487E-07  7.797E-07  2.058E-06  2.255E-06
                1.130E-06  2.330E-07  4.457E-06  1.901E-06  2.378E-07  1.426E-06
                9.609E-10  1.007E-07  5.534E-07  1.860E-06  5.182E-06  2.857E-07
                2.306E-06  8.888E-08  1.103E-07  1.259E-07  1.959E-07  2.111E-06
                1.129E-05  3.041E-08  5.271E-07  7.327E-07  5.276E-08  4.372E-08
                1.135E-06  3.628E-07  2.837E-07  5.391E-06  2.267E-06  1.165E-06
                7.044E-07  2.115E-09  5.111E-09  3.591E-10  1.304E-07  7.345E-07
                8.944E-08  7.792E-08  5.064E-07  1.698E-06  2.947E-06  3.792E-06
                1.484E-06  6.366E-07  6.744E-08  1.904E-07  3.570E-07  1.053E-07
                2.865E-07  3.921E-08  1.052E-06  2.899E-06  4.556E-07  1.366E-07
                2.492E-06  1.117E-05  1.086E-10  6.823E-10  1.520E-09  1.506E-09
                2.963E-10  9.601E-08  5.962E-07  1.228E-06  2.017E-07  4.644E-08
                7.030E-07  2.104E-06  8.979E-07  5.064E-06  1.905E-08  8.928E-08
                2.314E-07  4.904E-07  6.028E-08  2.929E-08  1.072E-07  2.788E-07
                3.658E-08  5.876E-07  3.572E-06  9.394E-07  1.468E-06  2.312E-08
                1.759E-05  6.376E-07  4.674E-07  3.349E-07  2.155E-08  1.501E-07
                3.618E-07  3.741E-07  6.429E-06  4.185E-07  4.483E-07  2.264E-06
                3.265E-07  1.385E-07  1.709E-06  1.032E-05  7.327E-07  1.934E-06
                1.563E-06  4.612E-08  1.100E-07  2.029E-07  2.490E-07  2.820E-08
                8.990E-08  2.250E-07  5.350E-07  1.707E-07  3.134E-08  1.956E-07
                8.822E-07  3.728E-06  8.777E-08  1.105E-07  4.263E-07  1.046E-06
                2.004E-07  4.065E-06  1.772E-06  2.069E-07  2.941E-07  5.720E-08
                2.400E-06  3.207E-07  6.911E-08  6.183E-07  2.060E-07  1.138E-07
                4.076E-07  6.423E-07  1.499E-06  5.805E-06  1.703E-07  1.652E-07
                8.058E-08  2.844E-08  1.622E-07  7.607E-08  1.292E-07  7.130E-07
                2.633E-07  1.147E-07  4.026E-07  1.163E-06  3.124E-06  1.697E-07
                2.630E-07  2.163E-07  1.879E-07  2.506E-07  3.671E-07  1.329E-07
                4.646E-08  1.467E-07  2.599E-06  2.984E-07  6.883E-07  9.167E-06
                9.232E-08  3.415E-08  2.364E-07  6.568E-07  1.483E-06  1.887E-07
                2.786E-07  3.450E-07  1.152E-08  2.677E-08  8.373E-08  4.237E-08
                1.322E-06  4.114E-07  6.701E-07  4.269E-07  2.500E-06  2.020E-08
                3.821E-08  2.142E-07  3.655E-08  2.490E-06  2.307E-07
1.47080499E+02  2.634E-03  8.480E-04  2.767E-03  2.355E-04  1.157E-03  6.922E-03
                8.098E-04  1.233E-06  6.485E-05  2.429E-05  1.101E-06  3.591E-03
                1.547E-06  7.514E-05  1.088E-05  3.803E-07  6.643E-07  9.410E-07
                4.667E-07  1.230E-06  8.326E-07  5.872E-08  8.675E-07  4.501E-07
                8.351E-07  9.373E-07  6.532E-07  5.007E-07  1.363E-06  1.471E-06
                9.012E-07  1.561E-07  3.268E-06  1.388E-06  1.602E-07  9.964E-07
                5.903E-10  6.648E-08  3.577E-07  1.392E-06  3.841E-06  2.104E-07
                1.701E-06  8.721E-08  1.049E-07  1.131E-07  1.509E-07  1.829E-06
                8.454E-06  2.097E-08  4.205E-07  6.283E-07  3.702E-08  3.427E-08
                8.274E-07  2.567E-07  2.237E-07  4.349E-06  1.601E-06  7.754E-07
                4.845E-07  1.452E-09  4.031E-09  2.480E-10  1.037E-07  5.277E-07
                6.375E-08  6.111E-08  3.592E-07  1.199E-06  2.047E-06  2.946E-06
                1.061E-06  4.314E-07  4.708E-08  1.327E-07  2.572E-07  7.408E-08
                1.913E-07  2.695E-08  6.918E-07  1.904E-06  3.207E-07  9.737E-08
                1.885E-06  8.413E-06  8.441E-11  5.285E-10  1.154E-09  1.098E-09
                2.095E-10  6.281E-08  3.998E-07  8.320E-07  1.656E-07  3.867E-08
                5.758E-07  1.724E-06  6.817E-07  3.860E-06  1.406E-08  6.703E-08
                1.698E-07  3.615E-07  5.713E-08  2.242E-08  7.254E-08  1.926E-07
                2.642E-08  4.165E-07  2.233E-06  5.919E-07  1.213E-06  1.712E-08
                1.462E-05  4.817E-07  3.558E-07  2.530E-07  1.577E-08  1.060E-07
                2.640E-07  2.706E-07  4.717E-06  2.814E-07  3.063E-07  1.693E-06
                2.447E-07  9.928E-08  1.420E-06  8.687E-06  4.752E-07  1.249E-06
                1.067E-06  3.173E-08  7.578E-08  1.398E-07  1.660E-07  2.038E-08
                6.275E-08  1.554E-07  3.691E-07  1.251E-07  2.356E-08  1.516E-07
                6.923E-07  2.951E-06  6.716E-08  7.516E-08  2.829E-07  7.903E-07
                1.526E-07  3.209E-06  1.397E-06  1.620E-07  2.280E-07  4.094E-08
                1.903E-06  2.382E-07  4.821E-08  4.145E-07  1.426E-07  8.429E-08
                3.222E-07  4.016E-07  1.058E-06  4.767E-06  1.137E-07  1.171E-07
                5.658E-08  1.974E-08  1.048E-07  5.929E-08  1.005E-07  4.695E-07
                2.069E-07  8.131E-08  3.043E-07  9.081E-07  2.462E-06  1.401E-07
                2.162E-07  1.457E-07  1.295E-07  1.708E-07  2.502E-07  9.061E-08
                3.871E-08  1.032E-07  2.157E-06  2.013E-07  5.676E-07  7.609E-06
                7.020E-08  2.480E-08  1.529E-07  4.517E-07  1.058E-06  1.176E-07
                1.786E-07  2.324E-07  8.812E-09  2.794E-08  5.884E-08  3.187E-08
                1.068E-06  3.304E-07  5.360E-07  3.274E-07  1.984E-06  1.425E-08
                2.674E-08  1.706E-07  2.664E-08  2.000E-06  1.813E-07
1.60688499E+02  1.881E-03  6.045E-04  1.976E-03  1.677E-04  8.253E-04  5.667E-03
                6.628E-04  7.405E-07  5.330E-05  1.892E-05  7.656E-07  3.019E-03
                1.111E-06  5.695E-05  8.261E-06  2.631E-07  4.668E-07  7.454E-07
                3.185E-07  9.391E-07  5.767E-07  4.442E-08  6.851E-07  3.461E-07
                6.395E-07  7.230E-07  5.232E-07  3.300E-07  9.366E-07  1.021E-06
                6.687E-07  1.067E-07  2.298E-06  9.996E-07  1.064E-07  6.901E-07
                4.406E-10  4.546E-08  2.454E-07  9.685E-07  2.649E-06  1.431E-07
                1.169E-06  7.262E-08  8.553E-08  8.883E-08  1.066E-07  1.540E-06
                6.063E-06  1.427E-08  3.325E-07  5.262E-07  2.518E-08  2.439E-08
                5.597E-07  1.723E-07  1.731E-07  3.487E-06  1.159E-06  5.421E-07
                3.297E-07  1.247E-09  3.440E-09  1.868E-10  7.752E-08  3.460E-07
                4.626E-08  4.384E-08  2.597E-07  8.655E-07  1.458E-06  2.244E-06
                8.744E-07  3.770E-07  3.443E-08  9.359E-08  1.789E-07  4.727E-08
                1.450E-07  2.096E-08  5.237E-07  1.438E-06  2.212E-07  6.873E-08
                1.352E-06  6.033E-06  6.424E-11  4.052E-10  8.789E-10  8.237E-10
                1.539E-10  4.668E-08  2.960E-07  6.192E-07  1.318E-07  3.041E-08
                4.609E-07  1.382E-06  4.858E-07  2.753E-06  1.099E-08  5.356E-08
                1.314E-07  2.778E-07  5.505E-08  2.021E-08  5.826E-08  1.530E-07
                2.026E-08  3.323E-07  1.916E-06  5.105E-07  9.036E-07  1.333E-08
                1.086E-05  3.623E-07  2.741E-07  1.989E-07  1.242E-08  8.196E-08
                2.024E-07  2.079E-07  3.367E-06  2.363E-07  2.586E-07  1.239E-06
                1.766E-07  7.474E-08  1.069E-06  6.540E-06  3.968E-07  1.051E-06
                7.911E-07  2.486E-08  5.883E-08  1.075E-07  1.246E-07  1.548E-08
                4.871E-08  1.217E-07  2.907E-07  9.084E-08  1.753E-08  1.160E-07
                5.346E-07  2.298E-06  4.766E-08  6.412E-08  2.434E-07  5.795E-07
                1.105E-07  2.484E-06  1.078E-06  1.248E-07  1.754E-07  2.935E-08
                1.458E-06  1.706E-07  3.287E-08  2.994E-07  1.056E-07  6.733E-08
                2.603E-07  3.285E-07  8.366E-07  3.697E-06  8.335E-08  8.965E-08
                4.398E-08  1.526E-08  9.151E-08  4.552E-08  7.698E-08  4.240E-07
                1.584E-07  6.430E-08  2.391E-07  7.076E-07  1.908E-06  1.076E-07
                1.656E-07  1.155E-07  9.314E-08  1.329E-07  1.914E-07  6.518E-08
                3.567E-08  7.603E-08  1.679E-06  1.761E-07  4.383E-07  5.885E-06
                5.422E-08  1.910E-08  1.213E-07  3.404E-07  7.872E-07  9.906E-08
                1.458E-07  1.792E-07  6.988E-09  1.967E-08  4.034E-08  2.355E-08
                8.550E-07  2.627E-07  4.174E-07  2.536E-07  1.571E-06  1.059E-08
                2.023E-08  1.364E-07  2.077E-08  1.595E-06  1.446E-07
1.74296499E+02  1.490E-03  4.783E-04  1.561E-03  1.326E-04  6.520E-04  4.470E-03
                5.229E-04  7.531E-07  4.195E-05  1.506E-05  5.379E-07  2.360E-03
                7.871E-07  4.064E-05  5.879E-06  1.954E-07  3.488E-07  6.202E-07
                2.197E-07  7.431E-07  4.146E-07  3.519E-08  5.010E-07  2.500E-07
                4.606E-07  5.214E-07  3.932E-07  2.180E-07  6.473E-07  6.834E-07
                4.814E-07  7.677E-08  1.940E-06  7.511E-07  7.539E-08  5.216E-07
                2.687E-10  3.084E-08  1.659E-07  7.970E-07  2.176E-06  1.171E-07
                9.505E-07  6.991E-08  8.172E-08  8.373E-08  9.243E-08  1.365E-06
                4.889E-06  1.179E-08  2.803E-07  4.648E-07  2.061E-08  2.280E-08
                4.503E-07  1.340E-07  1.460E-07  2.947E-06  8.795E-07  3.822E-07
                2.460E-07  8.451E-10  2.798E-09  1.296E-10  6.528E-08  2.696E-07
                3.540E-08  3.458E-08  1.963E-07  6.556E-07  1.096E-06  1.761E-06
                6.141E-07  2.425E-07  2.699E-08  7.198E-08  1.401E-07  3.561E-08
                9.886E-08  1.437E-08  3.507E-07  9.649E-07  1.675E-07  5.296E-08
                1.104E-06  4.902E-06  5.078E-11  3.194E-10  6.851E-10  6.236E-10
                1.030E-10  3.140E-08  2.073E-07  4.348E-07  1.144E-07  2.968E-08
                3.799E-07  1.121E-06  3.997E-07  2.263E-06  8.410E-09  4.234E-08
                9.951E-08  2.127E-07  5.451E-08  1.683E-08  4.063E-08  1.097E-07
                1.509E-08  2.469E-07  1.144E-06  3.074E-07  7.583E-07  1.018E-08
                9.141E-06  2.949E-07  2.086E-07  1.537E-07  9.163E-09  5.852E-08
                1.509E-07  1.532E-07  2.659E-06  1.536E-07  1.715E-07  9.711E-07
                1.412E-07  5.166E-08  8.959E-07  5.561E-06  2.482E-07  6.526E-07
                5.667E-07  1.602E-08  3.834E-08  7.079E-08  7.902E-08  1.070E-08
                3.215E-08  7.903E-08  1.881E-07  7.313E-08  1.340E-08  9.182E-08
                4.279E-07  1.850E-06  3.675E-08  4.774E-08  1.720E-07  4.579E-07
                8.917E-08  2.004E-06  8.695E-07  1.002E-07  1.386E-07  2.194E-08
                1.191E-06  1.320E-07  2.449E-08  2.087E-07  7.891E-08  5.254E-08
                2.184E-07  2.095E-07  6.082E-07  3.101E-06  5.375E-08  6.272E-08
                2.991E-08  1.009E-08  5.848E-08  3.614E-08  6.141E-08  2.739E-07
                1.286E-07  4.472E-08  1.814E-07  5.610E-07  1.537E-06  8.899E-08
                1.378E-07  7.958E-08  6.713E-08  9.560E-08  1.406E-07  4.511E-08
                2.870E-08  5.398E-08  1.371E-06  1.206E-07  3.607E-07  4.791E-06
                4.209E-08  1.416E-08  7.872E-08  2.430E-07  5.858E-07  6.107E-08
                9.218E-08  1.228E-07  7.284E-09  2.818E-08  3.035E-08  1.861E-08
                6.893E-07  2.107E-07  3.318E-07  1.943E-07  1.240E-06  8.144E-09
                1.622E-08  1.088E-07  1.545E-08  1.272E-06  1.137E-07
1.87904499E+02  1.126E-03  3.658E-04  1.191E-03  1.025E-04  5.035E-04  4.044E-03
                4.729E-04  4.081E-07  3.774E-05  1.265E-05  3.800E-07  2.157E-03
                6.295E-07  3.662E-05  5.312E-06  1.597E-07  2.825E-07  5.274E-07
                1.690E-07  5.924E-07  2.743E-07  2.669E-08  3.598E-07  3.116E-07
                5.483E-07  6.041E-07  4.436E-07  1.401E-07  4.352E-07  4.726E-07
                5.071E-07  4.985E-08  1.262E-06  6.175E-07  4.832E-08  3.423E-07
                1.909E-10  2.263E-08  1.163E-07  5.737E-07  1.544E-06  7.979E-08
                6.442E-07  5.726E-08  6.580E-08  6.530E-08  6.636E-08  1.159E-06
                3.460E-06  7.868E-09  2.303E-07  3.935E-07  1.514E-08  1.465E-08
                3.070E-07  9.024E-08  1.120E-07  2.441E-06  6.446E-07  2.610E-07
                1.651E-07  7.589E-10  2.368E-09  9.971E-11  5.209E-08  1.970E-07
                2.426E-08  2.456E-08  1.367E-07  4.492E-07  7.390E-07  1.415E-06
                5.302E-07  2.271E-07  1.893E-08  4.871E-08  1.009E-07  2.543E-08
                6.942E-08  1.128E-08  2.434E-07  6.624E-07  1.176E-07  3.647E-08
                7.547E-07  3.321E-06  4.039E-11  2.517E-10  5.242E-10  4.567E-10
                8.850E-11  2.106E-08  1.349E-07  2.979E-07  8.723E-08  1.875E-08
                3.145E-07  9.506E-07  2.671E-07  1.540E-06  6.235E-09  3.222E-08
                7.339E-08  1.541E-07  4.816E-08  1.425E-08  3.044E-08  8.105E-08
                1.159E-08  1.829E-07  9.896E-07  2.689E-07  6.158E-07  8.551E-09
                7.469E-06  2.158E-07  1.721E-07  1.220E-07  7.090E-09  4.464E-08
                1.150E-07  1.130E-07  1.736E-06  1.284E-07  1.459E-07  7.209E-07
                9.964E-08  4.097E-08  7.366E-07  4.583E-06  2.109E-07  5.562E-07
                3.697E-07  1.432E-08  3.376E-08  6.147E-08  6.809E-08  8.940E-09
                2.839E-08  7.124E-08  1.710E-07  5.164E-08  1.104E-08  7.391E-08
                3.417E-07  1.481E-06  3.226E-08  3.672E-08  1.398E-07  3.438E-07
                6.418E-08  1.575E-06  6.810E-07  7.843E-08  1.197E-07  1.756E-08
                9.161E-07  1.102E-07  1.769E-08  1.560E-07  5.617E-08  3.927E-08
                1.717E-07  1.534E-07  4.744E-07  2.579E-06  4.383E-08  5.164E-08
                2.528E-08  8.639E-09  4.934E-08  2.889E-08  4.878E-08  2.411E-07
                9.992E-08  3.763E-08  1.482E-07  4.482E-07  1.209E-06  7.477E-08
                1.084E-07  6.405E-08  4.881E-08  7.138E-08  1.006E-07  3.533E-08
                2.597E-08  4.373E-08  1.181E-06  9.950E-08  3.043E-07  4.118E-06
                3.116E-08  1.057E-08  6.607E-08  1.872E-07  4.454E-07  5.420E-08
                8.078E-08  9.915E-08  3.994E-09  1.249E-08  2.122E-08  1.472E-08
                5.730E-07  1.742E-07  2.721E-07  1.565E-07  1.026E-06  6.123E-09
                1.148E-08  9.061E-08  1.281E-08  1.062E-06  9.275E-08
2.01512499E+02  8.085E-04  2.596E-04  8.448E-04  7.153E-05  3.526E-04  3.067E-03
                3.588E-04  3.040E-07  2.914E-05  9.722E-06  2.665E-07  1.697E-03
                4.241E-07  2.333E-05  3.386E-06  1.050E-07  1.954E-07  4.597E-07
                1.112E-07  5.149E-07  2.225E-07  2.410E-08  3.215E-07  9.791E-08
                1.888E-07  2.256E-07  2.003E-07  9.775E-08  3.223E-07  3.446E-07
                2.117E-07  4.017E-08  1.105E-06  3.933E-07  3.369E-08  2.691E-07
                1.487E-10  1.566E-08  9.104E-08  4.107E-07  1.110E-06  5.905E-08
                4.874E-07  5.362E-08  6.084E-08  5.936E-08  5.556E-08  1.094E-06
                2.635E-06  7.022E-09  2.043E-07  3.701E-07  1.267E-08  1.387E-08
                2.235E-07  6.604E-08  1.005E-07  2.185E-06  5.127E-07  1.912E-07
                1.232E-07  5.572E-10  2.088E-09  7.439E-11  3.875E-08  1.217E-07
                1.940E-08  1.774E-08  1.069E-07  3.555E-07  5.811E-07  1.026E-06
                3.786E-07  1.534E-07  1.708E-08  3.728E-08  7.327E-08  1.438E-08
                5.869E-08  8.579E-09  2.078E-07  5.727E-07  8.272E-08  2.769E-08
                6.130E-07  2.725E-06  3.006E-11  1.907E-10  4.071E-10  3.635E-10
                4.914E-11  1.820E-08  1.217E-07  2.504E-07  7.898E-08  2.335E-08
                2.431E-07  6.974E-07  2.220E-07  1.246E-06  5.196E-09  2.865E-08
                5.985E-08  1.272E-07  5.682E-08  1.532E-08  2.555E-08  6.820E-08
                9.578E-09  1.565E-07  7.205E-07  1.949E-07  4.368E-07  5.685E-09
                5.246E-06  1.874E-07  1.214E-07  9.488E-08  5.602E-09  3.448E-08
                8.930E-08  9.021E-08  1.518E-06  9.733E-08  1.133E-07  5.315E-07
                7.856E-08  2.829E-08  5.261E-07  3.278E-06  1.531E-07  4.064E-07
                3.423E-07  8.312E-09  1.992E-08  3.689E-08  3.916E-08  5.612E-09
                1.685E-08  4.135E-08  9.898E-08  4.562E-08  7.582E-09  5.479E-08
                2.583E-07  1.127E-06  1.838E-08  3.664E-08  1.288E-07  2.512E-07
                4.929E-08  1.206E-06  5.216E-07  5.966E-08  8.689E-08  1.227E-08
                7.283E-07  7.031E-08  1.239E-08  1.124E-07  4.745E-08  3.353E-08
                1.515E-07  1.286E-07  3.681E-07  1.927E-06  2.602E-08  3.434E-08
                1.628E-08  5.251E-09  3.900E-08  2.167E-08  3.666E-08  1.897E-07
                7.692E-08  2.480E-08  1.066E-07  3.365E-07  9.274E-07  5.374E-08
                8.479E-08  4.886E-08  3.681E-08  5.906E-08  8.880E-08  2.351E-08
                2.139E-08  2.939E-08  8.312E-07  8.455E-08  2.193E-07  2.858E-06
                2.511E-08  8.421E-09  4.556E-08  1.367E-07  3.290E-07  3.803E-08
                5.430E-08  6.926E-08  5.680E-09  2.200E-08  1.552E-08  1.098E-08
                4.393E-07  1.322E-07  2.015E-07  1.148E-07  7.687E-07  4.758E-09
                1.001E-08  6.953E-08  9.393E-09  7.965E-07  7.093E-08
