3.75360995E+01  3.017E-03
3.78762995E+01  2.987E-03
3.82164995E+01  2.947E-03
3.85566995E+01  2.822E-03
3.88968995E+01  2.852E-03
3.92370995E+01  2.734E-03
3.95772995E+01  2.810E-03
3.99174995E+01  2.715E-03
4.02576995E+01  2.639E-03
4.05978995E+01  2.627E-03
4.09380995E+01  2.682E-03
4.12782995E+01  2.487E-03
4.16184995E+01  1.815E-03
4.19586995E+01  2.289E-03
4.22988995E+01  2.390E-03
4.26390995E+01  2.217E-03
4.29792995E+01  2.351E-03
4.33194995E+01  2.223E-03
4.36596995E+01  2.165E-03
4.39998995E+01  1.800E-03
4.43400995E+01  1.983E-03
4.46802995E+01  2.258E-03
4.50204995E+01  2.065E-03
4.53606995E+01  2.123E-03
4.57008995E+01  2.115E-03
4.60410995E+01  1.927E-03
4.63812995E+01  2.441E-03
4.67214995E+01  2.485E-03
4.70616995E+01  3.052E-03
4.74018995E+01  1.908E-03
4.77420995E+01  1.815E-03
4.80822995E+01  1.700E-03
4.84224995E+01  1.960E-03
4.87626995E+01  1.803E-03
4.91028995E+01  1.686E-03
4.94430995E+01  1.577E-03
4.97832995E+01  1.652E-03
5.01234995E+01  1.639E-03
5.04636995E+01  1.493E-03
5.08038995E+01  1.609E-03
5.11440995E+01  1.559E-03
5.14842995E+01  1.513E-03
5.18244995E+01  1.508E-03
5.21646995E+01  1.463E-03
5.25048995E+01  1.434E-03
5.28450995E+01  1.404E-03
5.31852995E+01  1.399E-03
5.35254995E+01  1.374E-03
5.38656995E+01  1.351E-03
5.42058995E+01  1.340E-03
5.45460995E+01  1.312E-03
5.48862995E+01  1.293E-03
5.52264995E+01  1.274E-03
5.55666995E+01  1.255E-03
5.59068995E+01  1.237E-03
5.62470995E+01  1.219E-03
5.65872995E+01  1.201E-03
5.69274995E+01  1.183E-03
5.72676995E+01  1.165E-03
5.76078995E+01  1.148E-03
5.79480995E+01  1.131E-03
5.82882995E+01  1.113E-03
5.86284995E+01  1.097E-03
5.89686995E+01  1.080E-03
5.93088995E+01  1.063E-03
5.96490995E+01  1.047E-03
5.99892995E+01  1.031E-03
6.03294995E+01  1.016E-03
6.06696995E+01  1.000E-03
6.10098995E+01  9.850E-04
6.13500995E+01  9.697E-04
6.16902995E+01  9.555E-04
6.20304995E+01  9.413E-04
6.23706995E+01  9.268E-04
6.27108995E+01  9.137E-04
6.30510995E+01  9.003E-04
6.33912995E+01  8.871E-04
6.37314995E+01  8.742E-04
6.40716995E+01  8.614E-04
6.44118995E+01  8.481E-04
6.47520995E+01  8.367E-04
6.50922995E+01  8.241E-04
6.54324995E+01  8.123E-04
6.57726995E+01  8.008E-04
6.61128995E+01  7.891E-04
6.64530995E+01  7.776E-04
6.67932995E+01  7.665E-04
6.71334995E+01  7.560E-04
6.74736995E+01  7.452E-04
6.78138995E+01  7.341E-04
6.81540995E+01  7.247E-04
6.84942995E+01  7.147E-04
6.88344995E+01  7.054E-04
6.91746995E+01  6.955E-04
6.95148995E+01  6.866E-04
6.98550995E+01  6.776E-04
7.01952995E+01  6.685E-04
7.05354995E+01  6.604E-04
7.08756995E+01  6.521E-04
7.12158995E+01  6.440E-04
7.15560995E+01  6.361E-04
7.18962995E+01  6.283E-04
7.22364995E+01  6.206E-04
7.25766995E+01  6.131E-04
7.29168995E+01  6.057E-04
7.32570995E+01  5.983E-04
7.35972995E+01  5.911E-04
7.39374995E+01  5.839E-04
7.42776995E+01  5.768E-04
7.46178995E+01  5.697E-04
7.49580995E+01  5.627E-04
7.52982995E+01  5.558E-04
7.56384995E+01  5.489E-04
7.59786995E+01  5.421E-04
7.63188995E+01  5.354E-04
7.66590995E+01  5.287E-04
7.69992995E+01  5.221E-04
7.73394995E+01  5.155E-04
7.76796995E+01  5.090E-04
7.80198995E+01  5.026E-04
7.83600995E+01  4.963E-04
7.87002995E+01  4.900E-04
7.90404995E+01  4.839E-04
7.93806995E+01  4.778E-04
7.97208995E+01  4.718E-04
8.00610995E+01  4.659E-04
8.04012995E+01  4.601E-04
8.07414995E+01  4.543E-04
8.10816995E+01  4.486E-04
8.14218995E+01  4.431E-04
8.17620995E+01  4.375E-04
8.21022995E+01  4.321E-04
8.24424995E+01  4.267E-04
8.27826995E+01  4.215E-04
8.31228995E+01  4.163E-04
8.34630995E+01  4.111E-04
8.38032995E+01  4.061E-04
8.41434995E+01  4.011E-04
8.44836995E+01  3.962E-04
8.48238995E+01  3.914E-04
8.51640995E+01  3.866E-04
8.55042995E+01  3.819E-04
8.58444995E+01  3.774E-04
8.61846995E+01  3.729E-04
8.65248995E+01  3.685E-04
8.68650995E+01  3.642E-04
8.72052995E+01  3.600E-04
8.75454995E+01  3.559E-04
8.78856995E+01  3.518E-04
8.82258995E+01  3.479E-04
8.85660995E+01  3.441E-04
8.89062995E+01  3.403E-04
8.92464995E+01  3.367E-04
8.95866995E+01  3.331E-04
8.99268995E+01  3.296E-04
9.02670995E+01  3.262E-04
9.06072995E+01  3.229E-04
9.09474995E+01  3.197E-04
9.12876995E+01  3.165E-04
9.16278995E+01  3.134E-04
9.19680995E+01  3.103E-04
9.23082995E+01  3.073E-04
9.26484995E+01  3.044E-04
9.29886995E+01  3.015E-04
9.33288995E+01  2.986E-04
9.36690995E+01  2.958E-04
9.40092995E+01  2.930E-04
9.43494995E+01  2.902E-04
9.46896995E+01  2.874E-04
9.50298995E+01  2.847E-04
9.53700995E+01  2.820E-04
9.57102995E+01  2.793E-04
9.60504995E+01  2.766E-04
9.63906995E+01  2.739E-04
9.67308995E+01  2.712E-04
9.70710995E+01  2.685E-04
9.74112995E+01  2.659E-04
9.77514995E+01  2.632E-04
9.80916995E+01  2.606E-04
9.84318995E+01  2.580E-04
9.87720995E+01  2.554E-04
9.91122995E+01  2.528E-04
9.94524995E+01  2.502E-04
9.97926995E+01  2.476E-04
1.00132899E+02  2.450E-04
1.00473099E+02  2.425E-04
1.00813299E+02  2.400E-04
1.01153499E+02  2.375E-04
1.01493699E+02  2.350E-04
1.01833899E+02  2.325E-04
1.02174099E+02  2.300E-04
1.02514299E+02  2.276E-04
1.02854499E+02  2.252E-04
1.03194699E+02  2.228E-04
1.03534899E+02  2.204E-04
1.03875099E+02  2.181E-04
1.04215299E+02  2.157E-04
1.04555499E+02  2.134E-04
1.04895699E+02  2.111E-04
1.05235899E+02  2.089E-04
1.05576099E+02  2.067E-04
1.05916299E+02  2.044E-04
1.06256499E+02  2.023E-04
1.06596699E+02  2.001E-04
1.06936899E+02  1.980E-04
1.07277099E+02  1.959E-04
1.07617299E+02  1.938E-04
1.07957499E+02  1.918E-04
1.08297699E+02  1.898E-04
1.08637899E+02  1.879E-04
1.08978099E+02  1.859E-04
1.09318299E+02  1.840E-04
1.09658499E+02  1.822E-04
1.09998699E+02  1.804E-04
1.10338899E+02  1.786E-04
1.10679099E+02  1.769E-04
1.11019299E+02  1.752E-04
1.11359499E+02  1.735E-04
1.11699699E+02  1.719E-04
1.12039899E+02  1.704E-04
1.12380099E+02  1.688E-04
1.12720299E+02  1.674E-04
1.13060499E+02  1.659E-04
1.13400699E+02  1.645E-04
1.13740899E+02  1.631E-04
1.14081099E+02  1.618E-04
1.14421299E+02  1.605E-04
1.14761499E+02  1.592E-04
1.15101699E+02  1.580E-04
1.15441899E+02  1.567E-04
1.15782099E+02  1.556E-04
1.16122299E+02  1.544E-04
1.16462499E+02  1.533E-04
1.16802699E+02  1.521E-04
1.17142899E+02  1.510E-04
1.17483099E+02  1.500E-04
1.17823299E+02  1.489E-04
1.18163499E+02  1.478E-04
1.18503699E+02  1.468E-04
1.18843899E+02  1.457E-04
1.19184099E+02  1.447E-04
1.19524299E+02  1.437E-04
1.19864499E+02  1.427E-04
1.20204699E+02  1.416E-04
1.20544899E+02  1.406E-04
1.20885099E+02  1.396E-04
1.21225299E+02  1.386E-04
1.21565499E+02  1.375E-04
1.21905699E+02  1.365E-04
1.22245899E+02  1.355E-04
1.22586099E+02  1.344E-04
1.22926299E+02  1.334E-04
1.23266499E+02  1.323E-04
1.23606699E+02  1.313E-04
1.23946899E+02  1.302E-04
1.24287099E+02  1.291E-04
1.24627299E+02  1.281E-04
1.24967499E+02  1.270E-04
1.25307699E+02  1.259E-04
1.25647899E+02  1.248E-04
1.25988099E+02  1.238E-04
1.26328299E+02  1.227E-04
1.26668499E+02  1.216E-04
1.27008699E+02  1.205E-04
1.27348899E+02  1.194E-04
1.27689099E+02  1.183E-04
1.28029299E+02  1.172E-04
1.28369499E+02  1.161E-04
1.28709699E+02  1.150E-04
1.29049899E+02  1.139E-04
1.29390099E+02  1.129E-04
1.29730299E+02  1.118E-04
1.30070499E+02  1.107E-04
1.30410699E+02  1.096E-04
1.30750899E+02  1.086E-04
1.31091099E+02  1.075E-04
1.31431299E+02  1.064E-04
1.31771499E+02  1.054E-04
1.32111699E+02  1.044E-04
1.32451899E+02  1.033E-04
1.32792099E+02  1.023E-04
1.33132299E+02  1.013E-04
1.33472499E+02  1.003E-04
1.33812699E+02  9.934E-05
1.34152899E+02  9.838E-05
1.34493099E+02  9.742E-05
1.34833299E+02  9.649E-05
1.35173499E+02  9.557E-05
1.35513699E+02  9.466E-05
1.35853899E+02  9.378E-05
1.36194099E+02  9.291E-05
1.36534299E+02  9.206E-05
1.36874499E+02  9.123E-05
1.37214699E+02  9.042E-05
1.37554899E+02  8.963E-05
1.37895099E+02  8.887E-05
1.38235299E+02  8.812E-05
1.38575499E+02  8.739E-05
1.38915699E+02  8.669E-05
1.39255899E+02  8.600E-05
1.39596099E+02  8.534E-05
1.39936299E+02  8.470E-05
1.40276499E+02  8.408E-05
1.40616699E+02  8.348E-05
1.40956899E+02  8.291E-05
1.41297099E+02  8.235E-05
1.41637299E+02  8.181E-05
1.41977499E+02  8.129E-05
1.42317699E+02  8.079E-05
1.42657899E+02  8.030E-05
1.42998099E+02  7.983E-05
1.43338299E+02  7.938E-05
1.43678499E+02  7.894E-05
1.44018699E+02  7.852E-05
1.44358899E+02  7.811E-05
1.44699099E+02  7.771E-05
1.45039299E+02  7.732E-05
1.45379499E+02  7.694E-05
1.45719699E+02  7.657E-05
1.46059899E+02  7.620E-05
1.46400099E+02  7.584E-05
1.46740299E+02  7.549E-05
1.47080499E+02  7.514E-05
1.47420699E+02  7.479E-05
1.47760899E+02  7.444E-05
1.48101099E+02  7.409E-05
1.48441299E+02  7.375E-05
1.48781499E+02  7.340E-05
1.49121699E+02  7.305E-05
1.49461899E+02  7.269E-05
1.49802099E+02  7.233E-05
1.50142299E+02  7.196E-05
1.50482499E+02  7.159E-05
1.50822699E+02  7.121E-05
1.51162899E+02  7.083E-05
1.51503099E+02  7.044E-05
1.51843299E+02  7.004E-05
1.52183499E+02  6.963E-05
1.52523699E+02  6.921E-05
1.52863899E+02  6.879E-05
1.53204099E+02  6.835E-05
1.53544299E+02  6.791E-05
1.53884499E+02  6.746E-05
1.54224699E+02  6.700E-05
1.54564899E+02  6.653E-05
1.54905099E+02  6.605E-05
1.55245299E+02  6.556E-05
1.55585499E+02  6.507E-05
1.55925699E+02  6.456E-05
1.56265899E+02  6.405E-05
1.56606099E+02  6.353E-05
1.56946299E+02  6.301E-05
1.57286499E+02  6.248E-05
1.57626699E+02  6.194E-05
1.57966899E+02  6.140E-05
1.58307099E+02  6.085E-05
1.58647299E+02  6.030E-05
1.58987499E+02  5.975E-05
1.59327699E+02  5.919E-05
1.59667899E+02  5.863E-05
1.60008099E+02  5.807E-05
1.60348299E+02  5.751E-05
1.60688499E+02  5.695E-05
1.61028699E+02  5.638E-05
1.61368899E+02  5.582E-05
1.61709099E+02  5.526E-05
1.62049299E+02  5.470E-05
1.62389499E+02  5.415E-05
1.62729699E+02  5.360E-05
1.63069899E+02  5.305E-05
1.63410099E+02  5.250E-05
1.63750299E+02  5.197E-05
1.64090499E+02  5.143E-05
1.64430699E+02  5.091E-05
1.64770899E+02  5.039E-05
1.65111099E+02  4.988E-05
1.65451299E+02  4.938E-05
1.65791499E+02  4.889E-05
1.66131699E+02  4.841E-05
1.66471899E+02  4.793E-05
1.66812099E+02  4.747E-05
1.67152299E+02  4.702E-05
1.67492499E+02  4.658E-05
1.67832699E+02  4.616E-05
1.68172899E+02  4.574E-05
1.68513099E+02  4.534E-05
1.68853299E+02  4.495E-05
1.69193499E+02  4.458E-05
1.69533699E+02  4.422E-05
1.69873899E+02  4.387E-05
1.70214099E+02  4.354E-05
1.70554299E+02  4.322E-05
1.70894499E+02  4.292E-05
1.71234699E+02  4.263E-05
1.71574899E+02  4.235E-05
1.71915099E+02  4.209E-05
1.72255299E+02  4.184E-05
1.72595499E+02  4.161E-05
1.72935699E+02  4.139E-05
1.73275899E+02  4.118E-05
1.73616099E+02  4.099E-05
1.73956299E+02  4.081E-05
1.74296499E+02  4.064E-05
1.74636699E+02  4.049E-05
1.74976899E+02  4.034E-05
1.75317099E+02  4.021E-05
1.75657299E+02  4.009E-05
1.75997499E+02  3.997E-05
1.76337699E+02  3.987E-05
1.76677899E+02  3.978E-05
1.77018099E+02  3.969E-05
1.77358299E+02  3.961E-05
1.77698499E+02  3.954E-05
1.78038699E+02  3.948E-05
1.78378899E+02  3.941E-05
1.78719099E+02  3.936E-05
1.79059299E+02  3.930E-05
1.79399499E+02  3.925E-05
1.79739699E+02  3.920E-05
1.80079899E+02  3.916E-05
1.80420099E+02  3.911E-05
1.80760299E+02  3.906E-05
1.81100499E+02  3.901E-05
1.81440699E+02  3.895E-05
1.81780899E+02  3.890E-05
1.82121099E+02  3.884E-05
1.82461299E+02  3.877E-05
1.82801499E+02  3.870E-05
1.83141699E+02  3.863E-05
1.83481899E+02  3.854E-05
1.83822099E+02  3.845E-05
1.84162299E+02  3.835E-05
1.84502499E+02  3.824E-05
1.84842699E+02  3.813E-05
1.85182899E+02  3.800E-05
1.85523099E+02  3.787E-05
1.85863299E+02  3.772E-05
1.86203499E+02  3.756E-05
1.86543699E+02  3.740E-05
1.86883899E+02  3.722E-05
1.87224099E+02  3.703E-05
1.87564299E+02  3.683E-05
1.87904499E+02  3.662E-05
1.88244699E+02  3.639E-05
1.88584899E+02  3.616E-05
1.88925099E+02  3.592E-05
1.89265299E+02  3.566E-05
1.89605499E+02  3.540E-05
1.89945699E+02  3.512E-05
1.90285899E+02  3.484E-05
1.90626099E+02  3.455E-05
1.90966299E+02  3.424E-05
1.91306499E+02  3.393E-05
1.91646699E+02  3.361E-05
1.91986899E+02  3.329E-05
1.92327099E+02  3.296E-05
1.92667299E+02  3.262E-05
1.93007499E+02  3.227E-05
1.93347699E+02  3.192E-05
1.93687899E+02  3.156E-05
1.94028099E+02  3.120E-05
1.94368299E+02  3.084E-05
1.94708499E+02  3.047E-05
1.95048699E+02  3.010E-05
1.95388899E+02  2.973E-05
1.95729099E+02  2.936E-05
1.96069299E+02  2.898E-05
1.96409499E+02  2.861E-05
1.96749699E+02  2.823E-05
1.97089899E+02  2.786E-05
1.97430099E+02  2.749E-05
1.97770299E+02  2.712E-05
1.98110499E+02  2.675E-05
1.98450699E+02  2.639E-05
1.98790899E+02  2.603E-05
1.99131099E+02  2.567E-05
1.99471299E+02  2.532E-05
1.99811499E+02  2.497E-05
2.00151699E+02  2.463E-05
2.00491899E+02  2.430E-05
2.00832099E+02  2.397E-05
2.01172299E+02  2.365E-05
2.01512499E+02  2.333E-05
2.01852699E+02  2.303E-05
2.02192899E+02  2.273E-05
2.02533099E+02  2.245E-05
2.02873299E+02  2.217E-05
2.03213499E+02  2.190E-05
2.03553699E+02  2.164E-05
2.03893899E+02  2.139E-05
2.04234099E+02  2.116E-05
2.04574299E+02  2.093E-05
