2.93712995E+01  2.792E-02
2.97114995E+01  2.730E-02
3.00516995E+01  2.764E-02
3.03918995E+01  1.088E+00
3.07320995E+01  2.520E-02
3.10722995E+01  2.535E-02
3.14124995E+01  2.380E-02
3.17526995E+01  2.257E-02
3.20928995E+01  2.146E-02
3.24330995E+01  2.165E-02
3.27732995E+01  2.107E-02
3.31134995E+01  2.005E-02
3.34536995E+01  1.965E-02
3.37938995E+01  1.676E-02
3.41340995E+01  1.895E-02
3.44742995E+01  1.856E-02
3.48144995E+01  1.817E-02
3.51546995E+01  1.762E-02
3.54948995E+01  1.731E-02
3.58350995E+01  1.686E-02
3.61752995E+01  1.643E-02
3.65154995E+01  1.590E-02
3.68556995E+01  1.602E-02
3.71958995E+01  1.526E-02
3.75360995E+01  1.491E-02
3.78762995E+01  1.421E-02
3.82164995E+01  1.423E-02
3.85566995E+01  1.415E-02
3.88968995E+01  1.385E-02
3.92370995E+01  1.298E-02
3.95772995E+01  1.211E-02
3.99174995E+01  1.241E-02
4.02576995E+01  1.222E-02
4.05978995E+01  1.204E-02
4.09380995E+01  1.162E-02
4.12782995E+01  1.145E-02
4.16184995E+01  1.244E-02
4.19586995E+01  1.035E-02
4.22988995E+01  1.087E-02
4.26390995E+01  1.075E-02
4.29792995E+01  1.071E-02
4.33194995E+01  1.005E-02
4.36596995E+01  1.004E-02
4.39998995E+01  8.613E-03
4.43400995E+01  9.219E-03
4.46802995E+01  9.234E-03
4.50204995E+01  9.287E-03
4.53606995E+01  8.880E-03
4.57008995E+01  8.559E-03
4.60410995E+01  7.680E-03
4.63812995E+01  8.144E-03
4.67214995E+01  8.178E-03
4.70616995E+01  7.173E-03
4.74018995E+01  7.858E-03
4.77420995E+01  7.092E-03
4.80822995E+01  7.284E-03
4.84224995E+01  7.101E-03
4.87626995E+01  7.549E-03
4.91028995E+01  7.023E-03
4.94430995E+01  6.708E-03
4.97832995E+01  6.649E-03
5.01234995E+01  6.522E-03
5.04636995E+01  6.281E-03
5.08038995E+01  6.203E-03
5.11440995E+01  6.221E-03
5.14842995E+01  6.071E-03
5.18244995E+01  6.023E-03
5.21646995E+01  5.844E-03
5.25048995E+01  5.717E-03
5.28450995E+01  5.669E-03
5.31852995E+01  5.525E-03
5.35254995E+01  5.431E-03
5.38656995E+01  5.326E-03
5.42058995E+01  5.262E-03
5.45460995E+01  5.136E-03
5.48862995E+01  5.043E-03
5.52264995E+01  4.954E-03
5.55666995E+01  4.867E-03
5.59068995E+01  4.781E-03
5.62470995E+01  4.698E-03
5.65872995E+01  4.616E-03
5.69274995E+01  4.536E-03
5.72676995E+01  4.457E-03
5.76078995E+01  4.382E-03
5.79480995E+01  4.306E-03
5.82882995E+01  4.232E-03
5.86284995E+01  4.161E-03
5.89686995E+01  4.090E-03
5.93088995E+01  4.021E-03
5.96490995E+01  3.952E-03
5.99892995E+01  3.889E-03
6.03294995E+01  3.827E-03
6.06696995E+01  3.760E-03
6.10098995E+01  3.697E-03
6.13500995E+01  3.640E-03
6.16902995E+01  3.579E-03
6.20304995E+01  3.521E-03
6.23706995E+01  3.467E-03
6.27108995E+01  3.409E-03
6.30510995E+01  3.355E-03
6.33912995E+01  3.301E-03
6.37314995E+01  3.250E-03
6.40716995E+01  3.199E-03
6.44118995E+01  3.149E-03
6.47520995E+01  3.101E-03
6.50922995E+01  3.053E-03
6.54324995E+01  3.006E-03
6.57726995E+01  2.961E-03
6.61128995E+01  2.916E-03
6.64530995E+01  2.872E-03
6.67932995E+01  2.829E-03
6.71334995E+01  2.786E-03
6.74736995E+01  2.745E-03
6.78138995E+01  2.704E-03
6.81540995E+01  2.664E-03
6.84942995E+01  2.625E-03
6.88344995E+01  2.587E-03
6.91746995E+01  2.549E-03
6.95148995E+01  2.512E-03
6.98550995E+01  2.475E-03
7.01952995E+01  2.439E-03
7.05354995E+01  2.404E-03
7.08756995E+01  2.369E-03
7.12158995E+01  2.335E-03
7.15560995E+01  2.302E-03
7.18962995E+01  2.269E-03
7.22364995E+01  2.236E-03
7.25766995E+01  2.205E-03
7.29168995E+01  2.174E-03
7.32570995E+01  2.143E-03
7.35972995E+01  2.113E-03
7.39374995E+01  2.083E-03
7.42776995E+01  2.054E-03
7.46178995E+01  2.025E-03
7.49580995E+01  1.997E-03
7.52982995E+01  1.970E-03
7.56384995E+01  1.942E-03
7.59786995E+01  1.916E-03
7.63188995E+01  1.889E-03
7.66590995E+01  1.864E-03
7.69992995E+01  1.838E-03
7.73394995E+01  1.813E-03
7.76796995E+01  1.789E-03
7.80198995E+01  1.764E-03
7.83600995E+01  1.741E-03
7.87002995E+01  1.717E-03
7.90404995E+01  1.694E-03
7.93806995E+01  1.672E-03
7.97208995E+01  1.649E-03
8.00610995E+01  1.628E-03
8.04012995E+01  1.606E-03
8.07414995E+01  1.585E-03
8.10816995E+01  1.564E-03
8.14218995E+01  1.544E-03
8.17620995E+01  1.524E-03
8.21022995E+01  1.505E-03
8.24424995E+01  1.485E-03
8.27826995E+01  1.467E-03
8.31228995E+01  1.448E-03
8.34630995E+01  1.430E-03
8.38032995E+01  1.412E-03
8.41434995E+01  1.395E-03
8.44836995E+01  1.378E-03
8.48238995E+01  1.361E-03
8.51640995E+01  1.344E-03
8.55042995E+01  1.328E-03
8.58444995E+01  1.312E-03
8.61846995E+01  1.296E-03
8.65248995E+01  1.281E-03
8.68650995E+01  1.266E-03
8.72052995E+01  1.251E-03
8.75454995E+01  1.236E-03
8.78856995E+01  1.222E-03
8.82258995E+01  1.207E-03
8.85660995E+01  1.193E-03
8.89062995E+01  1.180E-03
8.92464995E+01  1.166E-03
8.95866995E+01  1.152E-03
8.99268995E+01  1.139E-03
9.02670995E+01  1.126E-03
9.06072995E+01  1.113E-03
9.09474995E+01  1.100E-03
9.12876995E+01  1.087E-03
9.16278995E+01  1.075E-03
9.19680995E+01  1.063E-03
9.23082995E+01  1.050E-03
9.26484995E+01  1.038E-03
9.29886995E+01  1.027E-03
9.33288995E+01  1.015E-03
9.36690995E+01  1.003E-03
9.40092995E+01  9.918E-04
9.43494995E+01  9.805E-04
9.46896995E+01  9.693E-04
9.50298995E+01  9.583E-04
9.53700995E+01  9.474E-04
9.57102995E+01  9.366E-04
9.60504995E+01  9.260E-04
9.63906995E+01  9.155E-04
9.67308995E+01  9.051E-04
9.70710995E+01  8.949E-04
9.74112995E+01  8.848E-04
9.77514995E+01  8.748E-04
9.80916995E+01  8.649E-04
9.84318995E+01  8.552E-04
9.87720995E+01  8.456E-04
9.91122995E+01  8.361E-04
9.94524995E+01  8.267E-04
9.97926995E+01  8.175E-04
1.00132899E+02  8.084E-04
1.00473099E+02  7.994E-04
1.00813299E+02  7.905E-04
1.01153499E+02  7.817E-04
1.01493699E+02  7.731E-04
1.01833899E+02  7.646E-04
1.02174099E+02  7.562E-04
1.02514299E+02  7.479E-04
1.02854499E+02  7.398E-04
1.03194699E+02  7.318E-04
1.03534899E+02  7.239E-04
1.03875099E+02  7.161E-04
1.04215299E+02  7.085E-04
1.04555499E+02  7.010E-04
1.04895699E+02  6.936E-04
1.05235899E+02  6.863E-04
1.05576099E+02  6.792E-04
1.05916299E+02  6.722E-04
1.06256499E+02  6.653E-04
1.06596699E+02  6.586E-04
1.06936899E+02  6.519E-04
1.07277099E+02  6.454E-04
1.07617299E+02  6.390E-04
1.07957499E+02  6.327E-04
1.08297699E+02  6.266E-04
1.08637899E+02  6.205E-04
1.08978099E+02  6.145E-04
1.09318299E+02  6.086E-04
1.09658499E+02  6.029E-04
1.09998699E+02  5.972E-04
1.10338899E+02  5.916E-04
1.10679099E+02  5.861E-04
1.11019299E+02  5.806E-04
1.11359499E+02  5.753E-04
1.11699699E+02  5.700E-04
1.12039899E+02  5.648E-04
1.12380099E+02  5.596E-04
1.12720299E+02  5.545E-04
1.13060499E+02  5.495E-04
1.13400699E+02  5.445E-04
1.13740899E+02  5.396E-04
1.14081099E+02  5.347E-04
1.14421299E+02  5.299E-04
1.14761499E+02  5.251E-04
1.15101699E+02  5.203E-04
1.15441899E+02  5.156E-04
1.15782099E+02  5.109E-04
1.16122299E+02  5.063E-04
1.16462499E+02  5.017E-04
1.16802699E+02  4.971E-04
1.17142899E+02  4.925E-04
1.17483099E+02  4.880E-04
1.17823299E+02  4.835E-04
1.18163499E+02  4.791E-04
1.18503699E+02  4.747E-04
1.18843899E+02  4.703E-04
1.19184099E+02  4.659E-04
1.19524299E+02  4.616E-04
1.19864499E+02  4.573E-04
1.20204699E+02  4.530E-04
1.20544899E+02  4.487E-04
1.20885099E+02  4.445E-04
1.21225299E+02  4.403E-04
1.21565499E+02  4.362E-04
1.21905699E+02  4.320E-04
1.22245899E+02  4.279E-04
1.22586099E+02  4.239E-04
1.22926299E+02  4.198E-04
1.23266499E+02  4.158E-04
1.23606699E+02  4.119E-04
1.23946899E+02  4.079E-04
1.24287099E+02  4.040E-04
1.24627299E+02  4.002E-04
1.24967499E+02  3.963E-04
1.25307699E+02  3.925E-04
1.25647899E+02  3.888E-04
1.25988099E+02  3.850E-04
1.26328299E+02  3.814E-04
1.26668499E+02  3.777E-04
1.27008699E+02  3.741E-04
1.27348899E+02  3.705E-04
1.27689099E+02  3.670E-04
1.28029299E+02  3.635E-04
1.28369499E+02  3.601E-04
1.28709699E+02  3.567E-04
1.29049899E+02  3.534E-04
1.29390099E+02  3.501E-04
1.29730299E+02  3.468E-04
1.30070499E+02  3.436E-04
1.30410699E+02  3.405E-04
1.30750899E+02  3.374E-04
1.31091099E+02  3.343E-04
1.31431299E+02  3.313E-04
1.31771499E+02  3.284E-04
1.32111699E+02  3.255E-04
1.32451899E+02  3.227E-04
1.32792099E+02  3.199E-04
1.33132299E+02  3.172E-04
1.33472499E+02  3.145E-04
1.33812699E+02  3.119E-04
1.34152899E+02  3.093E-04
1.34493099E+02  3.068E-04
1.34833299E+02  3.043E-04
1.35173499E+02  3.019E-04
1.35513699E+02  2.995E-04
1.35853899E+02  2.972E-04
1.36194099E+02  2.949E-04
1.36534299E+02  2.927E-04
1.36874499E+02  2.905E-04
1.37214699E+02  2.884E-04
1.37554899E+02  2.863E-04
1.37895099E+02  2.842E-04
1.38235299E+02  2.822E-04
1.38575499E+02  2.802E-04
1.38915699E+02  2.783E-04
1.39255899E+02  2.763E-04
1.39596099E+02  2.744E-04
1.39936299E+02  2.725E-04
1.40276499E+02  2.707E-04
1.40616699E+02  2.689E-04
1.40956899E+02  2.670E-04
1.41297099E+02  2.652E-04
1.41637299E+02  2.635E-04
1.41977499E+02  2.617E-04
1.42317699E+02  2.599E-04
1.42657899E+02  2.582E-04
1.42998099E+02  2.564E-04
1.43338299E+02  2.547E-04
1.43678499E+02  2.529E-04
1.44018699E+02  2.512E-04
1.44358899E+02  2.495E-04
1.44699099E+02  2.477E-04
1.45039299E+02  2.460E-04
1.45379499E+02  2.442E-04
1.45719699E+02  2.425E-04
1.46059899E+02  2.408E-04
1.46400099E+02  2.390E-04
1.46740299E+02  2.373E-04
1.47080499E+02  2.355E-04
1.47420699E+02  2.338E-04
1.47760899E+02  2.320E-04
1.48101099E+02  2.303E-04
1.48441299E+02  2.285E-04
1.48781499E+02  2.267E-04
1.49121699E+02  2.249E-04
1.49461899E+02  2.232E-04
1.49802099E+02  2.214E-04
1.50142299E+02  2.196E-04
1.50482499E+02  2.178E-04
1.50822699E+02  2.161E-04
1.51162899E+02  2.143E-04
1.51503099E+02  2.125E-04
1.51843299E+02  2.107E-04
1.52183499E+02  2.090E-04
1.52523699E+02  2.072E-04
1.52863899E+02  2.054E-04
1.53204099E+02  2.037E-04
1.53544299E+02  2.019E-04
1.53884499E+02  2.001E-04
1.54224699E+02  1.984E-04
1.54564899E+02  1.967E-04
1.54905099E+02  1.949E-04
1.55245299E+02  1.932E-04
1.55585499E+02  1.915E-04
1.55925699E+02  1.898E-04
1.56265899E+02  1.881E-04
1.56606099E+02  1.864E-04
1.56946299E+02  1.848E-04
1.57286499E+02  1.831E-04
1.57626699E+02  1.815E-04
1.57966899E+02  1.799E-04
1.58307099E+02  1.783E-04
1.58647299E+02  1.767E-04
1.58987499E+02  1.752E-04
1.59327699E+02  1.736E-04
1.59667899E+02  1.721E-04
1.60008099E+02  1.706E-04
1.60348299E+02  1.692E-04
1.60688499E+02  1.677E-04
1.61028699E+02  1.663E-04
1.61368899E+02  1.649E-04
1.61709099E+02  1.635E-04
1.62049299E+02  1.622E-04
1.62389499E+02  1.609E-04
1.62729699E+02  1.596E-04
1.63069899E+02  1.584E-04
1.63410099E+02  1.572E-04
1.63750299E+02  1.560E-04
1.64090499E+02  1.548E-04
1.64430699E+02  1.537E-04
1.64770899E+02  1.526E-04
1.65111099E+02  1.516E-04
1.65451299E+02  1.505E-04
1.65791499E+02  1.496E-04
1.66131699E+02  1.486E-04
1.66471899E+02  1.477E-04
1.66812099E+02  1.468E-04
1.67152299E+02  1.459E-04
1.67492499E+02  1.450E-04
1.67832699E+02  1.442E-04
1.68172899E+02  1.435E-04
1.68513099E+02  1.427E-04
1.68853299E+02  1.420E-04
1.69193499E+02  1.413E-04
1.69533699E+02  1.406E-04
1.69873899E+02  1.399E-04
1.70214099E+02  1.393E-04
1.70554299E+02  1.387E-04
1.70894499E+02  1.381E-04
1.71234699E+02  1.375E-04
1.71574899E+02  1.369E-04
1.71915099E+02  1.363E-04
1.72255299E+02  1.358E-04
1.72595499E+02  1.352E-04
1.72935699E+02  1.347E-04
1.73275899E+02  1.342E-04
1.73616099E+02  1.337E-04
1.73956299E+02  1.331E-04
1.74296499E+02  1.326E-04
1.74636699E+02  1.321E-04
1.74976899E+02  1.316E-04
1.75317099E+02  1.310E-04
1.75657299E+02  1.305E-04
1.75997499E+02  1.300E-04
1.76337699E+02  1.294E-04
1.76677899E+02  1.288E-04
1.77018099E+02  1.283E-04
1.77358299E+02  1.277E-04
1.77698499E+02  1.271E-04
1.78038699E+02  1.265E-04
1.78378899E+02  1.258E-04
1.78719099E+02  1.252E-04
1.79059299E+02  1.245E-04
1.79399499E+02  1.239E-04
1.79739699E+02  1.232E-04
1.80079899E+02  1.225E-04
1.80420099E+02  1.218E-04
1.80760299E+02  1.210E-04
1.81100499E+02  1.203E-04
1.81440699E+02  1.195E-04
1.81780899E+02  1.187E-04
1.82121099E+02  1.179E-04
1.82461299E+02  1.171E-04
1.82801499E+02  1.162E-04
1.83141699E+02  1.154E-04
1.83481899E+02  1.145E-04
1.83822099E+02  1.137E-04
1.84162299E+02  1.128E-04
1.84502499E+02  1.119E-04
1.84842699E+02  1.110E-04
1.85182899E+02  1.101E-04
1.85523099E+02  1.091E-04
1.85863299E+02  1.082E-04
1.86203499E+02  1.073E-04
1.86543699E+02  1.063E-04
1.86883899E+02  1.054E-04
1.87224099E+02  1.044E-04
1.87564299E+02  1.034E-04
1.87904499E+02  1.025E-04
1.88244699E+02  1.015E-04
1.88584899E+02  1.005E-04
1.88925099E+02  9.955E-05
1.89265299E+02  9.858E-05
1.89605499E+02  9.760E-05
1.89945699E+02  9.663E-05
1.90285899E+02  9.566E-05
1.90626099E+02  9.470E-05
1.90966299E+02  9.374E-05
1.91306499E+02  9.278E-05
1.91646699E+02  9.183E-05
1.91986899E+02  9.089E-05
1.92327099E+02  8.995E-05
1.92667299E+02  8.903E-05
1.93007499E+02  8.811E-05
1.93347699E+02  8.721E-05
1.93687899E+02  8.632E-05
1.94028099E+02  8.544E-05
1.94368299E+02  8.457E-05
1.94708499E+02  8.372E-05
1.95048699E+02  8.289E-05
1.95388899E+02  8.208E-05
1.95729099E+02  8.128E-05
1.96069299E+02  8.051E-05
1.96409499E+02  7.975E-05
1.96749699E+02  7.902E-05
1.97089899E+02  7.831E-05
1.97430099E+02  7.762E-05
1.97770299E+02  7.696E-05
1.98110499E+02  7.632E-05
1.98450699E+02  7.571E-05
1.98790899E+02  7.513E-05
1.99131099E+02  7.458E-05
1.99471299E+02  7.405E-05
1.99811499E+02  7.356E-05
2.00151699E+02  7.309E-05
2.00491899E+02  7.265E-05
2.00832099E+02  7.225E-05
2.01172299E+02  7.187E-05
2.01512499E+02  7.153E-05
2.01852699E+02  7.122E-05
2.02192899E+02  7.094E-05
2.02533099E+02  7.069E-05
2.02873299E+02  7.048E-05
2.03213499E+02  7.029E-05
2.03553699E+02  7.014E-05
2.03893899E+02  7.002E-05
2.04234099E+02  6.993E-05
2.04574299E+02  6.986E-05
