          16           7
         215          13           1           1
           0          -4           0          -4           0          -6           0          -2           0          -4           0           6           0           4           0           2           0           4           0           6           0           2           0           4           0           2           0          -4           0          -2           0           2           0           4           0           6           0           2           0           4           0           6           0           4           0          -2           0          -2           0          -4           0          -6           0          -8           0          -2           0          -4           0          -6           0          -4           0           2           0          -4           0          -6           0          -2           0          -4           0          -6           0          -6           0          -8           0          -4           0          -6           0          -2           0          -4           0           4           0           6           0           8           0          10           0           4           0          -4           0           2           0           6           0           4           0           8           0           2           0          -4           0          -2           0           6           0           6           0           4           0           2           0           8           0           4           0           6           0           8           0           4           0           6           0           8           0          10           0           4           0           6           0           8           0           6           0           4           0           2           0           6           0           2           0           4           0           2           0          -4           0          -2           0          -6           0          -8           0           6           0           4           0          -4           0          -6           0          -2           0          -4           0          -6           0          -8           0         -10           0          -2           0          -4           0          -6           0          -4           0          -2           0          -6           0          -8           0          -2           0          -4           0           2           0           4           0           6           0           8           0           4           0           4           0           6           0           8           0           2           0          10           0           8           0           6           0           4           0           2           0           6           0           6           0           4           0           4           0           2           0           4           0           6           0           8           0          -4           0           2           0           4           0          -6           0          -4           0           2           0           4           0           6           0           4           0           6           0          -2           0          -4           0          -6           0          -8           0         -10           0          -6           0          -8           0         -10           0         -12           0           2           0          -2           0          -4           0          -6           0          -8           0          -2           0          -8           0         -10           0          -4           0          -2           0          -6           0          -4           0          -2           0          -4           0          -2           0          -4           0          -6           0          -4           0          -8           0          -6           0           2           0           4           0           2           0           4           0           6           0         -10           0          -8           0          -6           0          -4           0           6           0          -2           0          -4           0           8           0          -6           0          -2           0          -4           0          -6           0          -8           0           4           0           6           0          -4           0          -6           0          -6           0          -8           0          -2           0           2           0          -4           0           4           0           6           0           4           0           4           0           2           0           2           0          -4           0          -6           0          -8           0          -2           0          -4           0          -6           0          -8           0         -10           0          -8           0          -6           0          -4           0          -2           0          -2           0          -4           0          -6           0          -6           0          -8           0          -4           0          -2           0          -6           0          -4
    0.000000E+00    9.645106E-03    9.843162E-03    1.435602E-02    1.458263E-02
    4.247197E-02    4.320385E-02    4.360158E-02    5.944295E-02    5.948713E-02
    6.922989E-02    7.316769E-02    7.411300E-02    1.134727E-01    1.147319E-01
    2.354040E-01    2.358931E-01    2.366026E-01    2.382857E-01    2.391328E-01
    2.438023E-01    2.438287E-01    2.461520E-01    2.471700E-01    2.474363E-01
    2.479076E-01    2.485433E-01    2.486026E-01    2.487216E-01    2.491410E-01
    2.502551E-01    2.507374E-01    2.510783E-01    2.511300E-01    2.524691E-01
    2.524772E-01    2.554279E-01    2.561102E-01    2.563381E-01    2.591442E-01
    2.591854E-01    2.609226E-01    2.615363E-01    2.619649E-01    2.622131E-01
    2.625883E-01    2.631076E-01    2.632646E-01    2.633261E-01    2.634365E-01
    2.637297E-01    2.638533E-01    2.640096E-01    2.643758E-01    2.644930E-01
    2.645338E-01    2.648466E-01    2.652759E-01    2.655531E-01    2.656939E-01
    2.657640E-01    2.676748E-01    2.677713E-01    2.679166E-01    2.688115E-01
    2.690337E-01    2.711118E-01    2.712141E-01    2.720014E-01    2.721113E-01
    2.724223E-01    2.724984E-01    2.725578E-01    2.726085E-01    2.727219E-01
    2.737570E-01    2.740430E-01    2.746587E-01    2.763855E-01    2.763956E-01
    2.763957E-01    2.764682E-01    2.789238E-01    2.791446E-01    2.808157E-01
    2.808428E-01    2.816082E-01    2.816156E-01    2.816277E-01    2.816445E-01
    2.816660E-01    2.832213E-01    2.832636E-01    2.833497E-01    2.872720E-01
    2.872722E-01    2.872783E-01    2.873017E-01    2.873787E-01    2.874354E-01
    2.875828E-01    2.876419E-01    2.877951E-01    2.879672E-01    2.884374E-01
    2.885530E-01    2.886000E-01    2.886971E-01    2.887362E-01    2.888178E-01
    2.901974E-01    2.902310E-01    2.934227E-01    2.936053E-01    2.936679E-01
    2.948139E-01    2.948751E-01    2.949134E-01    2.954910E-01    2.955387E-01
    2.955818E-01    2.956302E-01    2.974080E-01    2.974265E-01    2.978254E-01
    2.979930E-01    2.980044E-01    2.981863E-01    2.981951E-01    2.982014E-01
    2.986863E-01    2.989406E-01    2.997979E-01    3.013547E-01    3.014398E-01
    3.015665E-01    3.017420E-01    3.025165E-01    3.025355E-01    3.025686E-01
    3.026262E-01    3.032771E-01    3.036433E-01    3.036673E-01    3.036996E-01
    3.037196E-01    3.041292E-01    3.046134E-01    3.046301E-01    3.048276E-01
    3.048611E-01    3.049614E-01    3.051740E-01    3.052844E-01    3.060373E-01
    3.062721E-01    3.065126E-01    3.067251E-01    3.072820E-01    3.083217E-01
    3.083847E-01    3.085481E-01    3.086063E-01    3.093086E-01    3.093690E-01
    3.093750E-01    3.093804E-01    3.094500E-01    3.095030E-01    3.095365E-01
    3.096086E-01    3.096683E-01    3.098305E-01    3.098337E-01    3.100372E-01
    3.110986E-01    3.111053E-01    3.111248E-01    3.111449E-01    3.124031E-01
    3.124222E-01    3.126400E-01    3.132139E-01    3.132929E-01    3.134326E-01
    3.163175E-01    3.165548E-01    3.167011E-01    3.167161E-01    3.173537E-01
    3.174815E-01    3.194473E-01    3.198310E-01    3.206567E-01    3.235572E-01
    3.235827E-01    3.236877E-01    3.236885E-01    3.238034E-01    3.239013E-01
    3.239634E-01    3.240075E-01    3.245628E-01    3.245933E-01    3.263728E-01
    3.264517E-01    3.271738E-01    3.284075E-01    3.287843E-01    3.314323E-01
    3.314556E-01    3.324856E-01    3.325179E-01    3.327131E-01    3.333147E-01
           0           4           0           1
  -28.010499495533246               13
2.86908995E+01  3.364E-01
4.22988995E+01  1.199E-01  3.735E-02  1.242E-01  1.087E-02  5.154E-02  8.085E-02
                9.569E-03  9.174E-05  6.625E-04  5.183E-04  1.270E-04  3.390E-02
                2.467E-04  2.390E-03  3.483E-04
5.59068995E+01  5.329E-02  1.718E-02  5.608E-02  4.781E-03  2.340E-02  5.114E-02
                5.997E-03  2.548E-05  4.993E-04  2.959E-04  3.837E-05  2.361E-02
                3.614E-05  1.237E-03  1.795E-04  1.265E-05  1.992E-05  1.828E-05
                1.324E-05  2.029E-05  1.060E-05  6.147E-07  2.332E-05  3.091E-06
                7.342E-06  9.109E-06  7.870E-06  1.314E-05  3.777E-05  3.856E-05
                1.496E-05  2.061E-06  1.497E-04  3.813E-05  3.711E-06  2.689E-05
                8.990E-09  2.576E-06  1.593E-05  4.401E-05  1.277E-04  7.026E-06
                5.047E-05  7.940E-07  1.702E-06  3.188E-06  7.569E-06  1.508E-05
                1.497E-04  1.047E-06  1.086E-05  6.520E-06  2.002E-06  1.269E-06
                2.772E-05  9.036E-06  4.210E-06  8.941E-05  5.235E-05  2.573E-05
                1.640E-05  2.127E-08  3.292E-08  3.123E-09  5.087E-06  4.525E-05
                1.008E-06  7.219E-08  6.938E-06  2.214E-05  4.612E-05  2.047E-05
                9.536E-06  4.578E-06  1.784E-06  4.288E-06  1.312E-05  6.330E-06
                2.538E-06  4.242E-07  8.622E-06  2.409E-05  1.546E-05  2.772E-06
                2.540E-05  1.152E-04  1.404E-09  6.799E-09  1.525E-08  1.784E-08
                6.054E-09  7.817E-07  4.730E-06  8.728E-06  1.388E-06  5.702E-07
                3.237E-06  8.174E-06  9.075E-06  5.042E-05  2.057E-07  1.325E-06
                1.937E-06  3.803E-06  4.980E-06  1.138E-06  8.871E-07  2.485E-06
                4.844E-07  5.668E-06  3.052E-05  7.831E-06  1.417E-05  1.648E-07
                1.656E-04  4.522E-06  3.667E-06  2.649E-06  1.279E-07  1.042E-06
                2.579E-06  2.394E-06  6.606E-05  3.099E-06  3.291E-06  1.895E-05
                3.145E-06  1.517E-06  1.469E-05  8.666E-05  5.797E-06  1.522E-05
                1.240E-05  9.328E-07  2.352E-06  4.597E-06  7.204E-06  5.327E-07
                1.985E-06  5.122E-06  1.203E-05  1.734E-06  5.808E-07  2.556E-06
                9.705E-06  3.484E-05  1.558E-06  6.062E-06  2.340E-05  8.413E-06
                1.786E-06  3.929E-05  1.727E-05  2.335E-06  3.968E-06  1.089E-06
                1.863E-05  7.228E-06  1.875E-06  1.051E-05  4.746E-06  1.178E-06
                5.667E-06  6.382E-06  1.399E-05  6.033E-05  4.690E-06  3.179E-06
                1.514E-06  5.090E-07  1.504E-06  1.201E-06  2.215E-06  6.064E-06
                3.627E-06  1.795E-06  4.574E-06  1.103E-05  2.913E-05  1.537E-06
                2.205E-06  4.816E-06  4.588E-06  6.608E-06  1.085E-05  2.058E-06
                5.244E-07  2.189E-06  1.680E-05  3.509E-06  4.428E-06  5.073E-05
                7.175E-07  4.807E-07  8.837E-06  1.878E-05  3.527E-05  8.068E-06
                9.899E-06  1.013E-05  1.038E-06  2.292E-06  1.540E-06  9.569E-07
                4.472E-06  1.489E-06  2.453E-06  4.881E-06  2.037E-05  3.450E-07
                7.581E-07  1.147E-06  2.762E-07  1.412E-05  2.098E-06
6.95148995E+01  2.821E-02  9.052E-03  2.954E-02  2.512E-03  1.231E-02  3.417E-02
                4.004E-03  1.345E-05  3.294E-04  1.730E-04  1.852E-05  1.638E-02
                1.928E-05  6.866E-04  9.955E-05  6.499E-06  1.048E-05  9.880E-06
                7.585E-06  1.255E-05  8.272E-06  4.615E-07  9.794E-06  1.649E-06
                3.790E-06  4.522E-06  3.249E-06  7.239E-06  1.913E-05  2.030E-05
                7.448E-06  1.587E-06  5.930E-05  1.804E-05  2.024E-06  1.320E-05
                6.593E-09  1.180E-06  7.089E-06  1.993E-05  5.810E-05  3.194E-06
                2.359E-05  3.383E-07  6.800E-07  1.209E-06  2.880E-06  5.697E-06
                8.292E-05  3.988E-07  3.861E-06  2.468E-06  7.358E-07  4.761E-07
                1.271E-05  4.147E-06  1.862E-06  3.243E-05  2.213E-05  1.216E-05
                7.700E-06  1.191E-08  1.944E-08  1.952E-09  1.629E-06  1.384E-05
                5.938E-07  1.352E-07  3.803E-06  1.270E-05  2.473E-05  1.472E-05
                5.785E-06  2.575E-06  7.439E-07  1.814E-06  4.457E-06  2.001E-06
                1.588E-06  2.298E-07  5.742E-06  1.599E-05  5.640E-06  1.235E-06
                1.546E-05  6.926E-05  6.449E-10  3.592E-09  8.356E-09  9.513E-09
                2.862E-09  5.343E-07  3.173E-06  6.376E-06  7.695E-07  2.295E-07
                2.314E-06  6.544E-06  5.425E-06  3.070E-05  8.108E-08  4.475E-07
                9.564E-07  1.991E-06  8.130E-07  2.364E-07  4.962E-07  1.293E-06
                2.159E-07  2.703E-06  1.748E-05  4.514E-06  7.914E-06  1.194E-07
                9.437E-05  2.685E-06  2.158E-06  1.411E-06  8.126E-08  6.416E-07
                1.546E-06  1.408E-06  3.973E-05  1.656E-06  1.763E-06  1.356E-05
                2.037E-06  6.871E-07  8.386E-06  5.088E-05  3.426E-06  8.870E-06
                8.581E-06  4.600E-07  1.136E-06  2.159E-06  3.148E-06  2.663E-07
                9.912E-07  2.579E-06  6.117E-06  1.009E-06  2.696E-07  1.244E-06
                4.868E-06  1.842E-05  7.874E-07  2.138E-06  8.525E-06  6.071E-06
                1.187E-06  2.058E-05  9.041E-06  1.145E-06  2.033E-06  5.242E-07
                1.072E-05  3.230E-06  8.448E-07  5.549E-06  2.106E-06  5.206E-07
                2.244E-06  3.478E-06  7.822E-06  3.219E-05  1.967E-06  1.499E-06
                7.410E-07  2.672E-07  8.313E-07  4.953E-07  9.074E-07  3.287E-06
                1.640E-06  9.498E-07  2.506E-06  6.123E-06  1.595E-05  8.715E-07
                1.058E-06  2.096E-06  1.983E-06  2.642E-06  4.240E-06  1.138E-06
                1.884E-07  1.211E-06  1.093E-05  1.656E-06  2.958E-06  3.538E-05
                3.212E-07  1.830E-07  3.675E-06  7.902E-06  1.507E-05  3.354E-06
                4.314E-06  4.421E-06  3.063E-07  5.114E-07  7.923E-07  4.525E-07
                4.298E-06  1.388E-06  2.316E-06  2.493E-06  1.095E-05  1.787E-07
                3.478E-07  8.556E-07  2.272E-07  9.722E-06  1.076E-06
8.31228995E+01  1.636E-02  5.234E-03  1.710E-02  1.448E-03  7.105E-03  2.402E-02
                2.813E-03  7.660E-06  2.295E-04  1.094E-04  1.000E-05  1.184E-02
                1.106E-05  4.163E-04  6.033E-05  3.675E-06  6.028E-06  5.923E-06
                4.496E-06  7.856E-06  5.636E-06  3.186E-07  5.209E-06  1.125E-06
                2.467E-06  2.886E-06  1.892E-06  4.283E-06  1.087E-05  1.178E-05
                4.358E-06  1.075E-06  2.787E-05  9.752E-06  1.196E-06  7.278E-06
                4.431E-09  6.215E-07  3.635E-06  1.027E-05  2.989E-05  1.636E-06
                1.244E-05  1.917E-07  3.445E-07  5.689E-07  1.330E-06  4.070E-06
                4.918E-05  2.006E-07  2.013E-06  1.624E-06  3.676E-07  2.275E-07
                6.587E-06  2.158E-06  1.053E-06  1.782E-05  1.178E-05  6.650E-06
                4.046E-06  7.470E-09  1.321E-08  1.361E-09  7.094E-07  5.692E-06
                3.660E-07  1.631E-07  2.264E-06  7.558E-06  1.412E-05  1.093E-05
                4.161E-06  1.788E-06  3.764E-07  9.492E-07  2.057E-06  8.364E-07
                1.054E-06  1.422E-07  3.897E-06  1.082E-05  2.692E-06  6.649E-07
                9.722E-06  4.337E-05  3.810E-10  2.260E-09  5.257E-09  5.853E-09
                1.486E-09  3.662E-07  2.161E-06  4.456E-06  5.171E-07  1.295E-07
                1.709E-06  4.996E-06  3.427E-06  1.946E-05  5.296E-08  2.591E-07
                6.552E-07  1.376E-06  2.006E-07  9.104E-08  3.379E-07  8.686E-07
                1.292E-07  1.781E-06  1.171E-05  3.032E-06  4.948E-06  7.831E-08
                5.951E-05  1.937E-06  1.459E-06  9.542E-07  5.932E-08  4.556E-07
                1.086E-06  1.032E-06  2.506E-05  1.155E-06  1.227E-06  8.914E-06
                1.298E-06  4.406E-07  5.410E-06  3.282E-05  2.344E-06  6.087E-06
                5.755E-06  2.313E-07  5.653E-07  1.066E-06  1.496E-06  1.359E-07
                4.847E-07  1.249E-06  2.969E-06  6.629E-07  1.432E-07  7.202E-07
                2.941E-06  1.154E-05  4.244E-07  8.210E-07  3.301E-06  4.058E-06
                7.755E-07  1.275E-05  5.609E-06  6.844E-07  1.165E-06  2.916E-07
                7.210E-06  1.666E-06  4.138E-07  3.156E-06  1.045E-06  3.260E-07
                1.243E-06  2.236E-06  5.044E-06  1.948E-05  9.427E-07  7.422E-07
                3.578E-07  1.276E-07  5.256E-07  2.777E-07  4.909E-07  2.104E-06
                9.181E-07  4.703E-07  1.393E-06  3.686E-06  9.785E-06  5.490E-07
                6.902E-07  1.055E-06  1.020E-06  1.260E-06  1.974E-06  6.627E-07
                1.009E-07  6.801E-07  7.552E-06  9.717E-07  2.041E-06  2.564E-05
                2.278E-07  1.093E-07  1.631E-06  3.766E-06  7.540E-06  1.410E-06
                1.899E-06  2.049E-06  1.008E-07  1.454E-07  4.609E-07  2.265E-07
                3.304E-06  1.055E-06  1.795E-06  1.438E-06  7.088E-06  9.794E-08
                1.784E-07  5.859E-07  1.411E-07  6.551E-06  6.555E-07
9.67308995E+01  1.021E-02  3.268E-03  1.068E-02  9.051E-04  4.442E-03  1.764E-02
                2.065E-03  4.638E-06  1.674E-04  7.388E-05  5.649E-06  8.839E-03
                6.783E-06  2.712E-04  3.930E-05  2.101E-06  3.495E-06  3.604E-06
                2.634E-06  4.911E-06  3.670E-06  2.129E-07  3.169E-06  8.639E-07
                1.805E-06  2.085E-06  1.332E-06  2.618E-06  6.575E-06  7.184E-06
                2.800E-06  6.993E-07  1.505E-05  5.769E-06  7.450E-07  4.386E-06
                2.843E-09  3.551E-07  2.032E-06  5.930E-06  1.714E-05  9.402E-07
                7.298E-06  1.430E-07  2.200E-07  3.223E-07  6.985E-07  3.449E-06
                3.120E-05  1.135E-07  1.272E-06  1.284E-06  2.065E-07  1.293E-07
                3.799E-06  1.241E-06  6.864E-07  1.190E-05  6.906E-06  3.840E-06
                2.346E-06  4.795E-09  9.508E-09  9.430E-10  3.844E-07  2.854E-06
                2.377E-07  1.518E-07  1.414E-06  4.740E-06  8.654E-06  8.151E-06
                3.039E-06  1.275E-06  2.160E-07  5.636E-07  1.141E-06  4.196E-07
                7.190E-07  9.528E-08  2.667E-06  7.387E-06  1.498E-06  4.010E-07
                6.458E-06  2.889E-05  2.530E-10  1.535E-09  3.530E-09  3.786E-09
                8.607E-10  2.494E-07  1.502E-06  3.091E-06  3.769E-07  8.759E-08
                1.294E-06  3.842E-06  2.302E-06  1.303E-05  3.951E-08  1.854E-07
                4.883E-07  1.030E-06  1.014E-07  5.817E-08  2.403E-07  6.184E-07
                8.684E-08  1.270E-06  8.026E-06  2.085E-06  3.412E-06  5.292E-08
                4.106E-05  1.415E-06  1.043E-06  6.988E-07  4.494E-08  3.354E-07
                8.005E-07  7.935E-07  1.689E-05  8.532E-07  9.080E-07  5.882E-06
                8.562E-07  3.178E-07  3.820E-06  2.308E-05  1.645E-06  4.287E-06
                3.969E-06  1.285E-07  3.129E-07  5.885E-07  7.973E-07  7.673E-08
                2.613E-07  6.653E-07  1.577E-06  4.428E-07  8.726E-08  4.696E-07
                1.983E-06  7.994E-06  2.583E-07  3.526E-07  1.413E-06  2.685E-06
                5.156E-07  8.761E-06  3.847E-06  4.593E-07  7.475E-07  1.754E-07
                5.163E-06  9.765E-07  2.354E-07  1.881E-06  5.958E-07  2.322E-07
                8.487E-07  1.509E-06  3.451E-06  1.315E-05  5.276E-07  4.393E-07
                2.102E-07  7.524E-08  3.533E-07  1.791E-07  3.096E-07  1.440E-06
                6.014E-07  2.823E-07  9.059E-07  2.516E-06  6.753E-06  3.782E-07
                5.172E-07  5.867E-07  5.828E-07  6.877E-07  1.058E-06  4.045E-07
                6.931E-08  4.212E-07  5.486E-06  6.387E-07  1.476E-06  1.907E-05
                1.789E-07  7.618E-08  8.027E-07  2.037E-06  4.324E-06  6.530E-07
                9.282E-07  1.085E-06  3.874E-08  5.732E-08  2.709E-07  1.288E-07
                2.544E-06  8.066E-07  1.370E-06  9.690E-07  5.133E-06  5.879E-08
                1.061E-07  4.353E-07  9.306E-08  4.912E-06  4.642E-07
1.10338899E+02  6.688E-03  2.140E-03  6.993E-03  5.916E-04  2.905E-03  1.315E-02
                1.539E-03  3.178E-06  1.245E-04  5.231E-05  3.512E-06  6.696E-03
                4.349E-06  1.786E-04  2.587E-05  1.229E-06  2.084E-06  2.304E-06
                1.590E-06  3.220E-06  2.472E-06  1.469E-07  2.228E-06  6.752E-07
                1.374E-06  1.587E-06  1.032E-06  1.666E-06  4.229E-06  4.640E-06
                1.909E-06  4.680E-07  9.093E-06  3.675E-06  4.849E-07  2.829E-06
                1.900E-09  2.168E-07  1.220E-06  3.689E-06  1.052E-05  5.803E-07
                4.578E-06  1.101E-07  1.531E-07  2.034E-07  4.029E-07  2.842E-06
                2.077E-05  6.762E-08  8.740E-07  1.020E-06  1.193E-07  8.301E-08
                2.331E-06  7.604E-07  4.746E-07  8.535E-06  4.411E-06  2.401E-06
                1.456E-06  3.531E-09  7.512E-09  6.536E-10  2.393E-07  1.624E-06
                1.635E-07  1.218E-07  9.459E-07  3.179E-06  5.697E-06  6.132E-06
                2.367E-06  1.008E-06  1.354E-07  3.734E-07  7.154E-07  2.380E-07
                5.181E-07  6.885E-08  1.921E-06  5.310E-06  9.285E-07  2.630E-07
                4.438E-06  1.988E-05  1.805E-10  1.118E-09  2.546E-09  2.650E-09
                5.556E-10  1.785E-07  1.086E-06  2.227E-06  2.965E-07  6.831E-08
                1.028E-06  3.067E-06  1.592E-06  8.978E-06  3.055E-08  1.415E-07
                3.747E-07  7.923E-07  7.507E-08  4.480E-08  1.821E-07  4.685E-07
                6.224E-08  9.671E-07  6.127E-06  1.598E-06  2.396E-06  3.920E-08
                2.876E-05  1.059E-06  7.686E-07  5.337E-07  3.461E-08  2.526E-07
                6.012E-07  6.108E-07  1.160E-05  6.748E-07  7.172E-07  4.026E-06
                5.839E-07  2.349E-07  2.733E-06  1.644E-05  1.250E-06  3.283E-06
                2.826E-06  8.414E-08  2.031E-07  3.789E-07  4.937E-07  5.024E-08
                1.663E-07  4.200E-07  9.963E-07  3.081E-07  5.701E-08  3.283E-07
                1.432E-06  5.905E-06  1.673E-07  2.064E-07  8.160E-07  1.844E-06
                3.534E-07  6.472E-06  2.833E-06  3.348E-07  5.083E-07  1.120E-07
                3.823E-06  6.202E-07  1.438E-07  1.227E-06  3.914E-07  1.803E-07
                6.300E-07  1.136E-06  2.548E-06  9.276E-06  3.355E-07  2.965E-07
                1.430E-07  5.097E-08  2.710E-07  1.260E-07  2.159E-07  1.139E-06
                4.305E-07  1.981E-07  6.581E-07  1.855E-06  4.977E-06  2.695E-07
                3.959E-07  3.956E-07  3.700E-07  4.598E-07  6.894E-07  2.625E-07
                5.892E-08  2.785E-07  4.017E-06  4.862E-07  1.076E-06  1.412E-05
                1.418E-07  5.655E-08  4.798E-07  1.277E-06  2.787E-06  3.839E-07
                5.584E-07  6.753E-07  2.170E-08  3.667E-08  1.683E-07  7.964E-08
                1.976E-06  6.224E-07  1.037E-06  6.955E-07  3.851E-06  3.861E-08
                7.138E-08  3.295E-07  6.449E-08  3.758E-06  3.524E-07
1.23946899E+02  4.587E-03  1.472E-03  4.809E-03  4.079E-04  2.004E-03  1.033E-02
                1.209E-03  1.998E-06  9.728E-05  3.837E-05  2.180E-06  5.320E-03
                2.908E-06  1.302E-04  1.887E-05  7.918E-07  1.350E-06  1.595E-06
                1.001E-06  2.172E-06  1.593E-06  1.005E-07  1.483E-06  6.503E-07
                1.243E-06  1.403E-06  9.294E-07  1.046E-06  2.697E-06  2.952E-06
                1.485E-06  3.006E-07  5.732E-06  2.487E-06  3.135E-07  1.842E-06
                1.226E-09  1.361E-07  7.494E-07  2.431E-06  6.831E-06  3.763E-07
                3.014E-06  1.003E-07  1.283E-07  1.532E-07  2.600E-07  2.406E-06
                1.438E-05  4.097E-08  6.437E-07  8.427E-07  7.347E-08  5.407E-08
                1.508E-06  4.845E-07  3.458E-07  6.468E-06  2.912E-06  1.525E-06
                9.324E-07  2.462E-09  5.790E-09  4.568E-10  1.648E-07  1.005E-06
                1.116E-07  9.723E-08  6.400E-07  2.139E-06  3.741E-06  4.611E-06
                1.735E-06  7.286E-07  8.537E-08  2.379E-07  4.606E-07  1.458E-07
                3.464E-07  4.717E-08  1.274E-06  3.512E-06  5.946E-07  1.739E-07
                3.129E-06  1.400E-05  1.335E-10  8.300E-10  1.853E-09  1.856E-09
                3.874E-10  1.172E-07  7.218E-07  1.496E-06  2.330E-07  5.217E-08
                8.199E-07  2.460E-06  1.123E-06  6.361E-06  2.245E-08  1.047E-07
                2.751E-07  5.822E-07  6.436E-08  3.207E-08  1.255E-07  3.283E-07
                4.511E-08  6.894E-07  4.118E-06  1.079E-06  1.841E-06  2.730E-08
                2.216E-05  7.682E-07  5.698E-07  3.970E-07  2.574E-08  1.811E-07
                4.375E-07  4.478E-07  8.057E-06  4.812E-07  5.159E-07  2.868E-06
                4.134E-07  1.717E-07  2.131E-06  1.288E-05  8.535E-07  2.239E-06
                1.898E-06  5.800E-08  1.390E-07  2.575E-07  3.234E-07  3.571E-08
                1.140E-07  2.852E-07  6.764E-07  2.135E-07  3.992E-08  2.404E-07
                1.069E-06  4.473E-06  1.146E-07  1.347E-07  5.243E-07  1.323E-06
                2.535E-07  4.874E-06  2.129E-06  2.494E-07  3.645E-07  7.457E-08
                2.894E-06  4.160E-07  9.257E-08  7.970E-07  2.593E-07  1.315E-07
                4.753E-07  7.380E-07  1.778E-06  7.141E-06  2.206E-07  2.058E-07
                9.975E-08  3.538E-08  1.813E-07  9.288E-08  1.578E-07  7.786E-07
                3.191E-07  1.395E-07  4.842E-07  1.394E-06  3.751E-06  2.106E-07
                3.180E-07  2.649E-07  2.434E-07  3.070E-07  4.553E-07  1.727E-07
                4.941E-08  1.877E-07  3.205E-06  3.313E-07  8.499E-07  1.132E-05
                1.084E-07  4.078E-08  2.992E-07  8.342E-07  1.880E-06  2.341E-07
                3.482E-07  4.358E-07  1.332E-08  2.840E-08  1.118E-07  5.527E-08
                1.550E-06  4.846E-07  8.038E-07  5.176E-07  2.976E-06  2.542E-08
                4.695E-08  2.536E-07  4.494E-08  2.939E-06  2.713E-07
1.37554899E+02  3.234E-03  1.035E-03  3.385E-03  2.863E-04  1.407E-03  7.968E-03
                9.323E-04  1.534E-06  7.515E-05  2.891E-05  1.481E-06  4.155E-03
                1.980E-06  8.963E-05  1.298E-05  4.761E-07  8.343E-07  1.120E-06
                6.169E-07  1.536E-06  1.121E-06  7.408E-08  1.152E-06  4.335E-07
                8.393E-07  9.632E-07  6.676E-07  6.871E-07  1.834E-06  1.998E-06
                9.934E-07  2.104E-07  4.137E-06  1.705E-06  2.127E-07  1.295E-06
                8.396E-10  8.871E-08  4.873E-07  1.705E-06  4.740E-06  2.619E-07
                2.117E-06  8.915E-08  1.094E-07  1.225E-07  1.813E-07  2.031E-06
                1.041E-05  2.743E-08  4.909E-07  7.022E-07  4.705E-08  4.172E-08
                1.034E-06  3.282E-07  2.652E-07  5.046E-06  2.037E-06  1.029E-06
                6.286E-07  1.887E-09  4.787E-09  3.199E-10  1.210E-07  6.567E-07
                8.098E-08  7.223E-08  4.557E-07  1.530E-06  2.649E-06  3.506E-06
                1.342E-06  5.657E-07  6.170E-08  1.727E-07  3.237E-07  9.352E-08
                2.606E-07  3.564E-08  9.539E-07  2.630E-06  4.090E-07  1.236E-07
                2.318E-06  1.039E-05  1.003E-10  6.310E-10  1.403E-09  1.379E-09
                2.590E-10  8.701E-08  5.469E-07  1.122E-06  1.917E-07  4.556E-08
                6.604E-07  1.972E-06  8.397E-07  4.723E-06  1.766E-08  8.284E-08
                2.131E-07  4.529E-07  5.995E-08  2.782E-08  9.725E-08  2.536E-07
                3.317E-08  5.376E-07  3.155E-06  8.314E-07  1.366E-06  2.130E-08
                1.637E-05  5.955E-07  4.292E-07  3.097E-07  1.967E-08  1.361E-07
                3.308E-07  3.426E-07  5.971E-06  3.771E-07  4.050E-07  2.069E-06
                3.006E-07  1.252E-07  1.591E-06  9.638E-06  6.541E-07  1.728E-06
                1.438E-06  4.015E-08  9.601E-08  1.774E-07  2.156E-07  2.500E-08
                7.859E-08  1.958E-07  4.651E-07  1.577E-07  2.851E-08  1.806E-07
                8.192E-07  3.475E-06  7.997E-08  9.631E-08  3.669E-07  9.578E-07
                1.849E-07  3.792E-06  1.652E-06  1.924E-07  2.713E-07  5.146E-08
                2.250E-06  2.911E-07  6.190E-08  5.457E-07  1.843E-07  1.054E-07
                3.817E-07  5.777E-07  1.366E-06  5.388E-06  1.487E-07  1.473E-07
                7.146E-08  2.508E-08  1.468E-07  7.044E-08  1.196E-07  6.492E-07
                2.452E-07  1.021E-07  3.678E-07  1.077E-06  2.911E-06  1.572E-07
                2.467E-07  1.904E-07  1.674E-07  2.227E-07  3.265E-07  1.176E-07
                4.446E-08  1.311E-07  2.411E-06  2.738E-07  6.388E-07  8.498E-06
                8.609E-08  3.149E-08  2.050E-07  5.838E-07  1.335E-06  1.611E-07
                2.403E-07  3.040E-07  1.075E-08  2.874E-08  7.453E-08  3.823E-08
                1.240E-06  3.851E-07  6.249E-07  3.928E-07  2.324E-06  1.813E-08
                3.422E-08  1.999E-07  3.311E-08  2.324E-06  2.142E-07
1.51162899E+02  2.391E-03  7.704E-04  2.514E-03  2.143E-04  1.053E-03  6.590E-03
                7.708E-04  1.037E-06  6.168E-05  2.261E-05  9.768E-07  3.437E-03
                1.411E-06  7.083E-05  1.026E-05  3.529E-07  6.146E-07  8.849E-07
                4.240E-07  1.130E-06  7.301E-07  5.314E-08  7.804E-07  4.715E-07
                8.606E-07  9.585E-07  6.691E-07  4.375E-07  1.202E-06  1.301E-06
                8.884E-07  1.364E-07  2.871E-06  1.281E-06  1.406E-07  8.788E-07
                5.284E-10  5.928E-08  3.155E-07  1.247E-06  3.424E-06  1.862E-07
                1.509E-06  8.137E-08  9.713E-08  1.036E-07  1.344E-07  1.732E-06
                7.615E-06  1.831E-08  3.908E-07  5.936E-07  3.279E-08  3.021E-08
                7.324E-07  2.262E-07  2.040E-07  4.058E-06  1.441E-06  6.888E-07
                4.277E-07  1.380E-09  3.814E-09  2.268E-10  9.526E-08  4.698E-07
                5.715E-08  5.557E-08  3.229E-07  1.074E-06  1.823E-06  2.732E-06
                9.999E-07  4.141E-07  4.159E-08  1.172E-07  2.297E-07  6.559E-08
                1.699E-07  2.448E-08  6.124E-07  1.682E-06  2.857E-07  8.693E-08
                1.688E-06  7.520E-06  7.833E-11  4.901E-10  1.062E-09  9.992E-10
                1.975E-10  5.524E-08  3.499E-07  7.360E-07  1.535E-07  3.459E-08
                5.417E-07  1.629E-06  6.069E-07  3.451E-06  1.282E-08  6.159E-08
                1.549E-07  3.290E-07  5.565E-08  2.099E-08  6.591E-08  1.751E-07
                2.428E-08  3.798E-07  2.078E-06  5.526E-07  1.132E-06  1.584E-08
                1.366E-05  4.358E-07  3.311E-07  2.340E-07  1.453E-08  9.692E-08
                2.416E-07  2.464E-07  4.176E-06  2.613E-07  2.857E-07  1.544E-06
                2.210E-07  9.122E-08  1.330E-06  8.148E-06  4.398E-07  1.156E-06
                9.343E-07  3.025E-08  7.190E-08  1.320E-07  1.556E-07  1.917E-08
                5.963E-08  1.483E-07  3.530E-07  1.121E-07  2.177E-08  1.405E-07
                6.428E-07  2.745E-06  6.177E-08  7.196E-08  2.733E-07  7.223E-07
                1.384E-07  2.976E-06  1.294E-06  1.501E-07  2.114E-07  3.715E-08
                1.753E-06  2.174E-07  4.303E-08  3.758E-07  1.293E-07  7.713E-08
                2.986E-07  3.601E-07  9.690E-07  4.484E-06  1.050E-07  1.092E-07
                5.317E-08  1.857E-08  9.670E-08  5.491E-08  9.302E-08  4.384E-07
                1.912E-07  7.668E-08  2.849E-07  8.456E-07  2.284E-06  1.322E-07
                2.014E-07  1.360E-07  1.172E-07  1.576E-07  2.291E-07  8.243E-08
                3.747E-08  9.460E-08  2.051E-06  1.856E-07  5.367E-07  7.232E-06
                6.408E-08  2.249E-08  1.432E-07  4.152E-07  9.688E-07  1.123E-07
                1.691E-07  2.155E-07  7.896E-09  2.371E-08  5.287E-08  2.938E-08
                9.993E-07  3.087E-07  4.990E-07  3.042E-07  1.855E-06  1.300E-08
                2.438E-08  1.595E-07  2.470E-08  1.874E-06  1.694E-07
1.64770899E+02  1.719E-03  5.514E-04  1.803E-03  1.526E-04  7.513E-04  5.233E-03
                6.122E-04  7.283E-07  4.934E-05  1.755E-05  6.949E-07  2.798E-03
                9.958E-07  5.039E-05  7.306E-06  2.284E-07  4.104E-07  6.948E-07
                2.773E-07  8.746E-07  5.337E-07  4.196E-08  6.480E-07  2.741E-07
                5.154E-07  5.908E-07  4.401E-07  2.939E-07  8.475E-07  9.181E-07
                5.574E-07  9.868E-08  2.196E-06  8.932E-07  9.589E-08  6.383E-07
                3.957E-10  4.046E-08  2.212E-07  8.927E-07  2.440E-06  1.324E-07
                1.085E-06  7.213E-08  8.465E-08  8.736E-08  1.014E-07  1.493E-06
                5.635E-06  1.347E-08  3.153E-07  5.093E-07  2.339E-08  2.399E-08
                5.148E-07  1.577E-07  1.653E-07  3.315E-06  1.066E-06  4.896E-07
                3.006E-07  1.131E-09  3.267E-09  1.685E-10  7.242E-08  3.094E-07
                4.285E-08  4.050E-08  2.387E-07  7.981E-07  1.343E-06  2.072E-06
                7.954E-07  3.373E-07  3.271E-08  8.670E-08  1.641E-07  4.168E-08
                1.350E-07  1.928E-08  4.869E-07  1.339E-06  2.011E-07  6.329E-08
                1.272E-06  5.687E-06  5.928E-11  3.752E-10  8.160E-10  7.642E-10
                1.324E-10  4.345E-08  2.792E-07  5.779E-07  1.265E-07  3.102E-08
                4.308E-07  1.282E-06  4.602E-07  2.595E-06  1.032E-08  5.060E-08
                1.225E-07  2.597E-07  5.571E-08  1.979E-08  5.412E-08  1.423E-07
                1.873E-08  3.113E-07  1.722E-06  4.594E-07  8.336E-07  1.221E-08
                1.001E-05  3.442E-07  2.508E-07  1.849E-07  1.148E-08  7.517E-08
                1.868E-07  1.925E-07  3.191E-06  2.156E-07  2.365E-07  1.139E-06
                1.644E-07  6.712E-08  9.862E-07  6.046E-06  3.587E-07  9.509E-07
                7.494E-07  2.149E-08  5.105E-08  9.363E-08  1.074E-07  1.363E-08
                4.232E-08  1.052E-07  2.512E-07  8.595E-08  1.588E-08  1.070E-07
                4.961E-07  2.138E-06  4.237E-08  5.904E-08  2.202E-07  5.327E-07
                1.027E-07  2.315E-06  1.004E-06  1.160E-07  1.612E-07  2.649E-08
                1.368E-06  1.537E-07  2.967E-08  2.678E-07  9.687E-08  6.361E-08
                2.477E-07  3.045E-07  7.740E-07  3.429E-06  7.244E-08  7.992E-08
                3.891E-08  1.337E-08  8.466E-08  4.213E-08  7.130E-08  3.936E-07
                1.477E-07  5.730E-08  2.185E-07  6.553E-07  1.777E-06  9.903E-08
                1.547E-07  1.035E-07  8.420E-08  1.210E-07  1.754E-07  5.788E-08
                3.411E-08  6.800E-08  1.540E-06  1.659E-07  4.036E-07  5.382E-06
                5.079E-08  1.779E-08  1.069E-07  3.067E-07  7.159E-07  8.667E-08
                1.278E-07  1.600E-07  7.093E-09  2.216E-08  3.616E-08  2.140E-08
                7.976E-07  2.445E-07  3.862E-07  2.326E-07  1.454E-06  9.660E-09
                1.861E-08  1.270E-07  1.895E-08  1.480E-06  1.340E-07
1.78378899E+02  1.402E-03  4.522E-04  1.473E-03  1.258E-04  6.183E-04  4.319E-03
                5.051E-04  6.880E-07  4.029E-05  1.427E-05  4.804E-07  2.263E-03
                7.281E-07  3.941E-05  5.701E-06  1.899E-07  3.356E-07  5.944E-07
                2.055E-07  6.915E-07  3.618E-07  3.205E-08  4.359E-07  3.000E-07
                5.371E-07  5.963E-07  4.398E-07  1.896E-07  5.688E-07  6.002E-07
                5.242E-07  6.679E-08  1.727E-06  7.242E-07  6.661E-08  4.616E-07
                2.273E-10  2.790E-08  1.459E-07  7.442E-07  2.020E-06  1.073E-07
                8.660E-07  6.681E-08  7.781E-08  7.917E-08  8.568E-08  1.298E-06
                4.482E-06  1.062E-08  2.648E-07  4.416E-07  1.915E-08  2.068E-08
                4.125E-07  1.216E-07  1.353E-07  2.787E-06  8.025E-07  3.400E-07
                2.214E-07  7.815E-10  2.617E-09  1.171E-10  6.232E-08  2.565E-07
                3.182E-08  3.171E-08  1.772E-07  5.891E-07  9.819E-07  1.667E-06
                5.721E-07  2.260E-07  2.410E-08  6.515E-08  1.301E-07  3.373E-08
                8.416E-08  1.274E-08  2.957E-07  8.109E-07  1.540E-07  4.819E-08
                9.991E-07  4.413E-06  4.793E-11  2.998E-10  6.341E-10  5.651E-10
                9.984E-11  2.630E-08  1.733E-07  3.723E-07  1.061E-07  2.600E-08
                3.622E-07  1.078E-06  3.590E-07  2.049E-06  7.576E-09  3.850E-08
                8.985E-08  1.915E-07  5.148E-08  1.533E-08  3.574E-08  9.712E-08
                1.369E-08  2.205E-07  1.007E-06  2.719E-07  7.372E-07  9.677E-09
                8.923E-06  2.679E-07  1.978E-07  1.427E-07  8.328E-09  5.284E-08
                1.378E-07  1.375E-07  2.337E-06  1.368E-07  1.540E-07  8.998E-07
                1.289E-07  4.735E-08  8.726E-07  5.439E-06  2.208E-07  5.781E-07
                4.758E-07  1.534E-08  3.659E-08  6.735E-08  7.480E-08  1.013E-08
                3.077E-08  7.599E-08  1.811E-07  6.574E-08  1.278E-08  8.676E-08
                4.032E-07  1.743E-06  3.636E-08  4.228E-08  1.540E-07  4.267E-07
                8.220E-08  1.879E-06  8.151E-07  9.387E-08  1.334E-07  2.073E-08
                1.109E-06  1.276E-07  2.261E-08  1.909E-07  7.095E-08  4.758E-08
                2.035E-07  1.773E-07  5.542E-07  3.012E-06  5.014E-08  5.880E-08
                2.813E-08  9.530E-09  5.112E-08  3.400E-08  5.780E-08  2.419E-07
                1.204E-07  4.207E-08  1.709E-07  5.278E-07  1.441E-06  8.673E-08
                1.304E-07  7.224E-08  6.099E-08  8.544E-08  1.249E-07  4.202E-08
                2.697E-08  5.070E-08  1.341E-06  1.057E-07  3.505E-07  4.689E-06
                3.834E-08  1.277E-08  7.213E-08  2.226E-07  5.397E-07  5.560E-08
                8.493E-08  1.130E-07  6.334E-09  2.483E-08  2.799E-08  1.756E-08
                6.518E-07  1.991E-07  3.137E-07  1.821E-07  1.170E-06  7.587E-09
                1.498E-08  1.027E-07  1.451E-08  1.205E-06  1.066E-07
1.91986899E+02  1.001E-03  3.247E-04  1.058E-03  9.089E-05  4.471E-04  3.811E-03
                4.456E-04  3.200E-07  3.578E-05  1.180E-05  3.459E-07  2.067E-03
                5.705E-07  3.329E-05  4.835E-06  1.379E-07  2.482E-07  4.992E-07
                1.481E-07  5.625E-07  2.556E-07  2.566E-08  3.547E-07  2.359E-07
                4.214E-07  4.714E-07  3.572E-07  1.258E-07  3.972E-07  4.361E-07
                4.046E-07  4.620E-08  1.155E-06  5.353E-07  4.244E-08  3.108E-07
                1.864E-10  2.044E-08  1.094E-07  5.026E-07  1.359E-06  7.031E-08
                5.715E-07  5.765E-08  6.602E-08  6.457E-08  6.236E-08  1.127E-06
                3.105E-06  7.257E-09  2.203E-07  3.823E-07  1.410E-08  1.329E-08
                2.704E-07  7.992E-08  1.091E-07  2.340E-06  5.980E-07  2.388E-07
                1.499E-07  7.348E-10  2.296E-09  9.363E-11  4.729E-08  1.663E-07
                2.247E-08  2.211E-08  1.262E-07  4.151E-07  6.795E-07  1.291E-06
                5.020E-07  2.190E-07  1.830E-08  4.395E-08  8.955E-08  2.098E-08
                6.824E-08  1.080E-08  2.414E-07  6.588E-07  1.043E-07  3.303E-08
                6.845E-07  3.026E-06  3.666E-11  2.299E-10  4.819E-10  4.231E-10
                7.644E-11  2.082E-08  1.334E-07  2.891E-07  8.173E-08  1.836E-08
                2.893E-07  8.695E-07  2.434E-07  1.395E-06  5.914E-09  3.089E-08
                6.897E-08  1.443E-07  4.953E-08  1.463E-08  2.975E-08  7.838E-08
                1.103E-08  1.762E-07  9.918E-07  2.689E-07  5.465E-07  7.749E-09
                6.611E-06  2.033E-07  1.576E-07  1.141E-07  6.731E-09  4.221E-08
                1.074E-07  1.065E-07  1.618E-06  1.269E-07  1.443E-07  6.490E-07
                9.008E-08  3.801E-08  6.568E-07  4.074E-06  2.082E-07  5.525E-07
                3.673E-07  1.277E-08  3.011E-08  5.486E-08  6.044E-08  7.973E-09
                2.531E-08  6.348E-08  1.525E-07  4.854E-08  9.917E-09  6.729E-08
                3.119E-07  1.355E-06  2.829E-08  3.542E-08  1.339E-07  3.086E-07
                5.770E-08  1.437E-06  6.210E-07  7.140E-08  1.109E-07  1.597E-08
                8.418E-07  9.797E-08  1.571E-08  1.420E-07  5.203E-08  3.749E-08
                1.630E-07  1.554E-07  4.500E-07  2.334E-06  3.888E-08  4.663E-08
                2.285E-08  7.747E-09  5.018E-08  2.641E-08  4.442E-08  2.460E-07
                9.089E-08  3.413E-08  1.351E-07  4.090E-07  1.105E-06  6.719E-08
                9.903E-08  5.988E-08  4.441E-08  6.680E-08  9.447E-08  3.195E-08
                2.556E-08  3.983E-08  1.063E-06  1.015E-07  2.741E-07  3.687E-06
                2.917E-08  1.004E-08  6.134E-08  1.709E-07  4.040E-07  5.149E-08
                7.544E-08  9.102E-08  3.866E-09  1.154E-08  1.862E-08  1.330E-08
                5.324E-07  1.613E-07  2.503E-07  1.434E-07  9.474E-07  5.550E-09
                1.050E-08  8.446E-08  1.188E-08  9.819E-07  8.607E-08
