          16           7
         215          13           1           1
           0          -4           0          -4           0          -6           0          -2           0          -4           0           6           0           4           0           2           0           4           0           6           0           2           0           4           0           2           0          -4           0          -2           0           2           0           4           0           6           0           2           0           4           0           6           0           4           0          -2           0          -2           0          -4           0          -6           0          -8           0          -2           0          -4           0          -6           0          -4           0           2           0          -4           0          -6           0          -2           0          -4           0          -6           0          -6           0          -8           0          -4           0          -6           0          -2           0          -4           0           4           0           6           0           8           0          10           0           4           0          -4           0           2           0           6           0           4           0           8           0           2           0          -4           0          -2           0           6           0           6           0           4           0           2           0           8           0           4           0           6           0           8           0           4           0           6           0           8           0          10           0           4           0           6           0           8           0           6           0           4           0           2           0           6           0           2           0           4           0           2           0          -4           0          -2           0          -6           0          -8           0           6           0           4           0          -4           0          -6           0          -2           0          -4           0          -6           0          -8           0         -10           0          -2           0          -4           0          -6           0          -4           0          -2           0          -6           0          -8           0          -2           0          -4           0           2           0           4           0           6           0           8           0           4           0           4           0           6           0           8           0           2           0          10           0           8           0           6           0           4           0           2           0           6           0           6           0           4           0           4           0           2           0           4           0           6           0           8           0          -4           0           2           0           4           0          -6           0          -4           0           2           0           4           0           6           0           4           0           6           0          -2           0          -4           0          -6           0          -8           0         -10           0          -6           0          -8           0         -10           0         -12           0           2           0          -2           0          -4           0          -6           0          -8           0          -2           0          -8           0         -10           0          -4           0          -2           0          -6           0          -4           0          -2           0          -4           0          -2           0          -4           0          -6           0          -4           0          -8           0          -6           0           2           0           4           0           2           0           4           0           6           0         -10           0          -8           0          -6           0          -4           0           6           0          -2           0          -4           0           8           0          -6           0          -2           0          -4           0          -6           0          -8           0           4           0           6           0          -4           0          -6           0          -6           0          -8           0          -2           0           2           0          -4           0           4           0           6           0           4           0           4           0           2           0           2           0          -4           0          -6           0          -8           0          -2           0          -4           0          -6           0          -8           0         -10           0          -8           0          -6           0          -4           0          -2           0          -2           0          -4           0          -6           0          -6           0          -8           0          -4           0          -2           0          -6           0          -4
    0.000000E+00    9.645106E-03    9.843162E-03    1.435602E-02    1.458263E-02
    4.247197E-02    4.320385E-02    4.360158E-02    5.944295E-02    5.948713E-02
    6.922989E-02    7.316769E-02    7.411300E-02    1.134727E-01    1.147319E-01
    2.354040E-01    2.358931E-01    2.366026E-01    2.382857E-01    2.391328E-01
    2.438023E-01    2.438287E-01    2.461520E-01    2.471700E-01    2.474363E-01
    2.479076E-01    2.485433E-01    2.486026E-01    2.487216E-01    2.491410E-01
    2.502551E-01    2.507374E-01    2.510783E-01    2.511300E-01    2.524691E-01
    2.524772E-01    2.554279E-01    2.561102E-01    2.563381E-01    2.591442E-01
    2.591854E-01    2.609226E-01    2.615363E-01    2.619649E-01    2.622131E-01
    2.625883E-01    2.631076E-01    2.632646E-01    2.633261E-01    2.634365E-01
    2.637297E-01    2.638533E-01    2.640096E-01    2.643758E-01    2.644930E-01
    2.645338E-01    2.648466E-01    2.652759E-01    2.655531E-01    2.656939E-01
    2.657640E-01    2.676748E-01    2.677713E-01    2.679166E-01    2.688115E-01
    2.690337E-01    2.711118E-01    2.712141E-01    2.720014E-01    2.721113E-01
    2.724223E-01    2.724984E-01    2.725578E-01    2.726085E-01    2.727219E-01
    2.737570E-01    2.740430E-01    2.746587E-01    2.763855E-01    2.763956E-01
    2.763957E-01    2.764682E-01    2.789238E-01    2.791446E-01    2.808157E-01
    2.808428E-01    2.816082E-01    2.816156E-01    2.816277E-01    2.816445E-01
    2.816660E-01    2.832213E-01    2.832636E-01    2.833497E-01    2.872720E-01
    2.872722E-01    2.872783E-01    2.873017E-01    2.873787E-01    2.874354E-01
    2.875828E-01    2.876419E-01    2.877951E-01    2.879672E-01    2.884374E-01
    2.885530E-01    2.886000E-01    2.886971E-01    2.887362E-01    2.888178E-01
    2.901974E-01    2.902310E-01    2.934227E-01    2.936053E-01    2.936679E-01
    2.948139E-01    2.948751E-01    2.949134E-01    2.954910E-01    2.955387E-01
    2.955818E-01    2.956302E-01    2.974080E-01    2.974265E-01    2.978254E-01
    2.979930E-01    2.980044E-01    2.981863E-01    2.981951E-01    2.982014E-01
    2.986863E-01    2.989406E-01    2.997979E-01    3.013547E-01    3.014398E-01
    3.015665E-01    3.017420E-01    3.025165E-01    3.025355E-01    3.025686E-01
    3.026262E-01    3.032771E-01    3.036433E-01    3.036673E-01    3.036996E-01
    3.037196E-01    3.041292E-01    3.046134E-01    3.046301E-01    3.048276E-01
    3.048611E-01    3.049614E-01    3.051740E-01    3.052844E-01    3.060373E-01
    3.062721E-01    3.065126E-01    3.067251E-01    3.072820E-01    3.083217E-01
    3.083847E-01    3.085481E-01    3.086063E-01    3.093086E-01    3.093690E-01
    3.093750E-01    3.093804E-01    3.094500E-01    3.095030E-01    3.095365E-01
    3.096086E-01    3.096683E-01    3.098305E-01    3.098337E-01    3.100372E-01
    3.110986E-01    3.111053E-01    3.111248E-01    3.111449E-01    3.124031E-01
    3.124222E-01    3.126400E-01    3.132139E-01    3.132929E-01    3.134326E-01
    3.163175E-01    3.165548E-01    3.167011E-01    3.167161E-01    3.173537E-01
    3.174815E-01    3.194473E-01    3.198310E-01    3.206567E-01    3.235572E-01
    3.235827E-01    3.236877E-01    3.236885E-01    3.238034E-01    3.239013E-01
    3.239634E-01    3.240075E-01    3.245628E-01    3.245933E-01    3.263728E-01
    3.264517E-01    3.271738E-01    3.284075E-01    3.287843E-01    3.314323E-01
    3.314556E-01    3.324856E-01    3.325179E-01    3.327131E-01    3.333147E-01
           0           4           0           1
  -28.010499495533246               13
4.09380995E+01  1.302E-01  4.918E-02  1.360E-01  1.162E-02  5.915E-02  8.541E-02
                1.034E-02  2.884E-04  2.312E-03  3.264E-03  5.862E-05  3.846E-02
                9.259E-05  2.682E-03  4.178E-04
5.45460995E+01  5.715E-02  1.845E-02  6.020E-02  5.136E-03  2.513E-02  5.340E-02
                6.263E-03  2.730E-05  5.217E-04  3.127E-04  4.139E-05  2.456E-02
                3.939E-05  1.312E-03  1.905E-04  1.361E-05  2.137E-05  1.955E-05
                1.410E-05  2.133E-05  1.061E-05  6.231E-07  2.586E-05  3.309E-06
                7.907E-06  9.874E-06  8.719E-06  1.401E-05  4.081E-05  4.144E-05
                1.619E-05  2.093E-06  1.663E-04  4.147E-05  3.975E-06  2.915E-05
                9.092E-09  2.824E-06  1.751E-05  4.809E-05  1.387E-04  7.702E-06
                5.510E-05  9.121E-07  1.953E-06  3.641E-06  8.572E-06  1.767E-05
                1.592E-04  1.191E-06  1.260E-05  7.570E-06  2.279E-06  1.414E-06
                3.027E-05  9.831E-06  4.687E-06  1.041E-04  5.966E-05  2.897E-05
                1.798E-05  2.270E-08  3.469E-08  3.326E-09  5.770E-06  5.094E-05
                1.106E-06  8.643E-08  7.475E-06  2.359E-05  5.203E-05  2.133E-05
                1.009E-05  4.850E-06  1.893E-06  4.756E-06  1.436E-05  7.208E-06
                2.643E-06  4.515E-07  8.878E-06  2.480E-05  1.669E-05  3.164E-06
                2.666E-05  1.209E-04  1.553E-09  7.380E-09  1.638E-08  1.901E-08
                6.419E-09  8.043E-07  4.915E-06  8.954E-06  1.503E-06  6.364E-07
                3.386E-06  8.371E-06  9.572E-06  5.285E-05  2.345E-07  1.521E-06
                2.140E-06  4.137E-06  5.905E-06  1.344E-06  9.594E-07  2.715E-06
                5.094E-07  6.240E-06  3.252E-05  8.302E-06  1.509E-05  1.660E-07
                1.757E-04  4.632E-06  3.921E-06  2.871E-06  1.383E-07  1.129E-06
                2.777E-06  2.639E-06  7.023E-05  3.391E-06  3.496E-06  1.941E-05
                3.251E-06  1.693E-06  1.564E-05  9.158E-05  6.257E-06  1.639E-05
                1.338E-05  9.871E-07  2.492E-06  4.912E-06  7.863E-06  5.485E-07
                2.060E-06  5.330E-06  1.247E-05  1.830E-06  6.399E-07  2.794E-06
                1.058E-05  3.779E-05  1.654E-06  6.723E-06  2.570E-05  8.930E-06
                1.884E-06  4.314E-05  1.887E-05  2.564E-06  4.354E-06  1.187E-06
                2.076E-05  7.936E-06  2.131E-06  1.097E-05  5.247E-06  1.176E-06
                6.141E-06  6.770E-06  1.468E-05  6.355E-05  5.099E-06  3.460E-06
                1.646E-06  5.464E-07  1.600E-06  1.317E-06  2.381E-06  6.458E-06
                3.873E-06  1.930E-06  4.960E-06  1.211E-05  3.216E-05  1.655E-06
                2.078E-06  5.409E-06  5.195E-06  7.196E-06  1.204E-05  2.291E-06
                6.018E-07  2.453E-06  1.730E-05  3.324E-06  4.850E-06  4.872E-05
                6.575E-07  4.390E-07  9.378E-06  2.039E-05  3.948E-05  8.659E-06
                1.091E-05  1.146E-05  1.101E-06  2.473E-06  1.587E-06  9.839E-07
                4.185E-06  1.476E-06  2.683E-06
6.81540995E+01  2.992E-02  9.603E-03  3.134E-02  2.664E-03  1.305E-02  3.546E-02
                4.156E-03  1.439E-05  3.425E-04  1.819E-04  1.987E-05  1.695E-02
                2.045E-05  7.247E-04  1.053E-04  7.008E-06  1.114E-05  1.034E-05
                8.017E-06  1.325E-05  8.489E-06  5.299E-07  1.053E-05  1.764E-06
                4.046E-06  4.830E-06  3.514E-06  7.642E-06  2.033E-05  2.148E-05
                7.994E-06  1.632E-06  6.447E-05  1.932E-05  2.143E-06  1.409E-05
                7.310E-09  1.252E-06  7.637E-06  2.147E-05  6.221E-05  3.391E-06
                2.542E-05  3.513E-07  7.261E-07  1.307E-06  3.143E-06  6.044E-06
                8.791E-05  4.283E-07  4.245E-06  2.605E-06  7.987E-07  5.066E-07
                1.362E-05  4.441E-06  1.993E-06  3.541E-05  2.418E-05  1.328E-05
                8.307E-06  1.288E-08  2.035E-08  2.147E-09  1.866E-06  1.542E-05
                6.308E-07  1.290E-07  4.053E-06  1.351E-05  2.648E-05  1.507E-05
                5.990E-06  2.715E-06  8.072E-07  1.946E-06  4.941E-06  2.229E-06
                1.666E-06  2.356E-07  5.920E-06  1.654E-05  6.178E-06  1.346E-06
                1.626E-05  7.263E-05  7.559E-10  4.093E-09  9.604E-09  1.122E-08
                4.916E-09  8.044E-07  4.357E-06  5.573E-06  8.044E-07  2.296E-07
                2.377E-06  6.433E-06  5.534E-06  3.241E-05  8.785E-08  4.807E-07
                9.981E-07  2.100E-06  9.941E-07  2.774E-07  5.130E-07  1.355E-06
                2.262E-07  2.914E-06  1.808E-05  4.747E-06  8.389E-06  1.429E-07
                9.933E-05  2.797E-06  2.070E-06  1.519E-06  1.210E-07  8.752E-07
                1.843E-06  1.195E-06  4.107E-05  2.038E-06  1.726E-06  1.418E-05
                2.174E-06  9.462E-07  8.888E-06  5.447E-05  3.980E-06  8.924E-06
                8.967E-06  5.008E-07  1.242E-06  2.383E-06  3.487E-06  3.511E-07
                1.103E-06  2.744E-06  6.499E-06  1.055E-06  3.109E-07  1.380E-06
                5.233E-06  1.915E-05  8.486E-07  2.413E-06  9.508E-06  6.437E-06
                1.222E-06  2.160E-05  9.581E-06  1.220E-06  2.190E-06  5.582E-07
                1.125E-05  3.509E-06  8.928E-07  5.956E-06  2.244E-06  5.400E-07
                2.357E-06  3.440E-06  8.029E-06  3.398E-05  1.593E-06  1.642E-06
                8.977E-07  4.077E-07  9.255E-07  4.589E-07  1.005E-06  3.419E-06
                1.905E-06  8.461E-07  2.409E-06  6.116E-06  1.532E-05  9.813E-07
                1.174E-06  2.047E-06  2.003E-06  2.838E-06  4.746E-06  1.254E-06
                2.662E-07  1.281E-06  1.131E-05  1.778E-06  3.100E-06  3.646E-05
                3.886E-07  2.433E-07  4.028E-06  8.568E-06  1.621E-05  3.732E-06
                4.744E-06  4.732E-06  3.663E-07  6.792E-07  9.870E-07  5.126E-07
                4.362E-06  1.467E-06  2.331E-06  2.535E-06  1.132E-05  3.056E-07
                6.751E-07  1.140E-06  2.387E-07  9.270E-06  1.551E-06
8.17620995E+01  1.722E-02  5.507E-03  1.799E-02  1.524E-03  7.478E-03  2.486E-02
                2.911E-03  7.983E-06  2.376E-04  1.140E-04  1.057E-05  1.223E-02
                1.164E-05  4.375E-04  6.342E-05  3.883E-06  6.358E-06  6.220E-06
                4.731E-06  8.214E-06  5.846E-06  3.303E-07  5.465E-06  1.161E-06
                2.554E-06  2.990E-06  1.969E-06  4.494E-06  1.143E-05  1.236E-05
                4.572E-06  1.116E-06  2.977E-05  1.030E-05  1.254E-06  7.673E-06
                4.622E-09  6.585E-07  3.860E-06  1.090E-05  3.173E-05  1.737E-06
                1.319E-05  2.029E-07  3.680E-07  6.116E-07  1.430E-06  4.155E-06
                5.174E-05  2.127E-07  2.115E-06  1.671E-06  3.907E-07  2.428E-07
                6.992E-06  2.288E-06  1.102E-06  1.862E-05  1.238E-05  6.982E-06
                4.260E-06  7.729E-09  1.360E-08  1.408E-09  7.590E-07  6.124E-06
                3.788E-07  1.632E-07  2.356E-06  7.856E-06  1.472E-05  1.126E-05
                4.271E-06  1.834E-06  3.979E-07  9.927E-07  2.182E-06  8.994E-07
                1.089E-06  1.476E-07  4.022E-06  1.117E-05  2.854E-06  6.970E-07
                1.017E-05  4.535E-05  3.987E-10  2.356E-09  5.482E-09  6.121E-09
                1.570E-09  3.777E-07  2.229E-06  4.598E-06  5.350E-07  1.358E-07
                1.757E-06  5.121E-06  3.581E-06  2.034E-05  5.462E-08  2.686E-07
                6.731E-07  1.412E-06  2.223E-07  9.676E-08  3.477E-07  8.944E-07
                1.348E-07  1.837E-06  1.206E-05  3.124E-06  5.177E-06  8.123E-08
                6.228E-05  2.008E-06  1.515E-06  9.871E-07  6.057E-08  4.678E-07
                1.118E-06  1.055E-06  2.618E-05  1.186E-06  1.261E-06  9.293E-06
                1.357E-06  4.569E-07  5.647E-06  3.429E-05  2.418E-06  6.275E-06
                5.960E-06  2.449E-07  5.991E-07  1.131E-06  1.593E-06  1.441E-07
                5.153E-07  1.329E-06  3.158E-06  6.929E-07  1.513E-07  7.550E-07
                3.069E-06  1.200E-05  4.478E-07  8.901E-07  3.577E-06  4.226E-06
                8.096E-07  1.327E-05  5.836E-06  7.136E-07  1.227E-06  3.084E-07
                7.489E-06  1.768E-06  4.408E-07  3.312E-06  1.104E-06  3.361E-07
                1.301E-06  2.311E-06  5.232E-06  2.042E-05  1.001E-06  7.827E-07
                3.772E-07  1.345E-07  5.445E-07  2.917E-07  5.164E-07  2.176E-06
                9.616E-07  4.928E-07  1.451E-06  3.830E-06  1.017E-05  5.738E-07
                7.172E-07  1.113E-06  1.081E-06  1.335E-06  2.099E-06  6.955E-07
                1.052E-07  7.133E-07  7.846E-06  1.012E-06  2.121E-06  2.655E-05
                2.351E-07  1.141E-07  1.748E-06  4.012E-06  8.001E-06  1.515E-06
                2.034E-06  2.184E-06  1.106E-07  1.623E-07  4.872E-07  2.402E-07
                3.384E-06  1.081E-06  1.843E-06  1.504E-06  7.342E-06  1.028E-07
                1.868E-07  6.039E-07  1.468E-07  6.745E-06  6.802E-07
9.53700995E+01  1.068E-02  3.420E-03  1.117E-02  9.474E-04  4.649E-03  1.816E-02
                2.126E-03  4.902E-06  1.724E-04  7.674E-05  5.961E-06  9.074E-03
                7.104E-06  2.820E-04  4.085E-05  2.200E-06  3.656E-06  3.758E-06
                2.759E-06  5.127E-06  3.837E-06  2.217E-07  3.328E-06  8.634E-07
                1.823E-06  2.112E-06  1.351E-06  2.749E-06  6.910E-06  7.545E-06
                2.891E-06  7.315E-07  1.602E-05  6.057E-06  7.810E-07  4.612E-06
                2.961E-09  3.745E-07  2.148E-06  6.265E-06  1.814E-05  9.941E-07
                7.694E-06  1.468E-07  2.289E-07  3.392E-07  7.416E-07  3.511E-06
                3.260E-05  1.203E-07  1.327E-06  1.313E-06  2.182E-07  1.373E-07
                4.014E-06  1.311E-06  7.142E-07  1.235E-05  7.261E-06  4.044E-06
                2.468E-06  4.982E-09  9.792E-09  9.772E-10  4.073E-07  3.052E-06
                2.475E-07  1.531E-07  1.476E-06  4.947E-06  9.062E-06  8.388E-06
                3.124E-06  1.310E-06  2.286E-07  5.954E-07  1.210E-06  4.488E-07
                7.509E-07  9.949E-08  2.786E-06  7.718E-06  1.585E-06  4.207E-07
                6.729E-06  3.010E-05  2.633E-10  1.594E-09  3.668E-09  3.948E-09
                9.003E-10  2.606E-07  1.569E-06  3.224E-06  3.888E-07  9.093E-08
                1.332E-06  3.950E-06  2.400E-06  1.357E-05  4.079E-08  1.918E-07
                5.042E-07  1.064E-06  1.065E-07  6.109E-08  2.496E-07  6.411E-07
                8.949E-08  1.315E-06  8.336E-06  2.165E-06  3.531E-06  5.522E-08
                4.248E-05  1.456E-06  1.078E-06  7.207E-07  4.619E-08  3.464E-07
                8.266E-07  8.179E-07  1.761E-05  8.807E-07  9.371E-07  6.113E-06
                8.909E-07  3.279E-07  3.942E-06  2.383E-05  1.709E-06  4.452E-06
                4.146E-06  1.348E-07  3.285E-07  6.186E-07  8.413E-07  8.029E-08
                2.748E-07  7.008E-07  1.661E-06  4.588E-07  9.148E-08  4.897E-07
                2.062E-06  8.298E-06  2.710E-07  3.755E-07  1.507E-06  2.791E-06
                5.362E-07  9.103E-06  3.997E-06  4.780E-07  7.802E-07  1.841E-07
                5.347E-06  1.026E-06  2.482E-07  1.975E-06  6.261E-07  2.406E-07
                8.796E-07  1.577E-06  3.590E-06  1.362E-05  5.556E-07  4.603E-07
                2.202E-07  7.876E-08  3.693E-07  1.868E-07  3.237E-07  1.502E-06
                6.270E-07  2.951E-07  9.429E-07  2.614E-06  7.015E-06  3.904E-07
                5.291E-07  6.166E-07  6.137E-07  7.243E-07  1.116E-06  4.242E-07
                7.101E-08  4.413E-07  5.641E-06  6.675E-07  1.518E-06  1.959E-05
                1.838E-07  7.909E-08  8.548E-07  2.154E-06  4.553E-06  6.984E-07
                9.890E-07  1.150E-06  4.206E-08  6.197E-08  2.838E-07  1.348E-07
                2.622E-06  8.321E-07  1.414E-06  1.007E-06  5.306E-06  6.173E-08
                1.113E-07  4.492E-07  9.717E-08  5.065E-06  4.802E-07
1.08978099E+02  6.952E-03  2.223E-03  7.267E-03  6.145E-04  3.018E-03  1.353E-02
                1.584E-03  3.272E-06  1.282E-04  5.400E-05  3.686E-06  6.886E-03
                4.537E-06  1.859E-04  2.694E-05  1.306E-06  2.208E-06  2.416E-06
                1.682E-06  3.364E-06  2.572E-06  1.524E-07  2.308E-06  7.019E-07
                1.428E-06  1.649E-06  1.069E-06  1.743E-06  4.415E-06  4.848E-06
                1.993E-06  4.868E-07  9.476E-06  3.837E-06  5.054E-07  2.944E-06
                1.990E-09  2.274E-07  1.281E-06  3.840E-06  1.097E-05  6.042E-07
                4.762E-06  1.108E-07  1.559E-07  2.097E-07  4.220E-07  2.882E-06
                2.151E-05  7.092E-08  9.039E-07  1.038E-06  1.257E-07  8.569E-08
                2.430E-06  7.939E-07  4.906E-07  8.792E-06  4.617E-06  2.524E-06
                1.527E-06  3.678E-09  7.711E-09  6.800E-10  2.490E-07  1.708E-06
                1.704E-07  1.247E-07  9.884E-07  3.321E-06  5.956E-06  6.304E-06
                2.444E-06  1.045E-06  1.412E-07  3.890E-07  7.468E-07  2.505E-07
                5.354E-07  7.114E-08  1.987E-06  5.490E-06  9.722E-07  2.743E-07
                4.580E-06  2.051E-05  1.859E-10  1.151E-09  2.624E-09  2.742E-09
                5.826E-10  1.847E-07  1.120E-06  2.299E-06  3.029E-07  6.951E-08
                1.051E-06  3.134E-06  1.640E-06  9.255E-06  3.134E-08  1.454E-07
                3.853E-07  8.140E-07  7.640E-08  4.571E-08  1.879E-07  4.837E-07
                6.464E-08  9.975E-07  6.355E-06  1.656E-06  2.468E-06  4.035E-08
                2.963E-05  1.089E-06  7.912E-07  5.482E-07  3.570E-08  2.608E-07
                6.196E-07  6.283E-07  1.197E-05  6.952E-07  7.386E-07  4.176E-06
                6.045E-07  2.422E-07  2.812E-06  1.691E-05  1.292E-06  3.391E-06
                2.915E-06  8.843E-08  2.134E-07  3.981E-07  5.205E-07  5.260E-08
                1.749E-07  4.425E-07  1.050E-06  3.190E-07  5.919E-08  3.388E-07
                1.473E-06  6.066E-06  1.736E-07  2.207E-07  8.746E-07  1.912E-06
                3.656E-07  6.648E-06  2.910E-06  3.445E-07  5.253E-07  1.168E-07
                3.918E-06  6.457E-07  1.504E-07  1.285E-06  4.095E-07  1.855E-07
                6.479E-07  1.174E-06  2.631E-06  9.572E-06  3.520E-07  3.091E-07
                1.493E-07  5.324E-08  2.794E-07  1.299E-07  2.229E-07  1.171E-06
                4.432E-07  2.066E-07  6.807E-07  1.910E-06  5.114E-06  2.780E-07
                4.056E-07  4.151E-07  3.871E-07  4.818E-07  7.234E-07  2.744E-07
                6.003E-08  2.902E-07  4.132E-06  5.010E-07  1.108E-06  1.451E-05
                1.448E-07  5.809E-08  5.076E-07  1.339E-06  2.908E-06  4.085E-07
                5.913E-07  7.098E-07  2.308E-08  3.728E-08  1.763E-07  8.342E-08
                2.022E-06  6.371E-07  1.062E-06  7.171E-07  3.954E-06  4.032E-08
                7.462E-08  3.380E-07  6.693E-08  3.852E-06  3.618E-07
1.22586099E+02  4.765E-03  1.529E-03  4.995E-03  4.239E-04  2.082E-03  1.058E-02
                1.238E-03  2.107E-06  9.961E-05  3.956E-05  2.277E-06  5.433E-03
                3.022E-06  1.344E-04  1.948E-05  8.228E-07  1.402E-06  1.647E-06
                1.042E-06  2.250E-06  1.662E-06  1.042E-07  1.533E-06  6.517E-07
                1.252E-06  1.414E-06  9.345E-07  1.094E-06  2.815E-06  3.079E-06
                1.517E-06  3.140E-07  6.010E-06  2.580E-06  3.274E-07  1.923E-06
                1.268E-09  1.423E-07  7.850E-07  2.539E-06  7.148E-06  3.941E-07
                3.151E-06  1.029E-07  1.324E-07  1.591E-07  2.727E-07  2.457E-06
                1.493E-05  4.313E-08  6.645E-07  8.621E-07  7.734E-08  5.657E-08
                1.580E-06  5.077E-07  3.580E-07  6.659E-06  3.030E-06  1.591E-06
                9.752E-07  2.511E-09  5.901E-09  4.716E-10  1.714E-07  1.057E-06
                1.157E-07  1.001E-07  6.643E-07  2.221E-06  3.893E-06  4.744E-06
                1.771E-06  7.392E-07  8.936E-08  2.483E-07  4.815E-07  1.535E-07
                3.589E-07  4.870E-08  1.320E-06  3.642E-06  6.216E-07  1.811E-07
                3.249E-06  1.454E-05  1.375E-10  8.537E-10  1.909E-09  1.918E-09
                3.989E-10  1.216E-07  7.501E-07  1.552E-06  2.385E-07  5.362E-08
                8.377E-07  2.512E-06  1.168E-06  6.609E-06  2.309E-08  1.075E-07
                2.829E-07  5.988E-07  6.514E-08  3.287E-08  1.291E-07  3.376E-07
                4.637E-08  7.083E-07  4.207E-06  1.102E-06  1.899E-06  2.812E-08
                2.286E-05  7.931E-07  5.861E-07  4.077E-07  2.641E-08  1.864E-07
                4.503E-07  4.607E-07  8.386E-06  4.917E-07  5.270E-07  2.966E-06
                4.285E-07  1.768E-07  2.194E-06  1.327E-05  8.746E-07  2.293E-06
                1.974E-06  5.940E-08  1.426E-07  2.646E-07  3.336E-07  3.667E-08
                1.170E-07  2.926E-07  6.936E-07  2.214E-07  4.135E-08  2.478E-07
                1.100E-06  4.595E-06  1.194E-07  1.367E-07  5.323E-07  1.367E-06
                2.625E-07  5.009E-06  2.189E-06  2.564E-07  3.771E-07  7.758E-08
                2.979E-06  4.332E-07  9.669E-08  8.258E-07  2.679E-07  1.349E-07
                4.882E-07  7.596E-07  1.829E-06  7.343E-06  2.280E-07  2.117E-07
                1.024E-07  3.633E-08  1.857E-07  9.570E-08  1.627E-07  7.941E-07
                3.285E-07  1.427E-07  4.962E-07  1.431E-06  3.855E-06  2.163E-07
                3.261E-07  2.714E-07  2.525E-07  3.151E-07  4.683E-07  1.792E-07
                4.982E-08  1.944E-07  3.285E-06  3.394E-07  8.721E-07  1.160E-05
                1.113E-07  4.204E-08  3.083E-07  8.622E-07  1.944E-06  2.399E-07
                3.578E-07  4.498E-07  1.365E-08  2.947E-08  1.164E-07  5.729E-08
                1.589E-06  4.974E-07  8.266E-07  5.327E-07  3.055E-06  2.633E-08
                4.844E-08  2.603E-07  4.633E-08  3.015E-06  2.781E-07
1.36194099E+02  3.333E-03  1.067E-03  3.489E-03  2.949E-04  1.450E-03  8.173E-03
                9.563E-04  1.553E-06  7.711E-05  2.968E-05  1.541E-06  4.264E-03
                2.055E-06  9.291E-05  1.346E-05  5.003E-07  8.747E-07  1.158E-06
                6.487E-07  1.589E-06  1.162E-06  7.633E-08  1.190E-06  4.508E-07
                8.724E-07  1.001E-06  6.905E-07  7.172E-07  1.908E-06  2.083E-06
                1.033E-06  2.181E-07  4.239E-06  1.765E-06  2.208E-07  1.338E-06
                8.805E-10  9.257E-08  5.087E-07  1.753E-06  4.874E-06  2.692E-07
                2.176E-06  8.890E-08  1.094E-07  1.234E-07  1.857E-07  2.057E-06
                1.068E-05  2.838E-08  5.024E-07  7.121E-07  4.880E-08  4.239E-08
                1.065E-06  3.390E-07  2.712E-07  5.157E-06  2.111E-06  1.073E-06
                6.528E-07  1.967E-09  4.899E-09  3.325E-10  1.239E-07  6.802E-07
                8.378E-08  7.396E-08  4.722E-07  1.585E-06  2.748E-06  3.599E-06
                1.391E-06  5.907E-07  6.368E-08  1.787E-07  3.344E-07  9.709E-08
                2.698E-07  3.688E-08  9.887E-07  2.725E-06  4.239E-07  1.278E-07
                2.373E-06  1.064E-05  1.029E-10  6.473E-10  1.441E-09  1.421E-09
                2.706E-10  9.019E-08  5.646E-07  1.159E-06  1.949E-07  4.587E-08
                6.738E-07  2.014E-06  8.585E-07  4.831E-06  1.815E-08  8.503E-08
                2.193E-07  4.656E-07  5.997E-08  2.839E-08  1.008E-07  2.625E-07
                3.429E-08  5.550E-07  3.306E-06  8.706E-07  1.395E-06  2.194E-08
                1.672E-05  6.100E-07  4.416E-07  3.182E-07  2.030E-08  1.408E-07
                3.411E-07  3.532E-07  6.123E-06  3.920E-07  4.205E-07  2.130E-06
                3.088E-07  1.295E-07  1.626E-06  9.835E-06  6.824E-07  1.803E-06
                1.483E-06  4.207E-08  1.005E-07  1.855E-07  2.263E-07  2.601E-08
                8.219E-08  2.051E-07  4.875E-07  1.621E-07  2.939E-08  1.853E-07
                8.390E-07  3.554E-06  8.237E-08  1.008E-07  3.860E-07  9.850E-07
                1.897E-07  3.878E-06  1.690E-06  1.970E-07  2.785E-07  5.328E-08
                2.297E-06  3.004E-07  6.417E-08  5.692E-07  1.914E-07  1.084E-07
                3.903E-07  6.019E-07  1.413E-06  5.513E-06  1.557E-07  1.531E-07
                7.442E-08  2.618E-08  1.526E-07  7.220E-08  1.226E-07  6.740E-07
                2.508E-07  1.062E-07  3.790E-07  1.104E-06  2.978E-06  1.609E-07
                2.516E-07  1.989E-07  1.740E-07  2.319E-07  3.398E-07  1.225E-07
                4.521E-08  1.361E-07  2.466E-06  2.833E-07  6.535E-07  8.694E-06
                8.821E-08  3.240E-08  2.153E-07  6.074E-07  1.382E-06  1.703E-07
                2.530E-07  3.174E-07  1.099E-08  2.800E-08  7.737E-08  3.947E-08
                1.267E-06  3.935E-07  6.390E-07  4.037E-07  2.380E-06  1.880E-08
                3.553E-08  2.044E-07  3.423E-08  2.376E-06  2.196E-07
1.49802099E+02  2.471E-03  7.963E-04  2.598E-03  2.214E-04  1.088E-03  6.702E-03
                7.839E-04  1.102E-06  6.272E-05  2.316E-05  1.016E-06  3.486E-03
                1.455E-06  7.233E-05  1.048E-05  3.626E-07  6.318E-07  9.037E-07
                4.381E-07  1.162E-06  7.620E-07  5.490E-08  8.055E-07  4.686E-07
                8.586E-07  9.578E-07  6.678E-07  4.573E-07  1.252E-06  1.354E-06
                8.969E-07  1.426E-07  2.996E-06  1.317E-06  1.469E-07  9.160E-07
                5.459E-10  6.157E-08  3.287E-07  1.294E-06  3.560E-06  1.941E-07
                1.571E-06  8.351E-08  9.992E-08  1.070E-07  1.399E-07  1.765E-06
                7.888E-06  1.916E-08  4.007E-07  6.053E-07  3.419E-08  3.153E-08
                7.635E-07  2.361E-07  2.105E-07  4.155E-06  1.493E-06  7.161E-07
                4.461E-07  1.398E-09  3.879E-09  2.333E-10  9.815E-08  4.895E-07
                5.927E-08  5.747E-08  3.346E-07  1.114E-06  1.895E-06  2.804E-06
                1.017E-06  4.180E-07  4.329E-08  1.221E-07  2.388E-07  6.846E-08
                1.760E-07  2.519E-08  6.350E-07  1.746E-06  2.972E-07  9.033E-08
                1.752E-06  7.808E-06  8.035E-11  5.027E-10  1.091E-09  1.030E-09
                2.016E-10  5.742E-08  3.644E-07  7.641E-07  1.574E-07  3.586E-08
                5.530E-07  1.661E-06  6.311E-07  3.584E-06  1.320E-08  6.323E-08
                1.595E-07  3.390E-07  5.603E-08  2.135E-08  6.776E-08  1.802E-07
                2.496E-08  3.906E-07  2.114E-06  5.616E-07  1.162E-06  1.623E-08
                1.402E-05  4.505E-07  3.392E-07  2.400E-07  1.491E-08  9.966E-08
                2.486E-07  2.538E-07  4.347E-06  2.665E-07  2.910E-07  1.593E-06
                2.287E-07  9.374E-08  1.363E-06  8.350E-06  4.488E-07  1.179E-06
                9.735E-07  3.071E-08  7.312E-08  1.344E-07  1.588E-07  1.957E-08
                6.063E-08  1.505E-07  3.580E-07  1.162E-07  2.236E-08  1.442E-07
                6.590E-07  2.812E-06  6.364E-08  7.275E-08  2.754E-07  7.446E-07
                1.431E-07  3.052E-06  1.328E-06  1.540E-07  2.168E-07  3.838E-08
                1.802E-06  2.244E-07  4.472E-08  3.879E-07  1.334E-07  7.928E-08
                3.060E-07  3.709E-07  9.952E-07  4.586E-06  1.077E-07  1.117E-07
                5.422E-08  1.893E-08  9.859E-08  5.633E-08  9.546E-08  4.451E-07
                1.963E-07  7.809E-08  2.911E-07  8.659E-07  2.341E-06  1.351E-07
                2.066E-07  1.388E-07  1.210E-07  1.615E-07  2.354E-07  8.503E-08
                3.779E-08  9.735E-08  2.091E-06  1.894E-07  5.480E-07  7.374E-06
                6.600E-08  2.319E-08  1.459E-07  4.264E-07  9.967E-07  1.135E-07
                1.716E-07  2.205E-07  8.175E-09  2.515E-08  5.484E-08  3.021E-08
                1.021E-06  3.157E-07  5.111E-07  3.117E-07  1.897E-06  1.340E-08
                2.511E-08  1.631E-07  2.530E-08  1.914E-06  1.732E-07
1.63410099E+02  1.768E-03  5.674E-04  1.855E-03  1.572E-04  7.736E-04  5.376E-03
                6.288E-04  7.262E-07  5.065E-05  1.799E-05  7.182E-07  2.873E-03
                1.032E-06  5.250E-05  7.614E-06  2.387E-07  4.272E-07  7.102E-07
                2.901E-07  8.952E-07  5.480E-07  4.277E-08  6.622E-07  2.954E-07
                5.523E-07  6.305E-07  4.651E-07  3.056E-07  8.767E-07  9.526E-07
                5.910E-07  1.013E-07  2.224E-06  9.259E-07  9.918E-08  6.545E-07
                4.119E-10  4.208E-08  2.292E-07  9.144E-07  2.500E-06  1.355E-07
                1.109E-06  7.228E-08  8.491E-08  8.776E-08  1.028E-07  1.508E-06
                5.762E-06  1.370E-08  3.207E-07  5.146E-07  2.391E-08  2.404E-08
                5.278E-07  1.621E-07  1.679E-07  3.369E-06  1.096E-06  5.069E-07
                3.098E-07  1.174E-09  3.327E-09  1.747E-10  7.394E-08  3.202E-07
                4.397E-08  4.151E-08  2.455E-07  8.201E-07  1.381E-06  2.127E-06
                8.234E-07  3.520E-07  3.331E-08  8.896E-08  1.687E-07  4.332E-08
                1.387E-07  1.988E-08  5.007E-07  1.377E-06  2.074E-07  6.502E-08
                1.296E-06  5.790E-06  6.082E-11  3.847E-10  8.361E-10  7.836E-10
                1.392E-10  4.465E-08  2.855E-07  5.928E-07  1.280E-07  3.072E-08
                4.402E-07  1.313E-06  4.677E-07  2.641E-06  1.055E-08  5.161E-08
                1.255E-07  2.657E-07  5.543E-08  1.998E-08  5.568E-08  1.463E-07
                1.924E-08  3.190E-07  1.798E-06  4.793E-07  8.540E-07  1.258E-08
                1.026E-05  3.499E-07  2.584E-07  1.896E-07  1.180E-08  7.753E-08
                1.921E-07  1.978E-07  3.246E-06  2.235E-07  2.449E-07  1.170E-06
                1.681E-07  6.968E-08  1.011E-06  6.188E-06  3.733E-07  9.895E-07
                7.650E-07  2.261E-08  5.363E-08  9.822E-08  1.131E-07  1.423E-08
                4.443E-08  1.106E-07  2.643E-07  8.745E-08  1.640E-08  1.098E-07
                5.081E-07  2.188E-06  4.399E-08  6.067E-08  2.278E-07  5.470E-07
                1.050E-07  2.367E-06  1.027E-06  1.187E-07  1.658E-07  2.740E-08
                1.396E-06  1.589E-07  3.066E-08  2.782E-07  9.965E-08  6.492E-08
                2.518E-07  3.144E-07  7.964E-07  3.509E-06  7.604E-08  8.312E-08
                4.060E-08  1.400E-08  8.751E-08  4.319E-08  7.306E-08  4.065E-07
                1.509E-07  5.963E-08  2.252E-07  6.718E-07  1.817E-06  1.016E-07
                1.579E-07  1.075E-07  8.707E-08  1.249E-07  1.806E-07  6.027E-08
                3.471E-08  7.063E-08  1.582E-06  1.703E-07  4.140E-07  5.533E-06
                5.195E-08  1.825E-08  1.118E-07  3.177E-07  7.386E-07  9.102E-08
                1.340E-07  1.664E-07  7.023E-09  2.109E-08  3.743E-08  2.205E-08
                8.160E-07  2.503E-07  3.961E-07  2.394E-07  1.492E-06  9.955E-09
                1.912E-08  1.300E-07  1.956E-08  1.517E-06  1.375E-07
1.77018099E+02  1.433E-03  4.615E-04  1.504E-03  1.283E-04  6.303E-04  4.359E-03
                5.099E-04  7.165E-07  4.075E-05  1.452E-05  4.986E-07  2.289E-03
                7.455E-07  3.969E-05  5.740E-06  1.919E-07  3.401E-07  6.031E-07
                2.100E-07  7.083E-07  3.788E-07  3.307E-08  4.561E-07  2.819E-07
                5.091E-07  5.685E-07  4.223E-07  1.987E-07  5.939E-07  6.260E-07
                5.081E-07  7.002E-08  1.803E-06  7.323E-07  6.954E-08  4.819E-07
                2.392E-10  2.880E-08  1.521E-07  7.640E-07  2.079E-06  1.109E-07
                8.967E-07  6.812E-08  7.945E-08  8.104E-08  8.826E-08  1.321E-06
                4.626E-06  1.104E-08  2.701E-07  4.494E-07  1.968E-08  2.149E-08
                4.264E-07  1.260E-07  1.391E-07  2.840E-06  8.283E-07  3.540E-07
                2.300E-07  7.974E-10  2.672E-09  1.209E-10  6.340E-08  2.616E-07
                3.306E-08  3.272E-08  1.838E-07  6.121E-07  1.021E-06  1.697E-06
                5.833E-07  2.296E-07  2.507E-08  6.753E-08  1.337E-07  3.445E-08
                8.859E-08  1.321E-08  3.122E-07  8.573E-07  1.587E-07  4.987E-08
                1.036E-06  4.584E-06  4.886E-11  3.062E-10  6.506E-10  5.839E-10
                1.005E-10  2.785E-08  1.839E-07  3.917E-07  1.090E-07  2.735E-08
                3.680E-07  1.091E-06  3.733E-07  2.125E-06  7.843E-09  3.975E-08
                9.296E-08  1.984E-07  5.252E-08  1.578E-08  3.721E-08  1.010E-07
                1.413E-08  2.289E-07  1.042E-06  2.808E-07  7.454E-07  9.827E-09
                9.011E-06  2.770E-07  2.011E-07  1.461E-07  8.588E-09  5.459E-08
                1.420E-07  1.425E-07  2.446E-06  1.413E-07  1.587E-07  9.243E-07
                1.332E-07  4.863E-08  8.816E-07  5.489E-06  2.279E-07  5.975E-07
                5.044E-07  1.548E-08  3.698E-08  6.816E-08  7.578E-08  1.029E-08
                3.107E-08  7.657E-08  1.823E-07  6.823E-08  1.298E-08  8.839E-08
                4.113E-07  1.778E-06  3.649E-08  4.399E-08  1.593E-07  4.375E-07
                8.465E-08  1.920E-06  8.331E-07  9.595E-08  1.350E-07  2.112E-08
                1.136E-06  1.291E-07  2.325E-08  1.965E-07  7.358E-08  4.920E-08
                2.086E-07  1.866E-07  5.706E-07  3.045E-06  5.111E-08  5.991E-08
                2.860E-08  9.668E-09  5.307E-08  3.469E-08  5.899E-08  2.500E-07
                1.231E-07  4.279E-08  1.741E-07  5.386E-07  1.473E-06  8.754E-08
                1.331E-07  7.441E-08  6.297E-08  8.865E-08  1.300E-07  4.296E-08
                2.745E-08  5.168E-08  1.351E-06  1.098E-07  3.540E-07  4.723E-06
                3.957E-08  1.321E-08  7.392E-08  2.289E-07  5.545E-07  5.697E-08
                8.675E-08  1.159E-07  6.721E-09  2.640E-08  2.884E-08  1.794E-08
                6.637E-07  2.028E-07  3.195E-07  1.860E-07  1.192E-06  7.781E-09
                1.545E-08  1.046E-07  1.479E-08  1.226E-06  1.089E-07
1.90626099E+02  1.042E-03  3.381E-04  1.102E-03  9.470E-05  4.657E-04  3.898E-03
                4.559E-04  3.447E-07  3.652E-05  1.210E-05  3.571E-07  2.103E-03
                5.917E-07  3.455E-05  5.017E-06  1.454E-07  2.598E-07  5.081E-07
                1.552E-07  5.715E-07  2.608E-07  2.593E-08  3.558E-07  2.634E-07
                4.674E-07  5.195E-07  3.884E-07  1.302E-07  4.090E-07  4.479E-07
                4.416E-07  4.721E-08  1.184E-06  5.634E-07  4.426E-08  3.201E-07
                1.882E-10  2.117E-08  1.115E-07  5.253E-07  1.418E-06  7.323E-08
                5.937E-07  5.731E-08  6.570E-08  6.453E-08  6.339E-08  1.135E-06
                3.215E-06  7.416E-09  2.233E-07  3.852E-07  1.439E-08  1.362E-08
                2.818E-07  8.311E-08  1.098E-07  2.369E-06  6.125E-07  2.459E-07
                1.545E-07  7.468E-10  2.320E-09  9.580E-11  4.885E-08  1.763E-07
                2.300E-08  2.288E-08  1.294E-07  4.253E-07  6.971E-07  1.332E-06
                5.133E-07  2.233E-07  1.843E-08  4.537E-08  9.310E-08  2.244E-08
                6.860E-08  1.098E-08  2.420E-07  6.594E-07  1.085E-07  3.407E-08
                7.050E-07  3.111E-06  3.788E-11  2.369E-10  4.953E-10  4.334E-10
                8.077E-11  2.087E-08  1.335E-07  2.916E-07  8.328E-08  1.828E-08
                2.976E-07  8.974E-07  2.501E-07  1.437E-06  6.013E-09  3.128E-08
                7.034E-08  1.473E-07  4.889E-08  1.447E-08  2.999E-08  7.923E-08
                1.121E-08  1.782E-07  9.977E-07  2.707E-07  5.690E-07  8.042E-09
                6.890E-06  2.068E-07  1.627E-07  1.168E-07  6.853E-09  4.304E-08
                1.099E-07  1.086E-07  1.648E-06  1.280E-07  1.454E-07  6.721E-07
                9.297E-08  3.909E-08  6.829E-07  4.239E-06  2.103E-07  5.569E-07
                3.668E-07  1.337E-08  3.149E-08  5.734E-08  6.332E-08  8.323E-09
                2.647E-08  6.646E-08  1.597E-07  4.937E-08  1.030E-08  6.950E-08
                3.217E-07  1.396E-06  2.974E-08  3.587E-08  1.362E-07  3.200E-07
                5.969E-08  1.482E-06  6.403E-07  7.368E-08  1.141E-07  1.652E-08
                8.651E-07  1.023E-07  1.635E-08  1.466E-07  5.328E-08  3.802E-08
                1.655E-07  1.550E-07  4.583E-07  2.414E-06  4.069E-08  4.844E-08
                2.375E-08  8.082E-09  5.014E-08  2.723E-08  4.585E-08  2.457E-07
                9.379E-08  3.542E-08  1.396E-07  4.220E-07  1.139E-06  6.971E-08
                1.020E-07  6.150E-08  4.582E-08  6.840E-08  9.640E-08  3.311E-08
                2.577E-08  4.120E-08  1.103E-06  1.011E-07  2.842E-07  3.834E-06
                2.977E-08  1.021E-08  6.327E-08  1.766E-07  4.179E-07  5.281E-08
                7.775E-08  9.404E-08  3.853E-09  1.148E-08  1.945E-08  1.379E-08
                5.464E-07  1.657E-07  2.577E-07  1.479E-07  9.746E-07  5.735E-09
                1.079E-08  8.660E-08  1.221E-08  1.010E-06  8.840E-08
2.04234099E+02  7.970E-04  2.545E-04  8.282E-04  6.993E-05  3.446E-04  2.877E-03
                3.365E-04  3.495E-07  2.734E-05  9.265E-06  2.445E-07  1.585E-03
                3.928E-07  2.116E-05  3.066E-06  1.044E-07  1.929E-07  4.525E-07
                1.073E-07  5.002E-07  2.082E-07  2.321E-08  2.982E-07  8.766E-08
                1.699E-07  2.039E-07  1.857E-07  8.987E-08  2.998E-07  3.146E-07
                1.948E-07  3.761E-08  1.108E-06  3.756E-07  3.204E-08  2.597E-07
                1.299E-10  1.446E-08  8.397E-08  4.110E-07  1.111E-06  5.894E-08
                4.843E-07  5.112E-08  5.790E-08  5.674E-08  5.367E-08  1.070E-06
                2.592E-06  7.042E-09  1.988E-07  3.621E-07  1.233E-08  1.435E-08
                2.221E-07  6.493E-08  9.693E-08  2.128E-06  4.922E-07  1.798E-07
                1.180E-07  4.993E-10  2.005E-09  6.891E-11  3.748E-08  1.198E-07
                1.870E-08  1.677E-08  1.027E-07  3.423E-07  5.603E-07  9.661E-07
                3.424E-07  1.333E-07  1.656E-08  3.648E-08  7.168E-08  1.410E-08
                5.276E-08  7.691E-09  1.853E-07  5.113E-07  8.004E-08  2.687E-08
                6.041E-07  2.674E-06  2.869E-11  1.815E-10  3.869E-10  3.440E-10
                4.458E-11  1.632E-08  1.109E-07  2.285E-07  7.811E-08  2.417E-08
                2.335E-07  6.625E-07  2.183E-07  1.226E-06  4.948E-09  2.778E-08
                5.704E-08  1.219E-07  5.749E-08  1.494E-08  2.365E-08  6.404E-08
                9.019E-09  1.488E-07  6.141E-07  1.662E-07  4.238E-07  5.349E-09
                5.086E-06  1.818E-07  1.133E-07  8.982E-08  5.228E-09  3.204E-08
                8.421E-08  8.496E-08  1.468E-06  8.533E-08  1.004E-07  5.141E-07
                7.702E-08  2.568E-08  5.097E-07  3.190E-06  1.323E-07  3.495E-07
                3.136E-07  7.385E-09  1.780E-08  3.315E-08  3.472E-08  5.122E-09
                1.511E-08  3.684E-08  8.802E-08  4.440E-08  7.176E-09  5.228E-08
                2.471E-07  1.079E-06  1.708E-08  3.691E-08  1.275E-07  2.431E-07
                4.821E-08  1.158E-06  5.009E-07  5.731E-08  8.215E-08  1.161E-08
                7.013E-07  6.722E-08  1.195E-08  1.059E-07  4.656E-08  3.219E-08
                1.491E-07  1.143E-07  3.426E-07  1.877E-06  2.334E-08  3.173E-08
                1.485E-08  4.719E-09  3.364E-08  2.063E-08  3.512E-08  1.628E-07
                7.433E-08  2.279E-08  1.006E-07  3.215E-07  8.913E-07  5.180E-08
                8.233E-08  4.652E-08  3.510E-08  5.760E-08  8.777E-08  2.163E-08
                1.968E-08  2.701E-08  7.926E-07  7.488E-08  2.108E-07  2.725E-06
                2.393E-08  7.861E-09  4.226E-08  1.305E-07  3.159E-07  3.489E-08
                4.949E-08  6.474E-08  6.454E-09  2.635E-08  1.582E-08  1.098E-08
                4.175E-07  1.256E-07  1.902E-07  1.086E-07  7.275E-07  4.757E-09
                1.056E-08  6.572E-08  8.761E-09  7.555E-07  6.761E-08
