          16           7
         215          13           1           1
           0          -4           0          -4           0          -6           0          -2           0          -4           0           6           0           4           0           2           0           4           0           6           0           2           0           4           0           2           0          -4           0          -2           0           2           0           4           0           6           0           2           0           4           0           6           0           4           0          -2           0          -2           0          -4           0          -6           0          -8           0          -2           0          -4           0          -6           0          -4           0           2           0          -4           0          -6           0          -2           0          -4           0          -6           0          -6           0          -8           0          -4           0          -6           0          -2           0          -4           0           4           0           6           0           8           0          10           0           4           0          -4           0           2           0           6           0           4           0           8           0           2           0          -4           0          -2           0           6           0           6           0           4           0           2           0           8           0           4           0           6           0           8           0           4           0           6           0           8           0          10           0           4           0           6           0           8           0           6           0           4           0           2           0           6           0           2           0           4           0           2           0          -4           0          -2           0          -6           0          -8           0           6           0           4           0          -4           0          -6           0          -2           0          -4           0          -6           0          -8           0         -10           0          -2           0          -4           0          -6           0          -4           0          -2           0          -6           0          -8           0          -2           0          -4           0           2           0           4           0           6           0           8           0           4           0           4           0           6           0           8           0           2           0          10           0           8           0           6           0           4           0           2           0           6           0           6           0           4           0           4           0           2           0           4           0           6           0           8           0          -4           0           2           0           4           0          -6           0          -4           0           2           0           4           0           6           0           4           0           6           0          -2           0          -4           0          -6           0          -8           0         -10           0          -6           0          -8           0         -10           0         -12           0           2           0          -2           0          -4           0          -6           0          -8           0          -2           0          -8           0         -10           0          -4           0          -2           0          -6           0          -4           0          -2           0          -4           0          -2           0          -4           0          -6           0          -4           0          -8           0          -6           0           2           0           4           0           2           0           4           0           6           0         -10           0          -8           0          -6           0          -4           0           6           0          -2           0          -4           0           8           0          -6           0          -2           0          -4           0          -6           0          -8           0           4           0           6           0          -4           0          -6           0          -6           0          -8           0          -2           0           2           0          -4           0           4           0           6           0           4           0           4           0           2           0           2           0          -4           0          -6           0          -8           0          -2           0          -4           0          -6           0          -8           0         -10           0          -8           0          -6           0          -4           0          -2           0          -2           0          -4           0          -6           0          -6           0          -8           0          -4           0          -2           0          -6           0          -4
    0.000000E+00    9.645106E-03    9.843162E-03    1.435602E-02    1.458263E-02
    4.247197E-02    4.320385E-02    4.360158E-02    5.944295E-02    5.948713E-02
    6.922989E-02    7.316769E-02    7.411300E-02    1.134727E-01    1.147319E-01
    2.354040E-01    2.358931E-01    2.366026E-01    2.382857E-01    2.391328E-01
    2.438023E-01    2.438287E-01    2.461520E-01    2.471700E-01    2.474363E-01
    2.479076E-01    2.485433E-01    2.486026E-01    2.487216E-01    2.491410E-01
    2.502551E-01    2.507374E-01    2.510783E-01    2.511300E-01    2.524691E-01
    2.524772E-01    2.554279E-01    2.561102E-01    2.563381E-01    2.591442E-01
    2.591854E-01    2.609226E-01    2.615363E-01    2.619649E-01    2.622131E-01
    2.625883E-01    2.631076E-01    2.632646E-01    2.633261E-01    2.634365E-01
    2.637297E-01    2.638533E-01    2.640096E-01    2.643758E-01    2.644930E-01
    2.645338E-01    2.648466E-01    2.652759E-01    2.655531E-01    2.656939E-01
    2.657640E-01    2.676748E-01    2.677713E-01    2.679166E-01    2.688115E-01
    2.690337E-01    2.711118E-01    2.712141E-01    2.720014E-01    2.721113E-01
    2.724223E-01    2.724984E-01    2.725578E-01    2.726085E-01    2.727219E-01
    2.737570E-01    2.740430E-01    2.746587E-01    2.763855E-01    2.763956E-01
    2.763957E-01    2.764682E-01    2.789238E-01    2.791446E-01    2.808157E-01
    2.808428E-01    2.816082E-01    2.816156E-01    2.816277E-01    2.816445E-01
    2.816660E-01    2.832213E-01    2.832636E-01    2.833497E-01    2.872720E-01
    2.872722E-01    2.872783E-01    2.873017E-01    2.873787E-01    2.874354E-01
    2.875828E-01    2.876419E-01    2.877951E-01    2.879672E-01    2.884374E-01
    2.885530E-01    2.886000E-01    2.886971E-01    2.887362E-01    2.888178E-01
    2.901974E-01    2.902310E-01    2.934227E-01    2.936053E-01    2.936679E-01
    2.948139E-01    2.948751E-01    2.949134E-01    2.954910E-01    2.955387E-01
    2.955818E-01    2.956302E-01    2.974080E-01    2.974265E-01    2.978254E-01
    2.979930E-01    2.980044E-01    2.981863E-01    2.981951E-01    2.982014E-01
    2.986863E-01    2.989406E-01    2.997979E-01    3.013547E-01    3.014398E-01
    3.015665E-01    3.017420E-01    3.025165E-01    3.025355E-01    3.025686E-01
    3.026262E-01    3.032771E-01    3.036433E-01    3.036673E-01    3.036996E-01
    3.037196E-01    3.041292E-01    3.046134E-01    3.046301E-01    3.048276E-01
    3.048611E-01    3.049614E-01    3.051740E-01    3.052844E-01    3.060373E-01
    3.062721E-01    3.065126E-01    3.067251E-01    3.072820E-01    3.083217E-01
    3.083847E-01    3.085481E-01    3.086063E-01    3.093086E-01    3.093690E-01
    3.093750E-01    3.093804E-01    3.094500E-01    3.095030E-01    3.095365E-01
    3.096086E-01    3.096683E-01    3.098305E-01    3.098337E-01    3.100372E-01
    3.110986E-01    3.111053E-01    3.111248E-01    3.111449E-01    3.124031E-01
    3.124222E-01    3.126400E-01    3.132139E-01    3.132929E-01    3.134326E-01
    3.163175E-01    3.165548E-01    3.167011E-01    3.167161E-01    3.173537E-01
    3.174815E-01    3.194473E-01    3.198310E-01    3.206567E-01    3.235572E-01
    3.235827E-01    3.236877E-01    3.236885E-01    3.238034E-01    3.239013E-01
    3.239634E-01    3.240075E-01    3.245628E-01    3.245933E-01    3.263728E-01
    3.264517E-01    3.271738E-01    3.284075E-01    3.287843E-01    3.314323E-01
    3.314556E-01    3.324856E-01    3.325179E-01    3.327131E-01    3.333147E-01
           0           4           0           1
  -28.010499495533246               13
2.93712995E+01  2.947E-01  9.586E-02  3.192E-01  2.792E-02  1.338E-01
4.29792995E+01  1.157E-01  3.705E-02  1.207E-01  1.071E-02  5.073E-02  8.066E-02
                9.754E-03  2.381E-04  1.230E-03  9.204E-04  1.168E-04  3.481E-02
                1.914E-04  2.351E-03  3.540E-04
5.65872995E+01  5.149E-02  1.659E-02  5.416E-02  4.616E-03  2.259E-02  5.006E-02
                5.870E-03  2.459E-05  4.884E-04  2.873E-04  3.687E-05  2.317E-02
                3.496E-05  1.201E-03  1.743E-04  1.226E-05  1.936E-05  1.778E-05
                1.283E-05  1.988E-05  1.060E-05  6.117E-07  2.208E-05  2.980E-06
                7.073E-06  8.759E-06  7.488E-06  1.275E-05  3.637E-05  3.727E-05
                1.438E-05  2.057E-06  1.424E-04  3.659E-05  3.590E-06  2.584E-05
                8.876E-09  2.470E-06  1.524E-05  4.220E-05  1.224E-04  6.738E-06
                4.845E-05  7.554E-07  1.615E-06  3.019E-06  7.171E-06  1.407E-05
                1.454E-04  9.854E-07  1.019E-05  6.097E-06  1.872E-06  1.199E-06
                2.659E-05  8.664E-06  3.984E-06  8.399E-05  4.957E-05  2.449E-05
                1.559E-05  2.065E-08  3.216E-08  2.995E-09  4.777E-06  4.246E-05
                9.603E-07  7.109E-08  6.615E-06  2.112E-05  4.381E-05  2.005E-05
                9.273E-06  4.441E-06  1.686E-06  4.040E-06  1.230E-05  5.964E-06
                2.482E-06  4.110E-07  8.468E-06  2.366E-05  1.459E-05  2.627E-06
                2.480E-05  1.124E-04  1.342E-09  6.578E-09  1.482E-08  1.734E-08
                5.824E-09  7.665E-07  4.646E-06  8.632E-06  1.344E-06  5.419E-07
                3.197E-06  8.161E-06  8.855E-06  4.925E-05  1.935E-07  1.240E-06
                1.840E-06  3.632E-06  4.583E-06  1.054E-06  8.558E-07  2.387E-06
                4.613E-07  5.412E-06  2.956E-05  7.593E-06  1.370E-05  1.670E-07
                1.604E-04  4.405E-06  3.565E-06  2.550E-06  1.242E-07  1.010E-06
                2.491E-06  2.314E-06  6.442E-05  2.992E-06  3.187E-06  1.873E-05
                3.085E-06  1.440E-06  1.422E-05  8.418E-05  5.621E-06  1.475E-05
                1.222E-05  9.068E-07  2.281E-06  4.446E-06  6.933E-06  5.196E-07
                1.935E-06  4.997E-06  1.175E-05  1.690E-06  5.551E-07  2.442E-06
                9.263E-06  3.329E-05  1.509E-06  5.763E-06  2.230E-05  8.337E-06
                1.758E-06  3.757E-05  1.652E-05  2.224E-06  3.825E-06  1.047E-06
                1.792E-05  6.927E-06  1.793E-06  1.018E-05  4.543E-06  1.122E-06
                5.373E-06  6.162E-06  1.354E-05  5.841E-05  4.483E-06  3.049E-06
                1.456E-06  4.918E-07  1.460E-06  1.139E-06  2.101E-06  5.882E-06
                3.447E-06  1.730E-06  4.398E-06  1.057E-05  2.785E-05  1.494E-06
                2.100E-06  4.632E-06  4.391E-06  6.310E-06  1.034E-05  1.995E-06
                4.971E-07  2.115E-06  1.648E-05  3.345E-06  4.354E-06  5.001E-05
                6.702E-07  4.492E-07  8.501E-06  1.797E-05  3.364E-05  7.786E-06
                9.564E-06  9.732E-06  9.795E-07  2.131E-06  1.501E-06  9.260E-07
                4.450E-06  1.478E-06  2.425E-06  4.688E-06  1.962E-05  3.330E-07
                7.285E-07  1.132E-06  2.731E-07  1.382E-05  2.030E-06
7.01952995E+01  2.740E-02  8.791E-03  2.869E-02  2.439E-03  1.195E-02  3.355E-02
                3.931E-03  1.300E-05  3.232E-04  1.687E-04  1.789E-05  1.610E-02
                1.876E-05  6.685E-04  9.688E-05  6.292E-06  1.015E-05  9.571E-06
                7.372E-06  1.225E-05  8.089E-06  4.513E-07  9.468E-06  1.631E-06
                3.731E-06  4.444E-06  3.168E-06  7.023E-06  1.847E-05  1.953E-05
                7.220E-06  1.555E-06  5.696E-05  1.746E-05  1.974E-06  1.280E-05
                6.476E-09  1.139E-06  6.796E-06  1.923E-05  5.609E-05  3.073E-06
                2.281E-05  3.327E-07  6.676E-07  1.183E-06  2.778E-06  5.557E-06
                8.092E-05  3.983E-07  3.780E-06  2.407E-06  6.952E-07  4.563E-07
                1.228E-05  4.010E-06  1.795E-06  3.067E-05  2.049E-05  1.121E-05
                7.280E-06  1.122E-08  1.858E-08  1.978E-09  1.546E-06  1.308E-05
                5.697E-07  1.318E-07  3.596E-06  1.197E-05  2.356E-05  1.444E-05
                5.657E-06  2.508E-06  7.278E-07  1.630E-06  4.143E-06  1.905E-06
                1.548E-06  2.234E-07  5.599E-06  1.559E-05  5.298E-06  1.132E-06
                1.509E-05  6.758E-05  6.156E-10  3.469E-09  8.225E-09  9.748E-09
                2.636E-09  5.251E-07  3.088E-06  6.216E-06  7.531E-07  2.238E-07
                2.285E-06  6.516E-06  5.357E-06  3.017E-05  7.802E-08  4.263E-07
                9.199E-07  1.918E-06  7.470E-07  2.222E-07  4.813E-07  1.252E-06
                2.119E-07  2.608E-06  1.698E-05  4.406E-06  7.692E-06  1.188E-07
                9.187E-05  2.622E-06  2.121E-06  1.382E-06  9.006E-08  6.687E-07
                1.588E-06  1.479E-06  3.856E-05  1.583E-06  1.686E-06  1.323E-05
                1.986E-06  6.962E-07  8.316E-06  5.052E-05  3.275E-06  8.530E-06
                8.375E-06  4.394E-07  1.094E-06  2.073E-06  3.016E-06  2.600E-07
                9.745E-07  2.550E-06  6.063E-06  9.839E-07  2.529E-07  1.196E-06
                4.757E-06  1.799E-05  7.609E-07  2.030E-06  8.138E-06  6.002E-06
                1.169E-06  1.999E-05  8.809E-06  1.115E-06  1.971E-06  5.105E-07
                1.049E-05  3.147E-06  8.263E-07  5.454E-06  2.051E-06  5.061E-07
                2.154E-06  3.296E-06  7.503E-06  3.119E-05  2.797E-06  2.253E-06
                1.290E-06  5.921E-07  8.173E-07  4.861E-07  8.673E-07  3.179E-06
                1.454E-06  1.589E-06  3.476E-06  6.580E-06  1.410E-05  8.558E-07
                1.025E-06  2.001E-06  2.004E-06  2.569E-06  4.051E-06  1.085E-06
                1.767E-07  1.103E-06  1.060E-05  1.590E-06  2.834E-06  3.501E-05
                3.062E-07  1.734E-07  3.584E-06  7.654E-06  1.462E-05  3.175E-06
                4.161E-06  4.260E-06  2.921E-07  4.875E-07  7.952E-07  4.275E-07
                4.317E-06  1.388E-06  2.334E-06  2.575E-06  1.175E-05  3.634E-07
                8.278E-07  7.570E-07  1.981E-07  8.085E-06  1.218E-06
8.38032995E+01  1.596E-02  5.104E-03  1.667E-02  1.412E-03  6.929E-03  2.361E-02
                2.765E-03  7.506E-06  2.256E-04  1.072E-04  9.727E-06  1.165E-02
                1.079E-05  4.061E-04  5.885E-05  3.573E-06  5.866E-06  5.778E-06
                4.381E-06  7.681E-06  5.533E-06  3.128E-07  5.089E-06  1.105E-06
                2.420E-06  2.832E-06  1.853E-06  4.182E-06  1.061E-05  1.151E-05
                4.252E-06  1.055E-06  2.699E-05  9.489E-06  1.169E-06  7.092E-06
                4.335E-09  6.040E-07  3.529E-06  9.979E-06  2.904E-05  1.589E-06
                1.209E-05  1.866E-07  3.338E-07  5.492E-07  1.283E-06  4.036E-06
                4.797E-05  1.950E-07  1.964E-06  1.603E-06  3.568E-07  2.206E-07
                6.399E-06  2.097E-06  1.030E-06  1.745E-05  1.148E-05  6.488E-06
                3.944E-06  7.340E-09  1.303E-08  1.337E-09  6.862E-07  5.488E-06
                3.600E-07  1.628E-07  2.221E-06  7.418E-06  1.385E-05  1.078E-05
                4.110E-06  1.766E-06  3.666E-07  9.292E-07  1.999E-06  8.065E-07
                1.037E-06  1.396E-07  3.836E-06  1.065E-05  2.617E-06  6.503E-07
                9.509E-06  4.243E-05  3.723E-10  2.213E-09  5.148E-09  5.725E-09
                1.444E-09  3.606E-07  2.128E-06  4.386E-06  5.079E-07  1.265E-07
                1.684E-06  4.927E-06  3.354E-06  1.904E-05  5.220E-08  2.546E-07
                6.466E-07  1.359E-06  1.909E-07  8.857E-08  3.333E-07  8.561E-07
                1.265E-07  1.754E-06  1.154E-05  2.988E-06  4.840E-06  7.707E-08
                5.821E-05  1.905E-06  1.433E-06  9.391E-07  5.868E-08  4.496E-07
                1.071E-06  1.021E-06  2.453E-05  1.140E-06  1.211E-06  8.721E-06
                1.269E-06  4.332E-07  5.298E-06  3.213E-05  2.310E-06  5.999E-06
                5.659E-06  2.246E-07  5.488E-07  1.035E-06  1.449E-06  1.319E-07
                4.699E-07  1.211E-06  2.877E-06  6.487E-07  1.392E-07  7.032E-07
                2.877E-06  1.131E-05  4.139E-07  7.876E-07  3.168E-06  3.972E-06
                7.586E-07  1.250E-05  5.495E-06  6.700E-07  1.137E-06  2.838E-07
                7.074E-06  1.620E-06  4.010E-07  3.080E-06  1.017E-06  3.214E-07
                1.217E-06  2.201E-06  4.955E-06  1.903E-05  9.153E-07  7.227E-07
                3.484E-07  1.243E-07  5.168E-07  2.709E-07  4.785E-07  2.071E-06
                8.968E-07  4.592E-07  1.364E-06  3.613E-06  9.592E-06  5.370E-07
                6.774E-07  1.027E-06  9.899E-07  1.224E-06  1.913E-06  6.469E-07
                9.881E-08  6.642E-07  7.408E-06  9.532E-07  2.001E-06  2.519E-05
                2.243E-07  1.071E-07  1.575E-06  3.649E-06  7.320E-06  1.359E-06
                1.835E-06  1.985E-06  9.622E-08  1.376E-07  4.478E-07  2.197E-07
                3.265E-06  1.042E-06  1.772E-06  1.407E-06  6.968E-06  9.566E-08
                1.743E-07  5.775E-07  1.384E-07  6.460E-06  6.442E-07
9.74112995E+01  9.982E-03  3.195E-03  1.044E-02  8.848E-04  4.343E-03  1.739E-02
                2.035E-03  4.513E-06  1.649E-04  7.249E-05  5.502E-06  8.723E-03
                6.628E-06  2.659E-04  3.853E-05  2.054E-06  3.417E-06  3.530E-06
                2.575E-06  4.808E-06  3.590E-06  2.087E-07  3.096E-06  8.647E-07
                1.798E-06  2.073E-06  1.324E-06  2.555E-06  6.416E-06  7.014E-06
                2.757E-06  6.839E-07  1.460E-05  5.632E-06  7.278E-07  4.278E-06
                2.788E-09  3.459E-07  1.977E-06  5.770E-06  1.667E-05  9.143E-07
                7.108E-06  1.408E-07  2.154E-07  3.139E-07  6.778E-07  3.415E-06
                3.053E-05  1.103E-07  1.245E-06  1.268E-06  2.008E-07  1.256E-07
                3.696E-06  1.207E-06  6.723E-07  1.168E-05  6.734E-06  3.742E-06
                2.286E-06  4.713E-09  9.378E-09  9.266E-10  3.735E-07  2.760E-06
                2.329E-07  1.510E-07  1.384E-06  4.638E-06  8.452E-06  8.036E-06
                3.001E-06  1.260E-06  2.099E-07  5.484E-07  1.109E-06  4.058E-07
                7.040E-07  9.332E-08  2.612E-06  7.232E-06  1.457E-06  3.913E-07
                6.327E-06  2.830E-05  2.482E-10  1.508E-09  3.465E-09  3.711E-09
                8.423E-10  2.441E-07  1.470E-06  3.029E-06  3.714E-07  8.607E-08
                1.277E-06  3.793E-06  2.255E-06  1.277E-05  3.890E-08  1.823E-07
                4.807E-07  1.014E-06  9.907E-08  5.682E-08  2.360E-07  6.080E-07
                8.558E-08  1.250E-06  7.893E-06  2.051E-06  3.352E-06  5.185E-08
                4.036E-05  1.395E-06  1.027E-06  6.884E-07  4.435E-08  3.302E-07
                7.881E-07  7.817E-07  1.653E-05  8.411E-07  8.952E-07  5.772E-06
                8.395E-07  3.130E-07  3.760E-06  2.271E-05  1.617E-06  4.215E-06
                3.883E-06  1.257E-07  3.058E-07  5.750E-07  7.773E-07  7.510E-08
                2.552E-07  6.494E-07  1.539E-06  4.350E-07  8.523E-08  4.601E-07
                1.946E-06  7.853E-06  2.521E-07  3.430E-07  1.374E-06  2.635E-06
                5.057E-07  8.603E-06  3.777E-06  4.506E-07  7.315E-07  1.713E-07
                5.076E-06  9.523E-07  2.294E-07  1.839E-06  5.821E-07  2.284E-07
                8.335E-07  1.478E-06  3.387E-06  1.293E-05  5.147E-07  4.298E-07
                2.058E-07  7.364E-08  3.464E-07  1.754E-07  3.030E-07  1.413E-06
                5.895E-07  2.766E-07  8.891E-07  2.471E-06  6.632E-06  3.723E-07
                5.112E-07  5.738E-07  5.685E-07  6.717E-07  1.032E-06  3.953E-07
                6.862E-08  4.117E-07  5.410E-06  6.258E-07  1.455E-06  1.882E-05
                1.765E-07  7.482E-08  7.795E-07  1.983E-06  4.218E-06  6.331E-07
                9.013E-07  1.056E-06  3.732E-08  5.519E-08  2.648E-07  1.259E-07
                2.506E-06  7.940E-07  1.348E-06  9.506E-07  5.049E-06  5.741E-08
                1.037E-07  4.285E-07  9.114E-08  4.835E-06  4.564E-07
1.11019299E+02  6.562E-03  2.100E-03  6.862E-03  5.806E-04  2.851E-03  1.297E-02
                1.518E-03  3.129E-06  1.228E-04  5.148E-05  3.427E-06  6.605E-03
                4.258E-06  1.752E-04  2.538E-05  1.194E-06  2.026E-06  2.250E-06
                1.546E-06  3.150E-06  2.422E-06  1.442E-07  2.186E-06  6.636E-07
                1.349E-06  1.559E-06  1.015E-06  1.629E-06  4.138E-06  4.538E-06
                1.871E-06  4.586E-07  8.908E-06  3.597E-06  4.749E-07  2.773E-06
                1.856E-09  2.116E-07  1.190E-06  3.617E-06  1.031E-05  5.688E-07
                4.490E-06  1.099E-07  1.519E-07  2.006E-07  3.941E-07  2.822E-06
                2.041E-05  6.602E-08  8.597E-07  1.011E-06  1.163E-07  8.166E-08
                2.284E-06  7.443E-07  4.669E-07  8.410E-06  4.311E-06  2.341E-06
                1.421E-06  3.455E-09  7.409E-09  6.409E-10  2.347E-07  1.585E-06
                1.601E-07  1.204E-07  9.250E-07  3.109E-06  5.568E-06  6.046E-06
                2.326E-06  9.885E-07  1.325E-07  3.655E-07  7.000E-07  2.321E-07
                5.093E-07  6.768E-08  1.888E-06  5.217E-06  9.071E-07  2.573E-07
                4.370E-06  1.958E-05  1.778E-10  1.102E-09  2.507E-09  2.605E-09
                5.427E-10  1.753E-07  1.068E-06  2.190E-06  2.935E-07  6.772E-08
                1.017E-06  3.035E-06  1.569E-06  8.845E-06  3.015E-08  1.395E-07
                3.694E-07  7.814E-07  7.452E-08  4.430E-08  1.790E-07  4.607E-07
                6.105E-08  9.515E-07  6.005E-06  1.566E-06  2.363E-06  3.857E-08
                2.836E-05  1.044E-06  7.573E-07  5.262E-07  3.406E-08  2.485E-07
                5.920E-07  6.020E-07  1.143E-05  6.640E-07  7.059E-07  3.956E-06
                5.741E-07  2.313E-07  2.697E-06  1.622E-05  1.228E-06  3.224E-06
                2.781E-06  8.205E-08  1.981E-07  3.697E-07  4.808E-07  4.911E-08
                1.621E-07  4.092E-07  9.704E-07  3.027E-07  5.598E-08  3.233E-07
                1.412E-06  5.829E-06  1.642E-07  1.995E-07  7.878E-07  1.813E-06
                3.477E-07  6.387E-06  2.796E-06  3.302E-07  5.000E-07  1.098E-07
                3.778E-06  6.077E-07  1.407E-07  1.198E-06  3.825E-07  1.777E-07
                6.212E-07  1.115E-06  2.505E-06  9.137E-06  3.274E-07  2.903E-07
                1.399E-07  4.986E-08  2.664E-07  1.241E-07  2.126E-07  1.121E-06
                4.245E-07  1.938E-07  6.471E-07  1.829E-06  4.912E-06  2.656E-07
                3.914E-07  3.859E-07  3.618E-07  4.488E-07  6.727E-07  2.567E-07
                5.834E-08  2.728E-07  3.963E-06  4.782E-07  1.061E-06  1.394E-05
                1.402E-07  5.578E-08  4.662E-07  1.247E-06  2.729E-06  3.718E-07
                5.422E-07  6.585E-07  2.104E-08  3.645E-08  1.645E-07  7.790E-08
                1.954E-06  6.152E-07  1.025E-06  6.851E-07  3.802E-06  3.776E-08
                6.976E-08  3.254E-07  6.330E-08  3.713E-06  3.477E-07
1.24627299E+02  4.501E-03  1.444E-03  4.718E-03  4.002E-04  1.966E-03  1.021E-02
                1.194E-03  1.947E-06  9.611E-05  3.778E-05  2.133E-06  5.263E-03
                2.852E-06  1.281E-04  1.857E-05  7.759E-07  1.324E-06  1.570E-06
                9.801E-07  2.134E-06  1.560E-06  9.870E-08  1.461E-06  6.473E-07
                1.235E-06  1.393E-06  9.246E-07  1.023E-06  2.641E-06  2.892E-06
                1.467E-06  2.943E-07  5.602E-06  2.441E-06  3.069E-07  1.804E-06
                1.206E-09  1.332E-07  7.323E-07  2.379E-06  6.680E-06  3.679E-07
                2.949E-06  9.889E-08  1.263E-07  1.503E-07  2.539E-07  2.379E-06
                1.411E-05  3.995E-08  6.336E-07  8.329E-07  7.159E-08  5.290E-08
                1.474E-06  4.734E-07  3.399E-07  6.375E-06  2.856E-06  1.494E-06
                9.119E-07  2.440E-09  5.738E-09  4.497E-10  1.617E-07  9.807E-07
                1.096E-07  9.577E-08  6.284E-07  2.100E-06  3.668E-06  4.545E-06
                1.718E-06  7.239E-07  8.352E-08  2.331E-07  4.508E-07  1.422E-07
                3.407E-07  4.648E-08  1.253E-06  3.454E-06  5.819E-07  1.705E-07
                3.071E-06  1.374E-05  1.315E-10  8.184E-10  1.826E-09  1.827E-09
                3.815E-10  1.152E-07  7.090E-07  1.471E-06  2.304E-07  5.151E-08
                8.113E-07  2.435E-06  1.102E-06  6.241E-06  2.215E-08  1.034E-07
                2.715E-07  5.745E-07  6.401E-08  3.174E-08  1.239E-07  3.242E-07
                4.448E-08  6.808E-07  4.080E-06  1.070E-06  1.811E-06  2.692E-08
                2.180E-05  7.562E-07  5.618E-07  3.919E-07  2.542E-08  1.787E-07
                4.314E-07  4.418E-07  7.901E-06  4.766E-07  5.110E-07  2.820E-06
                4.061E-07  1.692E-07  2.098E-06  1.269E-05  8.443E-07  2.215E-06
                1.864E-06  5.730E-08  1.372E-07  2.540E-07  3.185E-07  3.522E-08
                1.125E-07  2.816E-07  6.681E-07  2.096E-07  3.923E-08  2.368E-07
                1.055E-06  4.415E-06  1.123E-07  1.337E-07  5.204E-07  1.301E-06
                2.491E-07  4.810E-06  2.100E-06  2.460E-07  3.585E-07  7.312E-08
                2.852E-06  4.076E-07  9.058E-08  7.833E-07  2.553E-07  1.300E-07
                4.693E-07  7.289E-07  1.754E-06  7.039E-06  2.170E-07  2.030E-07
                9.849E-08  3.493E-08  1.796E-07  9.153E-08  1.555E-07  7.725E-07
                3.146E-07  1.379E-07  4.784E-07  1.377E-06  3.701E-06  2.076E-07
                3.139E-07  2.619E-07  2.391E-07  3.032E-07  4.491E-07  1.696E-07
                4.923E-08  1.844E-07  3.163E-06  3.280E-07  8.384E-07  1.118E-05
                1.070E-07  4.019E-08  2.950E-07  8.209E-07  1.849E-06  2.315E-07
                3.437E-07  4.292E-07  1.317E-08  2.794E-08  1.096E-07  5.428E-08
                1.531E-06  4.786E-07  7.928E-07  5.104E-07  2.938E-06  2.499E-08
                4.627E-08  2.504E-07  4.429E-08  2.903E-06  2.681E-07
1.38235299E+02  3.186E-03  1.021E-03  3.336E-03  2.822E-04  1.387E-03  7.870E-03
                9.209E-04  1.523E-06  7.422E-05  2.854E-05  1.451E-06  4.102E-03
                1.943E-06  8.812E-05  1.276E-05  4.651E-07  8.158E-07  1.102E-06
                6.021E-07  1.510E-06  1.100E-06  7.295E-08  1.133E-06  4.268E-07
                8.259E-07  9.478E-07  6.582E-07  6.724E-07  1.798E-06  1.956E-06
                9.763E-07  2.066E-07  4.085E-06  1.676E-06  2.087E-07  1.274E-06
                8.192E-10  8.684E-08  4.768E-07  1.683E-06  4.677E-06  2.584E-07
                2.089E-06  8.930E-08  1.094E-07  1.222E-07  1.793E-07  2.018E-06
                1.027E-05  2.696E-08  4.854E-07  6.972E-07  4.623E-08  4.137E-08
                1.020E-06  3.230E-07  2.623E-07  4.992E-06  2.001E-06  1.008E-06
                6.169E-07  1.847E-09  4.729E-09  3.138E-10  1.197E-07  6.458E-07
                7.961E-08  7.141E-08  4.477E-07  1.503E-06  2.601E-06  3.461E-06
                1.317E-06  5.530E-07  6.069E-08  1.697E-07  3.185E-07  9.186E-08
                2.558E-07  3.500E-08  9.358E-07  2.580E-06  4.018E-07  1.215E-07
                2.290E-06  1.026E-05  9.904E-11  6.230E-10  1.384E-09  1.358E-09
                2.537E-10  8.535E-08  5.375E-07  1.102E-06  1.902E-07  4.537E-08
                6.540E-07  1.953E-06  8.302E-07  4.670E-06  1.741E-08  8.172E-08
                2.099E-07  4.465E-07  5.994E-08  2.749E-08  9.540E-08  2.490E-07
                3.261E-08  5.286E-07  3.077E-06  8.111E-07  1.352E-06  2.098E-08
                1.621E-05  5.880E-07  4.230E-07  3.054E-07  1.936E-08  1.337E-07
                3.256E-07  3.373E-07  5.893E-06  3.695E-07  3.971E-07  2.040E-06
                2.967E-07  1.230E-07  1.576E-06  9.550E-06  6.395E-07  1.689E-06
                1.415E-06  3.924E-08  9.388E-08  1.735E-07  2.105E-07  2.453E-08
                7.689E-08  1.914E-07  4.545E-07  1.555E-07  2.809E-08  1.783E-07
                8.097E-07  3.436E-06  7.885E-08  9.416E-08  3.579E-07  9.449E-07
                1.826E-07  3.750E-06  1.633E-06  1.902E-07  2.678E-07  5.059E-08
                2.227E-06  2.866E-07  6.080E-08  5.342E-07  1.809E-07  1.039E-07
                3.774E-07  5.648E-07  1.343E-06  5.331E-06  1.454E-07  1.445E-07
                7.003E-08  2.455E-08  1.436E-07  6.959E-08  1.181E-07  6.357E-07
                2.424E-07  1.001E-07  3.623E-07  1.064E-06  2.878E-06  1.555E-07
                2.443E-07  1.863E-07  1.642E-07  2.182E-07  3.200E-07  1.152E-07
                4.405E-08  1.287E-07  2.385E-06  2.687E-07  6.320E-07  8.408E-06
                8.500E-08  3.102E-08  1.999E-07  5.724E-07  1.312E-06  1.567E-07
                2.342E-07  2.975E-07  1.063E-08  2.910E-08  7.320E-08  3.767E-08
                1.227E-06  3.810E-07  6.182E-07  3.875E-07  2.298E-06  1.780E-08
                3.359E-08  1.976E-07  3.256E-08  2.298E-06  2.117E-07
1.51843299E+02  2.351E-03  7.576E-04  2.473E-03  2.107E-04  1.035E-03  6.532E-03
                7.641E-04  1.005E-06  6.115E-05  2.233E-05  9.582E-07  3.412E-03
                1.389E-06  7.004E-05  1.015E-05  3.477E-07  6.056E-07  8.753E-07
                4.170E-07  1.114E-06  7.150E-07  5.230E-08  7.693E-07  4.709E-07
                8.581E-07  9.554E-07  6.675E-07  4.281E-07  1.179E-06  1.277E-06
                8.819E-07  1.335E-07  2.812E-06  1.262E-06  1.376E-07  8.611E-07
                5.207E-10  5.817E-08  3.093E-07  1.224E-06  3.358E-06  1.824E-07
                1.478E-06  8.030E-08  9.574E-08  1.019E-07  1.317E-07  1.715E-06
                7.482E-06  1.790E-08  3.859E-07  5.877E-07  3.211E-08  2.957E-08
                7.173E-07  2.214E-07  2.009E-07  4.010E-06  1.417E-06  6.759E-07
                4.187E-07  1.372E-09  3.784E-09  2.238E-10  9.382E-08  4.599E-07
                5.613E-08  5.462E-08  3.172E-07  1.055E-06  1.789E-06  2.695E-06
                9.918E-07  4.125E-07  4.079E-08  1.149E-07  2.252E-07  6.415E-08
                1.672E-07  2.416E-08  6.025E-07  1.655E-06  2.802E-07  8.528E-08
                1.657E-06  7.381E-06  7.732E-11  4.838E-10  1.047E-09  9.843E-10
                1.952E-10  5.428E-08  3.434E-07  7.234E-07  1.516E-07  3.401E-08
                5.361E-07  1.613E-06  5.952E-07  3.386E-06  1.265E-08  6.083E-08
                1.528E-07  3.244E-07  5.551E-08  2.085E-08  6.511E-08  1.729E-07
                2.396E-08  3.750E-07  2.065E-06  5.493E-07  1.116E-06  1.565E-08
                1.347E-05  4.288E-07  3.270E-07  2.312E-07  1.436E-08  9.565E-08
                2.383E-07  2.430E-07  4.094E-06  2.592E-07  2.835E-07  1.520E-06
                2.172E-07  9.000E-08  1.312E-06  8.040E-06  4.362E-07  1.147E-06
                9.169E-07  3.001E-08  7.128E-08  1.307E-07  1.539E-07  1.897E-08
                5.911E-08  1.471E-07  3.503E-07  1.100E-07  2.147E-08  1.387E-07
                6.347E-07  2.712E-06  6.080E-08  7.161E-08  2.724E-07  7.112E-07
                1.361E-07  2.939E-06  1.278E-06  1.482E-07  2.087E-07  3.654E-08
                1.729E-06  2.139E-07  4.220E-08  3.699E-07  1.274E-07  7.615E-08
                2.951E-07  3.558E-07  9.571E-07  4.430E-06  1.037E-07  1.080E-07
                5.265E-08  1.839E-08  9.601E-08  5.421E-08  9.183E-08  4.363E-07
                1.887E-07  7.599E-08  2.819E-07  8.356E-07  2.255E-06  1.307E-07
                1.988E-07  1.347E-07  1.153E-07  1.558E-07  2.262E-07  8.116E-08
                3.734E-08  9.326E-08  2.029E-06  1.841E-07  5.306E-07  7.154E-06
                6.318E-08  2.217E-08  1.420E-07  4.099E-07  9.553E-07  1.118E-07
                1.680E-07  2.131E-07  7.771E-09  2.302E-08  5.190E-08  2.897E-08
                9.886E-07  3.053E-07  4.930E-07  3.006E-07  1.835E-06  1.281E-08
                2.404E-08  1.578E-07  2.442E-08  1.854E-06  1.676E-07
1.65451299E+02  1.697E-03  5.440E-04  1.778E-03  1.505E-04  7.410E-04  5.164E-03
                6.040E-04  7.310E-07  4.869E-05  1.734E-05  6.834E-07  2.761E-03
                9.781E-07  4.938E-05  7.159E-06  2.239E-07  4.029E-07  6.876E-07
                2.714E-07  8.646E-07  5.264E-07  4.155E-08  6.402E-07  2.648E-07
                4.991E-07  5.732E-07  4.290E-07  2.882E-07  8.331E-07  9.008E-07
                5.424E-07  9.734E-08  2.183E-06  8.781E-07  9.431E-08  6.304E-07
                3.872E-10  3.967E-08  2.172E-07  8.831E-07  2.414E-06  1.311E-07
                1.074E-06  7.204E-08  8.451E-08  8.717E-08  1.007E-07  1.485E-06
                5.576E-06  1.336E-08  3.127E-07  5.067E-07  2.315E-08  2.398E-08
                5.089E-07  1.558E-07  1.641E-07  3.288E-06  1.051E-06  4.811E-07
                2.962E-07  1.109E-09  3.237E-09  1.655E-10  7.172E-08  3.046E-07
                4.230E-08  4.003E-08  2.354E-07  7.873E-07  1.325E-06  2.045E-06
                7.811E-07  3.297E-07  3.239E-08  8.559E-08  1.620E-07  4.094E-08
                1.330E-07  1.896E-08  4.793E-07  1.319E-06  1.981E-07  6.245E-08
                1.261E-06  5.638E-06  5.854E-11  3.707E-10  8.062E-10  7.546E-10
                1.292E-10  4.279E-08  2.757E-07  5.699E-07  1.258E-07  3.117E-08
                4.264E-07  1.267E-06  4.567E-07  2.574E-06  1.020E-08  5.008E-08
                1.209E-07  2.566E-07  5.586E-08  1.968E-08  5.327E-08  1.403E-07
                1.847E-08  3.072E-07  1.681E-06  4.486E-07  8.245E-07  1.203E-08
                9.897E-06  3.413E-07  2.471E-07  1.826E-07  1.131E-08  7.396E-08
                1.842E-07  1.898E-07  3.163E-06  2.113E-07  2.320E-07  1.125E-06
                1.627E-07  6.585E-08  9.753E-07  5.982E-06  3.508E-07  9.300E-07
                7.407E-07  2.095E-08  4.980E-08  9.140E-08  1.046E-07  1.334E-08
                4.131E-08  1.026E-07  2.448E-07  8.522E-08  1.564E-08  1.057E-07
                4.904E-07  2.114E-06  4.163E-08  5.825E-08  2.165E-07  5.261E-07
                1.016E-07  2.290E-06  9.935E-07  1.147E-07  1.590E-07  2.606E-08
                1.355E-06  1.512E-07  2.920E-08  2.628E-07  9.553E-08  6.291E-08
                2.457E-07  2.988E-07  7.623E-07  3.392E-06  7.069E-08  7.837E-08
                3.809E-08  1.306E-08  8.304E-08  4.163E-08  7.047E-08  3.862E-07
                1.461E-07  5.615E-08  2.153E-07  6.474E-07  1.757E-06  9.787E-08
                1.532E-07  1.015E-07  8.282E-08  1.191E-07  1.729E-07  5.671E-08
                3.378E-08  6.671E-08  1.521E-06  1.634E-07  3.988E-07  5.313E-06
                5.021E-08  1.754E-08  1.045E-07  3.014E-07  7.051E-07  8.448E-08
                1.247E-07  1.568E-07  7.139E-09  2.277E-08  3.558E-08  2.110E-08
                7.887E-07  2.416E-07  3.815E-07  2.294E-07  1.436E-06  9.520E-09
                1.838E-08  1.255E-07  1.865E-08  1.462E-06  1.324E-07
1.79059299E+02  1.385E-03  4.472E-04  1.457E-03  1.245E-04  6.118E-04  4.301E-03
                5.030E-04  6.715E-07  4.009E-05  1.416E-05  4.717E-07  2.252E-03
                7.202E-07  3.930E-05  5.685E-06  1.888E-07  3.332E-07  5.899E-07
                2.033E-07  6.833E-07  3.537E-07  3.156E-08  4.265E-07  3.087E-07
                5.508E-07  6.100E-07  4.484E-07  1.852E-07  5.568E-07  5.880E-07
                5.321E-07  6.523E-08  1.688E-06  7.202E-07  6.515E-08  4.515E-07
                2.220E-10  2.747E-08  1.429E-07  7.336E-07  1.989E-06  1.054E-07
                8.499E-07  6.606E-08  7.686E-08  7.811E-08  8.428E-08  1.287E-06
                4.408E-06  1.040E-08  2.622E-07  4.378E-07  1.886E-08  2.024E-08
                4.051E-07  1.193E-07  1.334E-07  2.760E-06  7.896E-07  3.331E-07
                2.170E-07  7.754E-10  2.591E-09  1.154E-10  6.173E-08  2.536E-07
                3.120E-08  3.120E-08  1.739E-07  5.774E-07  9.619E-07  1.651E-06
                5.675E-07  2.249E-07  2.362E-08  6.392E-08  1.282E-07  3.333E-08
                8.217E-08  1.254E-08  2.883E-07  7.900E-07  1.515E-07  4.731E-08
                9.802E-07  4.327E-06  4.747E-11  2.966E-10  6.259E-10  5.560E-10
                9.954E-11  2.560E-08  1.684E-07  3.634E-07  1.046E-07  2.531E-08
                3.593E-07  1.071E-06  3.517E-07  2.010E-06  7.448E-09  3.790E-08
                8.835E-08  1.881E-07  5.097E-08  1.512E-08  3.507E-08  9.531E-08
                1.349E-08  2.166E-07  9.936E-07  2.685E-07  7.323E-07  9.607E-09
                8.869E-06  2.634E-07  1.962E-07  1.410E-07  8.205E-09  5.203E-08
                1.358E-07  1.352E-07  2.283E-06  1.349E-07  1.521E-07  8.874E-07
                1.267E-07  4.677E-08  8.673E-07  5.408E-06  2.179E-07  5.705E-07
                4.625E-07  1.529E-08  3.645E-08  6.703E-08  7.442E-08  1.006E-08
                3.066E-08  7.581E-08  1.808E-07  6.451E-08  1.269E-08  8.594E-08
                3.993E-07  1.726E-06  3.627E-08  4.150E-08  1.516E-07  4.212E-07
                8.093E-08  1.858E-06  8.062E-07  9.284E-08  1.326E-07  2.053E-08
                1.095E-06  1.268E-07  2.229E-08  1.882E-07  6.966E-08  4.680E-08
                2.010E-07  1.732E-07  5.466E-07  2.993E-06  4.971E-08  5.830E-08
                2.793E-08  9.474E-09  5.034E-08  3.365E-08  5.721E-08  2.388E-07
                1.190E-07  4.176E-08  1.693E-07  5.226E-07  1.426E-06  8.626E-08
                1.291E-07  7.128E-08  6.002E-08  8.394E-08  1.224E-07  4.157E-08
                2.677E-08  5.024E-08  1.336E-06  1.040E-07  3.486E-07  4.671E-06
                3.774E-08  1.256E-08  7.138E-08  2.196E-07  5.325E-07  5.509E-08
                8.423E-08  1.118E-07  6.124E-09  2.391E-08  2.753E-08  1.737E-08
                6.460E-07  1.973E-07  3.108E-07  1.803E-07  1.160E-06  7.486E-09
                1.473E-08  1.018E-07  1.438E-08  1.195E-06  1.055E-07
1.92667299E+02  9.814E-04  3.182E-04  1.037E-03  8.903E-05  4.381E-04  3.764E-03
                4.402E-04  3.096E-07  3.537E-05  1.165E-05  3.404E-07  2.046E-03
                5.595E-07  3.262E-05  4.738E-06  1.342E-07  2.425E-07  4.950E-07
                1.445E-07  5.582E-07  2.533E-07  2.555E-08  3.542E-07  2.220E-07
                3.983E-07  4.473E-07  3.415E-07  1.236E-07  3.915E-07  4.303E-07
                3.859E-07  4.575E-08  1.143E-06  5.215E-07  4.159E-08  3.066E-07
                1.854E-10  2.007E-08  1.083E-07  4.919E-07  1.330E-06  6.895E-08
                5.613E-07  5.783E-08  6.619E-08  6.461E-08  6.192E-08  1.124E-06
                3.053E-06  7.193E-09  2.190E-07  3.811E-07  1.397E-08  1.317E-08
                2.651E-07  7.843E-08  1.089E-07  2.327E-06  5.911E-07  2.353E-07
                1.477E-07  7.272E-10  2.284E-09  9.247E-11  4.652E-08  1.616E-07
                2.222E-08  2.174E-08  1.247E-07  4.102E-07  6.712E-07  1.271E-06
                4.955E-07  2.163E-07  1.825E-08  4.328E-08  8.787E-08  2.028E-08
                6.803E-08  1.069E-08  2.410E-07  6.582E-07  1.023E-07  3.253E-08
                6.754E-07  2.989E-06  3.608E-11  2.265E-10  4.756E-10  4.183E-10
                7.422E-11  2.079E-08  1.334E-07  2.878E-07  8.108E-08  1.849E-08
                2.852E-07  8.556E-07  2.405E-07  1.376E-06  5.867E-09  3.072E-08
                6.830E-08  1.430E-07  4.991E-08  1.471E-08  2.961E-08  7.793E-08
                1.094E-08  1.752E-07  9.856E-07  2.671E-07  5.358E-07  7.595E-09
                6.477E-06  2.017E-07  1.551E-07  1.128E-07  6.666E-09  4.177E-08
                1.062E-07  1.054E-07  1.606E-06  1.261E-07  1.435E-07  6.379E-07
                8.876E-08  3.743E-08  6.443E-07  3.995E-06  2.067E-07  5.487E-07
                3.677E-07  1.246E-08  2.937E-08  5.356E-08  5.891E-08  7.792E-09
                2.469E-08  6.189E-08  1.487E-07  4.819E-08  9.722E-09  6.621E-08
                3.072E-07  1.335E-06  2.754E-08  3.521E-08  1.326E-07  3.031E-07
                5.678E-08  1.416E-06  6.117E-07  7.030E-08  1.092E-07  1.570E-08
                8.310E-07  9.573E-08  1.541E-08  1.396E-07  5.146E-08  3.724E-08
                1.618E-07  1.553E-07  4.456E-07  2.295E-06  3.794E-08  4.570E-08
                2.237E-08  7.569E-09  5.007E-08  2.601E-08  4.372E-08  2.455E-07
                8.951E-08  3.346E-08  1.328E-07  4.026E-07  1.088E-06  6.596E-08
                9.764E-08  5.900E-08  4.373E-08  6.598E-08  9.357E-08  3.135E-08
                2.542E-08  3.911E-08  1.043E-06  1.014E-07  2.691E-07  3.614E-06
                2.888E-08  9.953E-09  6.027E-08  1.680E-07  3.972E-07  5.069E-08
                7.411E-08  8.942E-08  3.894E-09  1.171E-08  1.822E-08  1.305E-08
                5.252E-07  1.590E-07  2.465E-07  1.412E-07  9.336E-07  5.461E-09
                1.036E-08  8.336E-08  1.171E-08  9.676E-07  8.488E-08
