           0           4           0           1
   -0.280105E+02   520
2.80104995E+01  4.172E-01
2.83506995E+01  4.604E+00
2.86908995E+01  3.364E-01
2.90310995E+01  2.369E+00
2.93712995E+01  8.715E-01
2.97114995E+01  8.201E-01
3.00516995E+01  8.556E-01
3.03918995E+01  3.116E+00
3.07320995E+01  7.905E-01
3.10722995E+01  7.753E-01
3.14124995E+01  7.656E-01
3.17526995E+01  8.673E-01
3.20928995E+01  8.598E-01
3.24330995E+01  8.317E-01
3.27732995E+01  8.165E-01
3.31134995E+01  7.771E-01
3.34536995E+01  7.525E-01
3.37938995E+01  7.172E-01
3.41340995E+01  7.843E-01
3.44742995E+01  7.694E-01
3.48144995E+01  7.588E-01
3.51546995E+01  7.354E-01
3.54948995E+01  7.380E-01
3.58350995E+01  7.082E-01
3.61752995E+01  7.030E-01
3.65154995E+01  6.831E-01
3.68556995E+01  6.616E-01
3.71958995E+01  6.491E-01
3.75360995E+01  6.401E-01
3.78762995E+01  6.294E-01
3.82164995E+01  6.255E-01
3.85566995E+01  5.801E-01
3.88968995E+01  6.116E-01
3.92370995E+01  5.537E-01
3.95772995E+01  5.377E-01
3.99174995E+01  5.414E-01
4.02576995E+01  5.352E-01
4.05978995E+01  5.307E-01
4.09380995E+01  5.294E-01
4.12782995E+01  4.938E-01
4.16184995E+01  4.689E-01
4.19586995E+01  4.909E-01
4.22988995E+01  4.725E-01
4.26390995E+01  4.762E-01
4.29792995E+01  4.655E-01
4.33194995E+01  4.512E-01
4.36596995E+01  4.507E-01
4.39998995E+01  4.154E-01
4.43400995E+01  4.153E-01
4.46802995E+01  4.179E-01
4.50204995E+01  4.092E-01
4.53606995E+01  4.065E-01
4.57008995E+01  3.975E-01
4.60410995E+01  3.712E-01
4.63812995E+01  3.873E-01
4.67214995E+01  3.746E-01
4.70616995E+01  3.577E-01
4.74018995E+01  3.616E-01
4.77420995E+01  3.482E-01
4.80822995E+01  3.535E-01
4.84224995E+01  3.500E-01
4.87626995E+01  3.366E-01
4.91028995E+01  3.299E-01
4.94430995E+01  3.268E-01
4.97832995E+01  3.199E-01
5.01234995E+01  3.137E-01
5.04636995E+01  3.052E-01
5.08038995E+01  3.055E-01
5.11440995E+01  2.988E-01
5.14842995E+01  2.944E-01
5.18244995E+01  2.906E-01
5.21646995E+01  2.847E-01
5.25048995E+01  2.813E-01
5.28450995E+01  2.753E-01
5.31852995E+01  2.713E-01
5.35254995E+01  2.678E-01
5.38656995E+01  2.638E-01
5.42058995E+01  2.601E-01
5.45460995E+01  2.557E-01
5.48862995E+01  2.518E-01
5.52264995E+01  2.480E-01
5.55666995E+01  2.442E-01
5.59068995E+01  2.406E-01
5.62470995E+01  2.370E-01
5.65872995E+01  2.334E-01
5.69274995E+01  2.300E-01
5.72676995E+01  2.266E-01
5.76078995E+01  2.233E-01
5.79480995E+01  2.201E-01
5.82882995E+01  2.169E-01
5.86284995E+01  2.137E-01
5.89686995E+01  2.107E-01
5.93088995E+01  2.076E-01
5.96490995E+01  2.047E-01
5.99892995E+01  2.018E-01
6.03294995E+01  1.990E-01
6.06696995E+01  1.961E-01
6.10098995E+01  1.933E-01
6.13500995E+01  1.906E-01
6.16902995E+01  1.880E-01
6.20304995E+01  1.854E-01
6.23706995E+01  1.828E-01
6.27108995E+01  1.804E-01
6.30510995E+01  1.779E-01
6.33912995E+01  1.755E-01
6.37314995E+01  1.731E-01
6.40716995E+01  1.708E-01
6.44118995E+01  1.685E-01
6.47520995E+01  1.663E-01
6.50922995E+01  1.641E-01
6.54324995E+01  1.619E-01
6.57726995E+01  1.598E-01
6.61128995E+01  1.578E-01
6.64530995E+01  1.557E-01
6.67932995E+01  1.537E-01
6.71334995E+01  1.517E-01
6.74736995E+01  1.498E-01
6.78138995E+01  1.479E-01
6.81540995E+01  1.461E-01
6.84942995E+01  1.442E-01
6.88344995E+01  1.425E-01
6.91746995E+01  1.407E-01
6.95148995E+01  1.389E-01
6.98550995E+01  1.372E-01
7.01952995E+01  1.355E-01
7.05354995E+01  1.339E-01
7.08756995E+01  1.323E-01
7.12158995E+01  1.307E-01
7.15560995E+01  1.291E-01
7.18962995E+01  1.275E-01
7.22364995E+01  1.260E-01
7.25766995E+01  1.245E-01
7.29168995E+01  1.231E-01
7.32570995E+01  1.216E-01
7.35972995E+01  1.202E-01
7.39374995E+01  1.188E-01
7.42776995E+01  1.174E-01
7.46178995E+01  1.160E-01
7.49580995E+01  1.147E-01
7.52982995E+01  1.134E-01
7.56384995E+01  1.121E-01
7.59786995E+01  1.108E-01
7.63188995E+01  1.095E-01
7.66590995E+01  1.082E-01
7.69992995E+01  1.070E-01
7.73394995E+01  1.058E-01
7.76796995E+01  1.046E-01
7.80198995E+01  1.034E-01
7.83600995E+01  1.023E-01
7.87002995E+01  1.011E-01
7.90404995E+01  9.998E-02
7.93806995E+01  9.886E-02
7.97208995E+01  9.776E-02
8.00610995E+01  9.668E-02
8.04012995E+01  9.561E-02
8.07414995E+01  9.456E-02
8.10816995E+01  9.352E-02
8.14218995E+01  9.250E-02
8.17620995E+01  9.149E-02
8.21022995E+01  9.049E-02
8.24424995E+01  8.952E-02
8.27826995E+01  8.855E-02
8.31228995E+01  8.761E-02
8.34630995E+01  8.667E-02
8.38032995E+01  8.575E-02
8.41434995E+01  8.485E-02
8.44836995E+01  8.396E-02
8.48238995E+01  8.308E-02
8.51640995E+01  8.222E-02
8.55042995E+01  8.137E-02
8.58444995E+01  8.053E-02
8.61846995E+01  7.970E-02
8.65248995E+01  7.889E-02
8.68650995E+01  7.809E-02
8.72052995E+01  7.731E-02
8.75454995E+01  7.653E-02
8.78856995E+01  7.577E-02
8.82258995E+01  7.502E-02
8.85660995E+01  7.428E-02
8.89062995E+01  7.354E-02
8.92464995E+01  7.283E-02
8.95866995E+01  7.212E-02
8.99268995E+01  7.142E-02
9.02670995E+01  7.073E-02
9.06072995E+01  7.005E-02
9.09474995E+01  6.938E-02
9.12876995E+01  6.871E-02
9.16278995E+01  6.806E-02
9.19680995E+01  6.742E-02
9.23082995E+01  6.678E-02
9.26484995E+01  6.615E-02
9.29886995E+01  6.553E-02
9.33288995E+01  6.492E-02
9.36690995E+01  6.431E-02
9.40092995E+01  6.372E-02
9.43494995E+01  6.312E-02
9.46896995E+01  6.254E-02
9.50298995E+01  6.196E-02
9.53700995E+01  6.139E-02
9.57102995E+01  6.082E-02
9.60504995E+01  6.027E-02
9.63906995E+01  5.971E-02
9.67308995E+01  5.916E-02
9.70710995E+01  5.862E-02
9.74112995E+01  5.808E-02
9.77514995E+01  5.755E-02
9.80916995E+01  5.703E-02
9.84318995E+01  5.651E-02
9.87720995E+01  5.599E-02
9.91122995E+01  5.548E-02
9.94524995E+01  5.497E-02
9.97926995E+01  5.447E-02
1.00132899E+02  5.398E-02
1.00473099E+02  5.349E-02
1.00813299E+02  5.300E-02
1.01153499E+02  5.252E-02
1.01493699E+02  5.204E-02
1.01833899E+02  5.157E-02
1.02174099E+02  5.111E-02
1.02514299E+02  5.065E-02
1.02854499E+02  5.019E-02
1.03194699E+02  4.974E-02
1.03534899E+02  4.929E-02
1.03875099E+02  4.885E-02
1.04215299E+02  4.842E-02
1.04555499E+02  4.799E-02
1.04895699E+02  4.756E-02
1.05235899E+02  4.714E-02
1.05576099E+02  4.673E-02
1.05916299E+02  4.632E-02
1.06256499E+02  4.591E-02
1.06596699E+02  4.551E-02
1.06936899E+02  4.512E-02
1.07277099E+02  4.473E-02
1.07617299E+02  4.435E-02
1.07957499E+02  4.397E-02
1.08297699E+02  4.360E-02
1.08637899E+02  4.323E-02
1.08978099E+02  4.287E-02
1.09318299E+02  4.252E-02
1.09658499E+02  4.216E-02
1.09998699E+02  4.182E-02
1.10338899E+02  4.148E-02
1.10679099E+02  4.114E-02
1.11019299E+02  4.081E-02
1.11359499E+02  4.048E-02
1.11699699E+02  4.016E-02
1.12039899E+02  3.984E-02
1.12380099E+02  3.953E-02
1.12720299E+02  3.922E-02
1.13060499E+02  3.892E-02
1.13400699E+02  3.862E-02
1.13740899E+02  3.832E-02
1.14081099E+02  3.803E-02
1.14421299E+02  3.774E-02
1.14761499E+02  3.745E-02
1.15101699E+02  3.717E-02
1.15441899E+02  3.689E-02
1.15782099E+02  3.662E-02
1.16122299E+02  3.635E-02
1.16462499E+02  3.608E-02
1.16802699E+02  3.581E-02
1.17142899E+02  3.555E-02
1.17483099E+02  3.529E-02
1.17823299E+02  3.503E-02
1.18163499E+02  3.478E-02
1.18503699E+02  3.453E-02
1.18843899E+02  3.427E-02
1.19184099E+02  3.403E-02
1.19524299E+02  3.378E-02
1.19864499E+02  3.353E-02
1.20204699E+02  3.329E-02
1.20544899E+02  3.305E-02
1.20885099E+02  3.281E-02
1.21225299E+02  3.257E-02
1.21565499E+02  3.233E-02
1.21905699E+02  3.210E-02
1.22245899E+02  3.186E-02
1.22586099E+02  3.163E-02
1.22926299E+02  3.140E-02
1.23266499E+02  3.116E-02
1.23606699E+02  3.093E-02
1.23946899E+02  3.070E-02
1.24287099E+02  3.048E-02
1.24627299E+02  3.025E-02
1.24967499E+02  3.002E-02
1.25307699E+02  2.980E-02
1.25647899E+02  2.958E-02
1.25988099E+02  2.935E-02
1.26328299E+02  2.913E-02
1.26668499E+02  2.891E-02
1.27008699E+02  2.869E-02
1.27348899E+02  2.848E-02
1.27689099E+02  2.826E-02
1.28029299E+02  2.804E-02
1.28369499E+02  2.783E-02
1.28709699E+02  2.762E-02
1.29049899E+02  2.741E-02
1.29390099E+02  2.720E-02
1.29730299E+02  2.699E-02
1.30070499E+02  2.679E-02
1.30410699E+02  2.658E-02
1.30750899E+02  2.638E-02
1.31091099E+02  2.618E-02
1.31431299E+02  2.599E-02
1.31771499E+02  2.579E-02
1.32111699E+02  2.560E-02
1.32451899E+02  2.540E-02
1.32792099E+02  2.521E-02
1.33132299E+02  2.503E-02
1.33472499E+02  2.484E-02
1.33812699E+02  2.466E-02
1.34152899E+02  2.448E-02
1.34493099E+02  2.430E-02
1.34833299E+02  2.413E-02
1.35173499E+02  2.395E-02
1.35513699E+02  2.378E-02
1.35853899E+02  2.362E-02
1.36194099E+02  2.345E-02
1.36534299E+02  2.329E-02
1.36874499E+02  2.313E-02
1.37214699E+02  2.297E-02
1.37554899E+02  2.282E-02
1.37895099E+02  2.266E-02
1.38235299E+02  2.251E-02
1.38575499E+02  2.236E-02
1.38915699E+02  2.222E-02
1.39255899E+02  2.208E-02
1.39596099E+02  2.194E-02
1.39936299E+02  2.180E-02
1.40276499E+02  2.166E-02
1.40616699E+02  2.153E-02
1.40956899E+02  2.140E-02
1.41297099E+02  2.127E-02
1.41637299E+02  2.114E-02
1.41977499E+02  2.101E-02
1.42317699E+02  2.089E-02
1.42657899E+02  2.077E-02
1.42998099E+02  2.065E-02
1.43338299E+02  2.053E-02
1.43678499E+02  2.041E-02
1.44018699E+02  2.030E-02
1.44358899E+02  2.018E-02
1.44699099E+02  2.007E-02
1.45039299E+02  1.996E-02
1.45379499E+02  1.985E-02
1.45719699E+02  1.974E-02
1.46059899E+02  1.963E-02
1.46400099E+02  1.952E-02
1.46740299E+02  1.942E-02
1.47080499E+02  1.931E-02
1.47420699E+02  1.921E-02
1.47760899E+02  1.910E-02
1.48101099E+02  1.900E-02
1.48441299E+02  1.889E-02
1.48781499E+02  1.879E-02
1.49121699E+02  1.868E-02
1.49461899E+02  1.858E-02
1.49802099E+02  1.848E-02
1.50142299E+02  1.837E-02
1.50482499E+02  1.827E-02
1.50822699E+02  1.817E-02
1.51162899E+02  1.806E-02
1.51503099E+02  1.796E-02
1.51843299E+02  1.785E-02
1.52183499E+02  1.775E-02
1.52523699E+02  1.764E-02
1.52863899E+02  1.754E-02
1.53204099E+02  1.743E-02
1.53544299E+02  1.733E-02
1.53884499E+02  1.722E-02
1.54224699E+02  1.712E-02
1.54564899E+02  1.701E-02
1.54905099E+02  1.690E-02
1.55245299E+02  1.679E-02
1.55585499E+02  1.669E-02
1.55925699E+02  1.658E-02
1.56265899E+02  1.647E-02
1.56606099E+02  1.636E-02
1.56946299E+02  1.625E-02
1.57286499E+02  1.614E-02
1.57626699E+02  1.604E-02
1.57966899E+02  1.593E-02
1.58307099E+02  1.582E-02
1.58647299E+02  1.571E-02
1.58987499E+02  1.560E-02
1.59327699E+02  1.550E-02
1.59667899E+02  1.539E-02
1.60008099E+02  1.528E-02
1.60348299E+02  1.517E-02
1.60688499E+02  1.507E-02
1.61028699E+02  1.496E-02
1.61368899E+02  1.486E-02
1.61709099E+02  1.475E-02
1.62049299E+02  1.465E-02
1.62389499E+02  1.455E-02
1.62729699E+02  1.445E-02
1.63069899E+02  1.435E-02
1.63410099E+02  1.425E-02
1.63750299E+02  1.415E-02
1.64090499E+02  1.405E-02
1.64430699E+02  1.396E-02
1.64770899E+02  1.386E-02
1.65111099E+02  1.377E-02
1.65451299E+02  1.368E-02
1.65791499E+02  1.359E-02
1.66131699E+02  1.350E-02
1.66471899E+02  1.341E-02
1.66812099E+02  1.333E-02
1.67152299E+02  1.324E-02
1.67492499E+02  1.316E-02
1.67832699E+02  1.308E-02
1.68172899E+02  1.300E-02
1.68513099E+02  1.293E-02
1.68853299E+02  1.285E-02
1.69193499E+02  1.278E-02
1.69533699E+02  1.271E-02
1.69873899E+02  1.263E-02
1.70214099E+02  1.257E-02
1.70554299E+02  1.250E-02
1.70894499E+02  1.243E-02
1.71234699E+02  1.237E-02
1.71574899E+02  1.231E-02
1.71915099E+02  1.225E-02
1.72255299E+02  1.219E-02
1.72595499E+02  1.213E-02
1.72935699E+02  1.208E-02
1.73275899E+02  1.203E-02
1.73616099E+02  1.197E-02
1.73956299E+02  1.192E-02
1.74296499E+02  1.187E-02
1.74636699E+02  1.182E-02
1.74976899E+02  1.178E-02
1.75317099E+02  1.173E-02
1.75657299E+02  1.168E-02
1.75997499E+02  1.164E-02
1.76337699E+02  1.160E-02
1.76677899E+02  1.155E-02
1.77018099E+02  1.151E-02
1.77358299E+02  1.147E-02
1.77698499E+02  1.143E-02
1.78038699E+02  1.139E-02
1.78378899E+02  1.135E-02
1.78719099E+02  1.131E-02
1.79059299E+02  1.127E-02
1.79399499E+02  1.124E-02
1.79739699E+02  1.120E-02
1.80079899E+02  1.116E-02
1.80420099E+02  1.112E-02
1.80760299E+02  1.108E-02
1.81100499E+02  1.104E-02
1.81440699E+02  1.100E-02
1.81780899E+02  1.097E-02
1.82121099E+02  1.093E-02
1.82461299E+02  1.089E-02
1.82801499E+02  1.084E-02
1.83141699E+02  1.080E-02
1.83481899E+02  1.076E-02
1.83822099E+02  1.072E-02
1.84162299E+02  1.067E-02
1.84502499E+02  1.063E-02
1.84842699E+02  1.059E-02
1.85182899E+02  1.054E-02
1.85523099E+02  1.049E-02
1.85863299E+02  1.044E-02
1.86203499E+02  1.039E-02
1.86543699E+02  1.034E-02
1.86883899E+02  1.029E-02
1.87224099E+02  1.024E-02
1.87564299E+02  1.019E-02
1.87904499E+02  1.013E-02
1.88244699E+02  1.008E-02
1.88584899E+02  1.002E-02
1.88925099E+02  9.964E-03
1.89265299E+02  9.905E-03
1.89605499E+02  9.845E-03
1.89945699E+02  9.785E-03
1.90285899E+02  9.723E-03
1.90626099E+02  9.660E-03
1.90966299E+02  9.597E-03
1.91306499E+02  9.533E-03
1.91646699E+02  9.468E-03
1.91986899E+02  9.402E-03
1.92327099E+02  9.336E-03
1.92667299E+02  9.269E-03
1.93007499E+02  9.202E-03
1.93347699E+02  9.134E-03
1.93687899E+02  9.066E-03
1.94028099E+02  8.998E-03
1.94368299E+02  8.929E-03
1.94708499E+02  8.860E-03
1.95048699E+02  8.791E-03
1.95388899E+02  8.723E-03
1.95729099E+02  8.654E-03
1.96069299E+02  8.585E-03
1.96409499E+02  8.517E-03
1.96749699E+02  8.449E-03
1.97089899E+02  8.382E-03
1.97430099E+02  8.315E-03
1.97770299E+02  8.249E-03
1.98110499E+02  8.184E-03
1.98450699E+02  8.119E-03
1.98790899E+02  8.055E-03
1.99131099E+02  7.992E-03
1.99471299E+02  7.930E-03
1.99811499E+02  7.870E-03
2.00151699E+02  7.810E-03
2.00491899E+02  7.752E-03
2.00832099E+02  7.695E-03
2.01172299E+02  7.639E-03
2.01512499E+02  7.585E-03
2.01852699E+02  7.532E-03
2.02192899E+02  7.481E-03
2.02533099E+02  7.431E-03
2.02873299E+02  7.384E-03
2.03213499E+02  7.337E-03
2.03553699E+02  7.293E-03
2.03893899E+02  7.251E-03
2.04234099E+02  7.210E-03
2.04574299E+02  7.171E-03
